Frame, FPS, Frame Time
1, 50, 0.02
2, 50, 0.02
3, 3, 0.3333333
4, 5.312031, 0.1882519
5, 20.47376, 0.048843
6, 97.26492, 0.0102812
7, 70.3136, 0.014222
8, 74.17133, 0.0134823
9, 70.96124, 0.0140922
10, 72.58211, 0.0137775
11, 58.82215, 0.0170004
12, 71.38574, 0.0140084
13, 23.84063, 0.0419452
14, 59.35352, 0.0168482
15, 45.01949, 0.0222126
16, 76.28754, 0.0131083
17, 70.74738, 0.0141348
18, 72.54262, 0.013785
19, 71.75094, 0.0139371
20, 71.77051, 0.0139333
21, 71.45154, 0.0139955
22, 72.93361, 0.0137111
23, 70.14836, 0.0142555
24, 72.42021, 0.0138083
25, 72.74155, 0.0137473
26, 71.39695, 0.0140062
27, 71.25857, 0.0140334
28, 71.51388, 0.0139833
29, 72.14487, 0.013861
30, 72.38718, 0.0138146
31, 71.56864, 0.0139726
32, 71.5195, 0.0139822
33, 23.79162, 0.0420316
34, 73.00709, 0.0136973
35, 70.68886, 0.0141465
36, 72.97565, 0.0137032
37, 71.81792, 0.0139241
38, 72.09805, 0.01387
39, 71.57325, 0.0139717
40, 71.5456, 0.0139771
41, 72.14851, 0.0138603
42, 71.95021, 0.0138985
43, 71.45306, 0.0139952
44, 69.43191, 0.0144026
45, 74.64302, 0.0133971
46, 71.33939, 0.0140175
47, 71.89641, 0.0139089
48, 72.07883, 0.0138737
49, 48.68597, 0.0205398
50, 68.13474, 0.0146768
51, 10.2994, 0.097093
52, 26.35262, 0.0379469
53, 76.36678, 0.0130947
54, 69.42227, 0.0144046
55, 68.25053, 0.0146519
56, 69.85143, 0.0143161
57, 70.89935, 0.0141045
58, 69.4845, 0.0143917
59, 69.32169, 0.0144255
60, 70.57262, 0.0141698
61, 70.00399, 0.0142849
62, 69.06554, 0.014479
63, 72.17715, 0.0138548
64, 70.08592, 0.0142682
65, 71.10352, 0.014064
66, 69.74911, 0.0143371
67, 73.55051, 0.0135961
68, 71.61631, 0.0139633
69, 71.06765, 0.0140711
70, 71.7216, 0.0139428
71, 71.82825, 0.0139221
72, 76.37553, 0.0130932
73, 69.72868, 0.0143413
74, 69.90221, 0.0143057
75, 71.23674, 0.0140377
76, 71.41429, 0.0140028
77, 72.75161, 0.0137454
78, 73.21555, 0.0136583
79, 71.53075, 0.01398
80, 73.02948, 0.0136931
81, 71.15209, 0.0140544
82, 71.61734, 0.0139631
83, 35.97536, 0.0277968
84, 70.26271, 0.0142323
85, 71.80142, 0.0139273
86, 71.67842, 0.0139512
87, 71.25857, 0.0140334
88, 71.34194, 0.014017
89, 72.15528, 0.013859
90, 71.50314, 0.0139854
91, 71.78236, 0.013931
92, 69.40203, 0.0144088
93, 73.07805, 0.013684
94, 72.14227, 0.0138615
95, 72.40762, 0.0138107
96, 71.05048, 0.0140745
97, 72.42021, 0.0138083
98, 70.8652, 0.0141113
99, 33.14397, 0.0301714
100, 90.91322, 0.0109995
101, 72.06272, 0.0138768
102, 70.80799, 0.0141227
103, 71.96626, 0.0138954
104, 70.26024, 0.0142328
105, 66.46417, 0.0150457
106, 78.06706, 0.0128095
107, 72.03313, 0.0138825
108, 72.40815, 0.0138106
109, 71.20073, 0.0140448
110, 71.64145, 0.0139584
111, 71.25298, 0.0140345
112, 71.58504, 0.0139694
113, 70.51142, 0.0141821
114, 72.85974, 0.013725
115, 71.57274, 0.0139718
116, 71.67688, 0.0139515
117, 72.20947, 0.0138486
118, 5.111426, 0.1956401
119, 22.73678, 0.0439816
120, 24.31067, 0.0411342
121, 38.87435, 0.0257239
122, 71.15665, 0.0140535
123, 71.83134, 0.0139215
124, 71.06058, 0.0140725
125, 36.21352, 0.027614
126, 68.50957, 0.0145965
127, 74.2396, 0.0134699
128, 72.69819, 0.0137555
129, 71.01415, 0.0140817
130, 71.96782, 0.0138951
131, 70.5154, 0.0141813
132, 73.43707, 0.0136171
133, 71.69076, 0.0139488
134, 71.21797, 0.0140414
135, 35.88757, 0.0278648
136, 70.50694, 0.014183
137, 73.50076, 0.0136053
138, 71.87419, 0.0139132
139, 70.62196, 0.0141599
140, 72.54946, 0.0137837
141, 72.32907, 0.0138257
142, 71.43061, 0.0139996
143, 72.15112, 0.0138598
144, 70.53032, 0.0141783
145, 72.2794, 0.0138352
146, 72.46272, 0.0138002
147, 71.75352, 0.0139366
148, 69.98195, 0.0142894
149, 72.42336, 0.0138077
150, 70.85967, 0.0141124
151, 73.67568, 0.013573
152, 71.34398, 0.0140166
153, 72.0809, 0.0138733
154, 71.46226, 0.0139934
155, 70.75689, 0.0141329
156, 72.77068, 0.0137418
157, 72.73415, 0.0137487
158, 71.99268, 0.0138903
159, 71.38371, 0.0140088
160, 71.00507, 0.0140835
161, 72.82632, 0.0137313
162, 71.3674, 0.014012
163, 71.87367, 0.0139133
164, 71.56608, 0.0139731
165, 71.92434, 0.0139035
166, 70.80197, 0.0141239
167, 72.69555, 0.013756
168, 71.99632, 0.0138896
169, 70.87725, 0.0141089
170, 72.30344, 0.0138306
171, 71.48831, 0.0139883
172, 71.43419, 0.0139989
173, 72.86612, 0.0137238
174, 71.88711, 0.0139107
175, 71.60605, 0.0139653
176, 71.03534, 0.0140775
177, 71.78236, 0.013931
178, 72.32541, 0.0138264
179, 71.06664, 0.0140713
180, 72.74526, 0.0137466
181, 70.91846, 0.0141007
182, 72.46009, 0.0138007
183, 71.91244, 0.0139058
184, 71.49802, 0.0139864
185, 71.63631, 0.0139594
186, 72.27, 0.013837
187, 71.03686, 0.0140772
188, 71.55584, 0.0139751
189, 72.1355, 0.0138628
190, 71.88763, 0.0139106
191, 71.80761, 0.0139261
192, 72.18705, 0.0138529
193, 71.10808, 0.0140631
194, 71.40256, 0.0140051
195, 35.28905, 0.0283374
196, 73.75066, 0.0135592
197, 72.04352, 0.0138805
198, 70.39478, 0.0142056
199, 58.03864, 0.0172299
200, 82.2071, 0.0121644
201, 85.08176, 0.0117534
202, 70.14049, 0.0142571
203, 73.26007, 0.01365
204, 72.14903, 0.0138602
205, 71.29261, 0.0140267
206, 72.0295, 0.0138832
207, 71.47248, 0.0139914
208, 70.76039, 0.0141322
209, 72.16986, 0.0138562
210, 72.11053, 0.0138676
211, 72.17819, 0.0138546
212, 70.79897, 0.0141245
213, 72.62058, 0.0137702
214, 71.10606, 0.0140635
215, 71.98388, 0.013892
216, 72.0835, 0.0138728
217, 71.79627, 0.0139283
218, 71.80246, 0.0139271
219, 71.67945, 0.013951
220, 70.53082, 0.0141782
221, 72.9352, 0.0137108
222, 71.77926, 0.0139316
223, 71.33075, 0.0140192
224, 71.91451, 0.0139054
225, 72.02795, 0.0138835
226, 71.03686, 0.0140772
227, 72.97299, 0.0137037
228, 71.55225, 0.0139758
229, 71.4827, 0.0139894
230, 71.20479, 0.014044
231, 71.37606, 0.0140103
232, 72.41549, 0.0138092
233, 72.13134, 0.0138636
234, 72.18497, 0.0138533
235, 71.39797, 0.014006
236, 71.44898, 0.013996
237, 70.60651, 0.014163
238, 72.94372, 0.0137092
239, 72.50685, 0.0137918
240, 70.69436, 0.0141454
241, 72.0965, 0.0138703
242, 69.53426, 0.0143814
243, 63.59462, 0.0157246
244, 73.44301, 0.013616
245, 83.76192, 0.0119386
246, 72.23399, 0.0138439
247, 71.86283, 0.0139154
248, 70.3319, 0.0142183
249, 72.90915, 0.0137157
250, 71.91037, 0.0139062
251, 71.68202, 0.0139505
252, 71.79163, 0.0139292
253, 71.04341, 0.0140759
254, 71.77463, 0.0139325
255, 72.64697, 0.0137652
256, 70.8115, 0.014122
257, 72.76643, 0.0137426
258, 70.87725, 0.0141089
259, 72.57368, 0.0137791
260, 71.39746, 0.0140061
261, 70.66589, 0.0141511
262, 72.1532, 0.0138594
263, 73.16948, 0.0136669
264, 70.88428, 0.0141075
265, 72.3139, 0.0138286
266, 71.73705, 0.0139398
267, 72.12926, 0.013864
268, 71.40919, 0.0140038
269, 71.75609, 0.0139361
270, 71.32769, 0.0140198
271, 72.69608, 0.0137559
272, 71.08735, 0.0140672
273, 71.78236, 0.013931
274, 72.53683, 0.0137861
275, 71.17843, 0.0140492
276, 71.91089, 0.0139061
277, 71.90313, 0.0139076
278, 71.3043, 0.0140244
279, 71.24943, 0.0140352
280, 71.40103, 0.0140054
281, 71.01566, 0.0140814
282, 71.87316, 0.0139134
283, 73.14005, 0.0136724
284, 70.95218, 0.014094
285, 69.93007, 0.0143
286, 72.25747, 0.0138394
287, 62.61819, 0.0159698
288, 74.87888, 0.0133549
289, 84.3021, 0.0118621
290, 71.35212, 0.014015
291, 71.90417, 0.0139074
292, 72.09286, 0.013871
293, 71.32108, 0.0140211
294, 72.33849, 0.0138239
295, 71.48167, 0.0139896
296, 71.84269, 0.0139193
297, 70.95067, 0.0140943
298, 72.9501, 0.013708
299, 70.05009, 0.0142755
300, 72.76008, 0.0137438
301, 72.28149, 0.0138348
302, 71.86954, 0.0139141
303, 71.13792, 0.0140572
304, 71.30481, 0.0140243
305, 73.18447, 0.0136641
306, 71.6358, 0.0139595
307, 71.33228, 0.0140189
308, 71.55482, 0.0139753
309, 72.14122, 0.0138617
310, 71.90779, 0.0139067
311, 71.51848, 0.0139824
312, 71.82515, 0.0139227
313, 72.28777, 0.0138336
314, 71.38116, 0.0140093
315, 71.62144, 0.0139623
316, 71.0202, 0.0140805
317, 72.4454, 0.0138035
318, 72.49739, 0.0137936
319, 71.21493, 0.014042
320, 72.17246, 0.0138557
321, 72.05078, 0.0138791
322, 71.37861, 0.0140098
323, 69.75933, 0.014335
324, 73.56511, 0.0135934
325, 70.86118, 0.0141121
326, 72.26321, 0.0138383
327, 72.37618, 0.0138167
328, 70.89935, 0.0141045
329, 71.42551, 0.0140006
330, 70.63294, 0.0141577
331, 63.55663, 0.015734
332, 73.52454, 0.0136009
333, 81.14117, 0.0123242
334, 73.4592, 0.013613
335, 70.83858, 0.0141166
336, 73.97872, 0.0135174
337, 71.15766, 0.0140533
338, 71.71955, 0.0139432
339, 71.79369, 0.0139288
340, 71.57735, 0.0139709
341, 70.28839, 0.0142271
342, 74.11525, 0.0134925
343, 71.47248, 0.0139914
344, 71.59221, 0.013968
345, 71.46992, 0.0139919
346, 71.77926, 0.0139316
347, 72.3343, 0.0138247
348, 71.83753, 0.0139203
349, 71.68716, 0.0139495
350, 71.53997, 0.0139782
351, 72.25747, 0.0138394
352, 70.97987, 0.0140885
353, 72.2319, 0.0138443
354, 72.03106, 0.0138829
355, 71.02273, 0.01408
356, 72.03262, 0.0138826
357, 71.87264, 0.0139135
358, 72.56894, 0.01378
359, 70.93305, 0.0140978
360, 72.78868, 0.0137384
361, 71.5835, 0.0139697
362, 71.88711, 0.0139107
363, 71.01214, 0.0140821
364, 72.52526, 0.0137883
365, 71.69435, 0.0139481
366, 71.87057, 0.0139139
367, 70.5781, 0.0141687
368, 72.98098, 0.0137022
369, 71.89745, 0.0139087
370, 72.33691, 0.0138242
371, 71.3399, 0.0140174
372, 70.6599, 0.0141523
373, 72.94212, 0.0137095
374, 70.44486, 0.0141955
375, 73.18341, 0.0136643
376, 70.96678, 0.0140911
377, 72.12093, 0.0138656
378, 71.58555, 0.0139693
379, 71.92485, 0.0139034
380, 71.50467, 0.0139851
381, 73.7708, 0.0135555
382, 71.28549, 0.0140281
383, 71.72829, 0.0139415
384, 71.63837, 0.013959
385, 71.56813, 0.0139727
386, 72.22616, 0.0138454
387, 72.03988, 0.0138812
388, 71.57889, 0.0139706
389, 70.64442, 0.0141554
390, 73.38857, 0.0136261
391, 71.40002, 0.0140056
392, 71.50417, 0.0139852
393, 72.27418, 0.0138362
394, 71.03433, 0.0140777
395, 72.44434, 0.0138037
396, 70.94463, 0.0140955
397, 72.90064, 0.0137173
398, 71.68922, 0.0139491
399, 71.45461, 0.0139949
400, 71.16931, 0.014051
401, 72.33273, 0.013825
402, 72.69872, 0.0137554
403, 71.51234, 0.0139836
404, 71.76433, 0.0139345
405, 71.5456, 0.0139771
406, 71.89693, 0.0139088
407, 70.92651, 0.0140991
408, 71.66969, 0.0139529
409, 73.67459, 0.0135732
410, 70.4032, 0.0142039
411, 72.6797, 0.013759
412, 71.89227, 0.0139097
413, 71.73087, 0.013941
414, 71.71235, 0.0139446
415, 71.60144, 0.0139662
416, 70.74538, 0.0141352
417, 72.28045, 0.013835
418, 70.18332, 0.0142484
419, 62.44536, 0.016014
420, 74.53786, 0.013416
421, 84.74792, 0.0117997
422, 70.1646, 0.0142522
423, 73.38803, 0.0136262
424, 72.11002, 0.0138677
425, 71.73859, 0.0139395
426, 71.38268, 0.014009
427, 72.3699, 0.0138179
428, 71.51439, 0.0139832
429, 71.27229, 0.0140307
430, 72.32174, 0.0138271
431, 72.25694, 0.0138395
432, 70.75388, 0.0141335
433, 72.39871, 0.0138124
434, 72.34686, 0.0138223
435, 71.52462, 0.0139812
436, 71.93262, 0.0139019
437, 71.68356, 0.0139502
438, 70.5333, 0.0141777
439, 73.09354, 0.0136811
440, 71.05907, 0.0140728
441, 72.62322, 0.0137697
442, 71.92692, 0.013903
443, 71.73498, 0.0139402
444, 70.0035, 0.014285
445, 73.5689, 0.0135927
446, 72.08662, 0.0138722
447, 71.62349, 0.0139619
448, 71.25704, 0.0140337
449, 72.51685, 0.0137899
450, 71.48627, 0.0139887
451, 71.54253, 0.0139777
452, 71.77102, 0.0139332
453, 72.16465, 0.0138572
454, 71.14855, 0.0140551
455, 72.95862, 0.0137064
456, 69.5899, 0.0143699
457, 74.17738, 0.0134812
458, 72.16205, 0.0138577
459, 71.753, 0.0139367
460, 70.98038, 0.0140884
461, 72.70771, 0.0137537
462, 69.01025, 0.0144906
463, 63.85207, 0.0156612
464, 71.51388, 0.0139833
465, 86.7393, 0.0115288
466, 71.93882, 0.0139007
467, 71.66558, 0.0139537
468, 70.97031, 0.0140904
469, 72.54051, 0.0137854
470, 71.93003, 0.0139024
471, 71.72932, 0.0139413
472, 71.11768, 0.0140612
473, 71.79678, 0.0139282
474, 71.76896, 0.0139336
475, 72.43437, 0.0138056
476, 71.86231, 0.0139155
477, 71.97092, 0.0138945
478, 71.45205, 0.0139954
479, 72.31129, 0.0138291
480, 70.51739, 0.0141809
481, 73.08766, 0.0136822
482, 70.51689, 0.014181
483, 73.09674, 0.0136805
484, 69.07365, 0.0144773
485, 75.14391, 0.0133078
486, 70.92349, 0.0140997
487, 72.51631, 0.01379
488, 71.64094, 0.0139585
489, 72.3699, 0.0138179
490, 71.38268, 0.014009
491, 71.9233, 0.0139037
492, 69.95061, 0.0142958
493, 73.72945, 0.0135631
494, 71.63426, 0.0139598
495, 71.39236, 0.0140071
496, 72.31024, 0.0138293
497, 70.29531, 0.0142257
498, 73.68002, 0.0135722
499, 71.49036, 0.0139879
500, 72.16986, 0.0138562
501, 71.39033, 0.0140075
502, 72.13446, 0.013863
503, 71.76175, 0.013935
504, 71.80658, 0.0139263
505, 72.02016, 0.013885
506, 70.56466, 0.0141714
507, 71.81792, 0.0139241
508, 72.8932, 0.0137187
509, 71.5794, 0.0139705
510, 72.1459, 0.0138608
511, 72.11002, 0.0138677
512, 71.34754, 0.0140159
513, 72.41077, 0.0138101
514, 71.84425, 0.013919
515, 71.37606, 0.0140103
516, 72.01291, 0.0138864
517, 71.11768, 0.0140612
518, 72.58316, 0.0137773
519, 70.85114, 0.0141141
520, 73.10155, 0.0136796
521, 71.36485, 0.0140125
522, 71.96989, 0.0138947
523, 71.40103, 0.0140054
524, 72.0378, 0.0138816
525, 72.49634, 0.0137938
526, 71.70515, 0.013946
527, 71.3043, 0.0140244
528, 70.6554, 0.0141532
529, 73.76589, 0.0135564
530, 71.74837, 0.0139376
531, 71.5103, 0.013984
532, 72.09702, 0.0138702
533, 71.95332, 0.0138979
534, 71.8365, 0.0139205
535, 71.49189, 0.0139876
536, 70.66039, 0.0141522
537, 72.41235, 0.0138098
538, 70.0388, 0.0142778
539, 70.80699, 0.0141229
540, 33.78869, 0.0295957
541, 72.59054, 0.0137759
542, 85.36284, 0.0117147
543, 72.06895, 0.0138756
544, 71.77463, 0.0139325
545, 71.26568, 0.014032
546, 72.86559, 0.0137239
547, 71.39848, 0.0140059
548, 71.76948, 0.0139335
549, 70.55968, 0.0141724
550, 36.33232, 0.0275237
551, 71.92641, 0.0139031
552, 71.34856, 0.0140157
553, 72.18757, 0.0138528
554, 71.30481, 0.0140243
555, 71.54457, 0.0139773
556, 72.39924, 0.0138123
557, 71.87626, 0.0139128
558, 71.15513, 0.0140538
559, 71.73447, 0.0139403
560, 36.17212, 0.0276456
561, 71.8267, 0.0139224
562, 70.89785, 0.0141048
563, 72.10117, 0.0138694
564, 72.20321, 0.0138498
565, 71.67482, 0.0139519
566, 71.3567, 0.0140141
567, 72.01083, 0.0138868
568, 71.1445, 0.0140559
569, 71.73807, 0.0139396
570, 36.18325, 0.0276371
571, 71.51541, 0.013983
572, 71.82928, 0.0139219
573, 71.40766, 0.0140041
574, 72.51421, 0.0137904
575, 71.48525, 0.0139889
576, 72.28306, 0.0138345
577, 70.85565, 0.0141132
578, 72.64908, 0.0137648
579, 70.89634, 0.0141051
580, 36.25684, 0.027581
581, 70.93255, 0.0140979
582, 71.70618, 0.0139458
583, 72.34895, 0.0138219
584, 71.57325, 0.0139717
585, 71.37656, 0.0140102
586, 72.21572, 0.0138474
587, 72.29978, 0.0138313
588, 71.07977, 0.0140687
589, 68.93842, 0.0145057
590, 34.15977, 0.0292742
591, 67.92786, 0.0147215
592, 90.18922, 0.0110878
593, 71.85405, 0.0139171
594, 72.36728, 0.0138184
595, 71.09342, 0.014066
596, 72.08922, 0.0138717
597, 69.87925, 0.0143104
598, 74.49677, 0.0134234
599, 70.78944, 0.0141264
600, 35.90626, 0.0278503
601, 73.48618, 0.013608
602, 71.52001, 0.0139821
603, 71.95435, 0.0138977
604, 72.02068, 0.0138849
605, 71.8071, 0.0139262
606, 70.75288, 0.0141337
607, 73.0882, 0.0136821
608, 70.09084, 0.0142672
609, 72.15684, 0.0138587
610, 32.6601, 0.0306184
611, 53.88454, 0.0185582
612, 158.7251, 0.0063002
613, 71.65531, 0.0139557
614, 70.89735, 0.0141049
615, 71.11819, 0.0140611
616, 73.24934, 0.013652
617, 72.07519, 0.0138744
618, 71.56557, 0.0139732
619, 71.44133, 0.0139975
620, 36.06333, 0.027729
621, 71.20276, 0.0140444
622, 71.06109, 0.0140724
623, 73.02789, 0.0136934
624, 72.02847, 0.0138834
625, 71.74476, 0.0139383
626, 72.04352, 0.0138805
627, 71.3944, 0.0140067
628, 71.93365, 0.0139017
629, 71.67431, 0.013952
630, 36.03188, 0.0277532
631, 71.93106, 0.0139022
632, 71.75094, 0.0139371
633, 70.49551, 0.0141853
634, 70.7719, 0.0141299
635, 74.85926, 0.0133584
636, 71.50417, 0.0139852
637, 71.83031, 0.0139217
638, 72.05338, 0.0138786
639, 70.38734, 0.0142071
640, 36.24712, 0.0275884
641, 71.94193, 0.0139001
642, 71.77, 0.0139334
643, 71.09393, 0.0140659
644, 72.45852, 0.013801
645, 71.884, 0.0139113
646, 71.99268, 0.0138903
647, 71.27837, 0.0140295
648, 71.88711, 0.0139107
649, 71.02929, 0.0140787
650, 36.158, 0.0276564
651, 71.42245, 0.0140012
652, 71.67637, 0.0139516
653, 72.12769, 0.0138643
654, 71.65891, 0.013955
655, 71.68665, 0.0139496
656, 72.51736, 0.0137898
657, 71.21594, 0.0140418
658, 71.93934, 0.0139006
659, 71.7973, 0.0139281
660, 35.97485, 0.0277972
661, 72.05026, 0.0138792
662, 71.49496, 0.013987
663, 72.23346, 0.013844
664, 71.56762, 0.0139728
665, 71.7355, 0.0139401
666, 72.23816, 0.0138431
667, 71.59477, 0.0139675
668, 71.71852, 0.0139434
669, 70.57561, 0.0141692
670, 36.28618, 0.0275587
671, 69.85924, 0.0143145
672, 73.87598, 0.0135362
673, 70.04371, 0.0142768
674, 73.25202, 0.0136515
675, 70.7654, 0.0141312
676, 72.20477, 0.0138495
677, 72.46272, 0.0138002
678, 71.4827, 0.0139894
679, 70.17987, 0.0142491
680, 33.0678, 0.0302409
681, 71.38116, 0.0140093
682, 90.72516, 0.0110223
683, 73.02095, 0.0136947
684, 71.52871, 0.0139804
685, 71.88866, 0.0139104
686, 71.58708, 0.013969
687, 71.74425, 0.0139384
688, 71.89021, 0.0139101
689, 69.51734, 0.0143849
690, 36.46654, 0.0274224
691, 71.72469, 0.0139422
692, 72.17038, 0.0138561
693, 71.44337, 0.0139971
694, 71.66969, 0.0139529
695, 72.24911, 0.013841
696, 71.43929, 0.0139979
697, 71.98854, 0.0138911
698, 71.73859, 0.0139395
699, 70.91544, 0.0141013
700, 35.8635, 0.0278835
701, 72.81783, 0.0137329
702, 72.51947, 0.0137894
703, 71.5753, 0.0139713
704, 71.91089, 0.0139061
705, 71.41429, 0.0140028
706, 72.06584, 0.0138762
707, 72.11521, 0.0138667
708, 71.45971, 0.0139939
709, 69.01597, 0.0144894
710, 33.23904, 0.0300851
711, 73.67514, 0.0135731
712, 87.65394, 0.0114085
713, 71.53895, 0.0139784
714, 71.39236, 0.0140071
715, 72.59317, 0.0137754
716, 70.95822, 0.0140928
717, 72.50317, 0.0137925
718, 71.7803, 0.0139314
719, 71.45, 0.0139958
720, 35.83472, 0.0279059
721, 70.5781, 0.0141687
722, 73.4015, 0.0136237
723, 71.60246, 0.013966
724, 72.48478, 0.013796
725, 71.59631, 0.0139672
726, 71.74734, 0.0139378
727, 71.76227, 0.0139349
728, 72.34686, 0.0138223
729, 70.72236, 0.0141398
730, 36.25053, 0.0275858
731, 71.11971, 0.0140608
732, 71.33787, 0.0140178
733, 72.76591, 0.0137427
734, 71.07927, 0.0140688
735, 72.15424, 0.0138592
736, 72.02639, 0.0138838
737, 71.82257, 0.0139232
738, 71.42398, 0.0140009
739, 71.3104, 0.0140232
740, 36.09001, 0.0277085
741, 71.05553, 0.0140735
742, 72.29507, 0.0138322
743, 70.09772, 0.0142658
744, 73.45973, 0.0136129
745, 71.70515, 0.013946
746, 71.87057, 0.0139139
747, 72.0648, 0.0138764
748, 71.94969, 0.0138986
749, 67.89373, 0.0147289
750, 34.03606, 0.0293806
751, 72.51001, 0.0137912
752, 86.56284, 0.0115523
753, 71.73962, 0.0139393
754, 71.28092, 0.014029
755, 72.13914, 0.0138621
756, 71.33228, 0.0140189
757, 72.95489, 0.0137071
758, 71.64864, 0.013957
759, 70.41262, 0.014202
760, 36.4109, 0.0274643
761, 71.12224, 0.0140603
762, 71.60195, 0.0139661
763, 71.89435, 0.0139093
764, 71.78802, 0.0139299
765, 68.88096, 0.0145178
766, 75.40739, 0.0132613
767, 71.91864, 0.0139046
768, 71.89435, 0.0139093
769, 69.98293, 0.0142892
770, 36.28763, 0.0275576
771, 72.0809, 0.0138733
772, 71.58504, 0.0139694
773, 71.31548, 0.0140222
774, 71.75454, 0.0139364
775, 70.99751, 0.014085
776, 71.55737, 0.0139748
777, 72.74632, 0.0137464
778, 71.14298, 0.0140562
779, 68.54198, 0.0145896
780, 33.73375, 0.0296439
781, 74.92601, 0.0133465
782, 85.13319, 0.0117463
783, 71.62656, 0.0139613
784, 71.78802, 0.0139299
785, 71.58196, 0.01397
786, 71.86645, 0.0139147
787, 71.93831, 0.0139008
788, 71.52615, 0.0139809
789, 71.18349, 0.0140482
790, 36.23753, 0.0275957
791, 71.12072, 0.0140606
792, 71.90365, 0.0139075
793, 72.51316, 0.0137906
794, 71.83856, 0.0139201
795, 71.48729, 0.0139885
796, 70.21634, 0.0142417
797, 73.36596, 0.0136303
798, 69.80901, 0.0143248
799, 73.1759, 0.0136657
800, 36.01242, 0.0277682
801, 72.19174, 0.013852
802, 71.58913, 0.0139686
803, 71.98025, 0.0138927
804, 72.11573, 0.0138666
805, 71.73498, 0.0139402
806, 71.51694, 0.0139827
807, 71.70927, 0.0139452
808, 72.48005, 0.0137969
809, 70.87022, 0.0141103
810, 36.09926, 0.0277014
811, 70.57761, 0.0141688
812, 71.97766, 0.0138932
813, 72.13654, 0.0138626
814, 71.53587, 0.013979
815, 72.08662, 0.0138722
816, 71.13893, 0.014057
817, 72.3186, 0.0138277
818, 71.83701, 0.0139204
819, 70.24001, 0.0142369
820, 33.26569, 0.030061
821, 74.59513, 0.0134057
822, 84.97549, 0.0117681
823, 70.77541, 0.0141292
824, 72.77014, 0.0137419
825, 71.28295, 0.0140286
826, 73.36219, 0.013631
827, 71.74116, 0.013939
828, 71.60144, 0.0139662
829, 71.05553, 0.0140735
830, 36.05046, 0.0277389
831, 72.07051, 0.0138753
832, 71.67175, 0.0139525
833, 71.71594, 0.0139439
834, 71.33228, 0.0140189
835, 72.94851, 0.0137083
836, 71.36587, 0.0140123
837, 72.21886, 0.0138468
838, 71.624, 0.0139618
839, 70.86971, 0.0141104
840, 36.13461, 0.0276743
841, 71.50365, 0.0139853
842, 71.57735, 0.0139709
843, 70.89333, 0.0141057
844, 72.44907, 0.0138028
845, 72.74368, 0.0137469
846, 72.34529, 0.0138226
847, 71.48985, 0.013988
848, 71.24537, 0.014036
849, 71.43775, 0.0139982
850, 36.27999, 0.0275634
851, 70.51093, 0.0141822
852, 72.24233, 0.0138423
853, 71.0076, 0.014083
854, 70.73537, 0.0141372
855, 73.8858, 0.0135344
856, 70.55669, 0.014173
857, 72.37304, 0.0138173
858, 72.26217, 0.0138385
859, 68.94221, 0.0145049
860, 33.8358, 0.0295545
861, 73.20859, 0.0136596
862, 84.62599, 0.0118167
863, 71.82876, 0.013922
864, 70.84461, 0.0141154
865, 73.11973, 0.0136762
866, 71.90726, 0.0139068
867, 71.42142, 0.0140014
868, 72.32384, 0.0138267
869, 70.95822, 0.0140928
870, 36.0934, 0.0277059
871, 71.60195, 0.0139661
872, 71.27583, 0.01403
873, 72.49686, 0.0137937
874, 70.59155, 0.014166
875, 70.77091, 0.0141301
876, 73.81817, 0.0135468
877, 72.27836, 0.0138354
878, 71.50979, 0.0139841
879, 71.64658, 0.0139574
880, 35.75157, 0.0279708
881, 73.20698, 0.0136599
882, 71.67996, 0.0139509
883, 72.01342, 0.0138863
884, 71.39491, 0.0140066
885, 71.55533, 0.0139752
886, 72.36676, 0.0138185
887, 72.42178, 0.013808
888, 71.53127, 0.0139799
889, 71.12376, 0.01406
890, 36.14806, 0.027664
891, 69.84167, 0.0143181
892, 73.08873, 0.013682
893, 72.05909, 0.0138775
894, 71.67688, 0.0139515
895, 71.98543, 0.0138917
896, 70.03733, 0.0142781
897, 73.53158, 0.0135996
898, 71.60503, 0.0139655
899, 71.51746, 0.0139826
900, 36.16323, 0.0276524
901, 71.08281, 0.0140681
902, 71.74476, 0.0139383
903, 71.87006, 0.013914
904, 72.31756, 0.0138279
905, 71.17286, 0.0140503
906, 72.1709, 0.013856
907, 72.04767, 0.0138797
908, 71.66045, 0.0139547
909, 70.97383, 0.0140897
910, 36.24397, 0.0275908
911, 70.85666, 0.014113
912, 71.67482, 0.0139519
913, 72.71352, 0.0137526
914, 71.94245, 0.0139
915, 71.0919, 0.0140663
916, 71.77669, 0.0139321
917, 72.31024, 0.0138293
918, 72.20373, 0.0138497
919, 70.54027, 0.0141763
920, 36.07542, 0.0277197
921, 72.42388, 0.0138076
922, 71.93262, 0.0139019
923, 71.24334, 0.0140364
924, 72.23659, 0.0138434
925, 72.0861, 0.0138723
926, 71.85353, 0.0139172
927, 71.70772, 0.0139455
928, 72.2345, 0.0138438
929, 71.03181, 0.0140782
930, 36.05383, 0.0277363
931, 70.24149, 0.0142366
932, 72.39767, 0.0138126
933, 71.97092, 0.0138945
934, 71.10606, 0.0140635
935, 72.56789, 0.0137802
936, 70.8406, 0.0141162
937, 73.52833, 0.0136002
938, 71.58298, 0.0139698
939, 69.69661, 0.0143479
940, 33.60644, 0.0297562
941, 71.17944, 0.014049
942, 88.60456, 0.0112861
943, 71.57018, 0.0139723
944, 71.73807, 0.0139396
945, 71.91451, 0.0139054
946, 72.01187, 0.0138866
947, 71.22862, 0.0140393
948, 72.25694, 0.0138395
949, 70.60003, 0.0141643
950, 36.23412, 0.0275983
951, 71.40816, 0.014004
952, 72.0461, 0.01388
953, 72.00979, 0.013887
954, 70.82855, 0.0141186
955, 72.619, 0.0137705
956, 71.49701, 0.0139866
957, 71.60554, 0.0139654
958, 72.31547, 0.0138283
959, 71.59682, 0.0139671
960, 36.00943, 0.0277705
961, 71.84992, 0.0139179
962, 72.16621, 0.0138569
963, 72.24651, 0.0138415
964, 71.36027, 0.0140134
965, 72.16413, 0.0138573
966, 71.34499, 0.0140164
967, 71.91399, 0.0139055
968, 70.91344, 0.0141017
969, 70.64742, 0.0141548
970, 33.78173, 0.0296018
971, 72.6945, 0.0137562
972, 84.07671, 0.0118939
973, 71.98802, 0.0138912
974, 70.20894, 0.0142432
975, 73.07111, 0.0136853
976, 72.55736, 0.0137822
977, 71.86283, 0.0139154
978, 70.38387, 0.0142078
979, 72.00928, 0.0138871
980, 36.33734, 0.0275199
981, 70.80347, 0.0141236
982, 71.81792, 0.0139241
983, 72.11417, 0.0138669
984, 71.51081, 0.0139839
985, 72.13029, 0.0138638
986, 71.91968, 0.0139044
987, 72.03365, 0.0138824
988, 71.27634, 0.0140299
989, 71.59631, 0.0139672
990, 36.18089, 0.0276389
991, 71.47196, 0.0139915
992, 71.78133, 0.0139312
993, 72.1709, 0.013856
994, 71.45, 0.0139958
995, 71.80761, 0.0139261
996, 71.89124, 0.0139099
997, 71.89279, 0.0139096
998, 71.1759, 0.0140497
999, 72.35995, 0.0138198
1000, 36.0298, 0.0277548
1001, 69.98537, 0.0142887
1002, 72.52316, 0.0137887
1003, 72.21155, 0.0138482
1004, 71.65326, 0.0139561
1005, 71.70103, 0.0139468
1006, 71.36434, 0.0140126
1007, 73.02042, 0.0136948
1008, 72.30187, 0.0138309
1009, 70.34229, 0.0142162
1010, 36.42244, 0.0274556
1011, 71.2606, 0.014033
1012, 71.34245, 0.0140169
1013, 72.44592, 0.0138034
1014, 71.8494, 0.013918
1015, 71.81999, 0.0139237
1016, 71.35059, 0.0140153
1017, 72.50527, 0.0137921
1018, 71.53281, 0.0139796
1019, 71.33838, 0.0140177
1020, 36.07764, 0.027718
1021, 71.66763, 0.0139533
1022, 71.63991, 0.0139587
1023, 70.58607, 0.0141671
1024, 72.09753, 0.0138701
1025, 58.62043, 0.0170589
1026, 54.25583, 0.0184312
1027, 152.8585, 0.006542
1028, 75.66185, 0.0132167
1029, 69.92078, 0.0143019
1030, 36.16571, 0.0276505
1031, 71.88866, 0.0139104
1032, 71.95694, 0.0138972
1033, 71.63221, 0.0139602
1034, 71.26416, 0.0140323
1035, 71.84888, 0.0139181
1036, 72.41025, 0.0138102
1037, 71.8334, 0.0139211
1038, 71.69692, 0.0139476
1039, 70.4985, 0.0141847
1040, 36.33932, 0.0275184
1041, 70.4985, 0.0141847
1042, 72.27836, 0.0138354
1043, 72.23241, 0.0138442
1044, 71.54099, 0.013978
1045, 70.94664, 0.0140951
1046, 73.19733, 0.0136617
1047, 71.50979, 0.0139841
1048, 72.27522, 0.013836
1049, 71.06512, 0.0140716
1050, 35.83728, 0.0279039
1051, 72.9017, 0.0137171
1052, 71.65736, 0.0139553
1053, 71.93882, 0.0139007
1054, 71.8494, 0.013918
1055, 70.41757, 0.014201
1056, 71.93003, 0.0139024
1057, 73.10476, 0.013679
1058, 71.34093, 0.0140172
1059, 71.43317, 0.0139991
1060, 36.11099, 0.0276924
1061, 71.58401, 0.0139696
1062, 71.33482, 0.0140184
1063, 71.8716, 0.0139137
1064, 72.21572, 0.0138474
1065, 71.09594, 0.0140655
1066, 72.55525, 0.0137826
1067, 72.08714, 0.0138721
1068, 72.15632, 0.0138588
1069, 70.41808, 0.0142009
1070, 36.33721, 0.02752
1071, 71.08482, 0.0140677
1072, 71.67893, 0.0139511
1073, 71.81844, 0.013924
1074, 71.98854, 0.0138911
1075, 70.95319, 0.0140938
1076, 69.4565, 0.0143975
1077, 74.44464, 0.0134328
1078, 72.94585, 0.0137088
1079, 71.29921, 0.0140254
1080, 36.0947, 0.0277049
1081, 70.66389, 0.0141515
1082, 72.86452, 0.0137241
1083, 70.69536, 0.0141452
1084, 72.97565, 0.0137032
1085, 71.28701, 0.0140278
1086, 71.88866, 0.0139104
1087, 71.96782, 0.0138951
1088, 72.53052, 0.0137873
1089, 70.33388, 0.0142179
1090, 36.24712, 0.0275884
1091, 67.87207, 0.0147336
1092, 75.2893, 0.0132821
1093, 73.00709, 0.0136973
1094, 70.811, 0.0141221
1095, 72.97406, 0.0137035
1096, 71.79885, 0.0139278
1097, 71.76072, 0.0139352
1098, 71.184, 0.0140481
1099, 71.26162, 0.0140328
1100, 36.23845, 0.027595
1101, 71.2982, 0.0140256
1102, 71.67175, 0.0139525
1103, 71.88711, 0.0139107
1104, 70.72586, 0.0141391
1105, 73.29713, 0.0136431
1106, 71.75145, 0.013937
1107, 72.0513, 0.013879
1108, 71.71697, 0.0139437
1109, 70.80047, 0.0141242
1110, 36.09431, 0.0277052
1111, 71.47503, 0.0139909
1112, 72.2606, 0.0138388
1113, 70.71386, 0.0141415
1114, 72.63694, 0.0137671
1115, 72.1355, 0.0138628
1116, 72.0622, 0.0138769
1117, 71.74837, 0.0139376
1118, 71.604, 0.0139657
1119, 71.71286, 0.0139445
1120, 36.07243, 0.027722
1121, 70.85213, 0.0141139
1122, 72.25433, 0.01384
1123, 72.06792, 0.0138758
1124, 71.83031, 0.0139217
1125, 71.42398, 0.0140009
1126, 71.26314, 0.0140325
1127, 72.17403, 0.0138554
1128, 72.50423, 0.0137923
1129, 70.80347, 0.0141236
1130, 36.13552, 0.0276736
1131, 71.50723, 0.0139846
1132, 71.65017, 0.0139567
1133, 70.78995, 0.0141263
1134, 73.31754, 0.0136393
1135, 71.75454, 0.0139364
1136, 71.99839, 0.0138892
1137, 71.84888, 0.0139181
1138, 71.70927, 0.0139452
1139, 70.08102, 0.0142692
1140, 36.22965, 0.0276017
1141, 72.26164, 0.0138386
1142, 72.27157, 0.0138367
1143, 70.05892, 0.0142737
1144, 73.74197, 0.0135608
1145, 71.85921, 0.0139161
1146, 71.11314, 0.0140621
1147, 72.50054, 0.013793
1148, 71.4643, 0.013993
1149, 70.72636, 0.014139
1150, 36.10382, 0.0276979
1151, 71.7494, 0.0139374
1152, 71.8004, 0.0139275
1153, 71.78854, 0.0139298
1154, 70.72385, 0.0141395
1155, 72.67389, 0.0137601
1156, 72.41969, 0.0138084
1157, 71.71903, 0.0139433
1158, 71.66506, 0.0139538
1159, 71.25349, 0.0140344
1160, 35.97291, 0.0277987
1161, 71.88556, 0.013911
1162, 71.75403, 0.0139365
1163, 71.43775, 0.0139982
1164, 72.75955, 0.0137439
1165, 70.58757, 0.0141668
1166, 72.0461, 0.01388
1167, 72.72516, 0.0137504
1168, 72.01861, 0.0138853
1169, 70.40022, 0.0142045
1170, 36.18416, 0.0276364
1171, 71.19718, 0.0140455
1172, 72.31077, 0.0138292
1173, 72.09338, 0.0138709
1174, 70.93859, 0.0140967
1175, 72.09129, 0.0138713
1176, 72.17924, 0.0138544
1177, 71.61938, 0.0139627
1178, 71.66558, 0.0139537
1179, 71.5011, 0.0139858
1180, 35.7517, 0.0279707
1181, 72.60161, 0.0137738
1182, 72.16673, 0.0138568
1183, 71.7803, 0.0139314
1184, 71.83392, 0.013921
1185, 70.24988, 0.0142349
1186, 73.88362, 0.0135348
1187, 71.43827, 0.0139981
1188, 71.83546, 0.0139207
1189, 71.50826, 0.0139844
1190, 36.01592, 0.0277655
1191, 71.4352, 0.0139987
1192, 72.16517, 0.0138571
1193, 71.36485, 0.0140125
1194, 72.58949, 0.0137761
1195, 71.37963, 0.0140096
1196, 71.99476, 0.0138899
1197, 71.83237, 0.0139213
1198, 71.75609, 0.0139361
1199, 70.01723, 0.0142822
1200, 36.29198, 0.0275543
1201, 71.718, 0.0139435
1202, 71.48422, 0.0139891
1203, 71.41531, 0.0140026
1204, 72.26687, 0.0138376
1205, 72.79769, 0.0137367
1206, 71.12477, 0.0140598
1207, 71.9585, 0.0138969
1208, 71.57478, 0.0139714
1209, 71.11566, 0.0140616
1210, 36.25119, 0.0275853
1211, 71.4924, 0.0139875
1212, 71.64864, 0.013957
1213, 71.33939, 0.0140175
1214, 70.79546, 0.0141252
1215, 74.09658, 0.0134959
1216, 72.02276, 0.0138845
1217, 72.18288, 0.0138537
1218, 71.09039, 0.0140666
1219, 71.1283, 0.0140591
1220, 36.10004, 0.0277008
1221, 72.16517, 0.0138571
1222, 71.61118, 0.0139643
1223, 71.86024, 0.0139159
1224, 71.61579, 0.0139634
1225, 70.98643, 0.0140872
1226, 72.84647, 0.0137275
1227, 68.5603, 0.0145857
1228, 73.3068, 0.0136413
1229, 73.36865, 0.0136298
1230, 36.21745, 0.027611
1231, 71.13185, 0.0140584
1232, 71.72572, 0.013942
1233, 71.46226, 0.0139934
1234, 71.8525, 0.0139174
1235, 72.05856, 0.0138776
1236, 72.35314, 0.0138211
1237, 71.37045, 0.0140114
1238, 72.04819, 0.0138796
1239, 70.65191, 0.0141539
1240, 36.24239, 0.027592
1241, 71.00256, 0.014084
1242, 71.76433, 0.0139345
1243, 71.78184, 0.0139311
1244, 71.75815, 0.0139357
1245, 72.41444, 0.0138094
1246, 71.89435, 0.0139093
1247, 71.74167, 0.0139389
1248, 71.50877, 0.0139843
1249, 70.89634, 0.0141051
1250, 36.30871, 0.0275416
1251, 71.36282, 0.0140129
1252, 71.94918, 0.0138987
1253, 68.63983, 0.0145688
1254, 75.80869, 0.0131911
1255, 71.81535, 0.0139246
1256, 71.28905, 0.0140274
1257, 71.93934, 0.0139006
1258, 71.58401, 0.0139696
1259, 71.05856, 0.0140729
1260, 36.17997, 0.0276396
1261, 71.70103, 0.0139468
1262, 71.88659, 0.0139108
1263, 71.83753, 0.0139203
1264, 71.33889, 0.0140176
1265, 71.84114, 0.0139196
1266, 70.68536, 0.0141472
1267, 73.25417, 0.0136511
1268, 71.9673, 0.0138952
1269, 70.6524, 0.0141538
1270, 36.18573, 0.0276352
1271, 71.47758, 0.0139904
1272, 72.13446, 0.013863
1273, 71.41888, 0.0140019
1274, 72.64908, 0.0137648
1275, 69.14577, 0.0144622
1276, 65.95262, 0.0151624
1277, 78.61945, 0.0127195
1278, 66.05805, 0.0151382
1279, 76.68652, 0.0130401
1280, 37.12159, 0.0269385
1281, 70.63744, 0.0141568
1282, 72.5542, 0.0137828
1283, 71.27075, 0.014031
1284, 46.19685, 0.0216465
1285, 160.9321, 0.0062138
1286, 72.48267, 0.0137964
1287, 70.60501, 0.0141633
1288, 72.9017, 0.0137171
1289, 70.27505, 0.0142298
1290, 32.80991, 0.0304786
1291, 90.07468, 0.0111019
1292, 68.08279, 0.014688
1293, 73.51806, 0.0136021
1294, 72.57526, 0.0137788
1295, 72.34582, 0.0138225
1296, 72.00253, 0.0138884
1297, 71.1987, 0.0140452
1298, 69.53426, 0.0143814
1299, 73.12935, 0.0136744
1300, 36.43465, 0.0274464
1301, 70.44685, 0.0141951
1302, 75.66013, 0.013217
1303, 71.55072, 0.0139761
1304, 71.41479, 0.0140027
1305, 71.98077, 0.0138926
1306, 72.31808, 0.0138278
1307, 71.76175, 0.013935
1308, 71.63221, 0.0139602
1309, 70.57412, 0.0141695
1310, 36.21798, 0.0276106
1311, 71.28701, 0.0140278
1312, 55.10188, 0.0181482
1313, 106.058, 0.0094288
1314, 71.32108, 0.0140211
1315, 71.89693, 0.0139088
1316, 71.93572, 0.0139013
1317, 22.2622, 0.0449192
