Frame, FPS, Frame Time
1, 50, 0.02
2, 50, 0.02
3, 3, 0.3333333
4, 4.729807, 0.2114251
5, 23.25895, 0.0429942
6, 90.36771, 0.0110659
7, 74.31574, 0.0134561
8, 71.95021, 0.0138985
9, 72.18445, 0.0138534
10, 71.75352, 0.0139366
11, 71.12881, 0.014059
12, 73.21663, 0.0136581
13, 70.49651, 0.0141851
14, 71.79008, 0.0139295
15, 72.79345, 0.0137375
16, 70.9074, 0.0141029
17, 72.48163, 0.0137966
18, 72.74314, 0.013747
19, 71.57838, 0.0139707
20, 70.88328, 0.0141077
21, 72.25851, 0.0138392
22, 72.12614, 0.0138646
23, 72.26843, 0.0138373
24, 71.16222, 0.0140524
25, 71.96989, 0.0138947
26, 71.80503, 0.0139266
27, 71.78339, 0.0139308
28, 71.82979, 0.0139218
29, 22.87738, 0.0437113
30, 81.55941, 0.012261
31, 73.81926, 0.0135466
32, 71.88142, 0.0139118
33, 70.43692, 0.0141971
34, 73.2043, 0.0136604
35, 71.95332, 0.0138979
36, 72.24702, 0.0138414
37, 71.61836, 0.0139629
38, 71.70309, 0.0139464
39, 72.01238, 0.0138865
40, 71.44643, 0.0139965
41, 71.95021, 0.0138985
42, 71.20681, 0.0140436
43, 72.10065, 0.0138695
44, 71.39236, 0.0140071
45, 72.60424, 0.0137733
46, 71.30481, 0.0140243
47, 72.45012, 0.0138026
48, 35.67988, 0.028027
49, 72.15684, 0.0138587
50, 70.57611, 0.0141691
51, 52.53978, 0.0190332
52, 70.77592, 0.0141291
53, 14.56881, 0.0686398
54, 72.95489, 0.0137071
55, 74.03568, 0.013507
56, 71.09645, 0.0140654
57, 67.19798, 0.0148814
58, 70.43593, 0.0141973
59, 69.76031, 0.0143348
60, 67.93801, 0.0147193
61, 69.43432, 0.0144021
62, 70.18381, 0.0142483
63, 71.80452, 0.0139267
64, 17.41872, 0.0574095
65, 83.15524, 0.0120257
66, 71.47861, 0.0139902
67, 68.6601, 0.0145645
68, 68.95885, 0.0145014
69, 74.90861, 0.0133496
70, 75.37783, 0.0132665
71, 70.94815, 0.0140948
72, 70.83457, 0.0141174
73, 71.62246, 0.0139621
74, 70.13017, 0.0142592
75, 55.00792, 0.0181792
76, 53.56158, 0.0186701
77, 145.5668, 0.0068697
78, 91.10123, 0.0109768
79, 70.50346, 0.0141837
80, 71.59734, 0.013967
81, 71.3511, 0.0140152
82, 70.86871, 0.0141106
83, 71.19769, 0.0140454
84, 70.6569, 0.0141529
85, 72.67918, 0.0137591
86, 70.51093, 0.0141822
87, 70.60352, 0.0141636
88, 72.76485, 0.0137429
89, 72.47322, 0.0137982
90, 35.8378, 0.0279035
91, 70.39081, 0.0142064
92, 71.36638, 0.0140122
93, 71.45306, 0.0139952
94, 71.94245, 0.0139
95, 71.33889, 0.0140176
96, 70.1843, 0.0142482
97, 68.94982, 0.0145033
98, 77.535, 0.0128974
99, 71.1192, 0.0140609
100, 72.16048, 0.013858
101, 71.16982, 0.0140509
102, 72.10533, 0.0138686
103, 71.41837, 0.014002
104, 72.46639, 0.0137995
105, 71.14197, 0.0140564
106, 71.72778, 0.0139416
107, 71.96108, 0.0138964
108, 70.8662, 0.0141111
109, 72.66228, 0.0137623
110, 71.49854, 0.0139863
111, 71.98284, 0.0138922
112, 72.05753, 0.0138778
113, 71.52666, 0.0139808
114, 71.76587, 0.0139342
115, 71.82721, 0.0139223
116, 72.0404, 0.0138811
117, 71.32006, 0.0140213
118, 33.18136, 0.0301374
119, 91.79786, 0.0108935
120, 69.71021, 0.0143451
121, 72.90809, 0.0137159
122, 71.24232, 0.0140366
123, 71.68304, 0.0139503
124, 71.62862, 0.0139609
125, 70.49104, 0.0141862
126, 58.82837, 0.0169986
127, 70.80147, 0.014124
128, 63.4699, 0.0157555
129, 107.7807, 0.0092781
130, 74.82174, 0.0133651
131, 71.80246, 0.0139271
132, 70.06088, 0.0142733
133, 72.91553, 0.0137145
134, 36.07178, 0.0277225
135, 71.20022, 0.0140449
136, 71.50211, 0.0139856
137, 71.04594, 0.0140754
138, 71.40919, 0.0140038
139, 72.479, 0.0137971
140, 69.69418, 0.0143484
141, 74.95184, 0.0133419
142, 71.10606, 0.0140635
143, 71.84063, 0.0139197
144, 72.25172, 0.0138405
145, 70.72136, 0.01414
146, 70.58259, 0.0141678
147, 74.34281, 0.0134512
148, 71.0722, 0.0140702
149, 71.07927, 0.0140688
150, 72.53052, 0.0137873
151, 72.17924, 0.0138544
152, 71.87367, 0.0139133
153, 5.411891, 0.1847783
154, 22.77292, 0.0439118
155, 24.22463, 0.0412803
156, 38.37902, 0.0260559
157, 74.30856, 0.0134574
158, 54.15035, 0.0184671
159, 155.4872, 0.0064314
160, 35.88165, 0.0278694
161, 71.43877, 0.013998
162, 71.33482, 0.0140184
163, 72.46692, 0.0137994
164, 72.05961, 0.0138774
165, 71.20123, 0.0140447
166, 72.67178, 0.0137605
167, 71.49701, 0.0139866
168, 72.00201, 0.0138885
169, 70.72336, 0.0141396
170, 36.17709, 0.0276418
171, 71.70361, 0.0139463
172, 71.6081, 0.0139649
173, 71.41582, 0.0140025
174, 72.21625, 0.0138473
175, 72.06013, 0.0138773
176, 71.57889, 0.0139706
177, 72.15945, 0.0138582
178, 71.67431, 0.013952
179, 70.24544, 0.0142358
180, 72.67336, 0.0137602
181, 72.81041, 0.0137343
182, 71.20529, 0.0140439
183, 72.42546, 0.0138073
184, 70.90388, 0.0141036
185, 71.78648, 0.0139302
186, 72.06013, 0.0138773
187, 72.4874, 0.0137955
188, 71.34907, 0.0140156
189, 72.06688, 0.013876
190, 71.29311, 0.0140266
191, 71.69846, 0.0139473
192, 72.52, 0.0137893
193, 71.94918, 0.0138987
194, 71.64042, 0.0139586
195, 71.87626, 0.0139128
196, 71.01415, 0.0140817
197, 72.13654, 0.0138626
198, 72.23346, 0.013844
199, 71.9901, 0.0138908
200, 71.49701, 0.0139866
201, 71.28701, 0.0140278
202, 72.72305, 0.0137508
203, 71.04897, 0.0140748
204, 66.9362, 0.0149396
205, 79.30277, 0.0126099
206, 70.28493, 0.0142278
207, 72.41916, 0.0138085
208, 72.27418, 0.0138362
209, 72.0622, 0.0138769
210, 71.75454, 0.0139364
211, 72.08974, 0.0138716
212, 70.82955, 0.0141184
213, 71.33278, 0.0140188
214, 71.71903, 0.0139433
215, 71.1106, 0.0140626
216, 73.04228, 0.0136907
217, 71.66917, 0.013953
218, 71.6435, 0.013958
219, 72.1532, 0.0138594
220, 72.42493, 0.0138074
221, 70.6589, 0.0141525
222, 73.23003, 0.0136556
223, 70.98643, 0.0140872
224, 72.09129, 0.0138713
225, 72.22616, 0.0138454
226, 71.59273, 0.0139679
227, 71.42448, 0.0140008
228, 72.20061, 0.0138503
229, 71.77154, 0.0139331
230, 70.60352, 0.0141636
231, 72.90277, 0.0137169
232, 71.65017, 0.0139567
233, 71.40409, 0.0140048
234, 71.58298, 0.0139698
235, 72.30344, 0.0138306
236, 71.52564, 0.013981
237, 71.13185, 0.0140584
238, 72.79928, 0.0137364
239, 70.23952, 0.014237
240, 72.36256, 0.0138193
241, 72.82155, 0.0137322
242, 72.11053, 0.0138676
243, 71.24537, 0.014036
244, 72.04871, 0.0138795
245, 69.75933, 0.014335
246, 73.92731, 0.0135268
247, 34.91852, 0.0286381
248, 72.676, 0.0137597
249, 73.5873, 0.0135893
250, 71.49547, 0.0139869
251, 67.7392, 0.0147625
252, 75.11963, 0.0133121
253, 72.08506, 0.0138725
254, 73.98748, 0.0135158
255, 68.8895, 0.014516
256, 33.80468, 0.0295817
257, 72.73891, 0.0137478
258, 84.93435, 0.0117738
259, 70.54226, 0.0141759
260, 71.4046, 0.0140047
261, 72.83587, 0.0137295
262, 72.7606, 0.0137437
263, 71.77412, 0.0139326
264, 71.58913, 0.0139686
265, 70.74587, 0.0141351
266, 36.17212, 0.0276456
267, 71.67842, 0.0139512
268, 70.44635, 0.0141952
269, 72.41602, 0.0138091
270, 72.5342, 0.0137866
271, 71.61015, 0.0139645
272, 71.4097, 0.0140037
273, 72.40186, 0.0138118
274, 71.71646, 0.0139438
275, 71.20985, 0.014043
276, 35.67148, 0.0280336
277, 72.54683, 0.0137842
278, 71.67175, 0.0139525
279, 72.80723, 0.0137349
280, 71.63273, 0.0139601
281, 71.69846, 0.0139473
282, 71.30634, 0.014024
283, 72.13134, 0.0138636
284, 72.27679, 0.0138357
285, 70.60003, 0.0141643
286, 36.21299, 0.0276144
287, 70.241, 0.0142367
288, 72.64908, 0.0137648
289, 72.2653, 0.0138379
290, 71.72058, 0.013943
291, 71.71852, 0.0139434
292, 71.38931, 0.0140077
293, 72.51894, 0.0137895
294, 71.67688, 0.0139515
295, 70.42849, 0.0141988
296, 36.17212, 0.0276456
297, 71.50314, 0.0139854
298, 71.18704, 0.0140475
299, 72.59949, 0.0137742
300, 71.13589, 0.0140576
301, 72.52578, 0.0137882
302, 71.82825, 0.0139221
303, 71.48781, 0.0139884
304, 71.84579, 0.0139187
305, 71.15918, 0.014053
306, 36.18076, 0.027639
307, 71.1911, 0.0140467
308, 70.83457, 0.0141174
309, 72.9517, 0.0137077
310, 71.91658, 0.013905
311, 71.72058, 0.013943
312, 72.5542, 0.0137828
313, 71.0727, 0.0140701
314, 71.25298, 0.0140345
315, 70.75588, 0.0141331
316, 35.885, 0.0278668
317, 73.91366, 0.0135293
318, 71.54509, 0.0139772
319, 72.22042, 0.0138465
320, 71.28041, 0.0140291
321, 72.34372, 0.0138229
322, 71.41786, 0.0140021
323, 71.96212, 0.0138962
324, 71.92796, 0.0139028
325, 71.21949, 0.0140411
326, 36.04006, 0.0277469
327, 70.92601, 0.0140992
328, 72.90277, 0.0137169
329, 71.45869, 0.0139941
330, 71.60861, 0.0139648
331, 71.88349, 0.0139114
332, 71.75609, 0.0139361
333, 71.92278, 0.0139038
334, 71.65788, 0.0139552
335, 71.29718, 0.0140258
336, 36.1166, 0.0276881
337, 70.45975, 0.0141925
338, 71.81792, 0.0139241
339, 72.83958, 0.0137288
340, 72.11053, 0.0138676
341, 72.07415, 0.0138746
342, 71.54099, 0.013978
343, 71.90365, 0.0139075
344, 71.01668, 0.0140812
345, 71.44949, 0.0139959
346, 36.19503, 0.0276281
347, 71.25603, 0.0140339
348, 71.6199, 0.0139626
349, 71.80555, 0.0139265
350, 72.64854, 0.0137649
351, 71.40205, 0.0140052
352, 71.54713, 0.0139768
353, 71.94038, 0.0139004
354, 70.95872, 0.0140927
355, 72.07156, 0.0138751
356, 36.10356, 0.0276981
357, 71.02122, 0.0140803
358, 71.70824, 0.0139454
359, 72.51106, 0.013791
360, 71.47043, 0.0139918
361, 72.12041, 0.0138657
362, 71.82412, 0.0139229
363, 71.45715, 0.0139944
364, 71.58708, 0.013969
365, 71.28752, 0.0140277
366, 36.14506, 0.0276663
367, 71.48014, 0.0139899
368, 71.92278, 0.0139038
369, 71.47095, 0.0139917
370, 72.0072, 0.0138875
371, 72.06532, 0.0138763
372, 71.89538, 0.0139091
373, 71.74734, 0.0139378
374, 71.28346, 0.0140285
375, 71.2794, 0.0140293
376, 36.18573, 0.0276352
377, 71.62503, 0.0139616
378, 70.30519, 0.0142237
379, 73.66265, 0.0135754
380, 71.92123, 0.0139041
381, 71.77, 0.0139334
382, 71.46278, 0.0139933
383, 72.09389, 0.0138708
384, 71.69024, 0.0139489
385, 71.01869, 0.0140808
386, 36.14388, 0.0276672
387, 70.13017, 0.0142592
388, 72.87833, 0.0137215
389, 72.65699, 0.0137633
390, 71.57478, 0.0139714
391, 71.19971, 0.014045
392, 72.44592, 0.0138034
393, 71.94711, 0.0138991
394, 71.54919, 0.0139764
395, 71.53895, 0.0139784
396, 35.96721, 0.0278031
397, 59.02038, 0.0169433
398, 60.19853, 0.0166117
399, 122.0405, 0.008194
400, 72.1199, 0.0138658
401, 71.5057, 0.0139849
402, 72.13394, 0.0138631
403, 70.89131, 0.0141061
404, 72.92882, 0.013712
405, 70.29136, 0.0142265
406, 36.23096, 0.0276007
407, 71.05149, 0.0140743
408, 72.21051, 0.0138484
409, 72.1532, 0.0138594
410, 71.79318, 0.0139289
411, 72.15893, 0.0138583
412, 70.87273, 0.0141098
413, 72.5937, 0.0137753
414, 71.92278, 0.0139038
415, 71.0424, 0.0140761
416, 35.9504, 0.0278161
417, 72.24546, 0.0138417
418, 71.98232, 0.0138923
419, 71.65274, 0.0139562
420, 71.32871, 0.0140196
421, 71.26974, 0.0140312
422, 72.76802, 0.0137423
423, 71.50672, 0.0139847
424, 72.45169, 0.0138023
425, 69.40878, 0.0144074
426, 36.21496, 0.0276129
427, 73.31647, 0.0136395
428, 71.98491, 0.0138918
429, 71.34398, 0.0140166
430, 72.35314, 0.0138211
431, 72.02743, 0.0138836
432, 71.72829, 0.0139415
433, 71.67945, 0.013951
434, 72.11729, 0.0138663
435, 70.54127, 0.0141761
436, 35.89517, 0.0278589
437, 72.38352, 0.0138153
438, 72.4071, 0.0138108
439, 72.06792, 0.0138758
440, 71.65942, 0.0139549
441, 71.64658, 0.0139574
442, 71.13438, 0.0140579
443, 71.44541, 0.0139967
444, 72.11053, 0.0138676
445, 69.62916, 0.0143618
446, 33.48524, 0.0298639
447, 73.63336, 0.0135808
448, 85.31549, 0.0117212
449, 72.0887, 0.0138718
450, 71.83134, 0.0139215
451, 71.88453, 0.0139112
452, 71.61015, 0.0139645
453, 71.6512, 0.0139565
454, 71.08432, 0.0140678
455, 72.09545, 0.0138705
456, 36.24331, 0.0275913
457, 71.11465, 0.0140618
458, 71.76484, 0.0139344
459, 70.78193, 0.0141279
460, 72.94318, 0.0137093
461, 71.79266, 0.013929
462, 72.02172, 0.0138847
463, 71.60041, 0.0139664
464, 72.21833, 0.0138469
465, 69.57296, 0.0143734
466, 36.58702, 0.0273321
467, 71.37045, 0.0140114
468, 71.67277, 0.0139523
469, 72.09597, 0.0138704
470, 71.2337, 0.0140383
471, 72.25381, 0.0138401
472, 71.76742, 0.0139339
473, 71.9989, 0.0138891
474, 71.84631, 0.0139186
475, 71.12072, 0.0140606
476, 35.88268, 0.0278686
477, 73.0695, 0.0136856
478, 71.52922, 0.0139803
479, 71.93417, 0.0139016
480, 71.61734, 0.0139631
481, 72.25121, 0.0138406
482, 71.55635, 0.013975
483, 71.93623, 0.0139012
484, 71.70721, 0.0139456
485, 70.91897, 0.0141006
486, 35.96889, 0.0278018
487, 72.40291, 0.0138116
488, 71.94918, 0.0138987
489, 71.87264, 0.0139135
490, 71.89176, 0.0139098
491, 71.55431, 0.0139754
492, 72.04092, 0.013881
493, 71.65788, 0.0139552
494, 72.12666, 0.0138645
495, 70.09133, 0.0142671
496, 36.4064, 0.0274677
497, 71.28854, 0.0140275
498, 72.02172, 0.0138847
499, 71.95487, 0.0138976
500, 72.0238, 0.0138843
501, 71.28803, 0.0140276
502, 71.7633, 0.0139347
503, 71.75969, 0.0139354
504, 72.14955, 0.0138601
505, 71.17539, 0.0140498
506, 35.64198, 0.0280568
507, 73.761, 0.0135573
508, 72.18913, 0.0138525
509, 71.86283, 0.0139154
510, 71.29311, 0.0140266
511, 71.9761, 0.0138935
512, 72.04092, 0.013881
513, 71.84166, 0.0139195
514, 71.05199, 0.0140742
515, 71.40919, 0.0140038
516, 73.00069, 0.0136985
517, 71.70103, 0.0139468
518, 71.884, 0.0139113
519, 71.76484, 0.0139344
520, 71.79266, 0.013929
521, 71.55635, 0.013975
522, 72.16778, 0.0138566
523, 71.44745, 0.0139963
524, 71.99217, 0.0138904
525, 71.66815, 0.0139532
526, 71.44949, 0.0139959
527, 72.89214, 0.0137189
528, 71.07624, 0.0140694
529, 71.20022, 0.0140449
530, 72.10326, 0.013869
531, 71.71543, 0.013944
532, 71.80297, 0.013927
533, 71.69641, 0.0139477
534, 72.2272, 0.0138452
535, 71.5011, 0.0139858
536, 71.77514, 0.0139324
537, 68.97313, 0.0144984
538, 33.55614, 0.0298008
539, 74.38318, 0.0134439
540, 85.40804, 0.0117085
541, 70.67188, 0.0141499
542, 72.67283, 0.0137603
543, 71.97041, 0.0138946
544, 72.09234, 0.0138711
545, 71.67226, 0.0139524
546, 70.70186, 0.0141439
547, 72.74632, 0.0137464
548, 36.05904, 0.0277323
549, 71.90468, 0.0139073
550, 71.74013, 0.0139392
551, 71.84476, 0.0139189
552, 71.50877, 0.0139843
553, 71.31802, 0.0140217
554, 72.4748, 0.0137979
555, 70.77391, 0.0141295
556, 73.36273, 0.0136309
557, 71.07523, 0.0140696
558, 36.10604, 0.0276962
559, 71.25654, 0.0140338
560, 71.59837, 0.0139668
561, 71.76793, 0.0139338
562, 72.35629, 0.0138205
563, 71.44439, 0.0139969
564, 71.17286, 0.0140503
565, 73.02895, 0.0136932
566, 71.33685, 0.014018
567, 70.9552, 0.0140934
568, 36.19752, 0.0276262
569, 71.44337, 0.0139971
570, 71.76742, 0.0139339
571, 71.34143, 0.0140171
572, 72.41444, 0.0138094
573, 72.02224, 0.0138846
574, 71.81019, 0.0139256
575, 71.67482, 0.0139519
576, 71.9409, 0.0139003
577, 70.28741, 0.0142273
578, 36.38269, 0.0274856
579, 71.00961, 0.0140826
580, 72.11365, 0.013867
581, 71.48065, 0.0139898
582, 70.19317, 0.0142464
583, 73.73924, 0.0135613
584, 72.35576, 0.0138206
585, 71.63119, 0.0139604
586, 71.80452, 0.0139267
587, 70.87725, 0.0141089
588, 35.64605, 0.0280536
589, 74.36382, 0.0134474
590, 71.45869, 0.0139941
591, 70.97031, 0.0140904
592, 72.619, 0.0137705
593, 71.83701, 0.0139204
594, 71.72469, 0.0139422
595, 72.09234, 0.0138711
596, 71.56659, 0.013973
597, 70.55968, 0.0141724
598, 36.14584, 0.0276657
599, 71.81741, 0.0139242
600, 71.48729, 0.0139885
601, 72.56525, 0.0137807
602, 72.09181, 0.0138712
603, 71.78699, 0.0139301
604, 70.49303, 0.0141858
605, 72.26948, 0.0138371
606, 71.64094, 0.0139585
607, 69.70001, 0.0143472
608, 33.81166, 0.0295756
609, 72.55894, 0.0137819
610, 85.11652, 0.0117486
611, 72.24598, 0.0138416
612, 71.72623, 0.0139419
613, 71.76587, 0.0139342
614, 71.23827, 0.0140374
615, 72.39504, 0.0138131
616, 71.93054, 0.0139023
617, 70.56516, 0.0141713
618, 36.09066, 0.027708
619, 71.64658, 0.0139574
620, 70.69636, 0.014145
621, 73.54185, 0.0135977
622, 71.2129, 0.0140424
623, 71.9761, 0.0138935
624, 72.0887, 0.0138718
625, 72.11573, 0.0138666
626, 71.804, 0.0139268
627, 69.23003, 0.0144446
628, 36.52101, 0.0273815
629, 71.40816, 0.014004
630, 71.60349, 0.0139658
631, 69.72577, 0.0143419
632, 73.65018, 0.0135777
633, 73.04015, 0.0136911
634, 72.00513, 0.0138879
635, 72.06429, 0.0138765
636, 71.9202, 0.0139043
637, 70.88881, 0.0141066
638, 36.11816, 0.0276869
639, 71.19921, 0.0140451
640, 71.45052, 0.0139957
641, 72.47742, 0.0137974
642, 72.49371, 0.0137943
643, 70.90388, 0.0141036
644, 72.29404, 0.0138324
645, 72.12562, 0.0138647
646, 71.72829, 0.0139415
647, 71.04846, 0.0140749
648, 36.07582, 0.0277194
649, 71.7633, 0.0139347
650, 70.59355, 0.0141656
651, 73.12133, 0.0136759
652, 71.96833, 0.013895
653, 71.14906, 0.014055
654, 70.1779, 0.0142495
655, 72.94318, 0.0137093
656, 71.87057, 0.0139139
657, 69.96236, 0.0142934
658, 33.64081, 0.0297258
659, 70.44784, 0.0141949
660, 70.57512, 0.0141693
661, 58.09225, 0.017214
662, 128.9707, 0.0077537
663, 72.18705, 0.0138529
664, 72.23972, 0.0138428
665, 71.81741, 0.0139242
666, 71.90985, 0.0139063
667, 70.88629, 0.0141071
668, 35.89865, 0.0278562
669, 72.75161, 0.0137454
670, 72.21781, 0.013847
671, 71.15716, 0.0140534
672, 72.41969, 0.0138084
673, 71.67791, 0.0139513
674, 72.19591, 0.0138512
675, 71.31599, 0.0140221
676, 71.49342, 0.0139873
677, 71.57121, 0.0139721
678, 36.11256, 0.0276912
679, 71.17336, 0.0140502
680, 71.63016, 0.0139606
681, 72.65858, 0.013763
682, 71.19617, 0.0140457
683, 71.80194, 0.0139272
684, 72.23033, 0.0138446
685, 71.45103, 0.0139956
686, 71.98698, 0.0138914
687, 71.02374, 0.0140798
688, 18.0262, 0.0554748
689, 71.32261, 0.0140208
690, 71.01062, 0.0140824
691, 72.95277, 0.0137075
692, 71.74425, 0.0139384
693, 71.84682, 0.0139185
694, 71.22558, 0.0140399
695, 71.53793, 0.0139786
696, 35.96398, 0.0278056
697, 72.46482, 0.0137998
698, 71.67175, 0.0139525
699, 72.15788, 0.0138585
700, 71.52001, 0.0139821
701, 71.43317, 0.0139991
702, 72.37199, 0.0138175
703, 72.21103, 0.0138483
704, 71.19312, 0.0140463
705, 69.80997, 0.0143246
706, 33.495, 0.0298552
707, 72.55683, 0.0137823
708, 86.90589, 0.0115067
709, 70.79345, 0.0141256
710, 71.83546, 0.0139207
711, 72.74896, 0.0137459
712, 71.67791, 0.0139513
713, 71.67123, 0.0139526
714, 71.718, 0.0139435
715, 71.21037, 0.0140429
716, 35.78791, 0.0279424
717, 72.22459, 0.0138457
718, 73.02148, 0.0136946
719, 71.53229, 0.0139797
720, 72.13029, 0.0138638
721, 71.6702, 0.0139528
722, 71.94141, 0.0139002
723, 71.65017, 0.0139567
724, 71.44797, 0.0139962
725, 71.52103, 0.0139819
726, 36.09079, 0.0277079
727, 70.85666, 0.014113
728, 72.65752, 0.0137632
729, 72.15267, 0.0138595
730, 71.58811, 0.0139688
731, 72.06168, 0.013877
732, 71.4924, 0.0139875
733, 72.05856, 0.0138776
734, 70.21338, 0.0142423
735, 72.26582, 0.0138378
736, 36.22243, 0.0276072
737, 70.89886, 0.0141046
738, 72.50738, 0.0137917
739, 70.67238, 0.0141498
740, 70.27802, 0.0142292
741, 73.97216, 0.0135186
742, 71.42603, 0.0140005
743, 71.96419, 0.0138958
744, 72.17038, 0.0138561
745, 69.62237, 0.0143632
746, 33.70578, 0.0296685
747, 71.17742, 0.0140494
748, 87.78167, 0.0113919
749, 71.66712, 0.0139534
750, 71.89227, 0.0139097
751, 72.41496, 0.0138093
752, 71.55276, 0.0139757
753, 71.8004, 0.0139275
754, 71.26822, 0.0140315
755, 71.55328, 0.0139756
756, 36.1303, 0.0276776
757, 70.71086, 0.0141421
758, 73.01455, 0.0136959
759, 71.28549, 0.0140281
760, 72.12457, 0.0138649
761, 70.70635, 0.014143
762, 73.20698, 0.0136599
763, 71.09797, 0.0140651
764, 70.57512, 0.0141693
765, 72.7961, 0.013737
766, 35.98067, 0.0277927
767, 71.99165, 0.0138905
768, 72.15267, 0.0138595
769, 72.44959, 0.0138027
770, 71.53638, 0.0139789
771, 71.80142, 0.0139273
772, 72.0072, 0.0138875
773, 71.69127, 0.0139487
774, 71.50417, 0.0139852
775, 71.47861, 0.0139902
776, 36.07269, 0.0277218
777, 70.99903, 0.0140847
778, 72.38666, 0.0138147
779, 72.16465, 0.0138572
780, 71.7736, 0.0139327
781, 71.68819, 0.0139493
782, 71.65633, 0.0139555
783, 71.78287, 0.0139309
784, 71.70103, 0.0139468
785, 71.38523, 0.0140085
786, 35.86865, 0.0278795
787, 71.97662, 0.0138934
788, 71.98698, 0.0138914
789, 71.8365, 0.0139205
790, 69.6214, 0.0143634
791, 74.01925, 0.01351
792, 71.75918, 0.0139355
793, 72.05286, 0.0138787
794, 71.62349, 0.0139619
795, 69.17112, 0.0144569
796, 33.65134, 0.0297165
797, 73.84379, 0.0135421
798, 85.05716, 0.0117568
799, 71.4046, 0.0140047
800, 71.93675, 0.0139011
801, 72.02639, 0.0138838
802, 71.89435, 0.0139093
803, 71.49087, 0.0139878
804, 72.15112, 0.0138598
805, 70.22472, 0.01424
806, 36.47159, 0.0274186
807, 71.55482, 0.0139753
808, 71.42653, 0.0140004
809, 72.05598, 0.0138781
810, 71.38371, 0.0140088
811, 72.14435, 0.0138611
812, 71.73344, 0.0139405
813, 71.80142, 0.0139273
814, 72.26112, 0.0138387
815, 68.92939, 0.0145076
816, 36.54143, 0.0273662
817, 72.22929, 0.0138448
818, 71.75969, 0.0139354
819, 71.83908, 0.01392
820, 71.4592, 0.013994
821, 71.14096, 0.0140566
822, 72.2794, 0.0138352
823, 72.33482, 0.0138246
824, 71.38778, 0.014008
825, 70.67287, 0.0141497
826, 36.25803, 0.0275801
827, 71.08988, 0.0140667
828, 71.57684, 0.013971
829, 71.23116, 0.0140388
830, 71.4781, 0.0139903
831, 72.0404, 0.0138811
832, 72.18549, 0.0138532
833, 70.50793, 0.0141828
834, 73.46891, 0.0136112
835, 68.68651, 0.0145589
836, 33.65009, 0.0297176
837, 75.80294, 0.0131921
838, 84.16233, 0.0118818
839, 72.04195, 0.0138808
840, 71.55686, 0.0139749
841, 72.33273, 0.013825
842, 71.68665, 0.0139496
843, 71.84321, 0.0139192
844, 71.70824, 0.0139454
845, 71.00911, 0.0140827
846, 36.24515, 0.0275899
847, 71.53281, 0.0139796
848, 71.87419, 0.0139132
849, 71.48678, 0.0139886
850, 71.27329, 0.0140305
851, 72.72675, 0.0137501
852, 71.50007, 0.013986
853, 71.62914, 0.0139608
854, 71.89227, 0.0139097
855, 70.38982, 0.0142066
856, 36.41793, 0.027459
857, 71.65326, 0.0139561
858, 71.94555, 0.0138994
859, 71.79988, 0.0139276
860, 71.47043, 0.0139918
861, 72.08298, 0.0138729
862, 72.09702, 0.0138702
863, 71.72778, 0.0139416
864, 71.73241, 0.0139407
865, 71.15108, 0.0140546
866, 36.19608, 0.0276273
867, 71.81432, 0.0139248
868, 71.12881, 0.014059
869, 72.46324, 0.0138001
870, 71.37453, 0.0140106
871, 71.30938, 0.0140234
872, 72.56578, 0.0137806
873, 70.59953, 0.0141644
874, 73.07111, 0.0136853
875, 70.54972, 0.0141744
876, 36.24383, 0.0275909
877, 70.44585, 0.0141953
878, 72.7278, 0.0137499
879, 71.74013, 0.0139392
880, 71.83701, 0.0139204
881, 71.6394, 0.0139588
882, 70.82153, 0.01412
883, 73.19305, 0.0136625
884, 71.44592, 0.0139966
885, 69.27702, 0.0144348
886, 33.42257, 0.0299199
887, 73.87762, 0.0135359
888, 87.168, 0.0114721
889, 71.98802, 0.0138912
890, 70.28098, 0.0142286
891, 72.55367, 0.0137829
892, 72.38352, 0.0138153
893, 71.45461, 0.0139949
894, 72.09389, 0.0138708
895, 69.64952, 0.0143576
896, 36.52434, 0.027379
897, 71.34754, 0.0140159
898, 71.78184, 0.0139311
899, 72.07831, 0.0138738
900, 71.45562, 0.0139947
901, 72.13654, 0.0138626
902, 71.91089, 0.0139061
903, 71.13185, 0.0140584
904, 71.8494, 0.013918
905, 70.97736, 0.014089
906, 36.53088, 0.0273741
907, 71.03484, 0.0140776
908, 71.92434, 0.0139035
909, 70.67238, 0.0141498
910, 73.46729, 0.0136115
911, 71.0197, 0.0140806
912, 71.81174, 0.0139253
913, 70.78043, 0.0141282
914, 72.52578, 0.0137882
915, 71.55123, 0.013976
916, 32.82197, 0.0304674
917, 56.5157, 0.0176942
918, 133.8939, 0.0074686
919, 72.59159, 0.0137757
920, 71.61734, 0.0139631
921, 72.07519, 0.0138744
922, 71.48678, 0.0139886
923, 71.58453, 0.0139695
924, 72.72146, 0.0137511
925, 70.81451, 0.0141214
926, 36.26645, 0.0275737
927, 71.08785, 0.0140671
928, 71.5369, 0.0139788
929, 71.55225, 0.0139758
930, 72.3186, 0.0138277
931, 71.76587, 0.0139342
932, 71.8004, 0.0139275
933, 70.80749, 0.0141228
934, 73.34497, 0.0136342
935, 70.88579, 0.0141072
936, 36.1179, 0.0276871
937, 71.38829, 0.0140079
938, 72.42178, 0.013808
939, 71.11516, 0.0140617
940, 70.68336, 0.0141476
941, 73.16681, 0.0136674
942, 71.87419, 0.0139132
943, 70.8883, 0.0141067
944, 73.24934, 0.013652
945, 70.78694, 0.0141269
946, 36.0563, 0.0277344
947, 72.06168, 0.013877
948, 71.92226, 0.0139039
949, 72.04974, 0.0138793
950, 71.79163, 0.0139292
951, 70.3804, 0.0142085
952, 73.25524, 0.0136509
953, 71.92537, 0.0139033
954, 71.52257, 0.0139816
955, 71.48729, 0.0139885
956, 35.98429, 0.0277899
957, 71.69487, 0.013948
958, 72.06532, 0.0138763
959, 72.11002, 0.0138677
960, 71.88608, 0.0139109
961, 71.25197, 0.0140347
962, 71.29972, 0.0140253
963, 73.2939, 0.0136437
964, 71.5195, 0.0139822
965, 70.18922, 0.0142472
966, 36.33708, 0.0275201
967, 71.78854, 0.0139298
968, 70.62995, 0.0141583
969, 72.32227, 0.013827
970, 70.79746, 0.0141248
971, 72.05286, 0.0138787
972, 72.35576, 0.0138206
973, 71.8959, 0.013909
974, 71.70875, 0.0139453
975, 69.49222, 0.0143901
976, 33.47247, 0.0298753
977, 74.64636, 0.0133965
978, 82.71367, 0.0120899
979, 73.63662, 0.0135802
980, 71.96471, 0.0138957
981, 71.2474, 0.0140356
982, 71.75763, 0.0139358
983, 72.41654, 0.013809
984, 71.20174, 0.0140446
985, 71.76227, 0.0139349
986, 36.19805, 0.0276258
987, 71.14045, 0.0140567
988, 71.83701, 0.0139204
989, 71.45103, 0.0139956
990, 72.42074, 0.0138082
991, 71.22558, 0.0140399
992, 70.55022, 0.0141743
993, 74.23244, 0.0134712
994, 71.67893, 0.0139511
995, 70.86569, 0.0141112
996, 36.14702, 0.0276648
997, 70.52734, 0.0141789
998, 72.63061, 0.0137683
999, 72.14018, 0.0138619
1000, 71.48116, 0.0139897
1001, 71.71389, 0.0139443
1002, 71.66455, 0.0139539
1003, 71.97973, 0.0138928
1004, 71.91813, 0.0139047
1005, 70.86319, 0.0141117
1006, 36.24081, 0.0275932
1007, 71.39746, 0.0140061
1008, 71.47707, 0.0139905
1009, 72.8364, 0.0137294
1010, 71.3567, 0.0140141
1011, 71.39236, 0.0140071
1012, 72.27731, 0.0138356
1013, 72.16726, 0.0138567
1014, 71.0081, 0.0140829
1015, 69.91247, 0.0143036
1016, 33.51352, 0.0298387
1017, 74.58624, 0.0134073
1018, 82.96139, 0.0120538
1019, 72.14851, 0.0138603
1020, 71.94504, 0.0138995
1021, 72.32854, 0.0138258
1022, 71.18096, 0.0140487
1023, 71.89021, 0.0139101
1024, 72.66175, 0.0137624
1025, 69.98145, 0.0142895
1026, 36.27749, 0.0275653
1027, 71.60452, 0.0139656
1028, 72.0072, 0.0138875
1029, 71.64145, 0.0139584
1030, 70.609, 0.0141625
1031, 73.44408, 0.0136158
1032, 71.70618, 0.0139458
1033, 71.89331, 0.0139095
1034, 70.83257, 0.0141178
1035, 71.61118, 0.0139643
1036, 35.98999, 0.0277855
1037, 72.23607, 0.0138435
1038, 71.31651, 0.014022
1039, 72.12717, 0.0138644
1040, 71.1278, 0.0140592
1041, 71.07018, 0.0140706
1042, 74.61963, 0.0134013
1043, 71.67585, 0.0139517
1044, 71.11465, 0.0140618
1045, 71.63683, 0.0139593
1046, 35.83792, 0.0279034
1047, 73.28745, 0.0136449
1048, 71.55891, 0.0139745
1049, 71.27634, 0.0140299
1050, 71.57581, 0.0139712
1051, 71.80349, 0.0139269
1052, 71.94607, 0.0138993
1053, 72.39714, 0.0138127
1054, 71.81844, 0.013924
1055, 70.88177, 0.014108
1056, 36.11908, 0.0276862
1057, 71.39899, 0.0140058
1058, 72.35471, 0.0138208
1059, 70.10853, 0.0142636
1060, 73.62306, 0.0135827
1061, 71.62503, 0.0139616
1062, 71.88814, 0.0139105
1063, 71.12628, 0.0140595
1064, 71.55174, 0.0139759
1065, 69.76469, 0.0143339
1066, 33.47381, 0.0298741
1067, 74.13009, 0.0134898
1068, 84.53228, 0.0118298
1069, 71.91451, 0.0139054
1070, 71.79214, 0.0139291
1071, 71.96368, 0.0138959
1072, 72.09961, 0.0138697
1073, 71.69795, 0.0139474
1074, 71.67739, 0.0139514
1075, 71.30125, 0.014025
1076, 36.12691, 0.0276802
1077, 71.83753, 0.0139203
1078, 71.58094, 0.0139702
1079, 70.94614, 0.0140952
1080, 72.87355, 0.0137224
1081, 71.82515, 0.0139227
1082, 71.80246, 0.0139271
1083, 71.38268, 0.014009
1084, 72.39347, 0.0138134
1085, 71.03534, 0.0140775
1086, 35.94782, 0.0278181
1087, 72.45432, 0.0138018
1088, 71.50672, 0.0139847
1089, 71.5369, 0.0139788
1090, 72.55841, 0.013782
1091, 70.62446, 0.0141594
1092, 72.25069, 0.0138407
1093, 72.71406, 0.0137525
1094, 71.5149, 0.0139831
1095, 69.94328, 0.0142973
1096, 36.03162, 0.0277534
1097, 73.27188, 0.0136478
1098, 71.5835, 0.0139697
1099, 72.64169, 0.0137662
1100, 71.33075, 0.0140192
1101, 72.49108, 0.0137948
1102, 70.96779, 0.0140909
1103, 71.73241, 0.0139407
1104, 71.20225, 0.0140445
1105, 69.37315, 0.0144148
1106, 33.2802, 0.0300479
1107, 75.43867, 0.0132558
1108, 85.71404, 0.0116667
1109, 71.64401, 0.0139579
1110, 71.20174, 0.0140446
1111, 71.96471, 0.0138957
1112, 71.9932, 0.0138902
1113, 71.59528, 0.0139674
1114, 71.90572, 0.0139071
1115, 71.7906, 0.0139294
1116, 36.15316, 0.0276601
1117, 71.48781, 0.0139884
1118, 71.1192, 0.0140609
1119, 72.62691, 0.013769
1120, 71.72366, 0.0139424
1121, 71.4398, 0.0139978
1122, 69.67281, 0.0143528
1123, 74.51787, 0.0134196
1124, 71.87471, 0.0139131
1125, 71.14703, 0.0140554
1126, 36.0861, 0.0277115
1127, 71.63016, 0.0139606
1128, 72.22772, 0.0138451
1129, 71.71389, 0.0139443
1130, 71.54867, 0.0139765
1131, 72.29665, 0.0138319
1132, 71.81689, 0.0139243
1133, 71.94296, 0.0138999
1134, 71.52309, 0.0139815
1135, 70.16362, 0.0142524
1136, 35.86903, 0.0278792
1137, 73.92896, 0.0135265
1138, 71.24537, 0.014036
1139, 72.22563, 0.0138455
1140, 71.83495, 0.0139208
1141, 71.85767, 0.0139164
1142, 71.3567, 0.0140141
1143, 71.96886, 0.0138949
1144, 72.17715, 0.0138548
1145, 70.38883, 0.0142068
1146, 36.09366, 0.0277057
1147, 72.96128, 0.0137059
1148, 71.23978, 0.0140371
1149, 70.67587, 0.0141491
1150, 72.85019, 0.0137268
1151, 72.02016, 0.013885
1152, 71.94193, 0.0139001
1153, 72.1657, 0.013857
1154, 71.45511, 0.0139948
1155, 70.49004, 0.0141864
1156, 36.26013, 0.0275785
1157, 71.94193, 0.0139001
1158, 71.85715, 0.0139165
1159, 70.44337, 0.0141958
1160, 72.33169, 0.0138252
1161, 71.95953, 0.0138967
1162, 71.50928, 0.0139842
1163, 72.03728, 0.0138817
1164, 72.14383, 0.0138612
1165, 69.11614, 0.0144684
1166, 33.68954, 0.0296828
1167, 72.16205, 0.0138577
1168, 87.32938, 0.0114509
1169, 71.37199, 0.0140111
1170, 72.11677, 0.0138664
1171, 71.78133, 0.0139312
1172, 71.27177, 0.0140308
1173, 72.0674, 0.0138759
1174, 72.2486, 0.0138411
1175, 71.00054, 0.0140844
1176, 36.05241, 0.0277374
1177, 71.66609, 0.0139536
1178, 58.854, 0.0169912
1179, 55.34494, 0.0180685
1180, 146.9961, 0.0068029
1181, 72.83746, 0.0137292
1182, 71.61785, 0.013963
1183, 71.75763, 0.0139358
1184, 71.38879, 0.0140078
1185, 71.31243, 0.0140228
1186, 36.21509, 0.0276128
1187, 71.25806, 0.0140335
1188, 71.53793, 0.0139786
1189, 72.03677, 0.0138818
1190, 72.10637, 0.0138684
1191, 72.06688, 0.013876
1192, 71.47298, 0.0139913
1193, 71.93623, 0.0139012
1194, 72.3207, 0.0138273
1195, 70.73136, 0.014138
1196, 36.21784, 0.0276107
1197, 71.06007, 0.0140726
1198, 71.42041, 0.0140016
1199, 72.26791, 0.0138374
1200, 72.24598, 0.0138416
1201, 71.65223, 0.0139563
1202, 72.03313, 0.0138825
1203, 71.97766, 0.0138932
1204, 71.58708, 0.013969
1205, 70.75138, 0.014134
1206, 36.20224, 0.0276226
1207, 71.5195, 0.0139822
1208, 71.50007, 0.013986
1209, 71.00861, 0.0140828
1210, 72.49371, 0.0137943
1211, 71.77721, 0.013932
1212, 71.24283, 0.0140365
1213, 72.13706, 0.0138625
1214, 68.70208, 0.0145556
1215, 72.3788, 0.0138162
1216, 33.89624, 0.0295018
1217, 73.46891, 0.0136112
1218, 85.12595, 0.0117473
1219, 71.29668, 0.0140259
1220, 71.90572, 0.0139071
1221, 72.12302, 0.0138652
1222, 71.95383, 0.0138978
1223, 70.98542, 0.0140874
1224, 72.39871, 0.0138124
1225, 70.87172, 0.01411
1226, 36.24699, 0.0275885
1227, 70.96225, 0.014092
1228, 72.05909, 0.0138775
1229, 72.48478, 0.013796
1230, 71.76587, 0.0139342
1231, 71.75609, 0.0139361
1232, 71.54253, 0.0139777
1233, 71.76124, 0.0139351
1234, 72.10845, 0.013868
1235, 71.18147, 0.0140486
1236, 36.0632, 0.0277291
1237, 71.31854, 0.0140216
1238, 71.85973, 0.013916
1239, 67.8601, 0.0147362
1240, 76.05199, 0.0131489
1241, 71.75712, 0.0139359
1242, 69.3289, 0.014424
1243, 76.18119, 0.0131266
1244, 71.57223, 0.0139719
1245, 70.54375, 0.0141756
1246, 36.49875, 0.0273982
1247, 70.94614, 0.0140952
1248, 71.79318, 0.0139289
1249, 71.95487, 0.0138976
1250, 71.96678, 0.0138953
1251, 71.64504, 0.0139577
1252, 71.67996, 0.0139509
1253, 71.53793, 0.0139786
1254, 72.38194, 0.0138156
1255, 70.85917, 0.0141125
1256, 36.23648, 0.0275965
1257, 70.70985, 0.0141423
1258, 72.22772, 0.0138451
1259, 71.75609, 0.0139361
1260, 71.51286, 0.0139835
1261, 71.54304, 0.0139776
1262, 72.47007, 0.0137988
1263, 71.1683, 0.0140512
1264, 71.15361, 0.0140541
1265, 72.81571, 0.0137333
1266, 36.0697, 0.0277241
1267, 71.81741, 0.0139242
1268, 71.37045, 0.0140114
1269, 71.90985, 0.0139063
1270, 72.34267, 0.0138231
1271, 71.69743, 0.0139475
1272, 71.64196, 0.0139583
1273, 71.92537, 0.0139033
1274, 71.65736, 0.0139553
1275, 70.00694, 0.0142843
1276, 36.45484, 0.0274312
1277, 70.68787, 0.0141467
1278, 72.479, 0.0137971
1279, 71.94504, 0.0138995
1280, 72.11833, 0.0138661
1281, 71.41837, 0.014002
1282, 72.27784, 0.0138355
1283, 71.02323, 0.0140799
1284, 71.50928, 0.0139842
1285, 72.13394, 0.0138631
1286, 36.20001, 0.0276243
1287, 71.4398, 0.0139978
1288, 71.62452, 0.0139617
1289, 72.08765, 0.013872
1290, 71.86748, 0.0139145
1291, 71.14248, 0.0140563
1292, 72.40972, 0.0138103
1293, 71.20326, 0.0140443
1294, 71.8334, 0.0139211
1295, 71.56608, 0.0139731
1296, 36.06164, 0.0277303
1297, 71.95229, 0.0138981
1298, 71.91709, 0.0139049
1299, 71.51899, 0.0139823
1300, 71.92796, 0.0139028
1301, 72.2225, 0.0138461
1302, 72.06065, 0.0138772
1303, 70.87875, 0.0141086
1304, 72.42703, 0.013807
1305, 69.84557, 0.0143173
1306, 36.62548, 0.0273034
1307, 70.95168, 0.0140941
1308, 72.40815, 0.0138106
1309, 71.32057, 0.0140212
1310, 71.64504, 0.0139577
1311, 72.2152, 0.0138475
1312, 72.07467, 0.0138745
1313, 71.31955, 0.0140214
1314, 71.15209, 0.0140544
1315, 72.06792, 0.0138758
1316, 36.11803, 0.027687
1317, 71.82412, 0.0139229
1318, 71.44082, 0.0139976
1319, 72.08454, 0.0138726
1320, 71.69949, 0.0139471
1321, 71.36384, 0.0140127
1322, 72.00461, 0.013888
1323, 72.43804, 0.0138049
1324, 71.55891, 0.0139745
1325, 68.9522, 0.0145028
1326, 36.6122, 0.0273133
1327, 72.19852, 0.0138507
1328, 71.61477, 0.0139636
1329, 71.86851, 0.0139143
1330, 71.64452, 0.0139578
1331, 71.67791, 0.0139513
1332, 71.91399, 0.0139055
1333, 72.34947, 0.0138218
1334, 70.35565, 0.0142135
1335, 72.10949, 0.0138678
1336, 36.26013, 0.0275785
1337, 68.74506, 0.0145465
1338, 74.17077, 0.0134824
1339, 72.03884, 0.0138814
1340, 71.36994, 0.0140115
1341, 71.55635, 0.013975
1342, 72.18288, 0.0138537
1343, 69.40107, 0.014409
1344, 74.57956, 0.0134085
1345, 69.09704, 0.0144724
1346, 33.89819, 0.0295001
1347, 73.12988, 0.0136743
1348, 83.9243, 0.0119155
1349, 72.20269, 0.0138499
1350, 71.84063, 0.0139197
1351, 71.80555, 0.0139265
1352, 71.64966, 0.0139568
1353, 72.25225, 0.0138404
1354, 69.11948, 0.0144677
1355, 73.30142, 0.0136423
1356, 36.23175, 0.0276001
1357, 71.20681, 0.0140436
1358, 71.68716, 0.0139495
1359, 72.31495, 0.0138284
1360, 72.07623, 0.0138742
1361, 71.56864, 0.0139726
1362, 71.76742, 0.0139339
1363, 71.98388, 0.013892
1364, 71.02727, 0.0140791
1365, 72.13238, 0.0138634
1366, 36.14466, 0.0276666
1367, 71.22558, 0.0140399
1368, 72.00305, 0.0138883
1369, 71.71338, 0.0139444
1370, 69.65874, 0.0143557
1371, 73.44894, 0.0136149
1372, 72.98098, 0.0137022
1373, 71.29311, 0.0140266
1374, 72.27992, 0.0138351
1375, 70.91746, 0.0141009
1376, 36.14048, 0.0276698
1377, 71.08785, 0.0140671
1378, 72.23399, 0.0138439
1379, 72.43858, 0.0138048
1380, 72.01653, 0.0138857
1381, 71.74888, 0.0139375
1382, 71.26568, 0.014032
1383, 72.29404, 0.0138324
1384, 72.25433, 0.01384
1385, 70.63544, 0.0141572
1386, 36.07751, 0.0277181
1387, 71.69024, 0.0139489
1388, 72.28777, 0.0138336
1389, 71.46226, 0.0139934
1390, 71.13387, 0.014058
1391, 71.61887, 0.0139628
1392, 72.76167, 0.0137435
1393, 72.20113, 0.0138502
1394, 72.09389, 0.0138708
1395, 71.19009, 0.0140469
1396, 35.80072, 0.0279324
1397, 71.95435, 0.0138977
1398, 71.57018, 0.0139723
1399, 71.84063, 0.0139197
1400, 71.97817, 0.0138931
1401, 71.16627, 0.0140516
1402, 72.30344, 0.0138306
1403, 71.96523, 0.0138956
1404, 71.88349, 0.0139114
1405, 69.70924, 0.0143453
1406, 33.76223, 0.0296189
1407, 73.19894, 0.0136614
1408, 83.82722, 0.0119293
1409, 71.98388, 0.013892
1410, 70.93255, 0.0140979
1411, 70.49451, 0.0141855
1412, 74.17517, 0.0134816
1413, 72.23346, 0.013844
1414, 71.78905, 0.0139297
1415, 71.14248, 0.0140563
1416, 36.12691, 0.0276802
1417, 70.5801, 0.0141683
1418, 72.87036, 0.013723
1419, 71.30735, 0.0140238
1420, 70.9547, 0.0140935
1421, 73.57594, 0.0135914
1422, 71.65531, 0.0139557
1423, 72.10429, 0.0138688
1424, 71.43725, 0.0139983
1425, 71.08634, 0.0140674
1426, 36.18102, 0.0276388
1427, 71.1987, 0.0140452
1428, 72.22407, 0.0138458
1429, 71.55891, 0.0139745
1430, 71.09898, 0.0140649
1431, 72.04507, 0.0138802
1432, 72.81677, 0.0137331
1433, 71.66558, 0.0139537
1434, 71.83959, 0.0139199
1435, 70.63245, 0.0141578
1436, 36.15329, 0.02766
1437, 71.54765, 0.0139767
1438, 71.89021, 0.0139101
1439, 72.14174, 0.0138616
1440, 71.98077, 0.0138926
1441, 70.62845, 0.0141586
1442, 71.49905, 0.0139862
1443, 71.6199, 0.0139626
1444, 59.55572, 0.016791
1445, 57.32597, 0.0174441
1446, 28.24731, 0.0354016
1447, 73.09567, 0.0136807
1448, 72.2439, 0.013842
1449, 71.10049, 0.0140646
1450, 73.4878, 0.0136077
1451, 71.66609, 0.0139536
1452, 71.85664, 0.0139166
1453, 71.9818, 0.0138924
1454, 70.57213, 0.0141699
1455, 36.17579, 0.0276428
1456, 71.50365, 0.0139853
1457, 71.34703, 0.014016
1458, 71.19971, 0.014045
1459, 73.40419, 0.0136232
1460, 71.47248, 0.0139914
1461, 71.02273, 0.01408
1462, 72.78603, 0.0137389
1463, 71.70721, 0.0139456
1464, 71.10606, 0.0140635
1465, 36.11256, 0.0276912
1466, 71.17286, 0.0140503
1467, 71.67739, 0.0139514
1468, 70.51788, 0.0141808
1469, 73.85306, 0.0135404
1470, 72.16048, 0.013858
1471, 71.1101, 0.0140627
1472, 72.6132, 0.0137716
1473, 71.30379, 0.0140245
1474, 70.95016, 0.0140944
1475, 36.21758, 0.0276109
1476, 70.4394, 0.0141966
1477, 72.98418, 0.0137016
1478, 71.24943, 0.0140352
1479, 72.59686, 0.0137747
1480, 72.22198, 0.0138462
1481, 71.32464, 0.0140204
1482, 71.88556, 0.013911
1483, 72.25172, 0.0138405
1484, 70.59106, 0.0141661
1485, 36.15408, 0.0276594
1486, 71.64658, 0.0139574
1487, 71.82825, 0.0139221
1488, 69.8129, 0.014324
1489, 73.45866, 0.0136131
1490, 72.60055, 0.013774
1491, 71.81638, 0.0139244
1492, 71.45103, 0.0139956
1493, 71.8494, 0.013918
1494, 71.22152, 0.0140407
1495, 36.16048, 0.0276545
1496, 71.56915, 0.0139725
1497, 71.32311, 0.0140207
1498, 69.97509, 0.0142908
1499, 74.16087, 0.0134842
1500, 72.12405, 0.013865
1501, 71.94038, 0.0139004
1502, 71.35416, 0.0140146
1503, 72.14799, 0.0138604
1504, 71.16019, 0.0140528
1505, 36.10669, 0.0276957
1506, 70.45032, 0.0141944
1507, 73.5781, 0.013591
1508, 71.61785, 0.013963
1509, 71.63426, 0.0139598
1510, 71.93934, 0.0139006
1511, 71.90572, 0.0139071
1512, 70.93607, 0.0140972
1513, 72.48373, 0.0137962
1514, 70.89182, 0.014106
1515, 36.03708, 0.0277492
1516, 71.14501, 0.0140558
1517, 73.10957, 0.0136781
1518, 71.48883, 0.0139882
1519, 71.64504, 0.0139577
1520, 72.26008, 0.0138389
1521, 71.98335, 0.0138921
1522, 71.46481, 0.0139929
1523, 71.75094, 0.0139371
1524, 71.54304, 0.0139776
1525, 35.90626, 0.0278503
1526, 71.71852, 0.0139434
1527, 72.33482, 0.0138246
1528, 71.91348, 0.0139056
1529, 71.84888, 0.0139181
1530, 71.48729, 0.0139885
1531, 72.54367, 0.0137848
1532, 71.80607, 0.0139264
1533, 71.29565, 0.0140261
1534, 71.34856, 0.0140157
1535, 35.76602, 0.0279595
1536, 73.08499, 0.0136827
1537, 71.9787, 0.013893
1538, 71.75918, 0.0139355
1539, 71.77669, 0.0139321
1540, 71.02727, 0.0140791
1541, 72.75267, 0.0137452
1542, 71.30938, 0.0140234
1543, 72.0155, 0.0138859
1544, 68.87859, 0.0145183
1545, 36.76998, 0.0271961
1546, 71.5835, 0.0139697
1547, 71.81019, 0.0139256
1548, 71.9875, 0.0138913
1549, 71.8334, 0.0139211
1550, 71.68356, 0.0139502
1551, 71.74837, 0.0139376
1552, 71.87471, 0.0139131
1553, 71.79369, 0.0139288
1554, 71.34449, 0.0140165
1555, 35.94704, 0.0278187
1556, 72.42598, 0.0138072
1557, 72.02016, 0.013885
1558, 71.83392, 0.013921
1559, 71.62862, 0.0139609
1560, 71.45306, 0.0139952
1561, 72.2674, 0.0138375
1562, 70.50198, 0.014184
1563, 72.80882, 0.0137346
1564, 71.373, 0.0140109
1565, 36.00477, 0.0277741
1566, 72.06895, 0.0138756
1567, 70.91394, 0.0141016
1568, 72.97033, 0.0137042
1569, 71.42704, 0.0140003
1570, 70.70686, 0.0141429
1571, 72.65066, 0.0137645
1572, 72.3788, 0.0138162
1573, 71.53229, 0.0139797
1574, 69.6117, 0.0143654
1575, 35.86389, 0.0278832
1576, 73.61981, 0.0135833
1577, 69.29911, 0.0144302
1578, 72.09389, 0.0138708
1579, 73.89781, 0.0135322
1580, 73.1893, 0.0136632
1581, 72.16726, 0.0138567
1582, 72.37304, 0.0138173
1583, 71.13287, 0.0140582
1584, 71.19515, 0.0140459
1585, 36.10682, 0.0276956
1586, 71.29871, 0.0140255
1587, 72.30867, 0.0138296
1588, 72.07156, 0.0138751
1589, 69.03837, 0.0144847
1590, 73.73653, 0.0135618
1591, 70.72136, 0.01414
1592, 72.55262, 0.0137831
1593, 72.87992, 0.0137212
1594, 69.51492, 0.0143854
1595, 36.3532, 0.0275079
1596, 71.88918, 0.0139103
1597, 71.21188, 0.0140426
1598, 71.43367, 0.013999
1599, 72.80882, 0.0137346
1600, 72.83852, 0.013729
1601, 72.03469, 0.0138822
1602, 71.42448, 0.0140008
1603, 72.19226, 0.0138519
1604, 68.91798, 0.01451
1605, 36.6885, 0.0272565
1606, 71.86438, 0.0139151
1607, 71.73087, 0.013941
1608, 71.22406, 0.0140402
1609, 72.1584, 0.0138584
1610, 71.78596, 0.0139303
1611, 69.69661, 0.0143479
1612, 74.3688, 0.0134465
1613, 71.31955, 0.0140214
1614, 71.03837, 0.0140769
1615, 35.66639, 0.0280376
1616, 72.46902, 0.013799
1617, 73.29337, 0.0136438
1618, 71.72109, 0.0139429
1619, 71.40358, 0.0140049
1620, 72.29037, 0.0138331
1621, 71.98595, 0.0138916
1622, 68.75782, 0.0145438
1623, 57.05581, 0.0175267
1624, 84.41027, 0.0118469
1625, 37.5467, 0.0266335
1626, 69.88511, 0.0143092
1627, 73.27135, 0.0136479
1628, 72.29926, 0.0138314
1629, 70.91344, 0.0141017
1630, 77.5729, 0.0128911
1631, 69.76031, 0.0143348
1632, 70.12082, 0.0142611
1633, 72.3343, 0.0138247
1634, 72.19539, 0.0138513
1635, 36.15944, 0.0276553
1636, 70.64442, 0.0141554
1637, 69.58264, 0.0143714
1638, 74.09274, 0.0134966
1639, 70.32003, 0.0142207
1640, 73.74795, 0.0135597
1641, 69.10898, 0.0144699
1642, 73.12453, 0.0136753
1643, 74.21976, 0.0134735
1644, 69.4483, 0.0143992
1645, 36.38573, 0.0274833
1646, 70.73637, 0.014137
1647, 71.55328, 0.0139756
1648, 72.44434, 0.0138037
1649, 71.0081, 0.0140829
1650, 71.77514, 0.0139324
1651, 69.5686, 0.0143743
1652, 75.73978, 0.0132031
1653, 71.74579, 0.0139381
1654, 71.97973, 0.0138928
1655, 36.23635, 0.0275966
1656, 73.89618, 0.0135325
1657, 69.42902, 0.0144032
1658, 70.73837, 0.0141366
1659, 68.32935, 0.014635
1660, 61.97054, 0.0161367
1661, 82.32824, 0.0121465
1662, 78.85067, 0.0126822
1663, 69.1128, 0.0144691
1664, 74.64525, 0.0133967
1665, 36.11608, 0.0276885
1666, 74.36271, 0.0134476
1667, 70.37942, 0.0142087
1668, 72.74526, 0.0137466
1669, 41.34692, 0.0241856
1670, 134.2823, 0.007447
1671, 94.70056, 0.0105596
1672, 76.37727, 0.0130929
1673, 70.81601, 0.0141211
1674, 21.12637, 0.0473342
