Frame, FPS, Frame Time
1, 50, 0.02
2, 50, 0.02
3, 3, 0.3333333
4, 5.283803, 0.1892576
5, 20.70239, 0.0483036
6, 92.01833, 0.0108674
7, 70.4156, 0.0142014
8, 73.39288, 0.0136253
9, 72.03937, 0.0138813
10, 73.69685, 0.0135691
11, 71.28905, 0.0140274
12, 71.3104, 0.0140232
13, 35.41515, 0.0282365
14, 74.86207, 0.0133579
15, 71.82979, 0.0139218
16, 71.25248, 0.0140346
17, 72.38456, 0.0138151
18, 71.44643, 0.0139965
19, 71.89124, 0.0139099
20, 71.75866, 0.0139356
21, 71.60657, 0.0139652
22, 72.52736, 0.0137879
23, 71.67123, 0.0139526
24, 71.29718, 0.0140258
25, 71.46073, 0.0139937
26, 72.21989, 0.0138466
27, 72.46482, 0.0137998
28, 71.61324, 0.0139639
29, 72.198, 0.0138508
30, 71.32973, 0.0140194
31, 23.81038, 0.0419985
32, 69.17686, 0.0144557
33, 75.11794, 0.0133124
34, 72.50369, 0.0137924
35, 70.50645, 0.0141831
36, 72.32541, 0.0138264
37, 71.59939, 0.0139666
38, 71.87212, 0.0139136
39, 72.67442, 0.01376
40, 71.07068, 0.0140705
41, 71.32769, 0.0140198
42, 73.16573, 0.0136676
43, 70.48508, 0.0141874
44, 70.98995, 0.0140865
45, 74.49955, 0.0134229
46, 71.50058, 0.0139859
47, 66.24008, 0.0150966
48, 79.00703, 0.0126571
49, 46.68774, 0.0214189
50, 70.63594, 0.0141571
51, 9.141971, 0.1093856
52, 82.48511, 0.0121234
53, 75.7702, 0.0131978
54, 69.22188, 0.0144463
55, 65.87659, 0.0151799
56, 72.17506, 0.0138552
57, 70.21091, 0.0142428
58, 56.46464, 0.0177102
59, 71.14653, 0.0140555
60, 55.03214, 0.0181712
61, 142.2495, 0.0070299
62, 67.19662, 0.0148817
63, 73.38803, 0.0136262
64, 71.69024, 0.0139489
65, 71.56864, 0.0139726
66, 68.29202, 0.014643
67, 71.16121, 0.0140526
68, 72.27157, 0.0138367
69, 70.83006, 0.0141183
70, 72.07831, 0.0138738
71, 71.71132, 0.0139448
72, 72.19382, 0.0138516
73, 68.53587, 0.0145909
74, 74.25504, 0.0134671
75, 72.22355, 0.0138459
76, 75.02888, 0.0133282
77, 71.77721, 0.013932
78, 71.50877, 0.0139843
79, 69.95893, 0.0142941
80, 34.04742, 0.0293708
81, 57.07795, 0.0175199
82, 97.57811, 0.0102482
83, 73.97598, 0.0135179
84, 72.89108, 0.0137191
85, 72.36623, 0.0138186
86, 72.80563, 0.0137352
87, 72.29404, 0.0138324
88, 71.34347, 0.0140167
89, 71.79163, 0.0139292
90, 71.78133, 0.0139312
91, 72.31599, 0.0138282
92, 72.11261, 0.0138672
93, 71.81741, 0.0139242
94, 68.16818, 0.0146696
95, 74.61462, 0.0134022
96, 74.03568, 0.013507
97, 71.94296, 0.0138999
98, 23.91646, 0.0418122
99, 68.88713, 0.0145165
100, 74.91422, 0.0133486
101, 71.61324, 0.0139639
102, 71.53895, 0.0139784
103, 70.5562, 0.0141731
104, 69.80462, 0.0143257
105, 75.32162, 0.0132764
106, 71.94659, 0.0138992
107, 72.05545, 0.0138782
108, 71.8649, 0.013915
109, 71.94245, 0.0139
110, 71.56352, 0.0139736
111, 71.67072, 0.0139527
112, 71.05755, 0.0140731
113, 72.49634, 0.0137938
114, 71.02827, 0.0140789
115, 72.46535, 0.0137997
116, 5.112694, 0.1955916
117, 22.99289, 0.0434917
118, 34.85098, 0.0286936
119, 40.36082, 0.0247765
120, 73.24719, 0.0136524
121, 69.40926, 0.0144073
122, 73.947, 0.0135232
123, 67.99807, 0.0147063
124, 36.84598, 0.02714
125, 71.67431, 0.013952
126, 71.34652, 0.0140161
127, 72.09753, 0.0138701
128, 71.8004, 0.0139275
129, 71.79111, 0.0139293
130, 69.7423, 0.0143385
131, 73.69685, 0.0135691
132, 72.00876, 0.0138872
133, 71.2403, 0.014037
134, 36.09509, 0.0277046
135, 71.0081, 0.0140829
136, 70.38288, 0.014208
137, 73.47539, 0.01361
138, 71.39236, 0.0140071
139, 71.96989, 0.0138947
140, 71.3674, 0.014012
141, 72.64063, 0.0137664
142, 71.49598, 0.0139868
143, 71.10252, 0.0140642
144, 72.58474, 0.013777
145, 71.76433, 0.0139345
146, 71.68768, 0.0139494
147, 72.02691, 0.0138837
148, 69.89781, 0.0143066
149, 73.92021, 0.0135281
150, 71.65069, 0.0139566
151, 70.98038, 0.0140884
152, 69.27367, 0.0144355
153, 74.33562, 0.0134525
154, 70.925, 0.0140994
155, 72.74314, 0.013747
156, 68.55138, 0.0145876
157, 76.26601, 0.013112
158, 71.90313, 0.0139076
159, 71.91709, 0.0139049
160, 70.5806, 0.0141682
161, 73.60626, 0.0135858
162, 71.36638, 0.0140122
163, 72.03469, 0.0138822
164, 71.65069, 0.0139566
165, 71.10555, 0.0140636
166, 72.11677, 0.0138664
167, 71.69846, 0.0139473
168, 72.07467, 0.0138745
169, 71.87419, 0.0139132
170, 71.44133, 0.0139975
171, 70.75889, 0.0141325
172, 72.81571, 0.0137333
173, 70.92953, 0.0140985
174, 72.43542, 0.0138054
175, 71.86076, 0.0139158
176, 70.95218, 0.014094
177, 73.00816, 0.0136971
178, 71.29718, 0.0140258
179, 72.2956, 0.0138321
180, 71.23725, 0.0140376
181, 70.22324, 0.0142403
182, 72.95596, 0.0137069
183, 71.84373, 0.0139191
184, 72.7442, 0.0137468
185, 71.5415, 0.0139779
186, 72.55209, 0.0137832
187, 69.9653, 0.0142928
188, 73.44355, 0.0136159
189, 71.61734, 0.0139631
190, 71.58144, 0.0139701
191, 70.92953, 0.0140985
192, 71.33787, 0.0140178
193, 71.65531, 0.0139557
194, 73.43384, 0.0136177
195, 72.01913, 0.0138852
196, 71.58913, 0.0139686
197, 71.62759, 0.0139611
198, 71.20681, 0.0140436
199, 72.49108, 0.0137948
200, 71.68099, 0.0139507
201, 71.20732, 0.0140435
202, 72.87673, 0.0137218
203, 70.54375, 0.0141756
204, 72.36047, 0.0138197
205, 72.30762, 0.0138298
206, 72.29247, 0.0138327
207, 71.34245, 0.0140169
208, 71.71235, 0.0139446
209, 71.16425, 0.014052
210, 70.78242, 0.0141278
211, 73.52725, 0.0136004
212, 70.83056, 0.0141182
213, 72.46324, 0.0138001
214, 71.44184, 0.0139974
215, 72.45169, 0.0138023
216, 71.64094, 0.0139585
217, 72.02276, 0.0138845
218, 71.73395, 0.0139404
219, 71.25908, 0.0140333
220, 71.18451, 0.014048
221, 72.28568, 0.013834
222, 72.31024, 0.0138293
223, 71.08533, 0.0140676
224, 35.21461, 0.0283973
225, 71.09998, 0.0140647
226, 75.10327, 0.013315
227, 71.18299, 0.0140483
228, 66.64268, 0.0150054
229, 68.72663, 0.0145504
230, 76.81435, 0.0130184
231, 33.81245, 0.0295749
232, 75.60408, 0.0132268
233, 83.68131, 0.0119501
234, 71.43827, 0.0139981
235, 72.9959, 0.0136994
236, 71.72829, 0.0139415
237, 70.44585, 0.0141953
238, 73.21073, 0.0136592
239, 71.80658, 0.0139263
240, 70.59455, 0.0141654
241, 36.07881, 0.0277171
242, 70.65091, 0.0141541
243, 73.28531, 0.0136453
244, 71.22152, 0.0140407
245, 71.26822, 0.0140315
246, 72.50369, 0.0137924
247, 71.46022, 0.0139938
248, 71.65531, 0.0139557
249, 71.73447, 0.0139403
250, 71.25654, 0.0140338
251, 36.15172, 0.0276612
252, 71.24334, 0.0140364
253, 71.65788, 0.0139552
254, 71.60759, 0.013965
255, 70.39825, 0.0142049
256, 73.93989, 0.0135245
257, 71.56403, 0.0139735
258, 71.98698, 0.0138914
259, 71.36587, 0.0140123
260, 69.45071, 0.0143987
261, 36.49981, 0.0273974
262, 72.20321, 0.0138498
263, 71.84114, 0.0139196
264, 71.15614, 0.0140536
265, 71.62862, 0.0139609
266, 72.96927, 0.0137044
267, 71.64966, 0.0139568
268, 71.184, 0.0140481
269, 72.44329, 0.0138039
270, 70.39874, 0.0142048
271, 36.28658, 0.0275584
272, 71.02525, 0.0140795
273, 71.52411, 0.0139813
274, 70.60701, 0.0141629
275, 59.26066, 0.0168746
276, 86.37891, 0.0115769
277, 78.31712, 0.0127686
278, 70.71336, 0.0141416
279, 71.77412, 0.0139326
280, 71.51183, 0.0139837
281, 36.03305, 0.0277523
282, 71.32515, 0.0140203
283, 71.56249, 0.0139738
284, 70.78744, 0.0141268
285, 72.67389, 0.0137601
286, 72.10378, 0.0138689
287, 71.38727, 0.0140081
288, 70.99852, 0.0140848
289, 72.42284, 0.0138078
290, 69.06602, 0.0144789
291, 33.52038, 0.0298326
292, 72.66544, 0.0137617
293, 86.21804, 0.0115985
294, 72.09077, 0.0138714
295, 71.64196, 0.0139583
296, 72.61848, 0.0137706
297, 71.39236, 0.0140071
298, 71.36791, 0.0140119
299, 72.53526, 0.0137864
300, 71.08988, 0.0140667
301, 36.04617, 0.0277422
302, 71.56198, 0.0139739
303, 71.23877, 0.0140373
304, 72.20529, 0.0138494
305, 70.3705, 0.0142105
306, 73.04975, 0.0136893
307, 72.4071, 0.0138108
308, 71.85095, 0.0139177
309, 71.11617, 0.0140615
310, 71.12173, 0.0140604
311, 36.27855, 0.0275645
312, 70.10509, 0.0142643
313, 73.06683, 0.0136861
314, 71.75712, 0.0139359
315, 71.10504, 0.0140637
316, 72.05182, 0.0138789
317, 72.19852, 0.0138507
318, 71.77308, 0.0139328
319, 71.99787, 0.0138893
320, 70.65041, 0.0141542
321, 36.22716, 0.0276036
322, 71.36587, 0.0140123
323, 71.82515, 0.0139227
324, 71.15716, 0.0140534
325, 69.10993, 0.0144697
326, 71.92796, 0.0139028
327, 74.70603, 0.0133858
328, 71.79318, 0.0139289
329, 70.85666, 0.014113
330, 70.68536, 0.0141472
331, 33.61989, 0.0297443
332, 73.70989, 0.0135667
333, 84.26162, 0.0118678
334, 71.86128, 0.0139157
335, 71.63426, 0.0139598
336, 71.55891, 0.0139745
337, 72.23138, 0.0138444
338, 71.73138, 0.0139409
339, 72.07259, 0.0138749
340, 71.32616, 0.0140201
341, 35.84332, 0.0278992
342, 72.49424, 0.0137942
343, 71.89899, 0.0139084
344, 71.84476, 0.0139189
345, 71.86593, 0.0139148
346, 71.24486, 0.0140361
347, 72.22616, 0.0138454
348, 71.78493, 0.0139305
349, 71.55584, 0.0139751
350, 71.10454, 0.0140638
351, 36.32467, 0.0275295
352, 69.95747, 0.0142944
353, 73.16573, 0.0136676
354, 72.19174, 0.013852
355, 71.16273, 0.0140523
356, 72.42021, 0.0138083
357, 69.79585, 0.0143275
358, 72.97353, 0.0137036
359, 73.12881, 0.0136745
360, 70.95168, 0.0140941
361, 36.14192, 0.0276687
362, 70.82705, 0.0141189
363, 70.53878, 0.0141766
364, 73.26813, 0.0136485
365, 71.26162, 0.0140328
366, 72.71669, 0.013752
367, 70.03341, 0.0142789
368, 73.58569, 0.0135896
369, 70.91595, 0.0141012
370, 70.80147, 0.014124
371, 36.3524, 0.0275085
372, 72.56894, 0.01378
373, 72.19331, 0.0138517
374, 70.62446, 0.0141594
375, 72.92403, 0.0137129
376, 71.54509, 0.0139772
377, 71.89382, 0.0139094
378, 71.10757, 0.0140632
379, 72.62586, 0.0137692
380, 70.09035, 0.0142673
381, 36.2979, 0.0275498
382, 72.00772, 0.0138874
383, 70.98895, 0.0140867
384, 71.91348, 0.0139056
385, 71.93934, 0.0139006
386, 71.99217, 0.0138904
387, 70.04518, 0.0142765
388, 72.69291, 0.0137565
389, 73.80564, 0.0135491
390, 70.50793, 0.0141828
391, 36.11842, 0.0276867
392, 71.1445, 0.0140559
393, 72.26635, 0.0138377
394, 71.7144, 0.0139442
395, 71.94348, 0.0138998
396, 71.17134, 0.0140506
397, 72.61163, 0.0137719
398, 71.27888, 0.0140294
399, 71.91451, 0.0139054
400, 70.80097, 0.0141241
401, 72.60477, 0.0137732
402, 71.89538, 0.0139091
403, 71.93262, 0.0139019
404, 72.08142, 0.0138732
405, 71.81226, 0.0139252
406, 70.69586, 0.0141451
407, 72.91447, 0.0137147
408, 71.31396, 0.0140225
409, 72.198, 0.0138508
410, 72.06895, 0.0138756
411, 70.88579, 0.0141072
412, 73.03428, 0.0136922
413, 70.925, 0.0140994
414, 69.89243, 0.0143077
415, 73.59652, 0.0135876
416, 72.17194, 0.0138558
417, 70.72236, 0.0141398
418, 73.14647, 0.0136712
419, 71.82412, 0.0139229
420, 71.75918, 0.0139355
421, 71.76175, 0.013935
422, 69.24009, 0.0144425
423, 63.54976, 0.0157357
424, 73.69903, 0.0135687
425, 81.35505, 0.0122918
426, 74.44299, 0.0134331
427, 71.53075, 0.01398
428, 72.04248, 0.0138807
429, 70.86569, 0.0141112
430, 72.87036, 0.013723
431, 71.78287, 0.0139309
432, 71.91864, 0.0139046
433, 71.12173, 0.0140604
434, 72.12249, 0.0138653
435, 71.62554, 0.0139615
436, 71.30582, 0.0140241
437, 72.76379, 0.0137431
438, 71.39491, 0.0140066
439, 72.14174, 0.0138616
440, 71.80813, 0.013926
441, 72.16257, 0.0138576
442, 71.68304, 0.0139503
443, 71.80813, 0.013926
444, 70.67287, 0.0141497
445, 73.18555, 0.0136639
446, 71.49854, 0.0139863
447, 71.63324, 0.01396
448, 71.41837, 0.014002
449, 72.22824, 0.013845
450, 71.26162, 0.0140328
451, 71.9761, 0.0138935
452, 71.59682, 0.0139671
453, 72.95329, 0.0137074
454, 71.69024, 0.0139489
455, 70.93154, 0.0140981
456, 72.05598, 0.0138781
457, 71.77051, 0.0139333
458, 72.0861, 0.0138723
459, 72.01187, 0.0138866
460, 72.05286, 0.0138787
461, 70.71986, 0.0141403
462, 71.92072, 0.0139042
463, 72.03573, 0.013882
464, 72.55946, 0.0137818
465, 71.40613, 0.0140044
466, 71.77669, 0.0139321
467, 72.28933, 0.0138333
468, 71.91709, 0.0139049
469, 71.23624, 0.0140378
470, 71.62554, 0.0139615
471, 72.40238, 0.0138117
472, 70.65191, 0.0141539
473, 73.61385, 0.0135844
474, 71.16526, 0.0140518
475, 71.23775, 0.0140375
476, 72.61163, 0.0137719
477, 71.36689, 0.0140121
478, 72.55946, 0.0137818
479, 71.56711, 0.0139729
480, 72.18288, 0.0138537
481, 71.24537, 0.014036
482, 72.07311, 0.0138748
483, 70.97635, 0.0140892
484, 72.24285, 0.0138422
485, 72.4706, 0.0137987
486, 71.77926, 0.0139316
487, 71.68304, 0.0139503
488, 71.41633, 0.0140024
489, 72.43804, 0.0138049
490, 71.78133, 0.0139312
491, 71.15159, 0.0140545
492, 72.39033, 0.013814
493, 71.20326, 0.0140443
494, 72.36256, 0.0138193
495, 71.26212, 0.0140327
496, 72.75902, 0.013744
497, 72.25121, 0.0138406
498, 71.37096, 0.0140113
499, 71.24943, 0.0140352
500, 73.08926, 0.0136819
501, 71.58247, 0.0139699
502, 70.79295, 0.0141257
503, 73.09834, 0.0136802
504, 71.39491, 0.0140066
505, 71.60246, 0.013966
506, 71.00961, 0.0140826
507, 73.37296, 0.013629
508, 71.49393, 0.0139872
509, 72.30083, 0.0138311
510, 71.12376, 0.01406
511, 71.54816, 0.0139766
512, 72.93148, 0.0137115
513, 71.72263, 0.0139426
514, 71.07877, 0.0140689
515, 72.11625, 0.0138665
516, 72.31704, 0.013828
517, 69.82314, 0.0143219
518, 73.77895, 0.013554
519, 71.83856, 0.0139201
520, 71.52564, 0.013981
521, 70.98794, 0.0140869
522, 72.46167, 0.0138004
523, 72.20216, 0.01385
524, 71.67739, 0.0139514
525, 71.97507, 0.0138937
526, 71.92434, 0.0139035
527, 71.4592, 0.013994
528, 70.95671, 0.0140931
529, 71.50365, 0.0139853
530, 73.71424, 0.0135659
531, 71.82515, 0.0139227
532, 71.10757, 0.0140632
533, 68.76965, 0.0145413
534, 75.90363, 0.0131746
535, 70.83307, 0.0141177
536, 72.76008, 0.0137438
537, 71.72469, 0.0139422
538, 71.35009, 0.0140154
539, 72.04195, 0.0138808
540, 71.71697, 0.0139437
541, 71.29414, 0.0140264
542, 72.46902, 0.013799
543, 70.71486, 0.0141413
544, 73.27994, 0.0136463
545, 70.87775, 0.0141088
546, 71.91761, 0.0139048
547, 71.95642, 0.0138973
548, 72.27784, 0.0138355
549, 71.93882, 0.0139007
550, 71.67482, 0.0139519
551, 71.47401, 0.0139911
552, 72.30711, 0.0138299
553, 71.45103, 0.0139956
554, 70.80499, 0.0141233
555, 72.91819, 0.013714
556, 71.76536, 0.0139343
557, 71.5236, 0.0139814
558, 71.74682, 0.0139379
559, 72.27261, 0.0138365
560, 71.80452, 0.0139267
561, 72.0809, 0.0138733
562, 71.93262, 0.0139019
563, 71.44286, 0.0139972
564, 72.34425, 0.0138228
565, 70.68336, 0.0141476
566, 72.78868, 0.0137384
567, 71.5876, 0.0139689
568, 71.69178, 0.0139486
569, 71.33228, 0.0140189
570, 72.52052, 0.0137892
571, 71.62246, 0.0139621
572, 72.21781, 0.013847
573, 71.86179, 0.0139156
574, 71.80142, 0.0139273
575, 71.48627, 0.0139887
576, 71.4199, 0.0140017
577, 72.71246, 0.0137528
578, 71.5584, 0.0139746
579, 70.00154, 0.0142854
580, 71.58094, 0.0139702
581, 73.36757, 0.01363
582, 71.95125, 0.0138983
583, 70.17889, 0.0142493
584, 72.71881, 0.0137516
585, 70.93305, 0.0140978
586, 72.40291, 0.0138116
587, 69.12187, 0.0144672
588, 29.76226, 0.0335996
589, 59.87378, 0.0167018
590, 54.19202, 0.0184529
591, 73.23379, 0.0136549
592, 71.17944, 0.014049
593, 71.99528, 0.0138898
594, 71.63734, 0.0139592
595, 70.90791, 0.0141028
596, 70.15673, 0.0142538
597, 36.38454, 0.0274842
598, 72.26008, 0.0138389
599, 72.10429, 0.0138688
600, 71.78133, 0.0139312
601, 72.00409, 0.0138881
602, 69.5807, 0.0143718
603, 71.30176, 0.0140249
604, 74.50843, 0.0134213
605, 71.87729, 0.0139126
606, 71.01012, 0.0140825
607, 36.03682, 0.0277494
608, 71.58043, 0.0139703
609, 71.12932, 0.0140589
610, 72.0238, 0.0138843
611, 72.37147, 0.0138176
612, 71.75248, 0.0139368
613, 71.1683, 0.0140512
614, 72.71035, 0.0137532
615, 71.14805, 0.0140552
616, 71.24131, 0.0140368
617, 36.0658, 0.0277271
618, 69.85191, 0.014316
619, 74.50787, 0.0134214
620, 70.78343, 0.0141276
621, 71.41684, 0.0140023
622, 72.90064, 0.0137173
623, 71.64915, 0.0139569
624, 71.33329, 0.0140187
625, 72.5221, 0.0137889
626, 69.55022, 0.0143781
627, 33.52397, 0.0298294
628, 72.40134, 0.0138119
629, 86.38488, 0.0115761
630, 71.82618, 0.0139225
631, 71.72212, 0.0139427
632, 71.79472, 0.0139286
633, 72.47112, 0.0137986
634, 70.98693, 0.0140871
635, 71.84012, 0.0139198
636, 71.51439, 0.0139832
637, 36.14728, 0.0276646
638, 71.03231, 0.0140781
639, 72.57579, 0.0137787
640, 71.09291, 0.0140661
641, 72.12457, 0.0138649
642, 72.17506, 0.0138552
643, 71.07877, 0.0140689
644, 72.85284, 0.0137263
645, 71.61221, 0.0139641
646, 71.13944, 0.0140569
647, 35.88216, 0.027869
648, 72.40658, 0.0138109
649, 72.28306, 0.0138345
650, 71.88142, 0.0139118
651, 71.70618, 0.0139458
652, 71.78442, 0.0139306
653, 71.67996, 0.0139509
654, 71.40002, 0.0140056
655, 72.29456, 0.0138323
656, 70.74137, 0.014136
657, 35.85759, 0.0278881
658, 73.18287, 0.0136644
659, 71.39084, 0.0140074
660, 72.65752, 0.0137632
661, 71.61938, 0.0139627
662, 71.74734, 0.0139378
663, 71.76587, 0.0139342
664, 71.85457, 0.013917
665, 71.43674, 0.0139984
666, 71.14146, 0.0140565
667, 36.00762, 0.0277719
668, 72.41392, 0.0138095
669, 71.77875, 0.0139317
670, 71.97766, 0.0138932
671, 71.96574, 0.0138955
672, 71.71132, 0.0139448
673, 71.74837, 0.0139376
674, 72.00824, 0.0138873
675, 71.96937, 0.0138948
676, 70.62347, 0.0141596
677, 36.36893, 0.027496
678, 70.18874, 0.0142473
679, 71.5584, 0.0139746
680, 71.47043, 0.0139918
681, 72.12457, 0.0138649
682, 72.34058, 0.0138235
683, 71.41888, 0.0140019
684, 70.99147, 0.0140862
685, 71.89072, 0.01391
686, 70.96477, 0.0140915
687, 33.74696, 0.0296323
688, 64.73246, 0.0154482
689, 99.7765, 0.0100224
690, 71.78236, 0.013931
691, 71.79266, 0.013929
692, 71.84063, 0.0139197
693, 71.39236, 0.0140071
694, 71.99787, 0.0138893
695, 72.1355, 0.0138628
696, 70.40965, 0.0142026
697, 36.32903, 0.0275262
698, 71.68048, 0.0139508
699, 71.58144, 0.0139701
700, 70.35268, 0.0142141
701, 74.17627, 0.0134814
702, 71.53178, 0.0139798
703, 70.88177, 0.014108
704, 73.01189, 0.0136964
705, 71.57889, 0.0139706
706, 70.17445, 0.0142502
707, 36.08024, 0.027716
708, 72.46692, 0.0137994
709, 72.01031, 0.0138869
710, 71.52666, 0.0139808
711, 72.0155, 0.0138859
712, 71.98802, 0.0138912
713, 71.88556, 0.013911
714, 71.74167, 0.0139389
715, 71.66199, 0.0139544
716, 71.43367, 0.013999
717, 35.71479, 0.0279996
718, 72.84754, 0.0137273
719, 72.06429, 0.0138765
720, 71.1987, 0.0140452
721, 72.37408, 0.0138171
722, 71.69076, 0.0139488
723, 72.37828, 0.0138163
724, 71.25806, 0.0140335
725, 71.79214, 0.0139291
726, 71.79885, 0.0139278
727, 35.70778, 0.0280051
728, 71.91141, 0.013906
729, 72.44382, 0.0138038
730, 70.65939, 0.0141524
731, 72.22824, 0.013845
732, 71.17387, 0.0140501
733, 71.77978, 0.0139315
734, 72.19122, 0.0138521
735, 73.1117, 0.0136777
736, 69.63934, 0.0143597
737, 33.31557, 0.030016
738, 76.01095, 0.013156
739, 83.1504, 0.0120264
740, 71.89176, 0.0139098
741, 71.41123, 0.0140034
742, 72.16673, 0.0138568
743, 71.86593, 0.0139148
744, 70.19859, 0.0142453
745, 73.55592, 0.0135951
746, 71.00306, 0.0140839
747, 36.29158, 0.0275546
748, 71.14754, 0.0140553
749, 71.85664, 0.0139166
750, 71.53127, 0.0139799
751, 71.9409, 0.0139003
752, 71.85405, 0.0139171
753, 70.65041, 0.0141542
754, 73.22306, 0.0136569
755, 70.14345, 0.0142565
756, 73.09621, 0.0136806
757, 36.17461, 0.0276437
758, 70.37298, 0.01421
759, 72.57262, 0.0137793
760, 72.14278, 0.0138614
761, 71.43214, 0.0139993
762, 71.65582, 0.0139556
763, 71.91917, 0.0139045
764, 71.78442, 0.0139306
765, 71.67175, 0.0139525
766, 70.91495, 0.0141014
767, 36.26013, 0.0275785
768, 72.03573, 0.013882
769, 70.87926, 0.0141085
770, 73.08339, 0.013683
771, 71.04594, 0.0140754
772, 71.9989, 0.0138891
773, 72.54946, 0.0137837
774, 69.2008, 0.0144507
775, 74.59624, 0.0134055
776, 71.30023, 0.0140252
777, 36.1525, 0.0276606
778, 71.50979, 0.0139841
779, 71.71594, 0.0139439
780, 71.29261, 0.0140267
781, 72.34634, 0.0138224
782, 71.52871, 0.0139804
783, 70.56117, 0.0141721
784, 73.07271, 0.013685
785, 72.72462, 0.0137505
786, 70.6569, 0.0141529
787, 35.92122, 0.0278387
788, 71.96264, 0.0138961
789, 70.26419, 0.014232
790, 73.74305, 0.0135606
791, 71.74888, 0.0139375
792, 71.59221, 0.013968
793, 71.22304, 0.0140404
794, 72.49581, 0.0137939
795, 70.8672, 0.0141109
796, 70.68687, 0.0141469
797, 33.68364, 0.029688
798, 66.1227, 0.0151234
799, 97.8043, 0.0102245
800, 71.44847, 0.0139961
801, 71.75403, 0.0139365
802, 71.60605, 0.0139653
803, 71.45613, 0.0139946
804, 70.49751, 0.0141849
805, 74.20599, 0.013476
806, 70.83257, 0.0141178
807, 36.07074, 0.0277233
808, 71.93779, 0.0139009
809, 71.78442, 0.0139306
810, 71.5369, 0.0139788
811, 71.97144, 0.0138944
812, 72.03832, 0.0138815
813, 70.78043, 0.0141282
814, 72.74579, 0.0137465
815, 70.57611, 0.0141691
816, 72.51421, 0.0137904
817, 36.08714, 0.0277107
818, 71.02424, 0.0140797
819, 72.51526, 0.0137902
820, 71.66815, 0.0139532
821, 71.47043, 0.0139918
822, 72.06999, 0.0138754
823, 72.02483, 0.0138841
824, 71.47605, 0.0139907
825, 69.6277, 0.0143621
826, 73.16145, 0.0136684
827, 35.79598, 0.0279361
828, 73.42737, 0.0136189
829, 71.36638, 0.0140122
830, 68.30181, 0.0146409
831, 76.24043, 0.0131164
832, 72.13029, 0.0138638
833, 71.73756, 0.0139397
834, 71.39288, 0.014007
835, 70.52137, 0.0141801
836, 73.01562, 0.0136957
837, 35.97368, 0.0277981
838, 72.00305, 0.0138883
839, 71.54304, 0.0139776
840, 72.08765, 0.013872
841, 69.85826, 0.0143147
842, 74.29089, 0.0134606
843, 71.56966, 0.0139724
844, 69.71994, 0.0143431
845, 72.45904, 0.0138009
846, 70.93003, 0.0140984
847, 33.40158, 0.0299387
848, 73.43977, 0.0136166
849, 85.42481, 0.0117062
850, 71.69024, 0.0139489
851, 72.07207, 0.013875
852, 71.77257, 0.0139329
853, 70.54723, 0.0141749
854, 72.89161, 0.013719
855, 72.30919, 0.0138295
856, 70.99248, 0.014086
857, 32.65189, 0.0306261
858, 57.16899, 0.017492
859, 130.4019, 0.0076686
860, 72.40291, 0.0138116
861, 72.28097, 0.0138349
862, 71.81586, 0.0139245
863, 70.57561, 0.0141692
864, 72.36518, 0.0138188
865, 73.12347, 0.0136755
866, 70.78794, 0.0141267
867, 36.11008, 0.0276931
868, 71.87833, 0.0139124
869, 71.18755, 0.0140474
870, 72.35576, 0.0138206
871, 71.56198, 0.0139739
872, 71.84321, 0.0139192
873, 72.32803, 0.0138259
874, 70.56615, 0.0141711
875, 72.91447, 0.0137147
876, 70.16904, 0.0142513
877, 36.32335, 0.0275305
878, 71.51899, 0.0139823
879, 71.61375, 0.0139638
880, 72.36256, 0.0138193
881, 71.46788, 0.0139923
882, 72.08765, 0.013872
883, 72.18184, 0.0138539
884, 70.76891, 0.0141305
885, 72.9698, 0.0137043
886, 70.95016, 0.0140944
887, 36.14806, 0.027664
888, 71.32769, 0.0140198
889, 71.70978, 0.0139451
890, 71.30023, 0.0140252
891, 72.76008, 0.0137438
892, 71.71852, 0.0139434
893, 71.06109, 0.0140724
894, 72.23502, 0.0138437
895, 72.44277, 0.013804
896, 71.03686, 0.0140772
897, 36.09783, 0.0277025
898, 71.53741, 0.0139787
899, 72.02016, 0.013885
900, 71.09544, 0.0140656
901, 72.35838, 0.0138201
902, 72.27209, 0.0138366
903, 71.06815, 0.014071
904, 72.78073, 0.0137399
905, 71.69795, 0.0139474
906, 70.82604, 0.0141191
907, 36.11921, 0.0276861
908, 71.85612, 0.0139167
909, 72.11105, 0.0138675
910, 71.75918, 0.0139355
911, 71.3944, 0.0140067
912, 71.92847, 0.0139027
913, 71.76433, 0.0139345
914, 71.02424, 0.0140797
915, 73.19733, 0.0136617
916, 70.74237, 0.0141358
917, 36.07009, 0.0277238
918, 71.58504, 0.0139694
919, 71.59221, 0.013968
920, 72.54104, 0.0137853
921, 72.08922, 0.0138717
922, 71.7319, 0.0139408
923, 68.92606, 0.0145083
924, 74.95409, 0.0133415
925, 71.77669, 0.0139321
926, 70.86017, 0.0141123
927, 36.14323, 0.0276677
928, 68.29248, 0.0146429
929, 75.84377, 0.013185
930, 71.99372, 0.0138901
931, 71.00105, 0.0140843
932, 71.81999, 0.0139237
933, 72.70295, 0.0137546
934, 71.40307, 0.014005
935, 72.479, 0.0137971
936, 71.42142, 0.0140014
937, 35.9676, 0.0278028
938, 70.811, 0.0141221
939, 72.0513, 0.013879
940, 72.89001, 0.0137193
941, 71.43775, 0.0139982
942, 71.53127, 0.0139799
943, 71.76845, 0.0139337
944, 72.60319, 0.0137735
945, 69.81631, 0.0143233
946, 73.27886, 0.0136465
947, 36.14075, 0.0276696
948, 71.26212, 0.0140327
949, 71.60297, 0.0139659
950, 71.70258, 0.0139465
951, 71.5016, 0.0139857
952, 72.52263, 0.0137888
953, 70.68886, 0.0141465
954, 72.55157, 0.0137833
955, 72.51526, 0.0137902
956, 69.99762, 0.0142862
957, 36.33655, 0.0275205
958, 71.31905, 0.0140215
959, 72.02795, 0.0138835
960, 71.38116, 0.0140093
961, 70.14639, 0.0142559
962, 74.06365, 0.0135019
963, 71.38931, 0.0140077
964, 72.08038, 0.0138734
965, 72.12354, 0.0138651
966, 71.01415, 0.0140817
967, 36.12547, 0.0276813
968, 71.34245, 0.0140169
969, 71.75712, 0.0139359
970, 72.35104, 0.0138215
971, 71.50723, 0.0139846
972, 72.02795, 0.0138835
973, 71.2403, 0.014037
974, 72.43595, 0.0138053
975, 71.95487, 0.0138976
976, 71.2271, 0.0140396
977, 35.92909, 0.0278326
978, 71.52053, 0.013982
979, 71.37656, 0.0140102
980, 72.2674, 0.0138375
981, 71.42041, 0.0140016
982, 71.71903, 0.0139433
983, 71.15918, 0.014053
984, 73.37727, 0.0136282
985, 71.87522, 0.013913
986, 69.43818, 0.0144013
987, 33.49971, 0.029851
988, 73.86234, 0.0135387
989, 83.71703, 0.011945
990, 71.68356, 0.0139502
991, 72.33849, 0.0138239
992, 71.78854, 0.0139298
993, 71.30531, 0.0140242
994, 69.43866, 0.0144012
995, 74.15977, 0.0134844
996, 72.30867, 0.0138296
997, 36.29593, 0.0275513
998, 70.62097, 0.0141601
999, 71.92226, 0.0139039
1000, 72.51369, 0.0137905
1001, 72.46429, 0.0137999
1002, 71.59939, 0.0139666
1003, 71.86386, 0.0139152
1004, 70.39874, 0.0142048
1005, 73.47755, 0.0136096
1006, 71.05301, 0.014074
1007, 36.15682, 0.0276573
1008, 70.94765, 0.0140949
1009, 71.59221, 0.013968
1010, 70.92651, 0.0140991
1011, 73.40904, 0.0136223
1012, 71.53587, 0.013979
1013, 71.86593, 0.0139148
1014, 71.91917, 0.0139045
1015, 71.56147, 0.013974
1016, 71.38217, 0.0140091
1017, 36.16401, 0.0276518
1018, 70.28988, 0.0142268
1019, 72.26164, 0.0138386
1020, 71.92692, 0.013903
1021, 70.63194, 0.0141579
1022, 73.3848, 0.0136268
1023, 70.82504, 0.0141193
1024, 72.27574, 0.0138359
1025, 71.57274, 0.0139718
1026, 69.32361, 0.0144251
1027, 33.04605, 0.0302608
1028, 77.39938, 0.01292
1029, 84.73284, 0.0118018
1030, 70.70536, 0.0141432
1031, 72.12666, 0.0138645
1032, 72.03677, 0.0138818
1033, 72.96767, 0.0137047
1034, 71.31905, 0.0140215
1035, 71.99943, 0.013889
1036, 70.70586, 0.0141431
1037, 36.03461, 0.0277511
1038, 71.54765, 0.0139767
1039, 71.49547, 0.0139869
1040, 71.96471, 0.0138957
1041, 72.48636, 0.0137957
1042, 72.32907, 0.0138257
1043, 71.23775, 0.0140375
1044, 72.0513, 0.013879
1045, 71.973, 0.0138941
1046, 71.12932, 0.0140589
1047, 35.94872, 0.0278174
1048, 72.0295, 0.0138832
1049, 71.56352, 0.0139736
1050, 72.25799, 0.0138393
1051, 72.01653, 0.0138857
1052, 71.05099, 0.0140744
1053, 72.03417, 0.0138823
1054, 72.03158, 0.0138828
1055, 71.2982, 0.0140256
1056, 71.74991, 0.0139373
1057, 36.28487, 0.0275597
1058, 71.0722, 0.0140702
1059, 71.30684, 0.0140239
1060, 72.20947, 0.0138486
1061, 71.95539, 0.0138975
1062, 71.33482, 0.0140184
1063, 72.62428, 0.0137695
1064, 71.53332, 0.0139795
1065, 71.53587, 0.013979
1066, 71.47452, 0.013991
1067, 35.86055, 0.0278858
1068, 71.93262, 0.0139019
1069, 70.9698, 0.0140905
1070, 72.34529, 0.0138226
1071, 70.6599, 0.0141523
1072, 72.81995, 0.0137325
1073, 72.53683, 0.0137861
1074, 71.72315, 0.0139425
1075, 72.17403, 0.0138554
1076, 68.7933, 0.0145363
1077, 33.80777, 0.029579
1078, 73.80727, 0.0135488
1079, 84.57661, 0.0118236
1080, 71.21239, 0.0140425
1081, 71.27229, 0.0140307
1082, 70.59455, 0.0141654
1083, 75.15689, 0.0133055
1084, 71.54611, 0.013977
1085, 71.40613, 0.0140044
1086, 71.43317, 0.0139991
1087, 35.88165, 0.0278694
1088, 72.37252, 0.0138174
1089, 71.68304, 0.0139503
1090, 71.60144, 0.0139662
1091, 72.05078, 0.0138791
1092, 71.5149, 0.0139831
1093, 72.27314, 0.0138364
1094, 73.00869, 0.013697
1095, 71.28194, 0.0140288
1096, 71.01365, 0.0140818
1097, 36.01086, 0.0277694
1098, 71.55533, 0.0139752
1099, 71.85664, 0.0139166
1100, 72.7278, 0.0137499
1101, 71.2982, 0.0140256
1102, 72.22355, 0.0138459
1103, 71.78391, 0.0139307
1104, 70.69786, 0.0141447
1105, 72.21312, 0.0138479
1106, 70.13459, 0.0142583
1107, 33.33267, 0.0300006
1108, 74.96926, 0.0133388
1109, 83.75981, 0.0119389
1110, 72.11157, 0.0138674
1111, 72.07831, 0.0138738
1112, 72.04404, 0.0138804
1113, 71.84012, 0.0139198
1114, 71.59016, 0.0139684
1115, 70.36753, 0.0142111
1116, 72.59423, 0.0137752
1117, 35.95881, 0.0278096
1118, 72.11885, 0.013866
1119, 71.71594, 0.0139439
1120, 71.62554, 0.0139615
1121, 72.61426, 0.0137714
1122, 71.47656, 0.0139906
1123, 71.64042, 0.0139586
1124, 72.05026, 0.0138792
1125, 69.53957, 0.0143803
1126, 73.05616, 0.0136881
1127, 32.6696, 0.0306095
1128, 57.84492, 0.0172876
1129, 129.7084, 0.0077096
1130, 72.52578, 0.0137882
1131, 71.98647, 0.0138915
1132, 70.88378, 0.0141076
1133, 72.30031, 0.0138312
1134, 72.26687, 0.0138376
1135, 71.74116, 0.013939
1136, 71.00155, 0.0140842
1137, 35.9158, 0.0278429
1138, 71.73498, 0.0139402
1139, 72.74526, 0.0137466
1140, 71.69024, 0.0139489
1141, 71.33482, 0.0140184
1142, 72.13966, 0.013862
1143, 71.76175, 0.013935
1144, 72.06947, 0.0138755
1145, 71.31905, 0.0140215
1146, 71.17995, 0.0140489
1147, 36.10643, 0.0276959
1148, 70.78493, 0.0141273
1149, 73.50671, 0.0136042
1150, 71.49905, 0.0139862
1151, 71.69024, 0.0139489
1152, 71.99113, 0.0138906
1153, 71.71235, 0.0139446
1154, 71.94245, 0.0139
1155, 71.74785, 0.0139377
1156, 70.32893, 0.0142189
1157, 36.30977, 0.0275408
1158, 70.98492, 0.0140875
1159, 73.12775, 0.0136747
1160, 71.51694, 0.0139827
1161, 71.99839, 0.0138892
1162, 71.77051, 0.0139333
1163, 71.41071, 0.0140035
1164, 71.96678, 0.0138953
1165, 72.24442, 0.0138419
1166, 70.54475, 0.0141754
1167, 36.09522, 0.0277045
1168, 72.24129, 0.0138425
1169, 70.94966, 0.0140945
1170, 72.40343, 0.0138115
1171, 71.98335, 0.0138921
1172, 71.51746, 0.0139826
1173, 72.0991, 0.0138698
1174, 72.12562, 0.0138647
1175, 71.73035, 0.0139411
1176, 69.65195, 0.0143571
1177, 36.24949, 0.0275866
1178, 71.96212, 0.0138962
1179, 72.41339, 0.0138096
1180, 71.30684, 0.0140239
1181, 72.704, 0.0137544
1182, 71.25298, 0.0140345
1183, 71.76896, 0.0139336
1184, 72.27731, 0.0138356
1185, 71.81999, 0.0139237
1186, 70.92198, 0.0141
1187, 36.00023, 0.0277776
1188, 72.64539, 0.0137655
1189, 71.60554, 0.0139654
1190, 70.72136, 0.01414
1191, 72.93946, 0.01371
1192, 71.74271, 0.0139387
1193, 72.27418, 0.0138362
1194, 71.68304, 0.0139503
1195, 71.54867, 0.0139765
1196, 71.23521, 0.014038
1197, 35.45496, 0.0282048
1198, 73.72294, 0.0135643
1199, 72.49108, 0.0137948
1200, 71.79833, 0.0139279
1201, 70.56815, 0.0141707
1202, 72.90702, 0.0137161
1203, 71.30989, 0.0140233
1204, 72.14122, 0.0138617
1205, 72.62639, 0.0137691
1206, 71.38676, 0.0140082
1207, 35.76052, 0.0279638
1208, 72.58738, 0.0137765
1209, 72.07831, 0.0138738
1210, 72.05493, 0.0138783
1211, 71.37656, 0.0140102
1212, 71.59375, 0.0139677
1213, 72.24129, 0.0138425
1214, 69.81826, 0.0143229
1215, 72.45484, 0.0138017
1216, 70.18184, 0.0142487
1217, 33.47549, 0.0298726
1218, 73.43114, 0.0136182
1219, 83.57291, 0.0119656
1220, 73.03268, 0.0136925
1221, 73.05242, 0.0136888
1222, 69.76858, 0.0143331
1223, 73.63824, 0.0135799
1224, 72.20425, 0.0138496
1225, 71.43469, 0.0139988
1226, 71.15412, 0.014054
1227, 36.18115, 0.0276387
1228, 71.15462, 0.0140539
1229, 71.83753, 0.0139203
1230, 71.98491, 0.0138918
1231, 71.9787, 0.013893
1232, 71.39848, 0.0140059
1233, 71.1688, 0.0140511
1234, 72.68446, 0.0137581
1235, 71.61938, 0.0139627
1236, 70.32052, 0.0142206
1237, 36.31544, 0.0275365
1238, 71.85147, 0.0139176
1239, 71.42908, 0.0139999
1240, 72.52052, 0.0137892
1241, 71.30379, 0.0140245
1242, 72.34476, 0.0138227
1243, 71.64401, 0.0139579
1244, 71.94245, 0.0139
1245, 70.94513, 0.0140954
1246, 72.22042, 0.0138465
1247, 36.15826, 0.0276562
1248, 71.23877, 0.0140373
1249, 71.76536, 0.0139343
1250, 71.55482, 0.0139753
1251, 72.43018, 0.0138064
1252, 70.95218, 0.014094
1253, 72.36099, 0.0138196
1254, 71.40256, 0.0140051
1255, 72.79663, 0.0137369
1256, 70.41113, 0.0142023
1257, 35.96527, 0.0278046
1258, 73.66971, 0.0135741
1259, 71.48985, 0.013988
1260, 71.37045, 0.0140114
1261, 72.22198, 0.0138462
1262, 71.65891, 0.013955
1263, 72.05701, 0.0138779
1264, 71.53229, 0.0139797
1265, 71.4781, 0.0139903
1266, 69.93887, 0.0142982
1267, 33.4152, 0.0299265
1268, 74.15867, 0.0134846
1269, 84.85722, 0.0117845
1270, 71.80968, 0.0139257
1271, 71.45766, 0.0139943
1272, 71.95021, 0.0138985
1273, 72.23607, 0.0138435
1274, 69.979, 0.01429
1275, 73.79584, 0.0135509
1276, 70.29531, 0.0142257
1277, 36.24397, 0.0275908
1278, 71.17083, 0.0140507
1279, 72.12249, 0.0138653
1280, 72.0238, 0.0138843
1281, 71.69743, 0.0139475
1282, 71.71132, 0.0139448
1283, 70.61498, 0.0141613
1284, 72.9017, 0.0137171
1285, 71.35619, 0.0140142
1286, 71.71029, 0.013945
1287, 36.29263, 0.0275538
1288, 69.26791, 0.0144367
1289, 73.81926, 0.0135466
1290, 72.01757, 0.0138855
1291, 71.85405, 0.0139171
1292, 71.76948, 0.0139335
1293, 72.14435, 0.0138611
1294, 71.73859, 0.0139395
1295, 71.10959, 0.0140628
1296, 71.85405, 0.0139171
1297, 36.2063, 0.0276195
1298, 70.95067, 0.0140943
1299, 71.96782, 0.0138951
1300, 71.62246, 0.0139621
1301, 71.54816, 0.0139766
1302, 70.90539, 0.0141033
1303, 73.44678, 0.0136153
1304, 72.00513, 0.0138879
1305, 71.40205, 0.0140052
1306, 71.27583, 0.01403
1307, 36.19281, 0.0276298
1308, 71.11314, 0.0140621
1309, 72.12041, 0.0138657
1310, 70.58458, 0.0141674
1311, 72.57895, 0.0137781
1312, 72.36099, 0.0138196
1313, 71.49802, 0.0139864
1314, 72.80563, 0.0137352
1315, 71.64145, 0.0139584
1316, 70.49054, 0.0141863
1317, 35.98287, 0.027791
1318, 72.61742, 0.0137708
1319, 71.84528, 0.0139188
1320, 70.99449, 0.0140856
1321, 70.8115, 0.014122
1322, 74.17793, 0.0134811
1323, 71.78339, 0.0139308
1324, 71.59221, 0.013968
1325, 71.46175, 0.0139935
1326, 70.77892, 0.0141285
1327, 36.36681, 0.0274976
1328, 71.0823, 0.0140682
1329, 71.97247, 0.0138942
1330, 72.21207, 0.0138481
1331, 70.11246, 0.0142628
1332, 73.33099, 0.0136368
1333, 71.96368, 0.0138959
1334, 71.58247, 0.0139699
1335, 71.00356, 0.0140838
1336, 71.94504, 0.0138995
1337, 36.16833, 0.0276485
1338, 71.52513, 0.0139811
1339, 72.05961, 0.0138774
1340, 71.10201, 0.0140643
1341, 71.72469, 0.0139422
1342, 72.23399, 0.0138439
1343, 71.36689, 0.0140121
1344, 72.99217, 0.0137001
1345, 71.22609, 0.0140398
1346, 70.79746, 0.0141248
1347, 36.29474, 0.0275522
1348, 71.42296, 0.0140011
1349, 71.60861, 0.0139648
1350, 70.32101, 0.0142205
1351, 72.51894, 0.0137895
1352, 73.42198, 0.0136199
1353, 71.02171, 0.0140802
1354, 72.51736, 0.0137898
1355, 71.90934, 0.0139064
1356, 71.01668, 0.0140812
1357, 35.89968, 0.0278554
1358, 72.16048, 0.013858
1359, 72.06584, 0.0138762
1360, 72.26425, 0.0138381
1361, 71.62811, 0.013961
1362, 71.20681, 0.0140436
1363, 72.11781, 0.0138662
1364, 72.3521, 0.0138213
1365, 71.44235, 0.0139973
1366, 71.02727, 0.0140791
1367, 35.91309, 0.027845
1368, 72.34006, 0.0138236
1369, 72.21155, 0.0138482
1370, 71.93365, 0.0139017
1371, 71.97144, 0.0138944
1372, 71.94296, 0.0138999
1373, 71.08432, 0.0140678
1374, 72.31024, 0.0138293
1375, 71.81689, 0.0139243
1376, 70.70985, 0.0141423
1377, 36.08389, 0.0277132
1378, 71.02727, 0.0140791
1379, 73.2531, 0.0136513
1380, 71.95539, 0.0138975
1381, 71.36893, 0.0140117
1382, 71.56403, 0.0139735
1383, 71.13641, 0.0140575
1384, 57.83991, 0.0172891
1385, 51.25892, 0.0195088
1386, 51.66463, 0.0193556
1387, 36.87669, 0.0271174
1388, 70.57711, 0.0141689
1389, 72.80458, 0.0137354
1390, 70.89131, 0.0141061
1391, 72.30972, 0.0138294
1392, 72.0674, 0.0138759
1393, 71.60913, 0.0139647
1394, 71.07977, 0.0140687
1395, 72.69291, 0.0137565
1396, 69.00645, 0.0144914
1397, 33.67502, 0.0296956
1398, 74.33231, 0.0134531
1399, 84.04986, 0.0118977
1400, 70.60501, 0.0141633
1401, 71.7803, 0.0139314
1402, 72.90224, 0.013717
1403, 71.89641, 0.0139089
1404, 70.80548, 0.0141232
1405, 72.03884, 0.0138814
1406, 72.25799, 0.0138393
1407, 36.10838, 0.0276944
1408, 71.67175, 0.0139525
1409, 71.80555, 0.0139265
1410, 71.98802, 0.0138912
1411, 71.76536, 0.0139343
1412, 71.83753, 0.0139203
1413, 71.38268, 0.014009
1414, 71.44949, 0.0139959
1415, 72.59897, 0.0137743
1416, 71.12122, 0.0140605
1417, 35.14741, 0.0284516
1418, 76.05604, 0.0131482
1419, 72.01291, 0.0138864
1420, 71.66301, 0.0139542
1421, 71.64196, 0.0139583
1422, 72.15424, 0.0138592
1423, 71.97247, 0.0138942
1424, 70.94412, 0.0140956
1425, 72.20373, 0.0138497
1426, 71.52718, 0.0139807
1427, 36.16283, 0.0276527
1428, 70.23508, 0.0142379
1429, 72.23502, 0.0138437
1430, 71.63529, 0.0139596
1431, 71.89124, 0.0139099
1432, 71.80452, 0.0139267
1433, 69.8856, 0.0143091
1434, 72.86134, 0.0137247
1435, 72.86877, 0.0137233
1436, 69.6767, 0.014352
1437, 33.61909, 0.029745
1438, 73.83289, 0.0135441
1439, 83.80052, 0.0119331
1440, 72.28777, 0.0138336
1441, 71.24131, 0.0140368
1442, 71.9585, 0.0138969
1443, 72.02535, 0.013884
1444, 71.26619, 0.0140319
1445, 72.64169, 0.0137662
1446, 70.89584, 0.0141052
1447, 36.07243, 0.027722
1448, 71.65274, 0.0139562
1449, 72.03937, 0.0138813
1450, 70.24889, 0.0142351
1451, 72.78868, 0.0137384
1452, 72.54209, 0.0137851
1453, 71.36027, 0.0140134
1454, 71.04392, 0.0140758
1455, 73.65723, 0.0135764
1456, 70.42402, 0.0141997
1457, 36.16257, 0.0276529
1458, 71.59528, 0.0139674
1459, 71.718, 0.0139435
1460, 71.86593, 0.0139148
1461, 71.47095, 0.0139917
1462, 72.5342, 0.0137866
1463, 71.93675, 0.0139011
1464, 70.83858, 0.0141166
1465, 73.22306, 0.0136569
1466, 70.61948, 0.0141604
1467, 36.04799, 0.0277408
1468, 72.13602, 0.0138627
1469, 71.39033, 0.0140075
1470, 72.19122, 0.0138521
1471, 71.64299, 0.0139581
1472, 71.83598, 0.0139206
1473, 71.95073, 0.0138984
1474, 71.2474, 0.0140356
1475, 72.4286, 0.0138067
1476, 71.37656, 0.0140102
1477, 36.07751, 0.0277181
1478, 71.34602, 0.0140162
1479, 72.07363, 0.0138747
1480, 71.68407, 0.0139501
1481, 70.4136, 0.0142018
1482, 71.96782, 0.0138951
1483, 71.46124, 0.0139936
1484, 74.15482, 0.0134853
1485, 71.93158, 0.0139021
1486, 70.79195, 0.0141259
1487, 36.11243, 0.0276913
1488, 71.24486, 0.0140361
1489, 71.97247, 0.0138942
1490, 71.79318, 0.0139289
1491, 72.1834, 0.0138536
1492, 70.53778, 0.0141768
1493, 73.23969, 0.0136538
1494, 71.96937, 0.0138948
1495, 71.70258, 0.0139465
1496, 70.58209, 0.0141679
1497, 36.25566, 0.0275819
1498, 71.07169, 0.0140703
1499, 72.07675, 0.0138741
1500, 72.42913, 0.0138066
1501, 71.59631, 0.0139672
1502, 71.43317, 0.0139991
1503, 71.76484, 0.0139344
1504, 72.00305, 0.0138883
1505, 72.02328, 0.0138844
1506, 70.83508, 0.0141173
1507, 36.08467, 0.0277126
1508, 71.38166, 0.0140092
1509, 72.25172, 0.0138405
1510, 72.23763, 0.0138432
1511, 71.21087, 0.0140428
1512, 72.55578, 0.0137825
1513, 71.41888, 0.0140019
1514, 71.98595, 0.0138916
1515, 71.39746, 0.0140061
1516, 68.96504, 0.0145001
1517, 36.93321, 0.0270759
1518, 71.25298, 0.0140345
1519, 71.718, 0.0139435
1520, 70.72385, 0.0141395
1521, 73.69903, 0.0135687
1522, 71.22203, 0.0140406
1523, 72.10481, 0.0138687
1524, 71.98595, 0.0138916
1525, 71.69487, 0.013948
1526, 70.64941, 0.0141544
1527, 36.26999, 0.027571
1528, 71.36893, 0.0140117
1529, 71.39695, 0.0140062
1530, 71.90675, 0.0139069
1531, 71.8236, 0.013923
1532, 72.27052, 0.0138369
1533, 71.07725, 0.0140692
1534, 73.00069, 0.0136985
1535, 71.53895, 0.0139784
1536, 70.91544, 0.0141013
1537, 36.08714, 0.0277107
1538, 71.81689, 0.0139243
1539, 71.7391, 0.0139394
1540, 70.14098, 0.014257
1541, 73.8149, 0.0135474
1542, 72.29926, 0.0138314
1543, 71.69384, 0.0139482
1544, 71.43674, 0.0139984
1545, 71.51081, 0.0139839
1546, 71.54407, 0.0139774
1547, 35.62624, 0.0280692
1548, 73.45164, 0.0136144
1549, 72.28671, 0.0138338
1550, 71.7906, 0.0139294
1551, 72.59792, 0.0137745
1552, 71.65017, 0.0139567
1553, 71.61477, 0.0139636
1554, 71.61375, 0.0139638
1555, 72.28777, 0.0138336
1556, 70.77341, 0.0141296
1557, 35.94872, 0.0278174
1558, 71.43317, 0.0139991
1559, 72.31808, 0.0138278
1560, 72.62534, 0.0137693
1561, 70.96577, 0.0140913
1562, 72.49004, 0.013795
1563, 71.17336, 0.0140502
1564, 72.73468, 0.0137486
1565, 71.20782, 0.0140434
1566, 71.47196, 0.0139915
1567, 36.00528, 0.0277737
1568, 70.51391, 0.0141816
1569, 73.09087, 0.0136816
1570, 72.32174, 0.0138271
1571, 71.00054, 0.0140844
1572, 72.27992, 0.0138351
1573, 72.19852, 0.0138507
1574, 71.53281, 0.0139796
1575, 71.87936, 0.0139122
1576, 70.52087, 0.0141802
1577, 36.06411, 0.0277284
1578, 71.83392, 0.013921
1579, 72.06324, 0.0138767
1580, 72.48005, 0.0137969
1581, 71.18806, 0.0140473
1582, 72.19747, 0.0138509
1583, 71.3623, 0.014013
1584, 71.78493, 0.0139305
1585, 72.7204, 0.0137513
1586, 71.08179, 0.0140683
1587, 36.11295, 0.0276909
1588, 71.32871, 0.0140196
1589, 71.58606, 0.0139692
1590, 71.74682, 0.0139379
1591, 72.5621, 0.0137813
1592, 71.66045, 0.0139547
1593, 71.53741, 0.0139787
1594, 72.35, 0.0138217
1595, 71.71081, 0.0139449
1596, 71.16222, 0.0140524
1597, 35.75068, 0.0279715
1598, 73.17001, 0.0136668
1599, 71.57991, 0.0139704
1600, 71.97714, 0.0138933
1601, 71.77257, 0.0139329
1602, 71.89279, 0.0139096
1603, 72.12249, 0.0138653
1604, 71.45461, 0.0139949
1605, 71.48576, 0.0139888
1606, 70.66338, 0.0141516
1607, 36.07504, 0.02772
1608, 70.51192, 0.014182
1609, 72.91447, 0.0137147
1610, 69.7457, 0.0143378
1611, 74.02747, 0.0135085
1612, 71.6512, 0.0139565
1613, 72.8539, 0.0137261
1614, 68.36298, 0.0146278
1615, 75.85354, 0.0131833
1616, 68.93794, 0.0145058
1617, 33.44974, 0.0298956
1618, 73.6594, 0.013576
1619, 86.9883, 0.0114958
1620, 72.06532, 0.0138763
1621, 71.77154, 0.0139331
1622, 71.49189, 0.0139876
1623, 71.72006, 0.0139431
1624, 71.90675, 0.0139069
1625, 71.30379, 0.0140245
1626, 71.64248, 0.0139582
1627, 36.0541, 0.0277361
1628, 70.91746, 0.0141009
1629, 72.41235, 0.0138098
1630, 71.86954, 0.0139141
1631, 71.47861, 0.0139902
1632, 72.32488, 0.0138265
1633, 71.95953, 0.0138967
1634, 71.68304, 0.0139503
1635, 72.04507, 0.0138802
1636, 69.81924, 0.0143227
1637, 36.57711, 0.0273395
1638, 70.8652, 0.0141113
1639, 72.46482, 0.0137998
1640, 71.70052, 0.0139469
1641, 70.86118, 0.0141121
1642, 72.80087, 0.0137361
1643, 71.60452, 0.0139656
1644, 72.19643, 0.0138511
1645, 71.22406, 0.0140402
1646, 69.6214, 0.0143634
1647, 36.82698, 0.027154
1648, 70.5154, 0.0141813
1649, 72.00979, 0.013887
1650, 72.13602, 0.0138627
1651, 71.65531, 0.0139557
1652, 71.18958, 0.014047
1653, 72.68234, 0.0137585
1654, 72.00772, 0.0138874
1655, 71.18349, 0.0140482
1656, 69.1496, 0.0144614
1657, 33.47336, 0.0298745
1658, 74.29862, 0.0134592
1659, 85.62597, 0.0116787
1660, 71.71338, 0.0139444
1661, 71.21544, 0.0140419
1662, 71.604, 0.0139657
1663, 71.7067, 0.0139457
1664, 72.80988, 0.0137344
1665, 71.4046, 0.0140047
1666, 71.08584, 0.0140675
1667, 32.56693, 0.030706
1668, 57.48249, 0.0173966
1669, 130.0339, 0.0076903
1670, 73.17537, 0.0136658
1671, 72.17611, 0.013855
1672, 70.90288, 0.0141038
1673, 71.96056, 0.0138965
1674, 71.48422, 0.0139891
1675, 72.51053, 0.0137911
1676, 70.81702, 0.0141209
1677, 36.24147, 0.0275927
1678, 70.74638, 0.014135
1679, 70.83408, 0.0141175
1680, 74.29034, 0.0134607
1681, 71.91968, 0.0139044
1682, 71.15766, 0.0140533
1683, 71.77669, 0.0139321
1684, 71.85921, 0.0139161
1685, 72.08974, 0.0138716
1686, 71.18451, 0.014048
1687, 35.99233, 0.0277837
1688, 72.48005, 0.0137969
1689, 71.86334, 0.0139153
1690, 71.46788, 0.0139923
1691, 71.76175, 0.013935
1692, 72.13602, 0.0138627
1693, 71.3043, 0.0140244
1694, 72.20686, 0.0138491
1695, 71.88763, 0.0139106
1696, 70.99449, 0.0140856
1697, 36.05474, 0.0277356
1698, 71.91709, 0.0139049
1699, 72.26635, 0.0138377
1700, 71.73653, 0.0139399
1701, 71.08938, 0.0140668
1702, 72.41759, 0.0138088
1703, 72.1355, 0.0138628
1704, 71.34602, 0.0140162
1705, 72.40186, 0.0138118
1706, 70.24988, 0.0142349
1707, 36.34368, 0.0275151
1708, 71.17641, 0.0140496
1709, 72.01342, 0.0138863
1710, 71.14602, 0.0140556
1711, 68.55748, 0.0145863
1712, 76.57671, 0.0130588
1713, 71.58708, 0.013969
1714, 71.27482, 0.0140302
1715, 72.48636, 0.0137957
1716, 69.95306, 0.0142953
1717, 36.34487, 0.0275142
1718, 71.90675, 0.0139069
1719, 72.15997, 0.0138581
1720, 71.49496, 0.013987
1721, 71.89899, 0.0139084
1722, 71.59734, 0.013967
1723, 72.14539, 0.0138609
1724, 71.49138, 0.0139877
1725, 70.49551, 0.0141853
1726, 72.70612, 0.013754
1727, 35.93723, 0.0278263
1728, 72.49319, 0.0137944
1729, 71.51592, 0.0139829
1730, 72.1506, 0.0138599
1731, 71.71852, 0.0139434
1732, 71.58862, 0.0139687
1733, 71.62965, 0.0139607
1734, 72.02587, 0.0138839
1735, 71.65017, 0.0139567
1736, 71.81999, 0.0139237
1737, 36.05006, 0.0277392
1738, 71.63375, 0.0139599
1739, 71.77875, 0.0139317
1740, 72.09286, 0.013871
1741, 71.23573, 0.0140379
1742, 71.76896, 0.0139336
1743, 72.39557, 0.013813
1744, 70.16657, 0.0142518
1745, 72.79027, 0.0137381
1746, 71.40868, 0.0140039
1747, 36.1784, 0.0276408
1748, 71.82412, 0.0139229
1749, 71.96212, 0.0138962
1750, 71.48576, 0.0139888
1751, 71.36944, 0.0140116
1752, 72.66228, 0.0137623
1753, 71.42551, 0.0140006
1754, 71.9787, 0.013893
1755, 71.85921, 0.0139161
1756, 71.43775, 0.0139982
1757, 36.16231, 0.0276531
1758, 71.04645, 0.0140753
1759, 71.18552, 0.0140478
1760, 72.64854, 0.0137649
1761, 71.92692, 0.013903
1762, 70.67638, 0.014149
1763, 73.53644, 0.0135987
1764, 71.51234, 0.0139836
1765, 72.22459, 0.0138457
1766, 70.37199, 0.0142102
1767, 36.16545, 0.0276507
1768, 71.47095, 0.0139917
1769, 69.1692, 0.0144573
1770, 73.62794, 0.0135818
1771, 71.86696, 0.0139146
1772, 70.81, 0.0141223
1773, 72.90755, 0.013716
1774, 71.63119, 0.0139604
1775, 72.68551, 0.0137579
1776, 69.32745, 0.0144243
1777, 33.67502, 0.0296956
1778, 73.41389, 0.0136214
1779, 84.09226, 0.0118917
1780, 71.05755, 0.0140731
1781, 72.15163, 0.0138597
1782, 72.52631, 0.0137881
1783, 72.70295, 0.0137546
1784, 70.241, 0.0142367
1785, 72.97939, 0.0137025
1786, 71.74476, 0.0139383
1787, 35.85296, 0.0278917
1788, 72.22302, 0.013846
1789, 71.52922, 0.0139803
1790, 72.74896, 0.0137459
1791, 70.93909, 0.0140966
1792, 72.09389, 0.0138708
1793, 69.74376, 0.0143382
1794, 74.83014, 0.0133636
1795, 71.70206, 0.0139466
1796, 69.99419, 0.0142869
1797, 36.4841, 0.0274092
1798, 70.90489, 0.0141034
1799, 71.48781, 0.0139884
1800, 71.90934, 0.0139064
1801, 71.76175, 0.013935
1802, 72.25172, 0.0138405
1803, 71.89382, 0.0139094
1804, 72.03002, 0.0138831
1805, 71.19211, 0.0140465
1806, 71.27736, 0.0140297
1807, 36.13187, 0.0276764
1808, 71.55533, 0.0139752
1809, 69.67233, 0.0143529
1810, 73.86234, 0.0135387
1811, 71.41939, 0.0140018
1812, 72.61742, 0.0137708
1813, 71.25552, 0.014034
1814, 72.1532, 0.0138594
1815, 71.46686, 0.0139925
1816, 70.2795, 0.0142289
1817, 36.66509, 0.0272739
1818, 71.17387, 0.0140501
1819, 71.91554, 0.0139052
1820, 71.44592, 0.0139966
1821, 72.02535, 0.013884
1822, 71.2921, 0.0140268
1823, 72.6533, 0.013764
1824, 71.94555, 0.0138994
1825, 72.47269, 0.0137983
1826, 70.63444, 0.0141574
1827, 36.10108, 0.0277
1828, 71.30938, 0.0140234
1829, 71.57735, 0.0139709
1830, 72.4538, 0.0138019
1831, 71.0621, 0.0140722
1832, 71.91193, 0.0139059
1833, 70.97333, 0.0140898
1834, 71.19515, 0.0140459
1835, 11.938, 0.0837661
1836, 33.93212, 0.0294706
1837, 69.33996, 0.0144217
1838, 89.1814, 0.0112131
1839, 71.41531, 0.0140026
1840, 71.87316, 0.0139134
1841, 72.24546, 0.0138417
1842, 72.10065, 0.0138695
1843, 71.12679, 0.0140594
1844, 72.59106, 0.0137758
1845, 70.52534, 0.0141793
1846, 36.06137, 0.0277305
1847, 71.92278, 0.0139038
1848, 72.1558, 0.0138589
1849, 71.58555, 0.0139693
1850, 71.23521, 0.014038
1851, 73.02468, 0.013694
1852, 71.87729, 0.0139126
1853, 71.66866, 0.0139531
1854, 71.1982, 0.0140453
1855, 71.77412, 0.0139326
1856, 36.08298, 0.0277139
1857, 71.27075, 0.014031
1858, 71.92899, 0.0139026
1859, 70.95973, 0.0140925
1860, 72.74685, 0.0137463
1861, 71.73447, 0.0139403
1862, 71.84218, 0.0139194
1863, 72.13758, 0.0138624
1864, 71.82308, 0.0139231
1865, 71.29514, 0.0140262
1866, 36.0697, 0.0277241
1867, 71.32922, 0.0140195
1868, 71.25552, 0.014034
1869, 71.84321, 0.0139192
1870, 71.87988, 0.0139121
1871, 72.54156, 0.0137852
1872, 71.9295, 0.0139025
1873, 71.92847, 0.0139027
1874, 72.26687, 0.0138376
1875, 70.4677, 0.0141909
1876, 36.19241, 0.0276301
1877, 71.39848, 0.0140059
1878, 72.19174, 0.013852
1879, 72.43647, 0.0138052
1880, 71.35874, 0.0140137
1881, 72.07986, 0.0138735
1882, 71.95953, 0.0138967
1883, 71.59016, 0.0139684
1884, 71.72726, 0.0139417
1885, 70.18922, 0.0142472
1886, 36.23884, 0.0275947
1887, 71.3221, 0.0140209
1888, 72.68498, 0.013758
1889, 71.89382, 0.0139094
1890, 71.50723, 0.0139846
1891, 72.30919, 0.0138295
1892, 71.86954, 0.0139141
1893, 71.55994, 0.0139743
1894, 71.84579, 0.0139187
1895, 70.54176, 0.014176
1896, 36.17225, 0.0276455
1897, 71.69435, 0.0139481
1898, 70.92802, 0.0140988
1899, 73.30733, 0.0136412
1900, 71.06765, 0.0140711
1901, 72.28986, 0.0138332
1902, 71.70103, 0.0139468
1903, 70.66788, 0.0141507
1904, 73.60139, 0.0135867
1905, 71.31091, 0.0140231
1906, 35.90755, 0.0278493
1907, 71.68562, 0.0139498
1908, 72.69186, 0.0137567
1909, 71.70361, 0.0139463
1910, 71.7633, 0.0139347
1911, 70.93456, 0.0140975
1912, 72.44697, 0.0138032
1913, 71.91348, 0.0139056
1914, 72.03002, 0.0138831
1915, 70.49353, 0.0141857
1916, 35.93606, 0.0278272
1917, 72.8014, 0.013736
1918, 71.88659, 0.0139108
1919, 71.85612, 0.0139167
1920, 72.27836, 0.0138354
1921, 71.33533, 0.0140183
1922, 71.15513, 0.0140538
1923, 72.92616, 0.0137125
1924, 71.9528, 0.013898
1925, 70.48607, 0.0141872
1926, 36.25895, 0.0275794
1927, 70.21338, 0.0142423
1928, 72.7204, 0.0137513
1929, 72.69608, 0.0137559
1930, 71.44847, 0.0139961
1931, 71.02879, 0.0140788
1932, 72.55209, 0.0137832
1933, 71.39645, 0.0140063
1934, 72.54367, 0.0137848
1935, 69.73647, 0.0143397
1936, 32.84061, 0.0304501
1937, 57.24492, 0.0174688
1938, 131.5893, 0.0075994
1939, 72.71511, 0.0137523
1940, 72.44697, 0.0138032
1941, 71.67072, 0.0139527
1942, 71.71594, 0.0139439
1943, 71.90985, 0.0139063
1944, 71.45613, 0.0139946
1945, 71.10656, 0.0140634
1946, 36.24397, 0.0275908
1947, 71.33736, 0.0140179
1948, 72.29142, 0.0138329
1949, 70.65041, 0.0141542
1950, 72.88843, 0.0137196
1951, 71.97351, 0.013894
1952, 71.65942, 0.0139549
1953, 71.42041, 0.0140016
1954, 72.30501, 0.0138303
1955, 70.61798, 0.0141607
1956, 36.18861, 0.027633
1957, 71.74476, 0.0139383
1958, 71.95229, 0.0138981
1959, 72.00201, 0.0138885
1960, 71.0192, 0.0140807
1961, 72.53841, 0.0137858
1962, 71.63683, 0.0139593
1963, 71.81586, 0.0139245
1964, 71.99424, 0.01389
1965, 70.11688, 0.0142619
1966, 36.4243, 0.0274542
1967, 70.83157, 0.014118
1968, 71.24994, 0.0140351
1969, 72.56947, 0.0137799
1970, 72.38613, 0.0138148
1971, 71.76793, 0.0139338
1972, 71.5958, 0.0139673
1973, 71.71338, 0.0139444
1974, 72.0622, 0.0138769
1975, 71.41225, 0.0140032
1976, 36.05696, 0.0277339
1977, 71.75197, 0.0139369
1978, 71.85921, 0.0139161
1979, 71.88453, 0.0139112
1980, 71.51081, 0.0139839
1981, 71.0626, 0.0140721
1982, 73.00496, 0.0136977
1983, 71.16982, 0.0140509
1984, 72.8624, 0.0137245
1985, 68.74223, 0.0145471
1986, 36.78445, 0.0271854
1987, 71.373, 0.0140109
1988, 71.69538, 0.0139479
1989, 71.82979, 0.0139218
1990, 71.68768, 0.0139494
1991, 71.95176, 0.0138982
1992, 71.80452, 0.0139267
1993, 71.21797, 0.0140414
1994, 72.65805, 0.0137631
1995, 70.46422, 0.0141916
1996, 36.28921, 0.0275564
1997, 70.49998, 0.0141844
1998, 72.63536, 0.0137674
1999, 72.11157, 0.0138674
2000, 70.11492, 0.0142623
2001, 73.96121, 0.0135206
2002, 71.86748, 0.0139145
2003, 71.53793, 0.0139786
2004, 71.99165, 0.0138905
2005, 70.29531, 0.0142257
2006, 36.42125, 0.0274565
2007, 71.09998, 0.0140647
2008, 72.46692, 0.0137994
2009, 70.5144, 0.0141815
2010, 72.21364, 0.0138478
2011, 72.2272, 0.0138452
2012, 71.57581, 0.0139712
2013, 71.0626, 0.0140721
2014, 71.86645, 0.0139147
2015, 71.25958, 0.0140332
2016, 36.08975, 0.0277087
2017, 73.01295, 0.0136962
2018, 71.09847, 0.014065
2019, 72.24129, 0.0138425
2020, 71.77772, 0.0139319
2021, 71.91451, 0.0139054
2022, 71.58401, 0.0139696
2023, 71.68562, 0.0139498
2024, 71.22102, 0.0140408
2025, 71.82205, 0.0139233
2026, 35.9742, 0.0277977
2027, 72.20373, 0.0138497
2028, 71.44949, 0.0139959
2029, 71.9083, 0.0139066
2030, 70.9401, 0.0140964
2031, 72.26112, 0.0138387
2032, 71.81741, 0.0139242
2033, 71.61631, 0.0139633
2034, 72.08247, 0.013873
2035, 70.99701, 0.0140851
2036, 36.32401, 0.02753
2037, 71.16931, 0.014051
2038, 72.32279, 0.0138269
2039, 71.32769, 0.0140198
2040, 71.74837, 0.0139376
2041, 72.01913, 0.0138852
2042, 71.94348, 0.0138998
2043, 71.41479, 0.0140027
2044, 72.57368, 0.0137791
2045, 70.12082, 0.0142611
2046, 36.39513, 0.0274762
2047, 71.47912, 0.0139901
2048, 70.52933, 0.0141785
2049, 72.98151, 0.0137021
2050, 71.97766, 0.0138932
2051, 71.90675, 0.0139069
2052, 71.53844, 0.0139785
2053, 71.74991, 0.0139373
2054, 71.69332, 0.0139483
2055, 70.5542, 0.0141735
2056, 36.28236, 0.0275616
2057, 72.08402, 0.0138727
2058, 71.9585, 0.0138969
2059, 71.79008, 0.0139295
2060, 71.81071, 0.0139255
2061, 72.19695, 0.013851
2062, 71.59734, 0.013967
2063, 71.51286, 0.0139835
2064, 72.14122, 0.0138617
2065, 69.78659, 0.0143294
2066, 36.15277, 0.0276604
2067, 73.06149, 0.0136871
2068, 71.90623, 0.013907
2069, 71.79369, 0.0139288
2070, 71.40766, 0.0140041
2071, 72.37304, 0.0138173
2072, 71.71235, 0.0139446
2073, 71.42245, 0.0140012
2074, 72.45012, 0.0138026
2075, 70.55669, 0.014173
2076, 36.25605, 0.0275816
2077, 71.81226, 0.0139252
2078, 71.2982, 0.0140256
2079, 71.99061, 0.0138907
2080, 71.24841, 0.0140354
2081, 69.77052, 0.0143327
2082, 74.16912, 0.0134827
2083, 72.31285, 0.0138288
2084, 71.45664, 0.0139945
2085, 71.48065, 0.0139898
2086, 36.08506, 0.0277123
2087, 72.09077, 0.0138714
2088, 71.2403, 0.014037
2089, 72.06116, 0.0138771
2090, 71.45358, 0.0139951
2091, 71.9616, 0.0138963
2092, 71.84269, 0.0139193
2093, 72.51789, 0.0137897
2094, 71.57274, 0.0139718
2095, 71.12527, 0.0140597
2096, 35.67453, 0.0280312
2097, 73.07538, 0.0136845
2098, 72.64749, 0.0137651
2099, 70.90237, 0.0141039
2100, 72.75161, 0.0137454
2101, 71.1911, 0.0140467
2102, 71.98854, 0.0138911
2103, 71.8267, 0.0139224
2104, 72.21051, 0.0138484
2105, 71.05604, 0.0140734
2106, 36.06346, 0.0277289
2107, 71.64812, 0.0139571
2108, 71.55788, 0.0139747
2109, 72.30605, 0.0138301
2110, 71.66917, 0.013953
2111, 71.9673, 0.0138952
2112, 71.64401, 0.0139579
2113, 72.01342, 0.0138863
2114, 71.39186, 0.0140072
2115, 69.90416, 0.0143053
2116, 36.12991, 0.0276779
2117, 73.86779, 0.0135377
2118, 71.13438, 0.0140579
2119, 72.24233, 0.0138423
2120, 71.39033, 0.0140075
2121, 72.39767, 0.0138126
2122, 71.2794, 0.0140293
2123, 71.91244, 0.0139058
2124, 70.95721, 0.014093
2125, 71.53793, 0.0139786
2126, 36.33179, 0.0275241
2127, 70.9557, 0.0140933
2128, 72.01757, 0.0138855
2129, 71.87057, 0.0139139
2130, 71.43214, 0.0139993
2131, 68.64643, 0.0145674
2132, 75.47398, 0.0132496
2133, 71.85405, 0.0139171
2134, 72.51947, 0.0137894
2135, 70.08543, 0.0142683
2136, 36.39063, 0.0274796
2137, 71.33125, 0.0140191
2138, 71.62554, 0.0139615
2139, 71.99528, 0.0138898
2140, 71.70412, 0.0139462
2141, 71.65069, 0.0139566
2142, 71.71235, 0.0139446
2143, 72.2225, 0.0138461
2144, 71.73756, 0.0139397
2145, 70.80499, 0.0141233
2146, 35.62116, 0.0280732
2147, 74.54676, 0.0134144
2148, 71.71594, 0.0139439
2149, 71.38065, 0.0140094
2150, 72.26896, 0.0138372
2151, 71.55123, 0.013976
2152, 71.90106, 0.013908
2153, 71.23421, 0.0140382
2154, 72.54999, 0.0137836
2155, 70.86067, 0.0141122
2156, 36.10004, 0.0277008
2157, 71.4827, 0.0139894
2158, 71.86386, 0.0139152
2159, 71.73653, 0.0139399
2160, 72.00616, 0.0138877
2161, 71.753, 0.0139367
2162, 71.71646, 0.0139438
2163, 72.41864, 0.0138086
2164, 70.05941, 0.0142736
2165, 72.20164, 0.0138501
2166, 36.27486, 0.0275673
2167, 71.94245, 0.0139
2168, 71.81792, 0.0139241
2169, 69.33755, 0.0144222
2170, 73.67948, 0.0135723
2171, 72.8624, 0.0137245
2172, 71.45766, 0.0139943
2173, 71.92847, 0.0139027
2174, 71.88142, 0.0139118
2175, 68.53493, 0.0145911
2176, 36.36284, 0.0275006
2177, 72.94478, 0.013709
2178, 72.41392, 0.0138095
2179, 71.20985, 0.014043
2180, 57.44221, 0.0174088
2181, 90.94382, 0.0109958
2182, 75.04747, 0.0133249
2183, 71.4924, 0.0139875
2184, 71.9901, 0.0138908
2185, 72.20425, 0.0138496
2186, 36.08649, 0.0277112
2187, 70.97534, 0.0140894
2188, 71.4046, 0.0140047
2189, 72.16986, 0.0138562
2190, 72.3788, 0.0138162
2191, 71.27583, 0.01403
2192, 72.20581, 0.0138493
2193, 71.67123, 0.0139526
2194, 70.48756, 0.0141869
2195, 71.91554, 0.0139052
2196, 34.70752, 0.0288122
2197, 76.29802, 0.0131065
2198, 71.0313, 0.0140783
2199, 72.34215, 0.0138232
2200, 74.41972, 0.0134373
2201, 72.12769, 0.0138643
2202, 71.35416, 0.0140146
2203, 72.05182, 0.0138789
2204, 69.31064, 0.0144278
2205, 70.38437, 0.0142077
2206, 36.94713, 0.0270657
2207, 71.46278, 0.0139933
2208, 72.38561, 0.0138149
2209, 71.46226, 0.0139934
2210, 67.69656, 0.0147718
2211, 73.25471, 0.013651
2212, 74.7345, 0.0133807
2213, 53.82595, 0.0185784
2214, 96.68842, 0.0103425
2215, 68.93937, 0.0145055
2216, 36.18809, 0.0276334
2217, 63.02905, 0.0158657
2218, 45.19978, 0.022124
2219, 54.23994, 0.0184366
2220, 80.84074, 0.01237
2221, 76.28231, 0.0131092
2222, 71.18958, 0.014047
2223, 71.0313, 0.0140783
2224, 71.38523, 0.0140085
2225, 36.43797, 0.0274439
2226, 20.19248, 0.0495234
