Frame, FPS, Frame Time
1, 50, 0.02
2, 50, 0.02
3, 3, 0.3333333
4, 6.848007, 0.1460279
5, 8.980861, 0.1113479
6, 54.41851, 0.0183761
7, 72.58316, 0.0137773
8, 69.72382, 0.0143423
9, 74.38097, 0.0134443
10, 70.52882, 0.0141786
11, 73.10423, 0.0136791
12, 72.10949, 0.0138678
13, 72.32122, 0.0138272
14, 72.35419, 0.0138209
15, 72.13446, 0.013863
16, 71.62503, 0.0139616
17, 71.38472, 0.0140086
18, 71.92072, 0.0139042
19, 71.16576, 0.0140517
20, 72.21051, 0.0138484
21, 72.35314, 0.0138211
22, 72.14955, 0.0138601
23, 71.61118, 0.0139643
24, 71.44847, 0.0139961
25, 71.80297, 0.013927
26, 72.07051, 0.0138753
27, 70.16264, 0.0142526
28, 74.24015, 0.0134698
29, 70.30124, 0.0142245
30, 72.52841, 0.0137877
31, 72.83215, 0.0137302
32, 23.84546, 0.0419367
33, 72.96554, 0.0137051
34, 71.33634, 0.0140181
35, 71.74476, 0.0139383
36, 72.62744, 0.0137689
37, 71.90365, 0.0139075
38, 71.944, 0.0138997
39, 69.95698, 0.0142945
40, 73.06737, 0.013686
41, 72.10378, 0.0138689
42, 71.72417, 0.0139423
43, 70.61498, 0.0141613
44, 71.52053, 0.013982
45, 72.22824, 0.013845
46, 70.20451, 0.0142441
47, 74.01541, 0.0135107
48, 70.19366, 0.0142463
49, 23.94928, 0.0417549
50, 73.41174, 0.0136218
51, 73.84489, 0.0135419
52, 72.1834, 0.0138536
53, 53.04702, 0.0188512
54, 68.74979, 0.0145455
55, 14.10829, 0.0708803
56, 66.98552, 0.0149286
57, 66.81991, 0.0149656
58, 104.259, 0.0095915
59, 69.19793, 0.0144513
60, 69.26263, 0.0144378
61, 67.06548, 0.0149108
62, 71.31396, 0.0140225
63, 72.23138, 0.0138444
64, 70.0442, 0.0142767
65, 23.58875, 0.0423931
66, 71.85095, 0.0139177
67, 70.46372, 0.0141917
68, 72.01498, 0.013886
69, 70.35218, 0.0142142
70, 72.66544, 0.0137617
71, 70.07169, 0.0142711
72, 72.06116, 0.0138771
73, 71.28244, 0.0140287
74, 72.52526, 0.0137883
75, 70.09526, 0.0142663
76, 71.63221, 0.0139602
77, 72.70084, 0.013755
78, 67.12671, 0.0148972
79, 74.98051, 0.0133368
80, 73.29927, 0.0136427
81, 72.24076, 0.0138426
82, 72.68498, 0.013758
83, 70.06137, 0.0142732
84, 73.19198, 0.0136627
85, 70.08691, 0.014268
86, 73.7387, 0.0135614
87, 71.05907, 0.0140728
88, 36.01255, 0.0277681
89, 72.04507, 0.0138802
90, 71.39236, 0.0140071
91, 71.7942, 0.0139287
92, 68.49409, 0.0145998
93, 75.08071, 0.013319
94, 70.99852, 0.0140848
95, 70.83658, 0.014117
96, 72.6908, 0.0137569
97, 70.95621, 0.0140932
98, 72.45326, 0.013802
99, 71.69589, 0.0139478
100, 71.78391, 0.0139307
101, 71.27837, 0.0140295
102, 72.02691, 0.0138837
103, 71.90779, 0.0139067
104, 71.8205, 0.0139236
105, 71.22507, 0.01404
106, 71.88763, 0.0139106
107, 71.90003, 0.0139082
108, 71.21899, 0.0140412
109, 72.93095, 0.0137116
110, 71.38829, 0.0140079
111, 71.88142, 0.0139118
112, 71.56659, 0.013973
113, 70.9069, 0.014103
114, 71.53332, 0.0139795
115, 36.23714, 0.027596
116, 71.15716, 0.0140534
117, 71.88659, 0.0139108
118, 70.74938, 0.0141344
119, 73.42953, 0.0136185
120, 71.72109, 0.0139429
121, 72.00253, 0.0138884
122, 71.28651, 0.0140279
123, 71.71543, 0.013944
124, 70.95822, 0.0140928
125, 72.04663, 0.0138799
126, 73.28477, 0.0136454
127, 70.87022, 0.0141103
128, 72.72251, 0.0137509
129, 69.86411, 0.0143135
130, 71.86128, 0.0139157
131, 35.12975, 0.0284659
132, 78.21483, 0.0127853
133, 71.98595, 0.0138916
134, 71.2337, 0.0140383
135, 68.26591, 0.0146486
136, 75.11963, 0.0133121
137, 70.61698, 0.0141609
138, 72.22459, 0.0138457
139, 68.56077, 0.0145856
140, 75.012, 0.0133312
141, 72.42388, 0.0138076
142, 72.42755, 0.0138069
143, 71.53638, 0.0139789
144, 71.33075, 0.0140192
145, 72.42074, 0.0138082
146, 71.77051, 0.0139333
147, 70.43096, 0.0141983
148, 73.27242, 0.0136477
149, 71.0197, 0.0140806
150, 5.439116, 0.1838534
151, 25.06441, 0.0398972
152, 35.51679, 0.0281557
153, 38.54782, 0.0259418
154, 70.59605, 0.0141651
155, 71.19668, 0.0140456
156, 72.39504, 0.0138131
157, 70.73586, 0.0141371
158, 36.02825, 0.027756
159, 70.70486, 0.0141433
160, 72.06324, 0.0138767
161, 71.61579, 0.0139634
162, 71.24892, 0.0140353
163, 72.36099, 0.0138196
164, 71.64094, 0.0139585
165, 71.804, 0.0139268
166, 71.54099, 0.013978
167, 71.3455, 0.0140163
168, 36.03669, 0.0277495
169, 71.61887, 0.0139628
170, 71.4781, 0.0139903
171, 71.77, 0.0139334
172, 71.49854, 0.0139863
173, 72.46639, 0.0137995
174, 71.5016, 0.0139857
175, 72.25016, 0.0138408
176, 71.78442, 0.0139306
177, 70.06236, 0.014273
178, 73.57431, 0.0135917
179, 71.868, 0.0139144
180, 71.93779, 0.0139009
181, 71.43163, 0.0139994
182, 71.69641, 0.0139477
183, 71.3623, 0.014013
184, 72.51369, 0.0137905
185, 71.60452, 0.0139656
186, 72.1584, 0.0138584
187, 71.70361, 0.0139463
188, 70.59804, 0.0141647
189, 72.82579, 0.0137314
190, 71.62041, 0.0139625
191, 72.09338, 0.0138709
192, 71.39288, 0.014007
193, 70.48806, 0.0141868
194, 73.55754, 0.0135948
195, 72.10013, 0.0138696
196, 71.44184, 0.0139974
197, 72.16517, 0.0138571
198, 71.34245, 0.0140169
199, 71.53587, 0.013979
200, 71.7942, 0.0139287
201, 72.24911, 0.013841
202, 71.84837, 0.0139182
203, 71.27229, 0.0140307
204, 71.34652, 0.0140161
205, 72.71088, 0.0137531
206, 72.20425, 0.0138496
207, 71.70206, 0.0139466
208, 70.5542, 0.0141735
209, 73.16413, 0.0136679
210, 70.9245, 0.0140995
211, 70.70836, 0.0141426
212, 74.12733, 0.0134903
213, 71.66866, 0.0139531
214, 71.46022, 0.0139938
215, 71.99528, 0.0138898
216, 71.41786, 0.0140021
217, 72.25799, 0.0138393
218, 71.7803, 0.0139314
219, 71.79472, 0.0139286
220, 71.65531, 0.0139557
221, 71.16931, 0.014051
222, 72.69661, 0.0137558
223, 71.85198, 0.0139175
224, 70.84511, 0.0141153
225, 72.34843, 0.013822
226, 71.48372, 0.0139892
227, 72.31077, 0.0138292
228, 71.718, 0.0139435
229, 71.58043, 0.0139703
230, 71.77102, 0.0139332
231, 71.9673, 0.0138952
232, 70.4677, 0.0141909
233, 72.75955, 0.0137439
234, 71.78905, 0.0139297
235, 71.88349, 0.0139114
236, 72.45694, 0.0138013
237, 71.61528, 0.0139635
238, 71.71492, 0.0139441
239, 71.93779, 0.0139009
240, 70.73737, 0.0141368
241, 72.49477, 0.0137941
242, 72.00824, 0.0138873
243, 71.10049, 0.0140646
244, 72.12145, 0.0138655
245, 72.00616, 0.0138877
246, 71.42551, 0.0140006
247, 72.30762, 0.0138298
248, 71.75815, 0.0139357
249, 71.64401, 0.0139579
250, 71.70927, 0.0139452
251, 71.97921, 0.0138929
252, 71.89176, 0.0139098
253, 71.37148, 0.0140112
254, 71.21594, 0.0140418
255, 72.6665, 0.0137615
256, 69.05219, 0.0144818
257, 75.17892, 0.0133016
258, 71.63273, 0.0139601
259, 71.64864, 0.013957
260, 71.81277, 0.0139251
261, 71.65428, 0.0139559
262, 71.8365, 0.0139205
263, 71.62708, 0.0139612
264, 71.44797, 0.0139962
265, 71.10606, 0.0140635
266, 73.01562, 0.0136957
267, 71.51694, 0.0139827
268, 71.57274, 0.0139718
269, 72.4286, 0.0138067
270, 71.42194, 0.0140013
271, 71.86645, 0.0139147
272, 71.66815, 0.0139532
273, 71.69795, 0.0139474
274, 71.73859, 0.0139395
275, 71.54765, 0.0139767
276, 69.72917, 0.0143412
277, 73.59652, 0.0135876
278, 71.80142, 0.0139273
279, 71.42857, 0.014
280, 73.02948, 0.0136931
281, 71.39797, 0.014006
282, 72.07519, 0.0138744
283, 71.1273, 0.0140593
284, 72.15424, 0.0138592
285, 72.9134, 0.0137149
286, 71.85818, 0.0139163
287, 69.1965, 0.0144516
288, 73.72674, 0.0135636
289, 72.01291, 0.0138864
290, 70.19169, 0.0142467
291, 73.06737, 0.013686
292, 72.49161, 0.0137947
293, 71.45256, 0.0139953
294, 72.37985, 0.013816
295, 71.35976, 0.0140135
296, 71.6702, 0.0139528
297, 71.45971, 0.0139939
298, 71.50417, 0.0139852
299, 72.12509, 0.0138648
300, 72.03728, 0.0138817
301, 71.77308, 0.0139328
302, 71.59068, 0.0139683
303, 71.99372, 0.0138901
304, 71.53536, 0.0139791
305, 71.42041, 0.0140016
306, 72.42546, 0.0138073
307, 71.77205, 0.013933
308, 71.67482, 0.0139519
309, 70.99046, 0.0140864
310, 61.17106, 0.0163476
311, 87.16876, 0.011472
312, 74.42082, 0.0134371
313, 71.25045, 0.014035
314, 71.83237, 0.0139213
315, 72.11885, 0.013866
316, 71.66352, 0.0139541
317, 70.77041, 0.0141302
318, 72.30397, 0.0138305
319, 72.24337, 0.0138421
320, 70.83809, 0.0141167
321, 71.70927, 0.0139452
322, 72.80829, 0.0137347
323, 70.52933, 0.0141785
324, 73.51968, 0.0136018
325, 70.98138, 0.0140882
326, 72.02068, 0.0138849
327, 58.80174, 0.0170063
328, 91.01168, 0.0109876
329, 71.70464, 0.0139461
330, 72.32541, 0.0138264
331, 70.71835, 0.0141406
332, 72.11677, 0.0138664
333, 72.58263, 0.0137774
334, 71.5497, 0.0139763
335, 64.28635, 0.0155554
336, 83.73877, 0.0119419
337, 71.45306, 0.0139952
338, 71.74064, 0.0139391
339, 70.51042, 0.0141823
340, 73.35412, 0.0136325
341, 70.39874, 0.0142048
342, 71.29057, 0.0140271
343, 73.13631, 0.0136731
344, 71.97973, 0.0138928
345, 70.94513, 0.0140954
346, 72.75902, 0.013744
347, 70.35565, 0.0142135
348, 72.97246, 0.0137038
349, 71.77308, 0.0139328
350, 71.96626, 0.0138954
351, 71.14501, 0.0140558
352, 72.33325, 0.0138249
353, 70.66139, 0.014152
354, 72.73785, 0.013748
355, 71.34245, 0.0140169
356, 71.22406, 0.0140402
357, 73.01295, 0.0136962
358, 71.72109, 0.0139429
359, 71.82566, 0.0139226
360, 71.85457, 0.013917
361, 71.68716, 0.0139495
362, 71.17995, 0.0140489
363, 72.55315, 0.013783
364, 71.22811, 0.0140394
365, 72.09338, 0.0138709
366, 71.92382, 0.0139036
367, 71.40511, 0.0140046
368, 72.58474, 0.013777
369, 71.57581, 0.0139712
370, 71.184, 0.0140481
371, 71.85508, 0.0139169
372, 72.40395, 0.0138114
373, 71.61785, 0.013963
374, 71.93986, 0.0139005
375, 34.25103, 0.0291962
376, 64.35462, 0.0155389
377, 75.35057, 0.0132713
378, 85.01666, 0.0117624
379, 66.92141, 0.0149429
380, 68.02027, 0.0147015
381, 81.2724, 0.0123043
382, 74.28979, 0.0134608
383, 71.74167, 0.0139389
384, 71.53434, 0.0139793
385, 71.804, 0.0139268
386, 70.37495, 0.0142096
387, 71.91348, 0.0139056
388, 73.06577, 0.0136863
389, 71.98439, 0.0138919
390, 71.96626, 0.0138954
391, 70.69786, 0.0141447
392, 72.26687, 0.0138376
393, 72.17194, 0.0138558
394, 72.00253, 0.0138884
395, 71.55225, 0.0139758
396, 71.20428, 0.0140441
397, 71.3282, 0.0140197
398, 72.96288, 0.0137056
399, 70.82655, 0.014119
400, 72.81677, 0.0137331
401, 71.56557, 0.0139732
402, 72.09753, 0.0138701
403, 71.05099, 0.0140744
404, 71.97973, 0.0138928
405, 72.34843, 0.013822
406, 71.31548, 0.0140222
407, 72.22772, 0.0138451
408, 71.23471, 0.0140381
409, 72.17819, 0.0138546
410, 71.13589, 0.0140576
411, 72.8948, 0.0137184
412, 71.88711, 0.0139107
413, 71.86748, 0.0139145
414, 71.61682, 0.0139632
415, 71.99217, 0.0138904
416, 71.53587, 0.013979
417, 72.06429, 0.0138765
418, 71.04645, 0.0140753
419, 71.80142, 0.0139273
420, 72.32122, 0.0138272
421, 72.00979, 0.013887
422, 71.94607, 0.0138993
423, 71.50058, 0.0139859
424, 71.41327, 0.014003
425, 72.46272, 0.0138002
426, 71.14552, 0.0140557
427, 71.58144, 0.0139701
428, 72.04455, 0.0138803
429, 71.20123, 0.0140447
430, 70.28839, 0.0142271
431, 61.67585, 0.0162138
432, 76.81318, 0.0130186
433, 82.10652, 0.0121793
434, 72.91128, 0.0137153
435, 71.9295, 0.0139025
436, 71.56966, 0.0139724
437, 71.7391, 0.0139394
438, 72.17506, 0.0138552
439, 71.63631, 0.0139594
440, 71.49802, 0.0139864
441, 71.23471, 0.0140381
442, 72.77544, 0.0137409
443, 71.08634, 0.0140674
444, 72.71141, 0.013753
445, 71.87678, 0.0139127
446, 71.37759, 0.01401
447, 71.65172, 0.0139564
448, 71.85767, 0.0139164
449, 71.66763, 0.0139533
450, 71.78854, 0.0139298
451, 72.29926, 0.0138314
452, 70.50496, 0.0141834
453, 72.31442, 0.0138285
454, 72.29089, 0.013833
455, 72.15007, 0.01386
456, 71.83392, 0.013921
457, 71.97973, 0.0138928
458, 71.70875, 0.0139453
459, 71.72675, 0.0139418
460, 71.94659, 0.0138992
461, 71.31447, 0.0140224
462, 72.39662, 0.0138128
463, 71.08735, 0.0140672
464, 72.49161, 0.0137947
465, 71.23928, 0.0140372
466, 72.42284, 0.0138078
467, 71.31243, 0.0140228
468, 72.02431, 0.0138842
469, 72.48583, 0.0137958
470, 71.65531, 0.0139557
471, 71.70978, 0.0139451
472, 71.77566, 0.0139323
473, 71.54407, 0.0139774
474, 71.36994, 0.0140115
475, 72.94265, 0.0137094
476, 70.69886, 0.0141445
477, 72.99803, 0.013699
478, 71.64504, 0.0139577
479, 71.44847, 0.0139961
480, 72.33378, 0.0138248
481, 71.63016, 0.0139606
482, 71.81019, 0.0139256
483, 71.79678, 0.0139282
484, 71.84888, 0.0139181
485, 70.89484, 0.0141054
486, 72.72305, 0.0137508
487, 72.11417, 0.0138669
488, 71.63016, 0.0139606
489, 71.87264, 0.0139135
490, 71.6081, 0.0139649
491, 70.93204, 0.014098
492, 72.97779, 0.0137028
493, 71.94452, 0.0138996
494, 71.2058, 0.0140438
495, 72.23346, 0.013844
496, 68.35503, 0.0146295
497, 33.55716, 0.0297999
498, 72.72569, 0.0137503
499, 85.89073, 0.0116427
500, 72.09234, 0.0138711
501, 71.48065, 0.0139898
502, 71.61272, 0.013964
503, 72.37461, 0.013817
504, 72.00357, 0.0138882
505, 70.97786, 0.0140889
506, 70.20499, 0.014244
507, 36.79799, 0.0271754
508, 71.57889, 0.0139706
509, 71.89796, 0.0139086
510, 71.31955, 0.0140214
511, 71.70412, 0.0139462
512, 71.91037, 0.0139062
513, 71.61426, 0.0139637
514, 71.64864, 0.013957
515, 72.84171, 0.0137284
516, 70.77492, 0.0141293
517, 36.04812, 0.0277407
518, 71.21949, 0.0140411
519, 72.15632, 0.0138588
520, 72.11885, 0.013866
521, 71.07624, 0.0140694
522, 72.21886, 0.0138468
523, 70.26716, 0.0142314
524, 72.80776, 0.0137348
525, 72.15997, 0.0138581
526, 71.4046, 0.0140047
527, 36.34711, 0.0275125
528, 70.67887, 0.0141485
529, 72.13966, 0.013862
530, 71.00659, 0.0140832
531, 72.83321, 0.01373
532, 70.79095, 0.0141261
533, 72.81253, 0.0137339
534, 71.59888, 0.0139667
535, 72.23763, 0.0138432
536, 70.64642, 0.014155
537, 36.1059, 0.0276963
538, 71.25197, 0.0140347
539, 72.04144, 0.0138809
540, 71.75248, 0.0139368
541, 71.74374, 0.0139385
542, 71.25958, 0.0140332
543, 72.50738, 0.0137917
544, 71.94969, 0.0138986
545, 71.47043, 0.0139918
546, 69.51879, 0.0143846
547, 33.89486, 0.029503
548, 71.48627, 0.0139887
549, 85.21008, 0.0117357
550, 72.81942, 0.0137326
551, 71.3995, 0.0140057
552, 71.26771, 0.0140316
553, 72.42808, 0.0138068
554, 71.87522, 0.013913
555, 71.98491, 0.0138918
556, 70.27802, 0.0142292
557, 36.30489, 0.0275445
558, 71.40154, 0.0140053
559, 71.88556, 0.013911
560, 71.84682, 0.0139185
561, 71.49292, 0.0139874
562, 71.88245, 0.0139116
563, 72.13602, 0.0138627
564, 72.8693, 0.0137232
565, 71.78854, 0.0139298
566, 70.90288, 0.0141038
567, 36.16244, 0.027653
568, 71.66609, 0.0139536
569, 71.75712, 0.0139359
570, 70.74938, 0.0141344
571, 72.89639, 0.0137181
572, 71.85198, 0.0139175
573, 72.07259, 0.0138749
574, 70.8115, 0.014122
575, 72.41811, 0.0138087
576, 71.54713, 0.0139768
577, 36.04331, 0.0277444
578, 71.61579, 0.0139634
579, 71.37606, 0.0140103
580, 71.85818, 0.0139163
581, 72.76273, 0.0137433
582, 71.60144, 0.0139662
583, 72.17038, 0.0138561
584, 71.71749, 0.0139436
585, 70.79596, 0.0141251
586, 72.13602, 0.0138627
587, 36.01332, 0.0277675
588, 71.97092, 0.0138945
589, 70.55818, 0.0141727
590, 73.05242, 0.0136888
591, 71.47758, 0.0139904
592, 72.33587, 0.0138244
593, 71.94969, 0.0138986
594, 71.18046, 0.0140488
595, 72.38928, 0.0138142
596, 70.9074, 0.0141029
597, 35.74339, 0.0279772
598, 73.69034, 0.0135703
599, 58.59982, 0.0170649
600, 87.81019, 0.0113882
601, 74.60181, 0.0134045
602, 72.71141, 0.013753
603, 71.54867, 0.0139765
604, 71.83186, 0.0139214
605, 71.30938, 0.0140234
606, 71.30938, 0.0140234
607, 36.03032, 0.0277544
608, 71.28956, 0.0140273
609, 72.9501, 0.013708
610, 71.39899, 0.0140058
611, 72.07778, 0.0138739
612, 71.54765, 0.0139767
613, 71.49087, 0.0139878
614, 72.60793, 0.0137726
615, 71.33278, 0.0140188
616, 71.14653, 0.0140555
617, 35.50695, 0.0281635
618, 74.88953, 0.013353
619, 71.48372, 0.0139892
620, 71.48831, 0.0139883
621, 71.62195, 0.0139622
622, 72.40501, 0.0138112
623, 70.95016, 0.0140944
624, 72.8295, 0.0137307
625, 71.63837, 0.013959
626, 71.22659, 0.0140397
627, 35.92419, 0.0278364
628, 71.91193, 0.0139059
629, 72.72092, 0.0137512
630, 71.81277, 0.0139251
631, 71.27837, 0.0140295
632, 72.12509, 0.0138648
633, 71.53332, 0.0139795
634, 71.55379, 0.0139755
635, 71.70309, 0.0139464
636, 71.81844, 0.013924
637, 36.08519, 0.0277122
638, 71.54713, 0.0139768
639, 70.80649, 0.014123
640, 73.32507, 0.0136379
641, 71.85921, 0.0139161
642, 70.82404, 0.0141195
643, 72.74368, 0.0137469
644, 71.96419, 0.0138958
645, 71.55686, 0.0139749
646, 71.39339, 0.0140069
647, 35.94484, 0.0278204
648, 71.94711, 0.0138991
649, 71.83598, 0.0139206
650, 71.43214, 0.0139993
651, 72.65013, 0.0137646
652, 71.69743, 0.0139475
653, 71.41327, 0.014003
654, 72.12822, 0.0138642
655, 70.19071, 0.0142469
656, 71.7252, 0.0139421
657, 71.64248, 0.0139582
658, 74.68427, 0.0133897
659, 70.97635, 0.0140892
660, 72.21259, 0.013848
661, 71.30786, 0.0140237
662, 72.43647, 0.0138052
663, 71.5062, 0.0139848
664, 72.19018, 0.0138523
665, 71.5103, 0.013984
666, 71.16728, 0.0140514
667, 70.67587, 0.0141491
668, 73.54293, 0.0135975
669, 71.95332, 0.0138979
670, 72.00357, 0.0138882
671, 71.1445, 0.0140559
672, 72.56894, 0.01378
673, 71.52718, 0.0139807
674, 71.5584, 0.0139746
675, 72.198, 0.0138508
676, 71.97403, 0.0138939
677, 71.21797, 0.0140414
678, 71.64915, 0.0139569
679, 71.48729, 0.0139885
680, 72.79822, 0.0137366
681, 71.75042, 0.0139372
682, 72.00409, 0.0138881
683, 71.07927, 0.0140688
684, 72.42808, 0.0138068
685, 71.60297, 0.0139659
686, 71.84888, 0.0139181
687, 72.07571, 0.0138743
688, 71.80503, 0.0139266
689, 70.21683, 0.0142416
690, 72.19956, 0.0138505
691, 73.05563, 0.0136882
692, 71.67739, 0.0139514
693, 69.98586, 0.0142886
694, 72.81571, 0.0137333
695, 72.18497, 0.0138533
696, 71.66148, 0.0139545
697, 71.1273, 0.0140593
698, 72.64063, 0.0137664
699, 72.10221, 0.0138692
700, 69.572, 0.0143736
701, 33.38575, 0.0299529
702, 75.0227, 0.0133293
703, 83.81246, 0.0119314
704, 71.85715, 0.0139165
705, 71.91554, 0.0139052
706, 72.15007, 0.01386
707, 70.74137, 0.014136
708, 71.91813, 0.0139047
709, 71.65479, 0.0139558
710, 70.90841, 0.0141027
711, 33.98112, 0.0294281
712, 86.95652, 0.0115
713, 71.44082, 0.0139976
714, 71.44337, 0.0139971
715, 72.25277, 0.0138403
716, 71.37759, 0.01401
717, 72.19279, 0.0138518
718, 71.13084, 0.0140586
719, 71.71338, 0.0139444
720, 69.84753, 0.0143169
721, 36.40481, 0.0274689
722, 71.55225, 0.0139758
723, 71.14096, 0.0140566
724, 72.19852, 0.0138507
725, 71.15159, 0.0140545
726, 72.32907, 0.0138257
727, 71.41888, 0.0140019
728, 72.26896, 0.0138372
729, 71.76587, 0.0139342
730, 70.87273, 0.0141098
731, 35.72411, 0.0279923
732, 73.89945, 0.0135319
733, 71.37708, 0.0140101
734, 71.81999, 0.0139237
735, 71.6081, 0.0139649
736, 72.24755, 0.0138413
737, 71.07624, 0.0140694
738, 71.44337, 0.0139971
739, 71.71132, 0.0139448
740, 69.618, 0.0143641
741, 33.47852, 0.0298699
742, 73.79638, 0.0135508
743, 86.21062, 0.0115995
744, 71.65069, 0.0139566
745, 71.43827, 0.0139981
746, 72.13914, 0.0138621
747, 71.96056, 0.0138965
748, 68.33028, 0.0146348
749, 75.20154, 0.0132976
750, 70.99348, 0.0140858
751, 36.3223, 0.0275313
752, 71.09645, 0.0140654
753, 71.60297, 0.0139659
754, 72.49004, 0.013795
755, 71.45562, 0.0139947
756, 72.16933, 0.0138563
757, 71.34296, 0.0140168
758, 72.18549, 0.0138532
759, 69.74328, 0.0143383
760, 72.60583, 0.013773
761, 36.24436, 0.0275905
762, 71.40103, 0.0140054
763, 72.64486, 0.0137656
764, 71.43929, 0.0139979
765, 72.19539, 0.0138513
766, 72.02691, 0.0138837
767, 71.90054, 0.0139081
768, 70.73337, 0.0141376
769, 72.32541, 0.0138264
770, 71.08836, 0.014067
771, 36.24226, 0.0275921
772, 71.93934, 0.0139006
773, 71.85767, 0.0139164
774, 71.5876, 0.0139689
775, 70.6105, 0.0141622
776, 72.85921, 0.0137251
777, 72.32436, 0.0138266
778, 70.24149, 0.0142366
779, 73.68491, 0.0135713
780, 69.82265, 0.014322
781, 36.31623, 0.0275359
782, 70.95016, 0.0140944
783, 71.61221, 0.0139641
784, 72.35366, 0.013821
785, 71.6512, 0.0139565
786, 71.77412, 0.0139326
787, 71.54662, 0.0139769
788, 71.76124, 0.0139351
789, 71.61272, 0.013964
790, 69.67136, 0.0143531
791, 33.81223, 0.0295751
792, 74.56676, 0.0134108
793, 83.58618, 0.0119637
794, 71.77617, 0.0139322
795, 71.63324, 0.01396
796, 71.82102, 0.0139235
797, 71.44286, 0.0139972
798, 70.78894, 0.0141265
799, 71.30836, 0.0140236
800, 73.57702, 0.0135912
801, 36.09496, 0.0277047
802, 71.12274, 0.0140602
803, 72.10169, 0.0138693
804, 71.96989, 0.0138947
805, 71.94659, 0.0138992
806, 71.62144, 0.0139623
807, 72.10117, 0.0138694
808, 69.82362, 0.0143218
809, 73.52725, 0.0136004
810, 71.44847, 0.0139961
811, 36.17448, 0.0276438
812, 71.43214, 0.0139993
813, 71.62041, 0.0139625
814, 71.71852, 0.0139434
815, 72.13394, 0.0138631
816, 71.59477, 0.0139675
817, 71.77463, 0.0139325
818, 71.63837, 0.013959
819, 72.13342, 0.0138632
820, 70.59554, 0.0141652
821, 36.12952, 0.0276782
822, 71.81947, 0.0139238
823, 71.97714, 0.0138933
824, 71.75557, 0.0139362
825, 71.61631, 0.0139633
826, 71.88556, 0.013911
827, 71.53485, 0.0139792
828, 72.35733, 0.0138203
829, 71.25755, 0.0140336
830, 69.50623, 0.0143872
831, 33.65825, 0.0297104
832, 73.51806, 0.0136021
833, 84.89469, 0.0117793
834, 72.07103, 0.0138752
835, 71.62759, 0.0139611
836, 70.70036, 0.0141442
837, 73.41551, 0.0136211
838, 71.6394, 0.0139588
839, 71.56506, 0.0139733
840, 71.05604, 0.0140734
841, 36.16676, 0.0276497
842, 71.43725, 0.0139983
843, 71.9958, 0.0138897
844, 71.52769, 0.0139806
845, 72.07986, 0.0138735
846, 71.95539, 0.0138975
847, 71.11718, 0.0140613
848, 72.12874, 0.0138641
849, 72.56736, 0.0137803
850, 70.86218, 0.0141119
851, 35.97381, 0.027798
852, 72.29299, 0.0138326
853, 71.43265, 0.0139992
854, 71.40256, 0.0140051
855, 72.5858, 0.0137768
856, 71.42398, 0.0140009
857, 72.48636, 0.0137957
858, 70.87574, 0.0141092
859, 72.27992, 0.0138351
860, 70.98895, 0.0140867
861, 35.99051, 0.0277851
862, 59.0256, 0.0169418
863, 59.20663, 0.01689
864, 125.8986, 0.0079429
865, 73.13791, 0.0136728
866, 71.10757, 0.0140632
867, 71.87936, 0.0139122
868, 71.29057, 0.0140271
869, 71.9352, 0.0139014
870, 71.54202, 0.0139778
871, 35.97303, 0.0277986
872, 71.98388, 0.013892
873, 72.49581, 0.0137939
874, 71.81999, 0.0139237
875, 71.41684, 0.0140023
876, 72.46009, 0.0138007
877, 71.62914, 0.0139608
878, 71.6815, 0.0139506
879, 72.25642, 0.0138396
880, 69.46953, 0.0143948
881, 36.40892, 0.0274658
882, 71.53383, 0.0139794
883, 72.47637, 0.0137976
884, 71.53485, 0.0139792
885, 70.43444, 0.0141976
886, 72.30867, 0.0138296
887, 72.02016, 0.013885
888, 71.80761, 0.0139261
889, 71.12527, 0.0140597
890, 70.48011, 0.0141884
891, 33.46619, 0.0298809
892, 69.30296, 0.0144294
893, 92.44109, 0.0108177
894, 71.53281, 0.0139796
895, 71.90262, 0.0139077
896, 71.37045, 0.0140114
897, 72.86824, 0.0137234
898, 71.69538, 0.0139479
899, 71.81123, 0.0139254
900, 71.36282, 0.0140129
901, 35.64694, 0.0280529
902, 73.91803, 0.0135285
903, 71.49445, 0.0139871
904, 72.33482, 0.0138246
905, 71.44184, 0.0139974
906, 71.88659, 0.0139108
907, 71.12376, 0.01406
908, 72.39294, 0.0138135
909, 71.63888, 0.0139589
910, 70.9557, 0.0140933
911, 35.78407, 0.0279454
912, 69.62819, 0.014362
913, 74.71832, 0.0133836
914, 71.77308, 0.0139328
915, 72.1657, 0.013857
916, 71.7942, 0.0139287
917, 72.28568, 0.013834
918, 70.74387, 0.0141355
919, 72.9267, 0.0137124
920, 69.96578, 0.0142927
921, 36.63648, 0.0272952
922, 71.29769, 0.0140257
923, 70.42303, 0.0141999
924, 72.91393, 0.0137148
925, 72.74368, 0.0137469
926, 71.41174, 0.0140033
927, 71.90882, 0.0139065
928, 72.08454, 0.0138726
929, 70.7719, 0.0141299
930, 71.97921, 0.0138929
931, 35.76947, 0.0279568
932, 72.51685, 0.0137899
933, 70.82304, 0.0141197
934, 71.70258, 0.0139465
935, 72.32174, 0.0138271
936, 72.42231, 0.0138079
937, 71.28549, 0.0140281
938, 70.91444, 0.0141015
939, 73.05402, 0.0136885
940, 68.62759, 0.0145714
941, 34.0032, 0.029409
942, 74.14053, 0.0134879
943, 82.95657, 0.0120545
944, 70.09673, 0.014266
945, 73.37135, 0.0136293
946, 72.59528, 0.013775
947, 71.75248, 0.0139368
948, 71.46124, 0.0139936
949, 72.41235, 0.0138098
950, 71.41888, 0.0140019
951, 36.02357, 0.0277596
952, 71.18046, 0.0140488
953, 72.36466, 0.0138189
954, 71.28498, 0.0140282
955, 72.23502, 0.0138437
956, 71.61324, 0.0139639
957, 71.42755, 0.0140002
958, 70.14984, 0.0142552
959, 74.63801, 0.013398
960, 70.90438, 0.0141035
961, 35.99868, 0.0277788
962, 71.68253, 0.0139504
963, 72.29195, 0.0138328
964, 71.63324, 0.01396
965, 71.85353, 0.0139172
966, 71.68973, 0.013949
967, 71.84218, 0.0139194
968, 72.01394, 0.0138862
969, 72.23346, 0.013844
970, 70.82554, 0.0141192
971, 36.06671, 0.0277264
972, 71.13539, 0.0140577
973, 71.89745, 0.0139087
974, 71.9559, 0.0138974
975, 72.0835, 0.0138728
976, 71.44184, 0.0139974
977, 72.25381, 0.0138401
978, 72.39871, 0.0138124
979, 71.32108, 0.0140211
980, 70.96074, 0.0140923
981, 36.22506, 0.0276052
982, 71.46481, 0.0139929
983, 71.91917, 0.0139045
984, 71.62862, 0.0139609
985, 70.90137, 0.0141041
986, 73.11973, 0.0136762
987, 71.6081, 0.0139649
988, 72.32018, 0.0138274
989, 71.78699, 0.0139301
990, 70.52634, 0.0141791
991, 36.27605, 0.0275664
992, 71.35162, 0.0140151
993, 71.63067, 0.0139605
994, 71.82412, 0.0139229
995, 71.81432, 0.0139248
996, 71.45154, 0.0139955
997, 70.76289, 0.0141317
998, 73.48348, 0.0136085
999, 72.2956, 0.0138321
1000, 70.47514, 0.0141894
1001, 36.28263, 0.0275614
1002, 71.31396, 0.0140225
1003, 71.42959, 0.0139998
1004, 72.44802, 0.013803
1005, 69.75933, 0.014335
1006, 74.13833, 0.0134883
1007, 70.58857, 0.0141666
1008, 72.88577, 0.0137201
1009, 71.62759, 0.0139611
1010, 71.3781, 0.0140099
1011, 36.03876, 0.0277479
1012, 71.46839, 0.0139922
1013, 72.08662, 0.0138722
1014, 72.20998, 0.0138485
1015, 71.868, 0.0139144
1016, 71.5999, 0.0139665
1017, 71.0308, 0.0140784
1018, 73.16413, 0.0136679
1019, 71.51337, 0.0139834
1020, 70.97987, 0.0140885
1021, 36.1716, 0.027646
1022, 71.07927, 0.0140688
1023, 71.1987, 0.0140452
1024, 73.12668, 0.0136749
1025, 69.98145, 0.0142895
1026, 73.76318, 0.0135569
1027, 71.29565, 0.0140261
1028, 72.5221, 0.0137889
1029, 71.96056, 0.0138965
1030, 70.91846, 0.0141007
1031, 36.03864, 0.027748
1032, 71.93158, 0.0139021
1033, 71.41939, 0.0140018
1034, 71.55994, 0.0139743
1035, 71.98543, 0.0138917
1036, 72.25225, 0.0138404
1037, 72.23294, 0.0138441
1038, 71.03433, 0.0140777
1039, 70.88277, 0.0141078
1040, 70.48508, 0.0141874
1041, 33.65077, 0.029717
1042, 72.92829, 0.0137121
1043, 84.68548, 0.0118084
1044, 72.08974, 0.0138716
1045, 72.02068, 0.0138849
1046, 72.05234, 0.0138788
1047, 71.28854, 0.0140275
1048, 72.2794, 0.0138352
1049, 72.0072, 0.0138875
1050, 70.46571, 0.0141913
1051, 36.28631, 0.0275586
1052, 71.41582, 0.0140025
1053, 71.7973, 0.0139281
1054, 70.67437, 0.0141494
1055, 73.10476, 0.013679
1056, 72.21207, 0.0138481
1057, 71.3399, 0.0140174
1058, 71.77412, 0.0139326
1059, 72.27784, 0.0138355
1060, 70.90137, 0.0141041
1061, 17.90879, 0.0558385
1062, 73.0583, 0.0136877
1063, 72.12978, 0.0138639
1064, 71.57223, 0.0139719
1065, 72.0015, 0.0138886
1066, 72.08765, 0.013872
1067, 71.19059, 0.0140468
1068, 71.70721, 0.0139456
1069, 35.76525, 0.0279601
1070, 72.22042, 0.0138465
1071, 71.57684, 0.013971
1072, 72.05909, 0.0138775
1073, 72.60371, 0.0137734
1074, 71.95383, 0.0138978
1075, 71.31854, 0.0140216
1076, 71.77205, 0.013933
1077, 72.31285, 0.0138288
1078, 69.02597, 0.0144873
1079, 33.48805, 0.0298614
1080, 72.89905, 0.0137176
1081, 86.68441, 0.0115361
1082, 71.9761, 0.0138935
1083, 71.8004, 0.0139275
1084, 71.70206, 0.0139466
1085, 71.81792, 0.0139241
1086, 71.55328, 0.0139756
1087, 71.75557, 0.0139362
1088, 71.37759, 0.01401
1089, 36.03214, 0.027753
1090, 71.70772, 0.0139455
1091, 71.14045, 0.0140567
1092, 73.21234, 0.0136589
1093, 71.47146, 0.0139916
1094, 71.62452, 0.0139617
1095, 71.48219, 0.0139895
1096, 72.44172, 0.0138042
1097, 71.90985, 0.0139063
1098, 71.20428, 0.0140441
1099, 36.03123, 0.0277537
1100, 71.18046, 0.0140488
1101, 72.55736, 0.0137822
1102, 71.5369, 0.0139788
1103, 71.62862, 0.0139609
1104, 72.40868, 0.0138105
1105, 71.22913, 0.0140392
1106, 72.18966, 0.0138524
1107, 71.7067, 0.0139457
1108, 70.92702, 0.014099
1109, 36.14715, 0.0276647
1110, 71.16475, 0.0140519
1111, 72.39085, 0.0138139
1112, 72.56631, 0.0137805
1113, 71.40715, 0.0140042
1114, 70.74187, 0.0141359
1115, 71.5369, 0.0139788
1116, 71.95539, 0.0138975
1117, 71.50417, 0.0139852
1118, 69.38181, 0.014413
1119, 32.51641, 0.0307537
1120, 76.24509, 0.0131156
1121, 89.63384, 0.0111565
1122, 59.06465, 0.0169306
1123, 57.60269, 0.0173603
1124, 132.9328, 0.0075226
1125, 73.23593, 0.0136545
1126, 71.50365, 0.0139853
1127, 71.61785, 0.013963
1128, 71.41633, 0.0140024
1129, 36.15656, 0.0276575
1130, 71.33176, 0.014019
1131, 71.96316, 0.013896
1132, 70.88629, 0.0141071
1133, 72.22042, 0.0138465
1134, 71.74064, 0.0139391
1135, 71.99683, 0.0138895
1136, 71.96782, 0.0138951
1137, 70.70136, 0.014144
1138, 71.17033, 0.0140508
1139, 36.38123, 0.0274867
1140, 71.30684, 0.0140239
1141, 72.53526, 0.0137864
1142, 72.02224, 0.0138846
1143, 71.99372, 0.0138901
1144, 71.28295, 0.0140286
1145, 71.50314, 0.0139854
1146, 72.10793, 0.0138681
1147, 71.23725, 0.0140376
1148, 71.30888, 0.0140235
1149, 36.32797, 0.027527
1150, 70.71386, 0.0141415
1151, 72.37304, 0.0138173
1152, 71.70103, 0.0139468
1153, 71.95953, 0.0138967
1154, 71.15159, 0.0140545
1155, 71.64966, 0.0139568
1156, 71.65891, 0.013955
1157, 72.07571, 0.0138743
1158, 67.61097, 0.0147905
1159, 34.36084, 0.0291029
1160, 72.13238, 0.0138634
1161, 83.86588, 0.0119238
1162, 72.8709, 0.0137229
1163, 71.14045, 0.0140567
1164, 72.48267, 0.0137964
1165, 71.91606, 0.0139051
1166, 72.03832, 0.0138815
1167, 71.40715, 0.0140042
1168, 70.35664, 0.0142133
1169, 36.53876, 0.0273682
1170, 71.17336, 0.0140502
1171, 71.51899, 0.0139823
1172, 71.9901, 0.0138908
1173, 71.94555, 0.0138994
1174, 70.47861, 0.0141887
1175, 73.45596, 0.0136136
1176, 71.51848, 0.0139824
1177, 71.74425, 0.0139384
1178, 70.60402, 0.0141635
1179, 36.30186, 0.0275468
1180, 72.10273, 0.0138691
1181, 71.55482, 0.0139753
1182, 71.85353, 0.0139172
1183, 71.69024, 0.0139489
1184, 71.4924, 0.0139875
1185, 72.03573, 0.013882
1186, 72.3139, 0.0138286
1187, 71.09241, 0.0140662
1188, 71.08028, 0.0140686
1189, 36.30739, 0.0275426
1190, 70.20993, 0.014243
1191, 73.09621, 0.0136806
1192, 71.91864, 0.0139046
1193, 71.65736, 0.0139553
1194, 72.10273, 0.0138691
1195, 71.15816, 0.0140532
1196, 72.47375, 0.0137981
1197, 70.58658, 0.014167
1198, 69.40492, 0.0144082
1199, 33.40594, 0.0299348
1200, 76.20383, 0.0131227
1201, 84.00256, 0.0119044
1202, 71.65274, 0.0139562
1203, 72.28568, 0.013834
1204, 71.49189, 0.0139876
1205, 70.64642, 0.014155
1206, 73.10904, 0.0136782
1207, 71.51132, 0.0139838
1208, 71.6358, 0.0139595
1209, 36.16702, 0.0276495
1210, 71.57632, 0.0139711
1211, 70.69686, 0.0141449
1212, 72.43752, 0.013805
1213, 72.2653, 0.0138379
1214, 71.91709, 0.0139049
1215, 71.4046, 0.0140047
1216, 72.36466, 0.0138189
1217, 71.23268, 0.0140385
1218, 70.69036, 0.0141462
1219, 36.35491, 0.0275066
1220, 71.71697, 0.0139437
1221, 71.09241, 0.0140662
1222, 72.42598, 0.0138072
1223, 70.69436, 0.0141454
1224, 73.0583, 0.0136877
1225, 71.87264, 0.0139135
1226, 71.81329, 0.013925
1227, 72.0648, 0.0138764
1228, 69.94621, 0.0142967
1229, 36.44501, 0.0274386
1230, 71.286, 0.014028
1231, 72.16413, 0.0138573
1232, 71.69743, 0.0139475
1233, 71.7736, 0.0139327
1234, 71.57632, 0.0139711
1235, 71.68665, 0.0139496
1236, 71.77978, 0.0139315
1237, 72.37252, 0.0138174
1238, 69.4054, 0.0144081
1239, 36.59732, 0.0273244
1240, 71.8004, 0.0139275
1241, 69.73112, 0.0143408
1242, 73.28155, 0.013646
1243, 71.79472, 0.0139286
1244, 71.90572, 0.0139071
1245, 71.46022, 0.0139938
1246, 71.63631, 0.0139594
1247, 71.05704, 0.0140732
1248, 70.16017, 0.0142531
1249, 33.64749, 0.0297199
1250, 73.3945, 0.013625
1251, 85.77065, 0.011659
1252, 71.27837, 0.0140295
1253, 72.30397, 0.0138305
1254, 71.32616, 0.0140201
1255, 72.55262, 0.0137831
1256, 71.48933, 0.0139881
1257, 72.03469, 0.0138822
1258, 70.33437, 0.0142178
1259, 36.44222, 0.0274407
1260, 71.11617, 0.0140615
1261, 71.0919, 0.0140663
1262, 72.28463, 0.0138342
1263, 71.95383, 0.0138978
1264, 72.05026, 0.0138792
1265, 71.69589, 0.0139478
1266, 72.35262, 0.0138212
1267, 71.1911, 0.0140467
1268, 70.15722, 0.0142537
1269, 36.62467, 0.027304
1270, 70.95369, 0.0140937
1271, 72.00928, 0.0138871
1272, 71.65839, 0.0139551
1273, 71.46635, 0.0139926
1274, 72.08142, 0.0138732
1275, 72.10169, 0.0138693
1276, 71.50058, 0.0139859
1277, 70.9829, 0.0140879
1278, 72.47427, 0.013798
1279, 36.17552, 0.027643
1280, 71.15969, 0.0140529
1281, 71.74682, 0.0139379
1282, 71.75918, 0.0139355
1283, 71.77, 0.0139334
1284, 71.01415, 0.0140817
1285, 72.85178, 0.0137265
1286, 71.6815, 0.0139506
1287, 71.6738, 0.0139521
1288, 71.00256, 0.014084
1289, 36.15185, 0.0276611
1290, 72.17194, 0.0138558
1291, 71.62759, 0.0139611
1292, 71.60964, 0.0139646
1293, 72.12874, 0.0138641
1294, 71.804, 0.0139268
1295, 71.41479, 0.0140027
1296, 72.35419, 0.0138209
1297, 71.9202, 0.0139043
1298, 69.00454, 0.0144918
1299, 36.63715, 0.0272947
1300, 71.42806, 0.0140001
1301, 71.47605, 0.0139907
1302, 71.92434, 0.0139035
1303, 72.26635, 0.0138377
1304, 71.78905, 0.0139297
1305, 71.63221, 0.0139602
1306, 71.92537, 0.0139033
1307, 71.34194, 0.014017
1308, 71.70206, 0.0139466
1309, 36.093, 0.0277062
1310, 71.91968, 0.0139044
1311, 70.74888, 0.0141345
1312, 72.77014, 0.0137419
1313, 71.88194, 0.0139117
1314, 71.92641, 0.0139031
1315, 71.89538, 0.0139091
1316, 71.4781, 0.0139903
1317, 69.87241, 0.0143118
1318, 73.55862, 0.0135946
1319, 36.03019, 0.0277545
1320, 71.32261, 0.0140208
1321, 72.23555, 0.0138436
1322, 71.01012, 0.0140825
1323, 72.79663, 0.0137369
1324, 70.47067, 0.0141903
1325, 72.85603, 0.0137257
1326, 71.96989, 0.0138947
1327, 71.26872, 0.0140314
1328, 71.53127, 0.0139799
1329, 36.43903, 0.0274431
1330, 71.28143, 0.0140289
1331, 71.07371, 0.0140699
1332, 72.27418, 0.0138362
1333, 71.68768, 0.0139494
1334, 72.29717, 0.0138318
1335, 71.51643, 0.0139828
1336, 71.26263, 0.0140326
1337, 71.97247, 0.0138942
1338, 70.90087, 0.0141042
1339, 36.21693, 0.0276114
1340, 71.97403, 0.0138939
1341, 71.63119, 0.0139604
1342, 72.23241, 0.0138442
1343, 71.50058, 0.0139859
1344, 70.85666, 0.014113
1345, 73.03962, 0.0136912
1346, 71.7355, 0.0139401
1347, 71.59221, 0.013968
1348, 69.41167, 0.0144068
1349, 36.52781, 0.0273764
1350, 71.61015, 0.0139645
1351, 72.48531, 0.0137959
1352, 71.61938, 0.0139627
1353, 71.55379, 0.0139755
1354, 72.20164, 0.0138501
1355, 71.31905, 0.0140215
1356, 72.67389, 0.0137601
1357, 71.79782, 0.013928
1358, 69.10086, 0.0144716
1359, 33.43565, 0.0299082
1360, 75.15915, 0.0133051
1361, 84.45232, 0.011841
1362, 70.91142, 0.0141021
1363, 72.66808, 0.0137612
1364, 71.91968, 0.0139044
1365, 71.69846, 0.0139473
1366, 72.06688, 0.013876
1367, 71.17793, 0.0140493
1368, 71.72058, 0.013943
1369, 36.0411, 0.0277461
1370, 71.66455, 0.0139539
1371, 70.81401, 0.0141215
1372, 73.24397, 0.013653
1373, 70.78242, 0.0141278
1374, 72.9975, 0.0136991
1375, 71.1911, 0.0140467
1376, 72.39347, 0.0138134
1377, 71.4924, 0.0139875
1378, 71.63324, 0.01396
1379, 36.20198, 0.0276228
1380, 70.83457, 0.0141174
1381, 72.23868, 0.013843
1382, 71.15361, 0.0140541
1383, 72.44749, 0.0138031
1384, 71.08938, 0.0140668
1385, 72.39085, 0.0138139
1386, 71.72675, 0.0139418
1387, 71.77772, 0.0139319
1388, 70.59255, 0.0141658
1389, 32.7239, 0.0305587
1390, 59.64061, 0.0167671
1391, 119.9141, 0.0083393
1392, 73.27081, 0.013648
1393, 71.08988, 0.0140667
1394, 72.02795, 0.0138835
1395, 72.21312, 0.0138479
1396, 72.14799, 0.0138604
1397, 71.67123, 0.0139526
1398, 70.60701, 0.0141629
1399, 36.19215, 0.0276303
1400, 71.55123, 0.013976
1401, 71.7906, 0.0139294
1402, 71.34856, 0.0140157
1403, 71.30481, 0.0140243
1404, 72.8555, 0.0137258
1405, 72.57842, 0.0137782
1406, 71.85715, 0.0139165
1407, 71.4781, 0.0139903
1408, 71.29057, 0.0140271
1409, 36.16964, 0.0276475
1410, 70.36703, 0.0142112
1411, 72.08298, 0.0138729
1412, 71.83753, 0.0139203
1413, 68.73277, 0.0145491
1414, 75.39658, 0.0132632
1415, 72.0155, 0.0138859
1416, 71.73653, 0.0139399
1417, 72.33064, 0.0138254
1418, 69.06125, 0.0144799
1419, 33.55524, 0.0298016
1420, 74.16032, 0.0134843
1421, 84.38177, 0.0118509
1422, 71.77669, 0.0139321
1423, 72.0321, 0.0138827
1424, 71.45461, 0.0139949
1425, 71.96523, 0.0138956
1426, 72.26425, 0.0138381
1427, 71.11364, 0.014062
1428, 71.08533, 0.0140676
1429, 36.31464, 0.0275371
1430, 71.51388, 0.0139833
1431, 71.73344, 0.0139405
1432, 70.74487, 0.0141353
1433, 72.28045, 0.013835
1434, 72.69925, 0.0137553
1435, 71.55379, 0.0139755
1436, 72.16205, 0.0138577
1437, 71.71955, 0.0139432
1438, 70.73386, 0.0141375
1439, 36.1213, 0.0276845
1440, 70.67287, 0.0141497
1441, 72.91872, 0.0137139
1442, 72.29978, 0.0138313
1443, 70.43494, 0.0141975
1444, 73.02255, 0.0136944
1445, 71.9673, 0.0138952
1446, 72.13186, 0.0138635
1447, 71.33889, 0.0140176
1448, 71.0631, 0.014072
1449, 35.99738, 0.0277798
1450, 71.95125, 0.0138983
1451, 72.05493, 0.0138783
1452, 70.57063, 0.0141702
1453, 73.33797, 0.0136355
1454, 71.04341, 0.0140759
1455, 72.87992, 0.0137212
1456, 71.73087, 0.013941
1457, 71.55686, 0.0139749
1458, 71.14298, 0.0140562
1459, 36.10865, 0.0276942
1460, 72.00409, 0.0138881
1461, 71.32922, 0.0140195
1462, 71.98854, 0.0138911
1463, 70.77041, 0.0141302
1464, 73.09674, 0.0136805
1465, 71.9021, 0.0139078
1466, 72.21729, 0.0138471
1467, 71.5999, 0.0139665
1468, 71.01466, 0.0140816
1469, 36.1166, 0.0276881
1470, 70.22521, 0.0142399
1471, 73.64692, 0.0135783
1472, 71.08482, 0.0140677
1473, 72.6496, 0.0137647
1474, 71.79008, 0.0139295
1475, 71.5917, 0.0139681
1476, 71.77463, 0.0139325
1477, 71.95435, 0.0138977
1478, 71.17235, 0.0140504
1479, 36.14075, 0.0276696
1480, 70.91142, 0.0141021
1481, 71.63273, 0.0139601
1482, 72.15372, 0.0138593
1483, 72.45957, 0.0138008
1484, 72.01706, 0.0138856
1485, 71.44389, 0.013997
1486, 71.88297, 0.0139115
1487, 71.80091, 0.0139274
1488, 71.24791, 0.0140355
1489, 36.13108, 0.027677
1490, 71.25298, 0.0140345
1491, 72.27418, 0.0138362
1492, 71.20631, 0.0140437
1493, 72.3788, 0.0138162
1494, 71.89176, 0.0139098
1495, 72.05856, 0.0138776
1496, 71.7391, 0.0139394
1497, 71.58094, 0.0139702
1498, 71.06815, 0.014071
1499, 36.15146, 0.0276614
1500, 70.995, 0.0140855
1501, 72.67178, 0.0137605
1502, 71.73447, 0.0139403
1503, 71.884, 0.0139113
1504, 71.92434, 0.0139035
1505, 71.65633, 0.0139555
1506, 71.70515, 0.013946
1507, 71.76433, 0.0139345
1508, 71.00003, 0.0140845
1509, 36.20015, 0.0276242
1510, 71.52103, 0.0139819
1511, 71.55482, 0.0139753
1512, 72.13758, 0.0138624
1513, 70.41608, 0.0142013
1514, 72.80193, 0.0137359
1515, 72.55104, 0.0137834
1516, 71.5794, 0.0139705
1517, 72.18132, 0.013854
1518, 70.89835, 0.0141047
1519, 35.91206, 0.0278458
1520, 72.80988, 0.0137344
1521, 71.43214, 0.0139993
1522, 72.15007, 0.01386
1523, 71.17539, 0.0140498
1524, 70.9552, 0.0140934
1525, 71.63324, 0.01396
1526, 72.83215, 0.0137302
1527, 69.84313, 0.0143178
1528, 71.0071, 0.0140831
1529, 36.36589, 0.0274983
1530, 71.6435, 0.013958
1531, 73.27886, 0.0136465
1532, 72.06272, 0.0138768
1533, 71.82257, 0.0139232
1534, 72.46849, 0.0137991
1535, 71.7973, 0.0139281
1536, 71.76536, 0.0139343
1537, 71.63119, 0.0139604
1538, 71.08482, 0.0140677
1539, 35.89633, 0.027858
1540, 72.23868, 0.013843
1541, 72.20634, 0.0138492
1542, 71.88556, 0.013911
1543, 71.83237, 0.0139213
1544, 71.46278, 0.0139933
1545, 71.82979, 0.0139218
1546, 72.06324, 0.0138767
1547, 71.74374, 0.0139385
1548, 70.6544, 0.0141534
1549, 36.13082, 0.0276772
1550, 72.03988, 0.0138812
1551, 71.5149, 0.0139831
1552, 72.16882, 0.0138564
1553, 71.89951, 0.0139083
1554, 71.57684, 0.013971
1555, 72.31547, 0.0138283
1556, 71.79008, 0.0139295
1557, 71.16526, 0.0140518
1558, 70.83457, 0.0141174
1559, 36.25408, 0.0275831
1560, 72.0404, 0.0138811
1561, 70.9698, 0.0140905
1562, 72.96447, 0.0137053
1563, 71.4046, 0.0140047
1564, 71.26974, 0.0140312
1565, 72.18913, 0.0138525
1566, 72.1506, 0.0138599
1567, 71.94555, 0.0138994
1568, 70.88528, 0.0141073
1569, 36.12077, 0.0276849
1570, 71.7, 0.013947
1571, 71.95435, 0.0138977
1572, 71.88969, 0.0139102
1573, 71.82721, 0.0139223
1574, 71.35365, 0.0140147
1575, 72.0461, 0.01388
1576, 72.08922, 0.0138717
1577, 71.85302, 0.0139173
1578, 71.24435, 0.0140362
1579, 36.00632, 0.0277729
1580, 71.78287, 0.0139309
1581, 72.2225, 0.0138461
1582, 71.24638, 0.0140358
1583, 71.79008, 0.0139295
1584, 72.32803, 0.0138259
1585, 70.97786, 0.0140889
1586, 72.14539, 0.0138609
1587, 72.13134, 0.0138636
1588, 71.54253, 0.0139777
1589, 35.99868, 0.0277788
1590, 71.39134, 0.0140073
1591, 72.56631, 0.0137805
1592, 71.92589, 0.0139032
1593, 71.5016, 0.0139857
1594, 71.85198, 0.0139175
1595, 72.07623, 0.0138742
1596, 71.29668, 0.0140259
1597, 72.24337, 0.0138421
1598, 70.72636, 0.014139
1599, 36.28052, 0.027563
1600, 71.28448, 0.0140283
1601, 71.63734, 0.0139592
1602, 71.76175, 0.013935
1603, 72.02016, 0.013885
1604, 71.97921, 0.0138929
1605, 71.92226, 0.0139039
1606, 71.43265, 0.0139992
1607, 71.71286, 0.0139445
1608, 69.47291, 0.0143941
1609, 36.5913, 0.0273289
1610, 72.17246, 0.0138557
1611, 71.98439, 0.0138919
1612, 71.5497, 0.0139763
1613, 71.25958, 0.0140332
1614, 72.44225, 0.0138041
1615, 72.2794, 0.0138352
1616, 71.76484, 0.0139344
1617, 71.97247, 0.0138942
1618, 70.64841, 0.0141546
1619, 36.26868, 0.027572
1620, 71.26619, 0.0140319
1621, 72.33482, 0.0138246
1622, 71.77772, 0.0139319
1623, 71.99476, 0.0138899
1624, 70.35565, 0.0142135
1625, 72.9517, 0.0137077
1626, 71.94865, 0.0138988
1627, 71.44133, 0.0139975
1628, 70.45131, 0.0141942
1629, 36.04799, 0.0277408
1630, 73.51266, 0.0136031
1631, 71.56966, 0.0139724
1632, 71.70309, 0.0139464
1633, 72.00928, 0.0138871
1634, 71.87419, 0.0139132
1635, 69.84411, 0.0143176
1636, 73.67351, 0.0135734
1637, 71.92382, 0.0139036
1638, 71.57325, 0.0139717
1639, 35.91425, 0.0278441
1640, 70.84511, 0.0141153
1641, 72.79292, 0.0137376
1642, 72.21051, 0.0138484
1643, 71.38166, 0.0140092
1644, 71.88866, 0.0139104
1645, 71.69949, 0.0139471
1646, 72.13081, 0.0138637
1647, 70.74587, 0.0141351
1648, 72.24598, 0.0138416
1649, 36.10904, 0.0276939
1650, 71.17539, 0.0140498
1651, 71.95694, 0.0138972
1652, 71.70206, 0.0139466
1653, 72.3699, 0.0138179
1654, 71.15969, 0.0140529
1655, 71.81174, 0.0139253
1656, 72.25121, 0.0138406
1657, 71.22913, 0.0140392
1658, 71.73653, 0.0139399
1659, 36.21286, 0.0276145
1660, 70.85013, 0.0141143
1661, 71.67791, 0.0139513
1662, 72.41811, 0.0138087
1663, 71.30277, 0.0140247
1664, 58.87929, 0.0169839
1665, 81.29949, 0.0123002
1666, 80.06853, 0.0124893
1667, 72.70929, 0.0137534
1668, 69.06125, 0.0144799
1669, 36.76308, 0.0272012
1670, 71.13387, 0.014058
1671, 71.20428, 0.0140441
1672, 72.60688, 0.0137728
1673, 71.71749, 0.0139436
1674, 70.0035, 0.014285
1675, 72.61004, 0.0137722
1676, 72.68868, 0.0137573
1677, 71.86076, 0.0139158
1678, 71.53229, 0.0139797
1679, 36.12756, 0.0276797
1680, 71.35212, 0.014015
1681, 71.61938, 0.0139627
1682, 72.09129, 0.0138713
1683, 71.7391, 0.0139394
1684, 71.7463, 0.013938
1685, 71.43419, 0.0139989
1686, 72.21364, 0.0138478
1687, 72.19279, 0.0138518
1688, 70.61748, 0.0141608
1689, 36.1911, 0.0276311
1690, 71.28346, 0.0140285
1691, 72.20529, 0.0138494
1692, 71.58913, 0.0139686
1693, 71.53638, 0.0139789
1694, 72.07571, 0.0138743
1695, 71.23218, 0.0140386
1696, 72.00565, 0.0138878
1697, 72.83427, 0.0137298
1698, 71.00458, 0.0140836
1699, 35.9979, 0.0277794
1700, 71.81586, 0.0139245
1701, 71.28803, 0.0140276
1702, 72.18288, 0.0138537
1703, 71.78596, 0.0139303
1704, 71.91399, 0.0139055
1705, 71.02575, 0.0140794
1706, 72.82897, 0.0137308
1707, 71.51081, 0.0139839
1708, 71.51132, 0.0139838
1709, 36.03889, 0.0277478
1710, 71.51643, 0.0139828
1711, 70.29877, 0.014225
1712, 70.55569, 0.0141732
1713, 74.88953, 0.013353
1714, 72.49477, 0.0137941
1715, 71.23471, 0.0140381
1716, 72.09857, 0.0138699
1717, 72.14383, 0.0138612
1718, 70.80499, 0.0141233
1719, 36.13892, 0.027671
1720, 71.44847, 0.0139961
1721, 72.16048, 0.013858
1722, 71.69127, 0.0139487
1723, 71.27837, 0.0140295
1724, 67.03176, 0.0149183
1725, 75.13543, 0.0133093
1726, 71.79008, 0.0139295
1727, 71.52922, 0.0139803
1728, 71.76793, 0.0139338
1729, 35.55366, 0.0281265
1730, 56.54094, 0.0176863
1731, 92.74287, 0.0107825
1732, 70.65041, 0.0141542
1733, 78.4283, 0.0127505
1734, 70.60801, 0.0141627
1735, 76.20209, 0.013123
1736, 71.7669, 0.013934
1737, 72.06584, 0.0138762
1738, 70.18184, 0.0142487
1739, 34.6968, 0.0288211
1740, 76.64891, 0.0130465
1741, 71.31854, 0.0140216
1742, 72.52631, 0.0137881
1743, 70.12721, 0.0142598
1744, 73.10316, 0.0136793
1745, 70.65639, 0.014153
1746, 71.03231, 0.0140781
1747, 69.45506, 0.0143978
1748, 61.45488, 0.0162721
1749, 39.60286, 0.0252507
1750, 76.05431, 0.0131485
1751, 72.54525, 0.0137845
1752, 65.78861, 0.0152002
1753, 76.70006, 0.0130378
1754, 72.14903, 0.0138602
1755, 74.41695, 0.0134378
1756, 71.34856, 0.0140157
1757, 72.55736, 0.0137822
1758, 71.87781, 0.0139125
1759, 70.75838, 0.0141326
1760, 35.71288, 0.0280011
1761, 71.1192, 0.0140609
1762, 74.60793, 0.0134034
1763, 71.37096, 0.0140113
1764, 42.48052, 0.0235402
1765, 140.8748, 0.0070985
1766, 86.00745, 0.0116269
1767, 73.38426, 0.0136269
1768, 72.50632, 0.0137919
1769, 22.27043, 0.0449026
