Frame, FPS, Frame Time
1, 50, 0.02
2, 50, 0.02
3, 3, 0.3333333
4, 5.479611, 0.1824947
5, 22.00273, 0.0454489
6, 108.1151, 0.0092494
7, 71.10049, 0.0140646
8, 71.98439, 0.0138919
9, 73.23325, 0.013655
10, 72.03573, 0.013882
11, 69.99615, 0.0142865
12, 71.44797, 0.0139962
13, 73.03001, 0.013693
14, 36.06476, 0.0277279
15, 72.51369, 0.0137905
16, 72.03988, 0.0138812
17, 71.1101, 0.0140627
18, 72.77544, 0.0137409
19, 71.16475, 0.0140519
20, 72.26896, 0.0138372
21, 71.95383, 0.0138978
22, 69.28374, 0.0144334
23, 71.1106, 0.0140626
24, 75.45461, 0.013253
25, 71.38421, 0.0140087
26, 70.76039, 0.0141322
27, 72.88364, 0.0137205
28, 70.86771, 0.0141108
29, 72.06895, 0.0138756
30, 71.57223, 0.0139719
31, 23.29878, 0.0429207
32, 70.09182, 0.014267
33, 79.70477, 0.0125463
34, 73.13951, 0.0136725
35, 71.12578, 0.0140596
36, 72.27627, 0.0138358
37, 72.0861, 0.0138723
38, 71.58094, 0.0139702
39, 70.71886, 0.0141405
40, 72.37618, 0.0138167
41, 71.68613, 0.0139497
42, 72.17403, 0.0138554
43, 70.19563, 0.0142459
44, 72.96075, 0.013706
45, 71.72417, 0.0139423
46, 71.65172, 0.0139564
47, 68.30461, 0.0146403
48, 75.99939, 0.013158
49, 72.2272, 0.0138452
50, 47.33638, 0.0211254
51, 71.76278, 0.0139348
52, 9.010446, 0.1109823
53, 69.82118, 0.0143223
54, 52.69093, 0.0189786
55, 128.6869, 0.0077708
56, 80.35033, 0.0124455
57, 69.75301, 0.0143363
58, 67.75068, 0.01476
59, 72.16361, 0.0138574
60, 70.39676, 0.0142052
61, 67.69794, 0.0147715
62, 70.27111, 0.0142306
63, 70.19563, 0.0142459
64, 72.18288, 0.0138537
65, 72.4622, 0.0138003
66, 70.92048, 0.0141003
67, 71.286, 0.014028
68, 71.99994, 0.0138889
69, 70.22077, 0.0142408
70, 75.92438, 0.013171
71, 70.44486, 0.0141955
72, 72.40868, 0.0138105
73, 71.41174, 0.0140033
74, 69.42178, 0.0144047
75, 73.69468, 0.0135695
76, 71.884, 0.0139113
77, 70.38883, 0.0142068
78, 72.89693, 0.013718
79, 71.67226, 0.0139524
80, 71.0313, 0.0140783
81, 34.98338, 0.028585
82, 71.40919, 0.0140038
83, 75.31765, 0.0132771
84, 70.4538, 0.0141937
85, 74.12459, 0.0134908
86, 71.92692, 0.013903
87, 70.6105, 0.0141622
88, 72.03469, 0.0138822
89, 71.04897, 0.0140748
90, 71.70412, 0.0139462
91, 71.03837, 0.0140769
92, 72.59054, 0.0137759
93, 71.19566, 0.0140458
94, 71.43775, 0.0139982
95, 70.58857, 0.0141666
96, 73.78004, 0.0135538
97, 35.85013, 0.0278939
98, 68.7635, 0.0145426
99, 74.3196, 0.0134554
100, 71.87729, 0.0139126
101, 70.61349, 0.0141616
102, 73.22038, 0.0136574
103, 70.87424, 0.0141095
104, 71.86076, 0.0139158
105, 71.45613, 0.0139946
106, 72.26321, 0.0138383
107, 72.61636, 0.013771
108, 71.51234, 0.0139836
109, 60.89615, 0.0164214
110, 86.14748, 0.011608
111, 74.1158, 0.0134924
112, 71.86645, 0.0139147
113, 71.56557, 0.0139732
114, 65.63273, 0.0152363
115, 79.34745, 0.0126028
116, 71.9021, 0.0139078
117, 5.488791, 0.1821895
118, 23.2556, 0.0430004
119, 34.54637, 0.0289466
120, 40.73403, 0.0245495
121, 72.52105, 0.0137891
122, 71.79524, 0.0139285
123, 70.50893, 0.0141826
124, 71.86438, 0.0139151
125, 35.87032, 0.0278782
126, 72.383, 0.0138154
127, 71.57377, 0.0139716
128, 70.58707, 0.0141669
129, 72.20321, 0.0138498
130, 72.43909, 0.0138047
131, 70.925, 0.0140994
132, 73.05296, 0.0136887
133, 70.47067, 0.0141903
134, 71.53075, 0.01398
135, 36.16859, 0.0276483
136, 70.50396, 0.0141836
137, 72.70454, 0.0137543
138, 71.46532, 0.0139928
139, 72.36571, 0.0138187
140, 71.55943, 0.0139744
141, 70.77892, 0.0141285
142, 72.49161, 0.0137947
143, 71.40766, 0.0140041
144, 71.99943, 0.013889
145, 71.92278, 0.0139038
146, 72.17351, 0.0138555
147, 71.52462, 0.0139812
148, 71.26872, 0.0140314
149, 72.80617, 0.0137351
150, 71.37504, 0.0140105
151, 71.73602, 0.01394
152, 72.01134, 0.0138867
153, 71.93313, 0.0139018
154, 71.15564, 0.0140537
155, 71.33075, 0.0140192
156, 71.53075, 0.01398
157, 73.17805, 0.0136653
158, 71.63888, 0.0139589
159, 72.0404, 0.0138811
160, 71.78236, 0.013931
161, 71.27431, 0.0140303
162, 71.66763, 0.0139533
163, 71.13792, 0.0140572
164, 72.34947, 0.0138218
165, 72.06584, 0.0138762
166, 70.68536, 0.0141472
167, 72.05389, 0.0138785
168, 72.46114, 0.0138005
169, 72.12874, 0.0138641
170, 72.12093, 0.0138656
171, 71.41378, 0.0140029
172, 71.97144, 0.0138944
173, 71.85715, 0.0139165
174, 70.82103, 0.0141201
175, 73.15611, 0.0136694
176, 71.17793, 0.0140493
177, 71.82102, 0.0139235
178, 71.87212, 0.0139136
179, 72.06688, 0.013876
180, 71.81329, 0.013925
181, 71.70978, 0.0139451
182, 71.70515, 0.013946
183, 71.80142, 0.0139273
184, 70.71185, 0.0141419
185, 71.60759, 0.013965
186, 73.2429, 0.0136532
187, 71.75506, 0.0139363
188, 71.08129, 0.0140684
189, 72.90277, 0.0137169
190, 71.15868, 0.0140531
191, 72.02483, 0.0138841
192, 70.26173, 0.0142325
193, 73.15824, 0.013669
194, 71.84837, 0.0139182
195, 72.41549, 0.0138092
196, 71.30989, 0.0140233
197, 72.24755, 0.0138413
198, 71.78391, 0.0139307
199, 71.29769, 0.0140257
200, 71.89435, 0.0139093
201, 72.07051, 0.0138753
202, 71.7144, 0.0139442
203, 71.71132, 0.0139448
204, 71.82154, 0.0139234
205, 71.7566, 0.013936
206, 72.29404, 0.0138324
207, 71.14248, 0.0140563
208, 72.29717, 0.0138318
209, 70.56764, 0.0141708
210, 72.27522, 0.013836
211, 72.77173, 0.0137416
212, 71.62914, 0.0139608
213, 71.93054, 0.0139023
214, 71.70927, 0.0139452
215, 70.81601, 0.0141211
216, 72.48163, 0.0137966
217, 71.83134, 0.0139215
218, 72.20164, 0.0138501
219, 71.74579, 0.0139381
220, 71.25095, 0.0140349
221, 71.28905, 0.0140274
222, 72.75373, 0.013745
223, 71.76948, 0.0139335
224, 69.99468, 0.0142868
225, 73.33852, 0.0136354
226, 71.77772, 0.0139319
227, 71.19971, 0.014045
228, 71.61682, 0.0139632
229, 72.80511, 0.0137353
230, 35.15804, 0.028443
231, 69.43384, 0.0144022
232, 33.69897, 0.0296745
233, 75.91862, 0.013172
234, 82.84249, 0.0120711
235, 69.91687, 0.0143027
236, 75.21568, 0.0132951
237, 70.78744, 0.0141268
238, 72.89745, 0.0137179
239, 71.604, 0.0139657
240, 71.48729, 0.0139885
241, 71.06815, 0.014071
242, 36.10695, 0.0276955
243, 71.77308, 0.0139328
244, 70.63245, 0.0141578
245, 73.03695, 0.0136917
246, 71.80194, 0.0139272
247, 71.96523, 0.0138956
248, 70.98643, 0.0140872
249, 72.19331, 0.0138517
250, 71.89745, 0.0139087
251, 70.63194, 0.0141579
252, 35.95234, 0.0278146
253, 71.65326, 0.0139561
254, 72.70506, 0.0137542
255, 70.33635, 0.0142174
256, 73.77351, 0.013555
257, 71.33787, 0.0140178
258, 72.26896, 0.0138372
259, 71.01113, 0.0140823
260, 70.70536, 0.0141432
261, 72.67442, 0.01376
262, 36.06242, 0.0277297
263, 71.09291, 0.0140661
264, 72.35471, 0.0138208
265, 72.44749, 0.0138031
266, 71.53383, 0.0139794
267, 71.8267, 0.0139224
268, 71.46992, 0.0139919
269, 71.73705, 0.0139398
270, 58.74129, 0.0170238
271, 63.11418, 0.0158443
272, 43.65726, 0.0229057
273, 71.35212, 0.014015
274, 72.39137, 0.0138138
275, 70.80347, 0.0141236
276, 72.77914, 0.0137402
277, 71.51848, 0.0139824
278, 72.18497, 0.0138533
279, 71.36893, 0.0140117
280, 71.81483, 0.0139247
281, 70.74137, 0.014136
282, 36.07178, 0.0277225
283, 72.38352, 0.0138153
284, 71.15766, 0.0140533
285, 72.15424, 0.0138592
286, 71.66506, 0.0139538
287, 72.03625, 0.0138819
288, 72.07311, 0.0138748
289, 71.72109, 0.0139429
290, 71.81947, 0.0139238
291, 70.11934, 0.0142614
292, 36.34249, 0.027516
293, 70.59056, 0.0141662
294, 72.63694, 0.0137671
295, 71.82618, 0.0139225
296, 71.39542, 0.0140065
297, 71.39848, 0.0140059
298, 71.87419, 0.0139132
299, 71.94296, 0.0138999
300, 71.65326, 0.0139561
301, 69.76322, 0.0143342
302, 33.50566, 0.0298457
303, 72.59581, 0.0137749
304, 86.46106, 0.0115659
305, 70.81401, 0.0141215
306, 72.85338, 0.0137262
307, 71.53946, 0.0139783
308, 72.07415, 0.0138746
309, 71.10504, 0.0140637
310, 72.10533, 0.0138686
311, 70.75889, 0.0141325
312, 36.22296, 0.0276068
313, 71.56403, 0.0139735
314, 70.92349, 0.0140997
315, 72.5058, 0.013792
316, 72.41444, 0.0138094
317, 71.28346, 0.0140285
318, 72.11157, 0.0138674
319, 71.82412, 0.0139229
320, 70.5791, 0.0141685
321, 72.70031, 0.0137551
322, 36.08089, 0.0277155
323, 70.72936, 0.0141384
324, 71.24791, 0.0140355
325, 72.56631, 0.0137805
326, 72.07156, 0.0138751
327, 72.20008, 0.0138504
328, 71.60349, 0.0139658
329, 72.21468, 0.0138476
330, 71.72984, 0.0139412
331, 69.40396, 0.0144084
332, 36.53368, 0.027372
333, 70.50645, 0.0141831
334, 72.59001, 0.013776
335, 71.46175, 0.0139935
336, 72.1532, 0.0138594
337, 70.54027, 0.0141763
338, 73.6236, 0.0135826
339, 72.25747, 0.0138394
340, 71.82618, 0.0139225
341, 71.02827, 0.0140789
342, 36.11112, 0.0276923
343, 70.95621, 0.0140932
344, 72.0513, 0.013879
345, 72.12509, 0.0138648
346, 72.13966, 0.013862
347, 70.93809, 0.0140968
348, 72.59686, 0.0137747
349, 70.89031, 0.0141063
350, 71.54765, 0.0139767
351, 69.69224, 0.0143488
352, 33.57068, 0.0297879
353, 72.48373, 0.0137962
354, 86.722, 0.0115311
355, 71.31548, 0.0140222
356, 72.57474, 0.0137789
357, 72.01809, 0.0138854
358, 67.62834, 0.0147867
359, 76.42689, 0.0130844
360, 72.1709, 0.013856
361, 70.75789, 0.0141327
362, 35.93051, 0.0278315
363, 72.23659, 0.0138434
364, 72.37775, 0.0138164
365, 71.6887, 0.0139492
366, 71.30836, 0.0140236
367, 72.16465, 0.0138572
368, 72.15528, 0.013859
369, 71.15361, 0.0140541
370, 72.40238, 0.0138117
371, 69.22188, 0.0144463
372, 36.27987, 0.0275635
373, 72.7056, 0.0137541
374, 71.17438, 0.01405
375, 72.27104, 0.0138368
376, 71.74219, 0.0139388
377, 71.80865, 0.0139259
378, 71.83546, 0.0139207
379, 71.67585, 0.0139517
380, 72.03625, 0.0138819
381, 71.29769, 0.0140257
382, 35.91103, 0.0278466
383, 72.66914, 0.013761
384, 71.84734, 0.0139184
385, 71.28651, 0.0140279
386, 72.16673, 0.0138568
387, 71.06512, 0.0140716
388, 72.67442, 0.01376
389, 71.94555, 0.0138994
390, 70.93456, 0.0140975
391, 71.88245, 0.0139116
392, 36.0398, 0.0277471
393, 71.07068, 0.0140705
394, 72.63061, 0.0137683
395, 72.12302, 0.0138652
396, 71.35009, 0.0140154
397, 72.23399, 0.0138439
398, 71.77669, 0.0139321
399, 71.62144, 0.0139623
400, 71.36129, 0.0140132
401, 71.56403, 0.0139735
402, 36.19896, 0.0276251
403, 69.77539, 0.0143317
404, 72.02691, 0.0138837
405, 72.15372, 0.0138593
406, 72.70612, 0.013754
407, 71.28498, 0.0140282
408, 72.44802, 0.013803
409, 71.68819, 0.0139493
410, 71.75145, 0.013937
411, 69.55022, 0.0143781
412, 33.3911, 0.0299481
413, 74.18398, 0.01348
414, 86.15639, 0.0116068
415, 71.82412, 0.0139229
416, 71.73241, 0.0139407
417, 71.78287, 0.0139309
418, 71.11566, 0.0140616
419, 72.59212, 0.0137756
420, 71.33176, 0.014019
421, 71.67739, 0.0139514
422, 35.55935, 0.028122
423, 73.17001, 0.0136668
424, 72.42598, 0.0138072
425, 71.77051, 0.0139333
426, 71.6358, 0.0139595
427, 71.69846, 0.0139473
428, 72.06792, 0.0138758
429, 71.91761, 0.0139048
430, 70.66689, 0.0141509
431, 72.42021, 0.0138083
432, 35.91283, 0.0278452
433, 72.16205, 0.0138577
434, 71.62041, 0.0139625
435, 71.21493, 0.014042
436, 72.06532, 0.0138763
437, 72.50738, 0.0137917
438, 71.84682, 0.0139185
439, 71.08078, 0.0140685
440, 72.62798, 0.0137688
441, 69.66796, 0.0143538
442, 36.47119, 0.0274189
443, 70.64442, 0.0141554
444, 72.94691, 0.0137086
445, 71.81792, 0.0139241
446, 70.67338, 0.0141496
447, 72.36099, 0.0138196
448, 72.39819, 0.0138125
449, 71.84528, 0.0139188
450, 71.49087, 0.0139878
451, 71.07624, 0.0140694
452, 36.1478, 0.0276642
453, 71.57889, 0.0139706
454, 72.2225, 0.0138461
455, 70.54575, 0.0141752
456, 72.3343, 0.0138247
457, 72.37775, 0.0138164
458, 70.80147, 0.014124
459, 71.37759, 0.01401
460, 71.90003, 0.0139082
461, 70.2558, 0.0142337
462, 33.4209, 0.0299214
463, 72.49477, 0.0137941
464, 88.6973, 0.0112743
465, 71.43571, 0.0139986
466, 71.96368, 0.0138959
467, 70.87273, 0.0141098
468, 71.57478, 0.0139714
469, 72.65699, 0.0137633
470, 71.84579, 0.0139187
471, 71.05907, 0.0140728
472, 35.91735, 0.0278417
473, 71.22152, 0.0140407
474, 73.5386, 0.0135983
475, 72.24493, 0.0138418
476, 71.67842, 0.0139512
477, 71.79627, 0.0139283
478, 72.41759, 0.0138088
479, 71.2921, 0.0140268
480, 72.59581, 0.0137749
481, 70.84762, 0.0141148
482, 35.67823, 0.0280283
483, 73.37403, 0.0136288
484, 71.65377, 0.013956
485, 71.56403, 0.0139735
486, 72.37618, 0.0138167
487, 71.50979, 0.0139841
488, 70.5562, 0.0141731
489, 73.03001, 0.013693
490, 71.61579, 0.0139634
491, 70.90187, 0.014104
492, 36.07217, 0.0277222
493, 72.36937, 0.013818
494, 71.53434, 0.0139793
495, 72.17142, 0.0138559
496, 71.83083, 0.0139216
497, 71.74116, 0.013939
498, 71.8334, 0.0139211
499, 71.48116, 0.0139897
500, 72.04767, 0.0138797
501, 69.71265, 0.0143446
502, 36.38481, 0.027484
503, 72.14955, 0.0138601
504, 71.65274, 0.0139562
505, 71.67329, 0.0139522
506, 70.89835, 0.0141047
507, 72.56947, 0.0137799
508, 71.84528, 0.0139188
509, 71.65479, 0.0139558
510, 69.13335, 0.0144648
511, 72.24598, 0.0138416
512, 33.85756, 0.0295355
513, 70.32893, 0.0142189
514, 88.76422, 0.0112658
515, 71.1187, 0.014061
516, 72.00047, 0.0138888
517, 71.53485, 0.0139792
518, 71.8959, 0.013909
519, 72.21312, 0.0138479
520, 71.25704, 0.0140337
521, 68.92178, 0.0145092
522, 36.88268, 0.027113
523, 71.70567, 0.0139459
524, 71.68613, 0.0139497
525, 71.92485, 0.0139034
526, 71.8071, 0.0139262
527, 71.43877, 0.013998
528, 72.43437, 0.0138056
529, 71.71697, 0.0139437
530, 71.93831, 0.0139008
531, 69.38807, 0.0144117
532, 36.56374, 0.0273495
533, 70.96024, 0.0140924
534, 59.48203, 0.0168118
535, 57.88109, 0.0172768
536, 126.9519, 0.007877
537, 72.70929, 0.0137534
538, 72.3521, 0.0138213
539, 72.1433, 0.0138613
540, 71.0414, 0.0140763
541, 71.91709, 0.0139049
542, 36.10513, 0.0276969
543, 71.10504, 0.0140637
544, 72.52263, 0.0137888
545, 71.51694, 0.0139827
546, 71.45511, 0.0139948
547, 72.48531, 0.0137959
548, 71.96471, 0.0138957
549, 71.4735, 0.0139912
550, 71.40103, 0.0140054
551, 70.66389, 0.0141515
552, 36.43824, 0.0274437
553, 67.83939, 0.0147407
554, 74.92433, 0.0133468
555, 72.03521, 0.0138821
556, 71.6887, 0.0139492
557, 70.2716, 0.0142305
558, 73.33905, 0.0136353
559, 70.7664, 0.014131
560, 73.5478, 0.0135966
561, 68.62711, 0.0145715
562, 33.97235, 0.0294357
563, 73.30949, 0.0136408
564, 83.47663, 0.0119794
565, 72.31547, 0.0138283
566, 71.8138, 0.0139249
567, 71.31142, 0.014023
568, 72.04144, 0.0138809
569, 71.54867, 0.0139765
570, 72.47427, 0.013798
571, 71.09898, 0.0140649
572, 35.99077, 0.0277849
573, 71.50877, 0.0139843
574, 72.27784, 0.0138355
575, 70.9401, 0.0140964
576, 72.56631, 0.0137805
577, 71.77721, 0.013932
578, 71.21239, 0.0140425
579, 69.54441, 0.0143793
580, 75.18684, 0.0133002
581, 71.27837, 0.0140295
582, 36.17696, 0.0276419
583, 71.76278, 0.0139348
584, 72.18237, 0.0138538
585, 71.5835, 0.0139697
586, 70.93204, 0.014098
587, 72.34686, 0.0138223
588, 71.28397, 0.0140284
589, 72.17976, 0.0138543
590, 72.4538, 0.0138019
591, 70.64442, 0.0141554
592, 36.26749, 0.0275729
593, 71.05805, 0.014073
594, 72.07415, 0.0138746
595, 72.14695, 0.0138606
596, 71.38013, 0.0140095
597, 72.22094, 0.0138464
598, 71.66712, 0.0139534
599, 70.69036, 0.0141462
600, 73.02415, 0.0136941
601, 71.09746, 0.0140652
602, 36.16846, 0.0276484
603, 71.38829, 0.0140079
604, 72.19747, 0.0138509
605, 70.48409, 0.0141876
606, 72.2345, 0.0138438
607, 71.70824, 0.0139454
608, 72.2747, 0.0138361
609, 69.75933, 0.014335
610, 73.55159, 0.0135959
611, 69.94181, 0.0142976
612, 33.7815, 0.029602
613, 73.73761, 0.0135616
614, 83.28891, 0.0120064
615, 72.08922, 0.0138717
616, 71.19566, 0.0140458
617, 72.11677, 0.0138664
618, 70.45776, 0.0141929
619, 73.18179, 0.0136646
620, 72.73732, 0.0137481
621, 69.84655, 0.0143171
622, 36.43837, 0.0274436
623, 71.02727, 0.0140791
624, 71.8205, 0.0139236
625, 71.65993, 0.0139548
626, 71.29362, 0.0140265
627, 72.17715, 0.0138548
628, 72.56683, 0.0137804
629, 71.83908, 0.01392
630, 71.97092, 0.0138945
631, 70.85464, 0.0141134
632, 35.91928, 0.0278402
633, 72.88523, 0.0137202
634, 71.72829, 0.0139415
635, 71.88711, 0.0139107
636, 71.47146, 0.0139916
637, 70.60252, 0.0141638
638, 72.39662, 0.0138128
639, 72.9714, 0.013704
640, 71.64452, 0.0139578
641, 71.0308, 0.0140784
642, 36.07204, 0.0277223
643, 71.79575, 0.0139284
644, 71.49751, 0.0139865
645, 71.95021, 0.0138985
646, 72.29665, 0.0138319
647, 70.90087, 0.0141042
648, 72.36832, 0.0138182
649, 71.66148, 0.0139545
650, 72.28619, 0.0138339
651, 71.06109, 0.0140724
652, 36.06515, 0.0277276
653, 71.57223, 0.0139719
654, 72.14071, 0.0138618
655, 71.96833, 0.013895
656, 69.83923, 0.0143186
657, 73.33636, 0.0136358
658, 72.47007, 0.0137988
659, 71.34754, 0.0140159
660, 72.35576, 0.0138206
661, 71.28143, 0.0140289
662, 36.15551, 0.0276583
663, 71.5195, 0.0139822
664, 71.70412, 0.0139462
665, 71.47146, 0.0139916
666, 72.30658, 0.01383
667, 71.72058, 0.013943
668, 71.79885, 0.0139278
669, 71.46481, 0.0139929
670, 71.67585, 0.0139517
671, 71.86645, 0.0139147
672, 36.16061, 0.0276544
673, 70.73787, 0.0141367
674, 72.40868, 0.0138105
675, 72.21207, 0.0138481
676, 71.40052, 0.0140055
677, 72.45484, 0.0138017
678, 71.2408, 0.0140369
679, 72.34634, 0.0138224
680, 71.51541, 0.013983
681, 71.31854, 0.0140216
682, 36.08167, 0.0277149
683, 70.69136, 0.014146
684, 73.07591, 0.0136844
685, 71.79524, 0.0139285
686, 71.34703, 0.014016
687, 72.39871, 0.0138124
688, 71.6625, 0.0139543
689, 72.34006, 0.0138236
690, 71.54099, 0.013978
691, 70.89735, 0.0141049
692, 36.05761, 0.0277334
693, 71.77463, 0.0139325
694, 72.12041, 0.0138657
695, 71.74425, 0.0139384
696, 71.64658, 0.0139574
697, 72.25903, 0.0138391
698, 68.35364, 0.0146298
699, 75.52357, 0.0132409
700, 71.0313, 0.0140783
701, 71.42245, 0.0140012
702, 36.31728, 0.0275351
703, 70.94664, 0.0140951
704, 72.00357, 0.0138882
705, 72.08922, 0.0138717
706, 71.66558, 0.0139537
707, 70.80347, 0.0141236
708, 71.96678, 0.0138953
709, 73.1454, 0.0136714
710, 71.06967, 0.0140707
711, 71.48321, 0.0139893
712, 36.24488, 0.0275901
713, 70.26469, 0.0142319
714, 72.59792, 0.0137745
715, 71.60861, 0.0139648
716, 70.89333, 0.0141057
717, 73.31754, 0.0136393
718, 70.33833, 0.014217
719, 73.30841, 0.013641
720, 71.77102, 0.0139332
721, 70.99097, 0.0140863
722, 36.06983, 0.027724
723, 71.57838, 0.0139707
724, 72.19852, 0.0138507
725, 72.11157, 0.0138674
726, 71.5236, 0.0139814
727, 71.99372, 0.0138901
728, 71.83031, 0.0139217
729, 71.30531, 0.0140242
730, 72.21625, 0.0138473
731, 71.29261, 0.0140267
732, 36.20407, 0.0276212
733, 70.79044, 0.0141262
734, 71.56249, 0.0139738
735, 71.07877, 0.0140689
736, 71.24334, 0.0140364
737, 73.1347, 0.0136734
738, 71.59068, 0.0139683
739, 72.34058, 0.0138235
740, 71.31651, 0.014022
741, 70.34377, 0.0142159
742, 33.54928, 0.0298069
743, 74.30746, 0.0134576
744, 83.27435, 0.0120085
745, 72.23502, 0.0138437
746, 71.85767, 0.0139164
747, 71.61272, 0.013964
748, 71.89951, 0.0139083
749, 72.20113, 0.0138502
750, 68.89235, 0.0145154
751, 74.23685, 0.0134704
752, 36.15277, 0.0276604
753, 71.13337, 0.0140581
754, 72.01601, 0.0138858
755, 72.26112, 0.0138387
756, 71.52615, 0.0139809
757, 70.79947, 0.0141244
758, 73.45757, 0.0136133
759, 70.97937, 0.0140886
760, 71.8959, 0.013909
761, 71.73241, 0.0139407
762, 36.12769, 0.0276796
763, 71.17995, 0.0140489
764, 71.624, 0.0139618
765, 71.58401, 0.0139696
766, 72.76325, 0.0137432
767, 71.74116, 0.013939
768, 71.41735, 0.0140022
769, 72.40029, 0.0138121
770, 71.3781, 0.0140099
771, 71.05452, 0.0140737
772, 36.0632, 0.0277291
773, 71.87522, 0.013913
774, 70.25679, 0.0142335
775, 72.88417, 0.0137204
776, 72.46324, 0.0138001
777, 71.46941, 0.013992
778, 70.89735, 0.0141049
779, 72.37408, 0.0138171
780, 71.31142, 0.014023
781, 68.78004, 0.0145391
782, 32.61738, 0.0306585
783, 78.79972, 0.0126904
784, 87.96003, 0.0113688
785, 71.4352, 0.0139987
786, 71.7803, 0.0139314
787, 72.46167, 0.0138004
788, 72.30815, 0.0138297
789, 35.2827, 0.0283425
790, 74.58901, 0.0134068
791, 35.93916, 0.0278248
792, 71.00558, 0.0140834
793, 72.27784, 0.0138355
794, 71.80555, 0.0139265
795, 58.88345, 0.0169827
796, 59.15375, 0.0169051
797, 124.471, 0.008034
798, 72.08974, 0.0138716
799, 72.27679, 0.0138357
800, 70.46819, 0.0141908
801, 36.08753, 0.0277104
802, 72.11053, 0.0138676
803, 71.65274, 0.0139562
804, 71.79472, 0.0139286
805, 71.98439, 0.0138919
806, 71.61426, 0.0139637
807, 71.83237, 0.0139213
808, 71.45562, 0.0139947
809, 72.68868, 0.0137573
810, 70.92551, 0.0140993
811, 36.01358, 0.0277673
812, 70.6549, 0.0141533
813, 72.48898, 0.0137952
814, 71.0722, 0.0140702
815, 71.49802, 0.0139864
816, 72.61268, 0.0137717
817, 72.09753, 0.0138701
818, 71.01517, 0.0140815
819, 72.49949, 0.0137932
820, 68.8307, 0.0145284
821, 33.56977, 0.0297887
822, 75.50076, 0.0132449
823, 84.05128, 0.0118975
824, 71.85973, 0.013916
825, 71.89538, 0.0139091
826, 71.40613, 0.0140044
827, 71.82876, 0.013922
828, 71.89693, 0.0139088
829, 71.62554, 0.0139615
830, 71.24892, 0.0140353
831, 36.38891, 0.0274809
832, 70.86871, 0.0141106
833, 72.0295, 0.0138832
834, 71.70824, 0.0139454
835, 72.29142, 0.0138329
836, 71.44592, 0.0139966
837, 72.10221, 0.0138692
838, 71.20834, 0.0140433
839, 72.08714, 0.0138721
840, 71.23167, 0.0140387
841, 35.93761, 0.027826
842, 72.4412, 0.0138043
843, 71.42142, 0.0140014
844, 71.98077, 0.0138926
845, 71.48627, 0.0139887
846, 69.44589, 0.0143997
847, 75.14333, 0.0133079
848, 72.1532, 0.0138594
849, 71.24841, 0.0140354
850, 71.12274, 0.0140602
851, 36.27447, 0.0275676
852, 71.11617, 0.0140615
853, 72.20947, 0.0138486
854, 70.87875, 0.0141086
855, 72.08714, 0.0138721
856, 71.61375, 0.0139638
857, 70.63344, 0.0141576
858, 73.44139, 0.0136163
859, 70.79345, 0.0141256
860, 69.56425, 0.0143752
861, 33.09198, 0.0302188
862, 72.9991, 0.0136988
863, 90.77376, 0.0110164
864, 71.94452, 0.0138996
865, 71.08129, 0.0140684
866, 72.43175, 0.0138061
867, 70.88528, 0.0141073
868, 71.57121, 0.0139721
869, 72.25433, 0.01384
870, 70.41113, 0.0142023
871, 36.22873, 0.0276024
872, 73.05349, 0.0136886
873, 70.77642, 0.014129
874, 72.66492, 0.0137618
875, 71.9761, 0.0138935
876, 71.64299, 0.0139581
877, 71.69178, 0.0139486
878, 71.63016, 0.0139606
879, 70.54823, 0.0141747
880, 69.22571, 0.0144455
881, 36.87873, 0.0271159
882, 72.48215, 0.0137965
883, 72.19486, 0.0138514
884, 71.39491, 0.0140066
885, 71.61682, 0.0139632
886, 72.1355, 0.0138628
887, 71.5584, 0.0139746
888, 67.80213, 0.0147488
889, 76.60487, 0.013054
890, 70.78944, 0.0141264
891, 36.16205, 0.0276533
892, 71.38982, 0.0140076
893, 72.04819, 0.0138796
894, 71.84218, 0.0139194
895, 71.40205, 0.0140052
896, 72.17767, 0.0138547
897, 71.96937, 0.0138948
898, 71.93417, 0.0139016
899, 71.79266, 0.013929
900, 71.28194, 0.0140288
901, 35.82072, 0.0279168
902, 72.74368, 0.0137469
903, 71.74374, 0.0139385
904, 69.6059, 0.0143666
905, 74.6497, 0.0133959
906, 70.28197, 0.0142284
907, 72.6834, 0.0137583
908, 72.34163, 0.0138233
909, 71.42347, 0.014001
910, 71.28956, 0.0140273
911, 35.35993, 0.0282806
912, 74.08176, 0.0134986
913, 72.43542, 0.0138054
914, 71.79214, 0.0139291
915, 71.02071, 0.0140804
916, 72.32332, 0.0138268
917, 71.65685, 0.0139554
918, 71.6887, 0.0139492
919, 71.98802, 0.0138912
920, 69.87144, 0.014312
921, 33.44347, 0.0299012
922, 73.79801, 0.0135505
923, 86.15565, 0.0116069
924, 71.42908, 0.0139999
925, 71.5794, 0.0139705
926, 72.14278, 0.0138614
927, 71.49138, 0.0139877
928, 71.52206, 0.0139817
929, 72.08818, 0.0138719
930, 71.18501, 0.0140479
931, 36.0285, 0.0277558
932, 72.17976, 0.0138543
933, 71.65736, 0.0139553
934, 71.65326, 0.0139561
935, 71.66763, 0.0139533
936, 72.46902, 0.013799
937, 71.6738, 0.0139521
938, 71.83031, 0.0139217
939, 71.17995, 0.0140489
940, 70.71835, 0.0141406
941, 36.52354, 0.0273796
942, 71.00306, 0.0140839
943, 71.82825, 0.0139221
944, 68.86626, 0.0145209
945, 75.36647, 0.0132685
946, 71.95642, 0.0138973
947, 70.79797, 0.0141247
948, 72.41235, 0.0138098
949, 72.07519, 0.0138744
950, 70.82906, 0.0141185
951, 36.29342, 0.0275532
952, 70.4672, 0.014191
953, 71.65891, 0.013955
954, 72.24442, 0.0138419
955, 71.48525, 0.0139889
956, 72.24702, 0.0138414
957, 70.79846, 0.0141246
958, 72.84276, 0.0137282
959, 71.75197, 0.0139369
960, 69.47195, 0.0143943
961, 33.46037, 0.0298861
962, 75.33922, 0.0132733
963, 83.59317, 0.0119627
964, 72.25486, 0.0138399
965, 71.60452, 0.0139656
966, 71.75145, 0.013937
967, 72.11781, 0.0138662
968, 71.68768, 0.0139494
969, 71.28905, 0.0140274
970, 70.45975, 0.0141925
971, 36.4182, 0.0274588
972, 71.9585, 0.0138969
973, 71.55686, 0.0139749
974, 71.62452, 0.0139617
975, 71.71286, 0.0139445
976, 72.07727, 0.013874
977, 71.19211, 0.0140465
978, 72.4454, 0.0138035
979, 71.8556, 0.0139168
980, 71.09039, 0.0140666
981, 36.1877, 0.0276337
982, 71.07775, 0.0140691
983, 71.40868, 0.0140039
984, 71.84837, 0.0139182
985, 72.36728, 0.0138184
986, 69.72334, 0.0143424
987, 74.01102, 0.0135115
988, 71.45358, 0.0139951
989, 72.12717, 0.0138644
990, 71.2672, 0.0140317
991, 36.42908, 0.0274506
992, 71.16425, 0.014052
993, 71.6625, 0.0139543
994, 72.03728, 0.0138817
995, 71.5149, 0.0139831
996, 72.29507, 0.0138322
997, 71.27736, 0.0140297
998, 72.04559, 0.0138801
999, 71.26974, 0.0140312
1000, 71.48321, 0.0139893
1001, 36.16283, 0.0276527
1002, 71.30735, 0.0140238
1003, 72.09441, 0.0138707
1004, 71.98232, 0.0138923
1005, 71.79369, 0.0139288
1006, 72.04455, 0.0138803
1007, 71.68665, 0.0139496
1008, 70.57014, 0.0141703
1009, 72.55788, 0.0137821
1010, 67.39044, 0.0148389
1011, 37.42655, 0.026719
1012, 71.18907, 0.0140471
1013, 71.72263, 0.0139426
1014, 71.18198, 0.0140485
1015, 72.22511, 0.0138456
1016, 72.08247, 0.013873
1017, 72.07259, 0.0138749
1018, 70.85063, 0.0141142
1019, 73.22789, 0.013656
1020, 71.03534, 0.0140775
1021, 35.95596, 0.0278118
1022, 72.08818, 0.0138719
1023, 71.58094, 0.0139702
1024, 71.50519, 0.013985
1025, 72.43962, 0.0138046
1026, 72.05338, 0.0138786
1027, 70.98995, 0.0140865
1028, 72.40134, 0.0138119
1029, 72.16673, 0.0138568
1030, 71.31345, 0.0140226
1031, 36.07542, 0.0277197
1032, 69.94376, 0.0142972
1033, 73.43438, 0.0136176
1034, 71.37759, 0.01401
1035, 70.96124, 0.0140922
1036, 73.35358, 0.0136326
1037, 71.62605, 0.0139614
1038, 71.93054, 0.0139023
1039, 72.09597, 0.0138704
1040, 71.09998, 0.0140647
1041, 35.957, 0.027811
1042, 69.16873, 0.0144574
1043, 74.15372, 0.0134855
1044, 72.79398, 0.0137374
1045, 71.9761, 0.0138935
1046, 71.71492, 0.0139441
1047, 70.74538, 0.0141352
1048, 72.0155, 0.0138859
1049, 70.13803, 0.0142576
1050, 74.32126, 0.0134551
1051, 36.23372, 0.0275986
1052, 70.75138, 0.014134
1053, 72.1381, 0.0138623
1054, 71.65942, 0.0139549
1055, 71.43061, 0.0139996
1056, 72.25538, 0.0138398
1057, 71.8556, 0.0139168
1058, 55.8232, 0.0179137
1059, 41.02749, 0.0243739
1060, 37.05227, 0.0269889
1061, 70.57761, 0.0141688
1062, 71.89899, 0.0139084
1063, 72.02068, 0.0138849
1064, 70.81, 0.0141223
1065, 72.23085, 0.0138445
1066, 71.80813, 0.013926
1067, 70.26962, 0.0142309
1068, 74.02966, 0.0135081
1069, 70.81601, 0.0141211
1070, 35.99181, 0.0277841
1071, 71.47196, 0.0139915
1072, 72.4328, 0.0138059
1073, 70.4677, 0.0141909
1074, 73.13898, 0.0136726
1075, 70.54723, 0.0141749
1076, 72.99537, 0.0136995
1077, 71.83495, 0.0139208
1078, 72.18757, 0.0138528
1079, 70.86771, 0.0141108
1080, 36.10304, 0.0276985
1081, 70.97282, 0.0140899
1082, 72.43752, 0.013805
1083, 71.89951, 0.0139083
1084, 71.68562, 0.0139498
1085, 71.54611, 0.013977
1086, 72.18393, 0.0138535
1087, 71.94555, 0.0138994
1088, 71.18147, 0.0140486
1089, 71.96471, 0.0138957
1090, 36.0848, 0.0277125
1091, 71.40205, 0.0140052
1092, 71.88814, 0.0139105
1093, 71.57325, 0.0139717
1094, 71.99787, 0.0138893
1095, 71.70206, 0.0139466
1096, 71.68253, 0.0139504
1097, 72.16413, 0.0138573
1098, 70.90942, 0.0141025
1099, 72.27261, 0.0138365
1100, 36.09939, 0.0277013
1101, 71.37708, 0.0140101
1102, 72.1532, 0.0138594
1103, 71.42959, 0.0139998
1104, 72.1329, 0.0138633
1105, 71.74579, 0.0139381
1106, 71.52666, 0.0139808
1107, 72.63272, 0.0137679
1108, 71.20681, 0.0140436
1109, 71.3043, 0.0140244
1110, 36.31491, 0.0275369
1111, 70.49601, 0.0141852
1112, 72.41707, 0.0138089
1113, 71.87936, 0.0139122
1114, 71.64401, 0.0139579
1115, 71.87057, 0.0139139
1116, 71.85353, 0.0139172
1117, 71.6081, 0.0139649
1118, 71.64042, 0.0139586
1119, 70.40419, 0.0142037
1120, 36.5727, 0.0273428
1121, 70.90087, 0.0141042
1122, 72.04819, 0.0138796
1123, 71.78545, 0.0139304
1124, 71.96212, 0.0138962
1125, 71.6815, 0.0139506
1126, 71.47963, 0.01399
1127, 72.36885, 0.0138181
1128, 70.9074, 0.0141029
1129, 71.07825, 0.014069
1130, 36.35835, 0.027504
1131, 71.17286, 0.0140503
1132, 72.43962, 0.0138046
1133, 71.47401, 0.0139911
1134, 71.9409, 0.0139003
1135, 71.85612, 0.0139167
1136, 70.05402, 0.0142747
1137, 72.7019, 0.0137548
1138, 72.85974, 0.013725
1139, 69.67379, 0.0143526
1140, 36.51847, 0.0273834
1141, 71.24435, 0.0140362
1142, 72.55683, 0.0137823
1143, 71.45511, 0.0139948
1144, 71.84166, 0.0139195
1145, 71.74991, 0.0139373
1146, 72.03832, 0.0138815
1147, 70.8672, 0.0141109
1148, 71.38879, 0.0140078
1149, 71.3282, 0.0140197
1150, 36.48729, 0.0274068
1151, 71.101, 0.0140645
1152, 71.17083, 0.0140507
1153, 72.87302, 0.0137225
1154, 71.91451, 0.0139054
1155, 71.35976, 0.0140135
1156, 72.23033, 0.0138446
1157, 71.7973, 0.0139281
1158, 70.87926, 0.0141085
1159, 70.29729, 0.0142253
1160, 36.67638, 0.0272655
1161, 71.49087, 0.0139878
1162, 70.77943, 0.0141284
1163, 72.55946, 0.0137818
1164, 71.13489, 0.0140578
1165, 72.66808, 0.0137612
1166, 71.3781, 0.0140099
1167, 72.42546, 0.0138073
1168, 71.08129, 0.0140684
1169, 70.71986, 0.0141403
1170, 36.58447, 0.027334
1171, 70.6524, 0.0141538
1172, 68.8895, 0.014516
1173, 75.39829, 0.0132629
1174, 71.88142, 0.0139118
1175, 72.07623, 0.0138742
1176, 72.00513, 0.0138879
1177, 70.88931, 0.0141065
1178, 71.95642, 0.0138973
1179, 70.91142, 0.0141021
1180, 36.28223, 0.0275617
1181, 71.89538, 0.0139091
1182, 71.31243, 0.0140228
1183, 71.92226, 0.0139039
1184, 71.94607, 0.0138993
1185, 70.34624, 0.0142154
1186, 73.16252, 0.0136682
1187, 71.45103, 0.0139956
1188, 71.93779, 0.0139009
1189, 68.08047, 0.0146885
1190, 33.2174, 0.0301047
1191, 74.38207, 0.0134441
1192, 87.49672, 0.011429
1193, 72.94798, 0.0137084
1194, 71.34805, 0.0140158
1195, 72.13081, 0.0138637
1196, 72.24807, 0.0138412
1197, 71.68819, 0.0139493
1198, 71.87522, 0.013913
1199, 70.35961, 0.0142127
1200, 36.32454, 0.0275296
1201, 70.92551, 0.0140993
1202, 72.52894, 0.0137876
1203, 71.22558, 0.0140399
1204, 69.5125, 0.0143859
1205, 74.51787, 0.0134196
1206, 70.39577, 0.0142054
1207, 71.95953, 0.0138967
1208, 73.64475, 0.0135787
1209, 70.63544, 0.0141572
1210, 36.26776, 0.0275727
1211, 71.16323, 0.0140522
1212, 70.98794, 0.0140869
1213, 73.24934, 0.013652
1214, 71.34805, 0.0140158
1215, 71.15007, 0.0140548
1216, 72.5721, 0.0137794
1217, 71.63426, 0.0139598
1218, 71.34703, 0.014016
1219, 71.36842, 0.0140118
1220, 36.24081, 0.0275932
1221, 71.71697, 0.0139437
1222, 71.70824, 0.0139454
1223, 71.6081, 0.0139649
1224, 71.94659, 0.0138992
1225, 71.12932, 0.0140589
1226, 72.7019, 0.0137548
1227, 72.10378, 0.0138689
1228, 71.10504, 0.0140637
1229, 71.51388, 0.0139833
1230, 36.22768, 0.0276032
1231, 70.84561, 0.0141152
1232, 72.06065, 0.0138772
1233, 71.99113, 0.0138906
1234, 71.57735, 0.0139709
1235, 71.46481, 0.0139929
1236, 72.82738, 0.0137311
1237, 70.48956, 0.0141865
1238, 71.60913, 0.0139647
1239, 70.07316, 0.0142708
1240, 33.26027, 0.0300659
1241, 75.3625, 0.0132692
1242, 85.08394, 0.0117531
1243, 71.88194, 0.0139117
1244, 71.47043, 0.0139918
1245, 69.57877, 0.0143722
1246, 74.84806, 0.0133604
1247, 72.34529, 0.0138226
1248, 71.24841, 0.0140354
1249, 71.1445, 0.0140559
1250, 36.04019, 0.0277468
1251, 71.57684, 0.013971
1252, 72.30031, 0.0138312
1253, 71.47401, 0.0139911
1254, 71.39033, 0.0140075
1255, 72.56999, 0.0137798
1256, 71.25501, 0.0140341
1257, 72.77279, 0.0137414
1258, 71.39084, 0.0140074
1259, 70.95822, 0.0140928
1260, 36.04617, 0.0277422
1261, 70.40369, 0.0142038
1262, 73.74468, 0.0135603
1263, 71.78339, 0.0139308
1264, 70.6559, 0.0141531
1265, 72.95596, 0.0137069
1266, 71.97973, 0.0138928
1267, 71.50928, 0.0139842
1268, 72.07311, 0.0138748
1269, 70.40221, 0.0142041
1270, 36.37303, 0.0274929
1271, 69.81778, 0.014323
1272, 73.76154, 0.0135572
1273, 71.2606, 0.014033
1274, 72.37199, 0.0138175
1275, 72.0155, 0.0138859
1276, 71.33278, 0.0140188
1277, 72.05545, 0.0138782
1278, 71.93572, 0.0139013
1279, 70.29235, 0.0142263
1280, 36.36932, 0.0274957
1281, 70.43692, 0.0141971
1282, 73.16788, 0.0136672
1283, 71.97455, 0.0138938
1284, 71.43877, 0.013998
1285, 71.94296, 0.0138999
1286, 72.10793, 0.0138681
1287, 71.86283, 0.0139154
1288, 71.22964, 0.0140391
1289, 71.3623, 0.014013
1290, 36.07842, 0.0277174
1291, 71.11111, 0.0140625
1292, 71.91141, 0.013906
1293, 72.73997, 0.0137476
1294, 71.55379, 0.0139755
1295, 70.27061, 0.0142307
1296, 73.37833, 0.013628
1297, 72.01031, 0.0138869
1298, 71.73138, 0.0139409
1299, 71.32871, 0.0140196
1300, 35.96268, 0.0278066
1301, 70.15526, 0.0142541
1302, 73.12668, 0.0136749
1303, 72.70137, 0.0137549
1304, 71.37453, 0.0140106
1305, 72.16465, 0.0138572
1306, 70.99399, 0.0140857
1307, 72.94212, 0.0137095
1308, 71.50826, 0.0139844
1309, 70.11688, 0.0142619
1310, 36.30977, 0.0275408
1311, 70.79947, 0.0141244
1312, 73.68274, 0.0135717
1313, 71.78493, 0.0139305
1314, 71.6625, 0.0139543
1315, 71.89279, 0.0139096
1316, 71.64915, 0.0139569
1317, 71.1278, 0.0140592
1318, 72.83746, 0.0137292
1319, 71.16121, 0.0140526
1320, 36.07178, 0.0277225
1321, 69.27511, 0.0144352
1322, 74.15867, 0.0134846
1323, 72.32384, 0.0138267
1324, 59.03502, 0.0169391
1325, 71.40052, 0.0140055
1326, 71.83237, 0.0139213
1327, 71.9052, 0.0139072
1328, 71.76278, 0.0139348
1329, 68.25892, 0.0146501
1330, 31.83578, 0.0314112
1331, 147.6298, 0.0067737
1332, 72.59792, 0.0137745
1333, 71.28752, 0.0140277
1334, 73.2606, 0.0136499
1335, 70.53131, 0.0141781
1336, 72.43333, 0.0138058
1337, 72.40658, 0.0138109
1338, 71.76948, 0.0139335
1339, 67.19121, 0.0148829
1340, 37.01853, 0.0270135
1341, 72.32907, 0.0138257
1342, 71.5149, 0.0139831
1343, 72.34947, 0.0138218
1344, 71.33838, 0.0140177
1345, 72.00098, 0.0138887
1346, 71.67482, 0.0139519
1347, 72.02898, 0.0138833
1348, 71.6394, 0.0139588
1349, 71.13741, 0.0140573
1350, 35.53143, 0.0281441
1351, 72.58369, 0.0137772
1352, 73.5213, 0.0136015
1353, 71.77412, 0.0139326
1354, 71.96368, 0.0138959
1355, 70.8421, 0.0141159
1356, 72.86665, 0.0137237
1357, 71.64196, 0.0139583
1358, 71.70155, 0.0139467
1359, 71.14096, 0.0140566
1360, 35.44088, 0.028216
1361, 74.73339, 0.0133809
1362, 71.87212, 0.0139136
1363, 71.87936, 0.0139122
1364, 71.69127, 0.0139487
1365, 72.2345, 0.0138438
1366, 70.26271, 0.0142323
1367, 74.01815, 0.0135102
1368, 69.71362, 0.0143444
1369, 72.66597, 0.0137616
1370, 36.07725, 0.0277183
1371, 70.66039, 0.0141522
1372, 73.00709, 0.0136973
1373, 72.5321, 0.013787
1374, 71.62811, 0.013961
1375, 71.44184, 0.0139974
1376, 72.10533, 0.0138686
1377, 71.04089, 0.0140764
1378, 72.2272, 0.0138452
1379, 71.26111, 0.0140329
1380, 36.10499, 0.027697
1381, 71.30888, 0.0140235
1382, 71.89227, 0.0139097
1383, 71.76278, 0.0139348
1384, 72.22146, 0.0138463
1385, 71.88091, 0.0139119
1386, 71.72315, 0.0139425
1387, 72.11625, 0.0138665
1388, 71.73087, 0.013941
1389, 70.7669, 0.0141309
1390, 36.14688, 0.0276649
1391, 70.37298, 0.01421
1392, 71.2982, 0.0140256
1393, 73.46027, 0.0136128
1394, 71.00407, 0.0140837
1395, 72.43647, 0.0138052
1396, 72.17403, 0.0138554
1397, 71.63477, 0.0139597
1398, 71.96678, 0.0138953
1399, 70.13853, 0.0142575
1400, 36.56026, 0.0273521
1401, 70.28197, 0.0142284
1402, 72.7802, 0.01374
1403, 71.83753, 0.0139203
1404, 71.90726, 0.0139068
1405, 71.31447, 0.0140224
1406, 72.28619, 0.0138339
1407, 70.01331, 0.014283
1408, 73.50347, 0.0136048
1409, 71.09645, 0.0140654
1410, 36.17094, 0.0276465
1411, 70.87926, 0.0141085
1412, 72.4307, 0.0138063
1413, 72.08506, 0.0138725
1414, 71.85095, 0.0139177
1415, 71.6081, 0.0139649
1416, 71.23421, 0.0140382
1417, 72.7855, 0.013739
1418, 71.62246, 0.0139621
1419, 70.51341, 0.0141817
1420, 36.00516, 0.0277738
1421, 72.53893, 0.0137857
1422, 71.97921, 0.0138929
1423, 71.97507, 0.0138937
1424, 70.45975, 0.0141925
1425, 73.25202, 0.0136515
1426, 71.28549, 0.0140281
1427, 71.43367, 0.013999
1428, 73.00443, 0.0136978
1429, 70.60452, 0.0141634
1430, 35.76014, 0.0279641
1431, 72.68234, 0.0137585
1432, 70.64043, 0.0141562
1433, 73.23164, 0.0136553
1434, 72.73415, 0.0137487
1435, 35.06041, 0.0285222
1436, 49.45941, 0.0202186
1437, 107.8097, 0.0092756
1438, 77.85494, 0.0128444
1439, 36.68554, 0.0272587
1440, 75.5875, 0.0132297
1441, 71.68819, 0.0139493
1442, 67.67503, 0.0147765
1443, 72.06947, 0.0138755
1444, 72.23346, 0.013844
1445, 70.63094, 0.0141581
1446, 71.88814, 0.0139105
1447, 72.73627, 0.0137483
1448, 61.43525, 0.0162773
1449, 38.08813, 0.0262549
1450, 73.45056, 0.0136146
1451, 69.98929, 0.0142879
1452, 65.88309, 0.0151784
1453, 81.80896, 0.0122236
1454, 75.18628, 0.0133003
1455, 71.09089, 0.0140665
1456, 72.04092, 0.013881
1457, 72.10741, 0.0138682
1458, 71.39236, 0.0140071
1459, 36.1614, 0.0276538
1460, 73.69251, 0.0135699
1461, 68.81792, 0.0145311
1462, 76.06182, 0.0131472
1463, 71.9616, 0.0138963
1464, 70.02409, 0.0142808
1465, 72.94265, 0.0137094
1466, 42.88146, 0.0233201
1467, 139.9012, 0.0071479
1468, 81.8103, 0.0122234
1469, 37.23438, 0.0268569
1470, 22.39401, 0.0446548
