Frame, FPS, Frame Time
1, 50, 0.02
2, 50, 0.02
3, 3, 0.3333333
4, 4.598963, 0.2174403
5, 21.29341, 0.0469629
6, 99.34433, 0.010066
7, 71.43929, 0.0139979
8, 73.25095, 0.0136517
9, 72.04871, 0.0138795
10, 71.06109, 0.0140724
11, 70.87976, 0.0141084
12, 73.16145, 0.0136684
13, 72.28254, 0.0138346
14, 71.39542, 0.0140065
15, 71.29668, 0.0140259
16, 71.29159, 0.0140269
17, 72.52316, 0.0137887
18, 71.79833, 0.0139279
19, 73.22896, 0.0136558
20, 71.76896, 0.0139336
21, 71.74734, 0.0139378
22, 71.66199, 0.0139544
23, 23.67402, 0.0422404
24, 74.22637, 0.0134723
25, 72.12978, 0.0138639
26, 71.20276, 0.0140444
27, 71.42755, 0.0140002
28, 72.36204, 0.0138194
29, 72.05805, 0.0138777
30, 71.34093, 0.0140172
31, 72.40762, 0.0138107
32, 71.97144, 0.0138944
33, 70.75037, 0.0141342
34, 72.3898, 0.0138141
35, 71.8138, 0.0139249
36, 71.3338, 0.0140186
37, 71.70052, 0.0139469
38, 71.44541, 0.0139967
39, 36.10069, 0.0277003
40, 71.46073, 0.0139937
41, 72.83746, 0.0137292
42, 70.77943, 0.0141284
43, 71.28651, 0.0140279
44, 72.10221, 0.0138692
45, 71.93417, 0.0139016
46, 72.51526, 0.0137902
47, 70.68636, 0.014147
48, 73.21127, 0.0136591
49, 49.82288, 0.0200711
50, 64.44545, 0.015517
51, 10.66688, 0.0937481
52, 23.43831, 0.0426652
53, 70.40171, 0.0142042
54, 74.33617, 0.0134524
55, 24.51539, 0.0407907
56, 45.72934, 0.0218678
57, 77.5753, 0.0128907
58, 40.02658, 0.0249834
59, 73.41659, 0.0136209
60, 70.32299, 0.0142201
61, 73.32131, 0.0136386
62, 73.46297, 0.0136123
63, 70.50446, 0.0141835
64, 72.37408, 0.0138171
65, 66.64178, 0.0150056
66, 76.33355, 0.0131004
67, 74.08286, 0.0134984
68, 72.30344, 0.0138306
69, 69.68739, 0.0143498
70, 73.86179, 0.0135388
71, 70.77792, 0.0141287
72, 71.77154, 0.0139331
73, 35.72437, 0.0279921
74, 72.08038, 0.0138734
75, 74.04774, 0.0135048
76, 72.82897, 0.0137308
77, 71.26822, 0.0140315
78, 72.64802, 0.013765
79, 68.86862, 0.0145204
80, 74.75741, 0.0133766
81, 71.02626, 0.0140793
82, 71.56557, 0.0139732
83, 70.3225, 0.0142202
84, 73.11973, 0.0136762
85, 71.91968, 0.0139044
86, 71.95746, 0.0138971
87, 71.17033, 0.0140508
88, 71.01365, 0.0140818
89, 71.35619, 0.0140142
90, 71.04341, 0.0140759
91, 72.56525, 0.0137807
92, 71.41735, 0.0140022
93, 71.72212, 0.0139427
94, 72.09026, 0.0138715
95, 70.35169, 0.0142143
96, 72.69608, 0.0137559
97, 71.98595, 0.0138916
98, 71.83908, 0.01392
99, 70.85415, 0.0141135
100, 72.47269, 0.0137983
101, 70.7719, 0.0141299
102, 35.54077, 0.0281367
103, 74.87103, 0.0133563
104, 71.30125, 0.014025
105, 71.54611, 0.013977
106, 71.79627, 0.0139283
107, 72.06168, 0.013877
108, 71.83289, 0.0139212
109, 68.9446, 0.0145044
110, 73.63933, 0.0135797
111, 72.08506, 0.0138725
112, 72.17299, 0.0138556
113, 71.34398, 0.0140166
114, 72.17299, 0.0138556
115, 69.70487, 0.0143462
116, 73.42467, 0.0136194
117, 71.87885, 0.0139123
118, 34.4533, 0.0290248
119, 79.83203, 0.0125263
120, 72.17767, 0.0138547
121, 69.87632, 0.014311
122, 70.39478, 0.0142056
123, 73.47809, 0.0136095
124, 71.12527, 0.0140597
125, 73.25471, 0.013651
126, 70.98441, 0.0140876
127, 72.1433, 0.0138613
128, 71.80246, 0.0139271
129, 71.46788, 0.0139923
130, 71.61221, 0.0139641
131, 71.32311, 0.0140207
132, 71.27686, 0.0140298
133, 72.44172, 0.0138042
134, 71.6199, 0.0139626
135, 71.71594, 0.0139439
136, 70.67387, 0.0141495
137, 5.116688, 0.1954389
138, 31.26886, 0.0319807
139, 25.97612, 0.0384969
140, 38.45399, 0.0260051
141, 70.45528, 0.0141934
142, 71.27533, 0.0140301
143, 71.23928, 0.0140372
144, 71.37963, 0.0140096
145, 36.43624, 0.0274452
146, 71.32668, 0.01402
147, 70.86921, 0.0141105
148, 71.95125, 0.0138983
149, 71.95798, 0.013897
150, 72.11261, 0.0138672
151, 70.94463, 0.0140955
152, 72.09702, 0.0138702
153, 71.62811, 0.013961
154, 70.11639, 0.014262
155, 36.47066, 0.0274193
156, 70.07217, 0.014271
157, 73.38211, 0.0136273
158, 71.69487, 0.013948
159, 70.82053, 0.0141202
160, 72.66069, 0.0137626
161, 70.27505, 0.0142298
162, 73.5976, 0.0135874
163, 71.46226, 0.0139934
164, 69.50961, 0.0143865
165, 74.04336, 0.0135056
166, 72.58633, 0.0137767
167, 71.41888, 0.0140019
168, 71.14552, 0.0140557
169, 72.57368, 0.0137791
170, 71.67277, 0.0139523
171, 71.63529, 0.0139596
172, 71.27837, 0.0140295
173, 72.23555, 0.0138436
174, 71.0722, 0.0140702
175, 71.46635, 0.0139926
176, 72.21259, 0.013848
177, 72.25277, 0.0138403
178, 71.85973, 0.013916
179, 71.61015, 0.0139645
180, 71.77926, 0.0139316
181, 71.87833, 0.0139124
182, 71.99268, 0.0138903
183, 70.74638, 0.014135
184, 72.35262, 0.0138212
185, 72.19539, 0.0138513
186, 70.42551, 0.0141994
187, 71.91296, 0.0139057
188, 72.92616, 0.0137125
189, 71.97455, 0.0138938
190, 71.00003, 0.0140845
191, 70.87825, 0.0141087
192, 71.46022, 0.0139938
193, 73.85633, 0.0135398
194, 71.94452, 0.0138996
195, 71.26771, 0.0140316
196, 71.28905, 0.0140274
197, 70.98995, 0.0140865
198, 73.18822, 0.0136634
199, 71.68768, 0.0139494
200, 71.84785, 0.0139183
201, 72.11573, 0.0138666
202, 71.06159, 0.0140723
203, 71.61631, 0.0139633
204, 72.38404, 0.0138152
205, 71.91761, 0.0139048
206, 70.81902, 0.0141205
207, 72.62164, 0.01377
208, 70.28444, 0.0142279
209, 73.93716, 0.013525
210, 71.38013, 0.0140095
211, 71.72315, 0.0139425
212, 71.91451, 0.0139054
213, 71.77772, 0.0139319
214, 71.1192, 0.0140609
215, 71.64555, 0.0139576
216, 72.05234, 0.0138788
217, 72.05805, 0.0138777
218, 71.64504, 0.0139577
219, 70.53082, 0.0141782
220, 72.86559, 0.0137239
221, 72.23607, 0.0138435
222, 71.52666, 0.0139808
223, 71.76124, 0.0139351
224, 71.44337, 0.0139971
225, 71.64299, 0.0139581
226, 71.56915, 0.0139725
227, 72.32227, 0.013827
228, 71.5835, 0.0139697
229, 70.93154, 0.0140981
230, 72.07883, 0.0138737
231, 72.8624, 0.0137245
232, 71.09898, 0.0140649
233, 70.26913, 0.014231
234, 73.81544, 0.0135473
235, 71.84579, 0.0139187
236, 71.50365, 0.0139853
237, 71.50877, 0.0139843
238, 71.27888, 0.0140294
239, 70.74988, 0.0141343
240, 73.83179, 0.0135443
241, 70.68187, 0.0141479
242, 73.07004, 0.0136855
243, 71.88608, 0.0139109
244, 70.85415, 0.0141135
245, 72.6438, 0.0137658
246, 71.48627, 0.0139887
247, 71.99424, 0.01389
248, 71.0823, 0.0140682
249, 70.37546, 0.0142095
250, 73.88471, 0.0135346
251, 72.14227, 0.0138615
252, 70.59853, 0.0141646
253, 72.59423, 0.0137752
254, 71.86334, 0.0139153
255, 71.69332, 0.0139483
256, 70.62546, 0.0141592
257, 72.77279, 0.0137414
258, 72.13394, 0.0138631
259, 70.31756, 0.0142212
260, 72.69661, 0.0137558
261, 72.01238, 0.0138865
262, 70.94312, 0.0140958
263, 71.4398, 0.0139978
264, 71.83805, 0.0139202
265, 72.60583, 0.013773
266, 71.7494, 0.0139374
267, 69.76809, 0.0143332
268, 69.1563, 0.01446
269, 73.37188, 0.0136292
270, 76.13769, 0.0131341
271, 72.619, 0.0137705
272, 71.13691, 0.0140574
273, 71.96574, 0.0138955
274, 70.92249, 0.0140999
275, 72.15684, 0.0138587
276, 71.40919, 0.0140038
277, 72.33849, 0.0138239
278, 71.69795, 0.0139474
279, 71.79214, 0.0139291
280, 70.68187, 0.0141479
281, 72.50054, 0.013793
282, 72.21729, 0.0138471
283, 71.38523, 0.0140085
284, 71.45562, 0.0139947
285, 71.13337, 0.0140581
286, 35.38508, 0.0282605
287, 71.03786, 0.014077
288, 75.0531, 0.0133239
289, 71.66558, 0.0139537
290, 66.10041, 0.0151285
291, 68.29435, 0.0146425
292, 80.90157, 0.0123607
293, 74.12679, 0.0134904
294, 71.10504, 0.0140637
295, 69.82411, 0.0143217
296, 33.76291, 0.0296183
297, 72.38194, 0.0138156
298, 84.86227, 0.0117838
299, 71.73602, 0.01394
300, 70.73887, 0.0141365
301, 73.24827, 0.0136522
302, 71.11718, 0.0140613
303, 71.28244, 0.0140287
304, 72.73415, 0.0137487
305, 70.94161, 0.0140961
306, 36.19792, 0.0276259
307, 71.08382, 0.0140679
308, 71.18501, 0.0140479
309, 72.13134, 0.0138636
310, 71.89796, 0.0139086
311, 72.03365, 0.0138824
312, 71.54611, 0.013977
313, 72.05026, 0.0138792
314, 71.81277, 0.0139251
315, 70.51838, 0.0141807
316, 32.74148, 0.0305423
317, 60.63031, 0.0164934
318, 117.364, 0.0085205
319, 71.83546, 0.0139207
320, 71.63786, 0.0139591
321, 71.26263, 0.0140326
322, 71.07725, 0.0140692
323, 73.99898, 0.0135137
324, 71.04543, 0.0140755
325, 70.82002, 0.0141203
326, 36.18311, 0.0276372
327, 71.58606, 0.0139692
328, 71.32973, 0.0140194
329, 72.14747, 0.0138605
330, 71.84166, 0.0139195
331, 72.0212, 0.0138848
332, 71.65479, 0.0139558
333, 71.28701, 0.0140278
334, 72.88736, 0.0137198
335, 69.33803, 0.0144221
336, 36.55158, 0.0273586
337, 70.74487, 0.0141353
338, 72.31024, 0.0138293
339, 71.56198, 0.0139739
340, 71.13185, 0.0140584
341, 71.20225, 0.0140445
342, 73.17269, 0.0136663
343, 70.5537, 0.0141736
344, 72.60371, 0.0137734
345, 69.7039, 0.0143464
346, 33.3959, 0.0299438
347, 74.77418, 0.0133736
348, 85.06873, 0.0117552
349, 71.45766, 0.0139943
350, 71.62554, 0.0139615
351, 71.38829, 0.0140079
352, 72.18079, 0.0138541
353, 71.50928, 0.0139842
354, 72.43542, 0.0138054
355, 71.00205, 0.0140841
356, 36.11216, 0.0276915
357, 71.29718, 0.0140258
358, 71.79782, 0.013928
359, 71.73241, 0.0139407
360, 71.91554, 0.0139052
361, 72.07207, 0.013875
362, 71.7736, 0.0139327
363, 71.31802, 0.0140217
364, 70.97383, 0.0140897
365, 72.35262, 0.0138212
366, 36.01631, 0.0277652
367, 70.05156, 0.0142752
368, 73.54185, 0.0135977
369, 72.43437, 0.0138056
370, 71.34652, 0.0140161
371, 72.33534, 0.0138245
372, 71.58913, 0.0139686
373, 72.12614, 0.0138646
374, 70.81251, 0.0141218
375, 72.23085, 0.0138445
376, 36.05059, 0.0277388
377, 71.34194, 0.014017
378, 71.57121, 0.0139721
379, 72.07467, 0.0138745
380, 71.75454, 0.0139364
381, 72.11573, 0.0138666
382, 71.4398, 0.0139978
383, 72.1532, 0.0138594
384, 72.33849, 0.0138239
385, 70.95218, 0.014094
386, 36.13265, 0.0276758
387, 71.43725, 0.0139983
388, 71.60913, 0.0139647
389, 72.2841, 0.0138343
390, 71.07371, 0.0140699
391, 72.3275, 0.013826
392, 70.61698, 0.0141609
393, 73.28745, 0.0136449
394, 69.72917, 0.0143412
395, 73.39665, 0.0136246
396, 36.01657, 0.027765
397, 72.09805, 0.01387
398, 71.58298, 0.0139698
399, 71.64555, 0.0139576
400, 70.43295, 0.0141979
401, 73.68111, 0.013572
402, 71.46584, 0.0139927
403, 70.73586, 0.0141371
404, 72.30187, 0.0138309
405, 70.36109, 0.0142124
406, 33.48738, 0.029862
407, 72.85019, 0.0137268
408, 86.36549, 0.0115787
409, 71.40562, 0.0140045
410, 71.70567, 0.0139459
411, 72.02276, 0.0138845
412, 71.14552, 0.0140557
413, 72.90489, 0.0137165
414, 71.93417, 0.0139016
415, 70.5542, 0.0141735
416, 36.18966, 0.0276322
417, 71.64042, 0.0139586
418, 70.93003, 0.0140984
419, 72.82101, 0.0137323
420, 71.60246, 0.013966
421, 71.1607, 0.0140527
422, 72.18027, 0.0138542
423, 72.27784, 0.0138355
424, 71.94555, 0.0138994
425, 70.61598, 0.0141611
426, 36.11869, 0.0276865
427, 71.90054, 0.0139081
428, 71.82463, 0.0139228
429, 71.18857, 0.0140472
430, 72.30658, 0.01383
431, 70.95621, 0.0140932
432, 72.8486, 0.0137271
433, 70.85415, 0.0141135
434, 72.81147, 0.0137341
435, 70.13065, 0.0142591
436, 36.33391, 0.0275225
437, 71.30176, 0.0140249
438, 72.2794, 0.0138352
439, 72.0295, 0.0138832
440, 70.9829, 0.0140879
441, 70.32101, 0.0142205
442, 74.5051, 0.0134219
443, 71.36536, 0.0140124
444, 71.79008, 0.0139295
445, 70.97182, 0.0140901
446, 36.20748, 0.0276186
447, 71.19769, 0.0140454
448, 71.95642, 0.0138973
449, 71.26466, 0.0140322
450, 72.8348, 0.0137297
451, 70.78043, 0.0141282
452, 72.69291, 0.0137565
453, 72.01653, 0.0138857
454, 71.78287, 0.0139309
455, 70.37099, 0.0142104
456, 36.05696, 0.0277339
457, 72.91553, 0.0137145
458, 70.79295, 0.0141257
459, 69.60056, 0.0143677
460, 74.52898, 0.0134176
461, 71.8587, 0.0139162
462, 70.71386, 0.0141415
463, 73.03162, 0.0136927
464, 71.59273, 0.0139679
465, 69.66408, 0.0143546
466, 33.83007, 0.0295595
467, 69.76031, 0.0143348
468, 87.89818, 0.0113768
469, 69.71362, 0.0143444
470, 74.24236, 0.0134694
471, 71.91761, 0.0139048
472, 71.41735, 0.0140022
473, 70.24445, 0.014236
474, 74.16912, 0.0134827
475, 69.76712, 0.0143334
476, 36.69967, 0.0272482
477, 71.16982, 0.0140509
478, 71.16121, 0.0140526
479, 71.90158, 0.0139079
480, 71.49036, 0.0139879
481, 72.26425, 0.0138381
482, 72.04819, 0.0138796
483, 72.04092, 0.013881
484, 70.62845, 0.0141586
485, 72.3919, 0.0138137
486, 36.06762, 0.0277257
487, 71.16121, 0.0140526
488, 71.85095, 0.0139177
489, 71.47861, 0.0139902
490, 71.60452, 0.0139656
491, 73.09727, 0.0136804
492, 71.5835, 0.0139697
493, 72.06272, 0.0138768
494, 70.59355, 0.0141656
495, 71.72984, 0.0139412
496, 36.31517, 0.0275367
497, 70.3225, 0.0142202
498, 72.42808, 0.0138068
499, 72.54893, 0.0137838
500, 71.19262, 0.0140464
501, 72.24546, 0.0138417
502, 72.01447, 0.0138861
503, 71.96108, 0.0138964
504, 71.52155, 0.0139818
505, 71.02323, 0.0140799
506, 35.94678, 0.0278189
507, 71.60605, 0.0139653
508, 71.77669, 0.0139321
509, 71.08685, 0.0140673
510, 72.27836, 0.0138354
511, 72.64063, 0.0137664
512, 71.27329, 0.0140305
513, 72.34947, 0.0138218
514, 71.56762, 0.0139728
515, 69.33947, 0.0144218
516, 33.68557, 0.0296863
517, 74.21976, 0.0134735
518, 84.02937, 0.0119006
519, 71.92278, 0.0139038
520, 71.65479, 0.0139558
521, 71.04543, 0.0140755
522, 72.76855, 0.0137422
523, 71.58196, 0.01397
524, 72.22094, 0.0138464
525, 70.20352, 0.0142443
526, 36.32586, 0.0275286
527, 71.04594, 0.0140754
528, 72.46639, 0.0137995
529, 71.46073, 0.0139937
530, 70.59804, 0.0141647
531, 73.26705, 0.0136487
532, 70.66589, 0.0141511
533, 72.8555, 0.0137258
534, 71.90934, 0.0139064
535, 71.26771, 0.0140316
536, 36.29474, 0.0275522
537, 71.58965, 0.0139685
538, 71.56454, 0.0139734
539, 71.71132, 0.0139448
540, 71.70618, 0.0139458
541, 71.87936, 0.0139122
542, 70.54773, 0.0141748
543, 71.89899, 0.0139084
544, 73.5132, 0.013603
545, 69.22188, 0.0144463
546, 36.51567, 0.0273855
547, 70.87473, 0.0141094
548, 72.68604, 0.0137578
549, 71.72829, 0.0139415
550, 71.37963, 0.0140096
551, 72.41759, 0.0138088
552, 71.69178, 0.0139486
553, 71.91348, 0.0139056
554, 71.53281, 0.0139796
555, 71.37708, 0.0140101
556, 36.14819, 0.0276639
557, 71.09039, 0.0140666
558, 72.34267, 0.0138231
559, 71.9321, 0.013902
560, 71.38574, 0.0140084
561, 70.27308, 0.0142302
562, 73.86343, 0.0135385
563, 70.64143, 0.014156
564, 72.28463, 0.0138342
565, 69.66699, 0.014354
566, 33.65575, 0.0297126
567, 73.70989, 0.0135667
568, 84.97982, 0.0117675
569, 71.40052, 0.0140055
570, 71.62605, 0.0139614
571, 71.9295, 0.0139025
572, 71.62093, 0.0139624
573, 71.61118, 0.0139643
574, 72.64908, 0.0137648
575, 70.27851, 0.0142291
576, 36.22979, 0.0276016
577, 71.49342, 0.0139873
578, 72.11105, 0.0138675
579, 72.26164, 0.0138386
580, 71.25146, 0.0140348
581, 70.44535, 0.0141954
582, 73.17805, 0.0136653
583, 72.161, 0.0138579
584, 71.92692, 0.013903
585, 71.31243, 0.0140228
586, 32.64944, 0.0306284
587, 70.32101, 0.0142205
588, 71.08988, 0.0140667
589, 73.23486, 0.0136547
590, 69.90709, 0.0143047
591, 72.61742, 0.0137708
592, 73.40042, 0.0136239
593, 86.61533, 0.0115453
594, 75.28249, 0.0132833
595, 70.48309, 0.0141878
596, 35.56213, 0.0281198
597, 75.79145, 0.0131941
598, 71.42296, 0.0140011
599, 71.93572, 0.0139013
600, 71.83134, 0.0139215
601, 71.94193, 0.0139001
602, 71.21087, 0.0140428
603, 71.66712, 0.0139534
604, 72.20895, 0.0138487
605, 70.22225, 0.0142405
606, 36.36099, 0.027502
607, 71.39542, 0.0140065
608, 71.88349, 0.0139114
609, 70.89886, 0.0141046
610, 70.82504, 0.0141193
611, 73.92786, 0.0135267
612, 72.05545, 0.0138782
613, 71.10757, 0.0140632
614, 72.11781, 0.0138662
615, 70.93607, 0.0140972
616, 36.08584, 0.0277117
617, 71.87367, 0.0139133
618, 71.7391, 0.0139394
619, 71.74579, 0.0139381
620, 71.81432, 0.0139248
621, 72.01913, 0.0138852
622, 72.24493, 0.0138418
623, 71.86748, 0.0139145
624, 71.75969, 0.0139354
625, 70.98895, 0.0140867
626, 35.66283, 0.0280404
627, 73.45541, 0.0136137
628, 70.72086, 0.0141401
629, 72.14383, 0.0138612
630, 72.7622, 0.0137434
631, 72.06688, 0.013876
632, 71.19566, 0.0140458
633, 72.18757, 0.0138528
634, 71.85353, 0.0139172
635, 71.06007, 0.0140726
636, 36.08493, 0.0277124
637, 71.03333, 0.0140779
638, 72.05701, 0.0138779
639, 72.62798, 0.0137688
640, 71.61426, 0.0139637
641, 71.97144, 0.0138944
642, 71.75197, 0.0139369
643, 71.65891, 0.013955
644, 71.98025, 0.0138927
645, 70.16264, 0.0142526
646, 36.46454, 0.0274239
647, 70.95117, 0.0140942
648, 71.83186, 0.0139214
649, 71.9932, 0.0138902
650, 71.89796, 0.0139086
651, 71.43419, 0.0139989
652, 72.39871, 0.0138124
653, 71.49547, 0.0139869
654, 71.83598, 0.0139206
655, 70.99802, 0.0140849
656, 36.29158, 0.0275546
657, 71.30328, 0.0140246
658, 69.80218, 0.0143262
659, 74.40697, 0.0134396
660, 71.41888, 0.0140019
661, 70.43593, 0.0141973
662, 73.05242, 0.0136888
663, 72.15267, 0.0138595
664, 70.90991, 0.0141024
665, 70.89584, 0.0141052
666, 36.44859, 0.0274359
667, 71.19921, 0.0140451
668, 71.3511, 0.0140152
669, 72.16361, 0.0138574
670, 71.29464, 0.0140263
671, 71.7391, 0.0139394
672, 71.17033, 0.0140508
673, 72.5621, 0.0137813
674, 71.29108, 0.014027
675, 69.3438, 0.0144209
676, 32.64304, 0.0306344
677, 80.10061, 0.0124843
678, 83.71844, 0.0119448
679, 71.75248, 0.0139368
680, 73.50941, 0.0136037
681, 71.4352, 0.0139987
682, 71.76948, 0.0139335
683, 71.17387, 0.0140501
684, 72.6285, 0.0137687
685, 71.29617, 0.014026
686, 35.98197, 0.0277917
687, 69.27702, 0.0144348
688, 72.64327, 0.0137659
689, 74.2038, 0.0134764
690, 71.75042, 0.0139372
691, 72.01083, 0.0138868
692, 71.43623, 0.0139985
693, 72.20373, 0.0138497
694, 68.1891, 0.0146651
695, 73.96723, 0.0135195
696, 36.36284, 0.0275006
697, 71.23218, 0.0140386
698, 71.144, 0.014056
699, 72.21416, 0.0138477
700, 72.19643, 0.0138511
701, 71.73138, 0.0139409
702, 71.55431, 0.0139754
703, 71.77102, 0.0139332
704, 71.83908, 0.01392
705, 71.25654, 0.0140338
706, 36.18115, 0.0276387
707, 71.17793, 0.0140493
708, 71.09039, 0.0140666
709, 73.24344, 0.0136531
710, 71.93468, 0.0139015
711, 71.20276, 0.0140444
712, 72.09026, 0.0138715
713, 71.42653, 0.0140004
714, 72.14018, 0.0138619
715, 71.04594, 0.0140754
716, 35.94291, 0.0278219
717, 71.89899, 0.0139084
718, 72.20216, 0.01385
719, 70.64342, 0.0141556
720, 72.73944, 0.0137477
721, 72.5721, 0.0137794
722, 71.33228, 0.0140189
723, 72.19852, 0.0138507
724, 71.32769, 0.0140198
725, 71.4735, 0.0139912
726, 35.62345, 0.0280714
727, 73.93169, 0.013526
728, 71.91917, 0.0139045
729, 71.24232, 0.0140366
730, 68.84872, 0.0145246
731, 73.39719, 0.0136245
732, 69.88804, 0.0143086
733, 76.03407, 0.013152
734, 70.63544, 0.0141572
735, 70.35912, 0.0142128
736, 33.63923, 0.0297272
737, 74.02143, 0.0135096
738, 84.68763, 0.0118081
739, 70.80799, 0.0141227
740, 71.77721, 0.013932
741, 72.33953, 0.0138237
742, 72.08765, 0.013872
743, 71.99528, 0.0138898
744, 71.15007, 0.0140548
745, 71.71389, 0.0139443
746, 35.41854, 0.0282338
747, 74.43356, 0.0134348
748, 72.44592, 0.0138034
749, 71.45052, 0.0139957
750, 71.59273, 0.0139679
751, 72.10845, 0.013868
752, 71.8556, 0.0139168
753, 70.3601, 0.0142126
754, 73.32185, 0.0136385
755, 70.56815, 0.0141707
756, 36.23307, 0.0275991
757, 71.44286, 0.0139972
758, 70.91042, 0.0141023
759, 71.38472, 0.0140086
760, 72.5442, 0.0137847
761, 73.14326, 0.0136718
762, 71.38116, 0.0140093
763, 72.11937, 0.0138659
764, 71.49802, 0.0139864
765, 71.23015, 0.014039
766, 36.08076, 0.0277156
767, 71.2921, 0.0140268
768, 72.25956, 0.013839
769, 71.04291, 0.014076
770, 71.52615, 0.0139809
771, 73.20055, 0.0136611
772, 71.3944, 0.0140067
773, 71.97559, 0.0138936
774, 71.77051, 0.0139333
775, 70.48956, 0.0141865
776, 36.37978, 0.0274878
777, 71.5917, 0.0139681
778, 70.94664, 0.0140951
779, 72.6665, 0.0137615
780, 71.71389, 0.0139443
781, 72.17611, 0.013855
782, 70.65739, 0.0141528
783, 72.41025, 0.0138102
784, 72.51736, 0.0137898
785, 70.83658, 0.014117
786, 36.17762, 0.0276414
787, 71.28905, 0.0140274
788, 71.73962, 0.0139393
789, 71.65942, 0.0139549
790, 71.7566, 0.013936
791, 72.23085, 0.0138445
792, 70.80398, 0.0141235
793, 71.97507, 0.0138937
794, 72.77279, 0.0137414
795, 71.68665, 0.0139496
796, 35.57504, 0.0281096
797, 74.12788, 0.0134902
798, 71.50979, 0.0139841
799, 71.91917, 0.0139045
800, 72.15424, 0.0138592
801, 70.97182, 0.0140901
802, 72.31129, 0.0138291
803, 71.86851, 0.0139143
804, 71.56506, 0.0139733
805, 70.96779, 0.0140909
806, 36.2771, 0.0275656
807, 71.37148, 0.0140112
808, 71.92175, 0.013904
809, 71.90106, 0.013908
810, 70.37793, 0.014209
811, 73.24076, 0.0136536
812, 72.03521, 0.0138821
813, 71.52871, 0.0139804
814, 72.0015, 0.0138886
815, 71.2271, 0.0140396
816, 36.09561, 0.0277042
817, 71.39084, 0.0140074
818, 71.78493, 0.0139305
819, 70.79947, 0.0141244
820, 73.10423, 0.0136791
821, 72.4071, 0.0138108
822, 71.62144, 0.0139623
823, 72.09441, 0.0138707
824, 71.06563, 0.0140715
825, 68.19887, 0.014663
826, 37.22052, 0.0268669
827, 71.03887, 0.0140768
828, 71.92847, 0.0139027
829, 71.9052, 0.0139072
830, 70.61399, 0.0141615
831, 72.45432, 0.0138018
832, 72.16621, 0.0138569
833, 72.15788, 0.0138585
834, 71.78442, 0.0139306
835, 70.18381, 0.0142483
836, 36.44713, 0.027437
837, 70.811, 0.0141221
838, 71.91813, 0.0139047
839, 72.34895, 0.0138219
840, 58.41292, 0.0171195
841, 60.08352, 0.0166435
842, 122.7611, 0.0081459
843, 72.95862, 0.0137064
844, 71.85147, 0.0139176
845, 70.49899, 0.0141846
846, 36.19516, 0.027628
847, 71.80968, 0.0139257
848, 72.00513, 0.0138879
849, 71.59221, 0.013968
850, 70.70036, 0.0141442
851, 70.50297, 0.0141838
852, 74.93387, 0.0133451
853, 71.46532, 0.0139928
854, 71.57427, 0.0139715
855, 70.87022, 0.0141103
856, 36.18456, 0.0276361
857, 70.14442, 0.0142563
858, 71.88453, 0.0139112
859, 72.85444, 0.013726
860, 71.85921, 0.0139161
861, 72.17246, 0.0138557
862, 72.33587, 0.0138244
863, 71.16779, 0.0140513
864, 72.44749, 0.0138031
865, 70.39329, 0.0142059
866, 36.33668, 0.0275204
867, 71.38523, 0.0140085
868, 71.2799, 0.0140292
869, 72.51579, 0.0137901
870, 71.425, 0.0140007
871, 71.47095, 0.0139917
872, 72.37095, 0.0138177
873, 72.07363, 0.0138747
874, 70.94262, 0.0140959
875, 71.87988, 0.0139121
876, 35.88396, 0.0278676
877, 70.1656, 0.014252
878, 74.54842, 0.0134141
879, 70.58458, 0.0141674
880, 71.92226, 0.0139039
881, 72.31129, 0.0138291
882, 72.24493, 0.0138418
883, 71.85302, 0.0139173
884, 71.29362, 0.0140265
885, 71.7216, 0.0139428
886, 36.35372, 0.0275075
887, 70.93658, 0.0140971
888, 72.24911, 0.013841
889, 69.9839, 0.014289
890, 71.84425, 0.013919
891, 74.10646, 0.0134941
892, 71.84269, 0.0139193
893, 71.66045, 0.0139547
894, 71.45869, 0.0139941
895, 71.02727, 0.0140791
896, 35.81982, 0.0279175
897, 72.6111, 0.013772
898, 71.9352, 0.0139014
899, 71.52871, 0.0139804
900, 72.1329, 0.0138633
901, 71.51081, 0.0139839
902, 72.68551, 0.0137579
903, 71.47196, 0.0139915
904, 71.90468, 0.0139073
905, 71.13741, 0.0140573
906, 35.76513, 0.0279602
907, 73.10583, 0.0136788
908, 71.24638, 0.0140358
909, 72.04767, 0.0138797
910, 71.79318, 0.0139289
911, 72.47637, 0.0137976
912, 70.21683, 0.0142416
913, 71.69435, 0.0139481
914, 72.3432, 0.013823
915, 69.32841, 0.0144241
916, 33.60294, 0.0297593
917, 74.21205, 0.0134749
918, 83.90247, 0.0119186
919, 72.0887, 0.0138718
920, 72.07571, 0.0138743
921, 71.84012, 0.0139198
922, 72.16673, 0.0138568
923, 67.96249, 0.014714
924, 75.90018, 0.0131752
925, 70.93204, 0.014098
926, 36.16924, 0.0276478
927, 71.35314, 0.0140148
928, 70.45081, 0.0141943
929, 73.83834, 0.0135431
930, 72.1709, 0.013856
931, 71.32464, 0.0140204
932, 71.87833, 0.0139124
933, 71.82257, 0.0139232
934, 71.19769, 0.0140454
935, 72.05545, 0.0138782
936, 35.84821, 0.0278954
937, 72.75426, 0.0137449
938, 71.57581, 0.0139712
939, 71.77617, 0.0139322
940, 71.75557, 0.0139362
941, 72.08765, 0.013872
942, 71.65685, 0.0139554
943, 70.70686, 0.0141429
944, 73.05616, 0.0136881
945, 70.85516, 0.0141133
946, 35.72577, 0.027991
947, 72.99217, 0.0137001
948, 72.52736, 0.0137879
949, 72.04922, 0.0138794
950, 70.72086, 0.0141401
951, 72.51789, 0.0137897
952, 71.61887, 0.0139628
953, 72.17663, 0.0138549
954, 71.60708, 0.0139651
955, 70.18283, 0.0142485
956, 36.19503, 0.0276281
957, 72.54156, 0.0137852
958, 71.88453, 0.0139112
959, 71.61785, 0.013963
960, 71.95901, 0.0138968
961, 71.86696, 0.0139146
962, 70.61299, 0.0141617
963, 71.67175, 0.0139525
964, 72.0155, 0.0138859
965, 69.87681, 0.0143109
966, 33.23518, 0.0300886
967, 72.73574, 0.0137484
968, 89.92805, 0.01112
969, 71.60503, 0.0139655
970, 71.48627, 0.0139887
971, 71.89848, 0.0139085
972, 72.14955, 0.0138601
973, 71.41276, 0.0140031
974, 71.8959, 0.013909
975, 70.69436, 0.0141454
976, 36.02747, 0.0277566
977, 72.28986, 0.0138332
978, 71.96833, 0.013895
979, 71.88763, 0.0139106
980, 71.73344, 0.0139405
981, 71.11566, 0.0140616
982, 72.394, 0.0138133
983, 71.99528, 0.0138898
984, 71.52103, 0.0139819
985, 71.01163, 0.0140822
986, 36.09913, 0.0277015
987, 71.90003, 0.0139082
988, 71.5958, 0.0139673
989, 72.45747, 0.0138012
990, 71.93572, 0.0139013
991, 71.05199, 0.0140742
992, 72.27836, 0.0138354
993, 72.29037, 0.0138331
994, 71.93106, 0.0139022
995, 70.71285, 0.0141417
996, 35.95506, 0.0278125
997, 71.16374, 0.0140521
998, 73.66483, 0.013575
999, 71.79318, 0.0139289
1000, 71.29514, 0.0140262
1001, 71.90985, 0.0139063
1002, 71.91813, 0.0139047
1003, 71.56506, 0.0139733
1004, 72.06947, 0.0138755
1005, 71.11819, 0.0140611
1006, 36.09483, 0.0277048
1007, 71.92641, 0.0139031
1008, 71.80142, 0.0139273
1009, 71.85818, 0.0139163
1010, 71.85921, 0.0139161
1011, 70.77492, 0.0141293
1012, 72.85444, 0.013726
1013, 71.16576, 0.0140517
1014, 72.51894, 0.0137895
1015, 70.83758, 0.0141168
1016, 36.21391, 0.0276137
1017, 70.70635, 0.014143
1018, 72.40762, 0.0138107
1019, 71.81947, 0.0139238
1020, 72.18705, 0.0138529
1021, 70.24938, 0.014235
1022, 72.8693, 0.0137232
1023, 72.92457, 0.0137128
1024, 71.59682, 0.0139671
1025, 70.80147, 0.014124
1026, 36.16244, 0.027653
1027, 70.6554, 0.0141532
1028, 72.50054, 0.013793
1029, 72.09441, 0.0138707
1030, 71.75094, 0.0139371
1031, 72.21938, 0.0138467
1032, 70.89986, 0.0141044
1033, 71.97921, 0.0138929
1034, 72.53577, 0.0137863
1035, 70.78043, 0.0141282
1036, 36.13121, 0.0276769
1037, 71.01617, 0.0140813
1038, 70.53231, 0.0141779
1039, 74.40697, 0.0134396
1040, 72.01291, 0.0138864
1041, 71.70927, 0.0139452
1042, 71.373, 0.0140109
1043, 72.22824, 0.013845
1044, 70.14098, 0.014257
1045, 72.50423, 0.0137923
1046, 36.19831, 0.0276256
1047, 71.36027, 0.0140134
1048, 71.60964, 0.0139646
1049, 72.19331, 0.0138517
1050, 71.84373, 0.0139191
1051, 72.41969, 0.0138084
1052, 71.37148, 0.0140112
1053, 69.56618, 0.0143748
1054, 74.64302, 0.0133971
1055, 70.29926, 0.0142249
1056, 36.27749, 0.0275653
1057, 70.17937, 0.0142492
1058, 72.3343, 0.0138247
1059, 72.70929, 0.0137534
1060, 71.69127, 0.0139487
1061, 71.82463, 0.0139228
1062, 72.28619, 0.0138339
1063, 70.89935, 0.0141045
1064, 72.12926, 0.013864
1065, 71.33533, 0.0140183
1066, 36.16545, 0.0276507
1067, 69.95306, 0.0142953
1068, 73.36057, 0.0136313
1069, 72.0072, 0.0138875
1070, 71.92744, 0.0139029
1071, 71.79008, 0.0139295
1072, 71.5584, 0.0139746
1073, 72.13498, 0.0138629
1074, 71.74374, 0.0139385
1075, 70.36357, 0.0142119
1076, 36.12365, 0.0276827
1077, 71.78905, 0.0139297
1078, 71.16019, 0.0140528
1079, 72.21677, 0.0138472
1080, 71.37708, 0.0140101
1081, 71.2474, 0.0140356
1082, 72.15528, 0.013859
1083, 71.52103, 0.0139819
1084, 71.10555, 0.0140636
1085, 70.63943, 0.0141564
1086, 32.51673, 0.0307534
1087, 73.68491, 0.0135713
1088, 93.88349, 0.0106515
1089, 73.09567, 0.0136807
1090, 71.76639, 0.0139341
1091, 71.37759, 0.01401
1092, 72.09338, 0.0138709
1093, 71.62605, 0.0139614
1094, 71.51899, 0.0139823
1095, 71.17944, 0.014049
1096, 35.99582, 0.027781
1097, 53.00203, 0.0188672
1098, 43.44577, 0.0230172
1099, 74.77418, 0.0133736
1100, 71.80349, 0.0139269
1101, 71.63683, 0.0139593
1102, 71.49393, 0.0139872
1103, 71.25958, 0.0140332
1104, 70.66589, 0.0141511
1105, 35.9011, 0.0278543
1106, 72.86081, 0.0137248
1107, 71.49393, 0.0139872
1108, 72.3432, 0.013823
1109, 71.624, 0.0139618
1110, 71.81174, 0.0139253
1111, 71.46022, 0.0139938
1112, 72.40238, 0.0138117
1113, 71.78751, 0.01393
1114, 70.69886, 0.0141445
1115, 35.84422, 0.0278985
1116, 72.97513, 0.0137033
1117, 70.23458, 0.014238
1118, 73.87762, 0.0135359
1119, 71.49598, 0.0139868
1120, 71.78648, 0.0139302
1121, 71.84166, 0.0139195
1122, 71.9528, 0.013898
1123, 71.78133, 0.0139312
1124, 70.66689, 0.0141509
1125, 35.87264, 0.0278764
1126, 73.2043, 0.0136604
1127, 71.81792, 0.0139241
1128, 71.60605, 0.0139653
1129, 71.54765, 0.0139767
1130, 71.64606, 0.0139575
1131, 72.08038, 0.0138734
1132, 71.15564, 0.0140537
1133, 72.14539, 0.0138609
1134, 68.97836, 0.0144973
1135, 33.45332, 0.0298924
1136, 73.27618, 0.013647
1137, 87.27983, 0.0114574
1138, 71.71286, 0.0139445
1139, 71.93934, 0.0139006
1140, 71.88918, 0.0139103
1141, 71.20884, 0.0140432
1142, 72.31338, 0.0138287
1143, 71.52564, 0.013981
1144, 70.64043, 0.0141562
1145, 36.06229, 0.0277298
1146, 73.24022, 0.0136537
1147, 71.37963, 0.0140096
1148, 71.82463, 0.0139228
1149, 71.67585, 0.0139517
1150, 68.76444, 0.0145424
1151, 75.73233, 0.0132044
1152, 71.84837, 0.0139182
1153, 70.29383, 0.014226
1154, 72.59686, 0.0137747
1155, 36.12664, 0.0276804
1156, 69.60928, 0.0143659
1157, 72.52894, 0.0137876
1158, 73.83725, 0.0135433
1159, 71.30379, 0.0140245
1160, 72.48951, 0.0137951
1161, 71.24131, 0.0140368
1162, 71.89072, 0.01391
1163, 71.15766, 0.0140533
1164, 70.5333, 0.0141777
1165, 36.36364, 0.0275
1166, 71.42603, 0.0140005
1167, 71.51132, 0.0139838
1168, 72.55157, 0.0137833
1169, 71.79472, 0.0139286
1170, 71.69692, 0.0139476
1171, 72.12822, 0.0138642
1172, 71.40103, 0.0140054
1173, 72.15945, 0.0138582
1174, 70.59505, 0.0141653
1175, 36.11125, 0.0276922
1176, 69.27847, 0.0144345
1177, 75.32276, 0.0132762
1178, 71.62554, 0.0139615
1179, 72.0887, 0.0138718
1180, 70.50346, 0.0141837
1181, 73.13631, 0.0136731
1182, 71.9233, 0.0139037
1183, 70.17297, 0.0142505
1184, 72.13602, 0.0138627
1185, 35.89118, 0.027862
1186, 72.83215, 0.0137302
1187, 72.3411, 0.0138234
1188, 72.12249, 0.0138653
1189, 71.26466, 0.0140322
1190, 71.74013, 0.0139392
1191, 71.60554, 0.0139654
1192, 72.34058, 0.0138235
1193, 70.71535, 0.0141412
1194, 69.19074, 0.0144528
1195, 33.78584, 0.0295982
1196, 71.81432, 0.0139248
1197, 86.54636, 0.0115545
1198, 71.29565, 0.0140261
1199, 72.75055, 0.0137456
1200, 71.55788, 0.0139747
1201, 71.85198, 0.0139175
1202, 71.24638, 0.0140358
1203, 72.80034, 0.0137362
1204, 70.96628, 0.0140912
1205, 35.79265, 0.0279387
1206, 72.64116, 0.0137663
1207, 71.79111, 0.0139293
1208, 71.67123, 0.0139526
1209, 72.52367, 0.0137886
1210, 71.90985, 0.0139063
1211, 71.60964, 0.0139646
1212, 71.39339, 0.0140069
1213, 72.20737, 0.013849
1214, 71.44389, 0.013997
1215, 35.78317, 0.0279461
1216, 73.04922, 0.0136894
1217, 71.98284, 0.0138922
1218, 71.43367, 0.013999
1219, 72.17299, 0.0138556
1220, 71.78339, 0.0139308
1221, 71.55174, 0.0139759
1222, 70.92903, 0.0140986
1223, 72.79292, 0.0137376
1224, 70.63744, 0.0141568
1225, 35.92754, 0.0278338
1226, 72.78762, 0.0137386
1227, 71.84631, 0.0139186
1228, 72.23399, 0.0138439
1229, 71.69435, 0.0139481
1230, 71.76484, 0.0139344
1231, 71.184, 0.0140481
1232, 71.50672, 0.0139847
1233, 71.88297, 0.0139115
1234, 70.2479, 0.0142353
1235, 33.40281, 0.0299376
1236, 73.64258, 0.0135791
1237, 85.19267, 0.0117381
1238, 71.53127, 0.0139799
1239, 71.67482, 0.0139519
1240, 72.25747, 0.0138394
1241, 71.6923, 0.0139485
1242, 70.59305, 0.0141657
1243, 73.6415, 0.0135793
1244, 70.55719, 0.0141729
1245, 35.82868, 0.0279106
1246, 73.12561, 0.0136751
1247, 71.75815, 0.0139357
1248, 69.74425, 0.0143381
1249, 74.118, 0.013492
1250, 70.5806, 0.0141682
1251, 73.06416, 0.0136866
1252, 71.61785, 0.013963
1253, 72.29978, 0.0138313
1254, 70.93305, 0.0140978
1255, 36.18299, 0.0276373
1256, 71.21544, 0.0140419
1257, 71.93986, 0.0139005
1258, 71.97507, 0.0138937
1259, 71.74579, 0.0139381
1260, 71.82618, 0.0139225
1261, 71.65017, 0.0139567
1262, 71.93003, 0.0139024
1263, 71.49649, 0.0139867
1264, 71.67123, 0.0139526
1265, 36.0237, 0.0277595
1266, 71.82773, 0.0139222
1267, 71.9233, 0.0139037
1268, 71.17033, 0.0140508
1269, 72.74685, 0.0137463
1270, 70.5796, 0.0141684
1271, 72.97832, 0.0137027
1272, 71.72469, 0.0139422
1273, 71.8334, 0.0139211
1274, 67.82236, 0.0147444
1275, 37.08071, 0.0269682
1276, 70.82604, 0.0141191
1277, 72.85125, 0.0137266
1278, 71.34093, 0.0140172
1279, 72.17142, 0.0138559
1280, 71.86438, 0.0139151
1281, 69.81973, 0.0143226
1282, 73.88689, 0.0135342
1283, 71.61631, 0.0139633
1284, 71.48321, 0.0139893
1285, 35.45521, 0.0282046
1286, 73.86779, 0.0135377
1287, 71.43725, 0.0139983
1288, 71.97455, 0.0138938
1289, 71.54867, 0.0139765
1290, 71.5753, 0.0139713
1291, 72.19486, 0.0138514
1292, 72.15632, 0.0138588
1293, 71.92175, 0.013904
1294, 70.59505, 0.0141653
1295, 36.46694, 0.0274221
1296, 70.48756, 0.0141869
1297, 73.07057, 0.0136854
1298, 70.86168, 0.014112
1299, 72.06636, 0.0138761
1300, 72.24024, 0.0138427
1301, 71.55943, 0.0139744
1302, 71.98958, 0.0138909
1303, 72.01498, 0.013886
1304, 71.14248, 0.0140563
1305, 36.10617, 0.0276961
1306, 70.8878, 0.0141068
1307, 72.16882, 0.0138564
1308, 72.09597, 0.0138704
1309, 72.20164, 0.0138501
1310, 71.35416, 0.0140146
1311, 72.31024, 0.0138293
1312, 71.37249, 0.014011
1313, 70.67387, 0.0141495
1314, 68.10412, 0.0146834
1315, 33.85263, 0.0295398
1316, 74.83237, 0.0133632
1317, 83.45573, 0.0119824
1318, 73.50131, 0.0136052
1319, 71.58144, 0.0139701
1320, 72.10845, 0.013868
1321, 71.10959, 0.0140628
1322, 72.57737, 0.0137784
1323, 70.66489, 0.0141513
1324, 72.02431, 0.0138842
1325, 36.22375, 0.0276062
1326, 71.0732, 0.01407
1327, 72.12509, 0.0138648
1328, 71.52206, 0.0139817
1329, 71.88918, 0.0139103
1330, 72.18393, 0.0138535
1331, 71.09089, 0.0140665
1332, 72.51316, 0.0137906
1333, 71.31193, 0.0140229
1334, 71.56147, 0.013974
1335, 36.13774, 0.0276719
1336, 71.73705, 0.0139398
1337, 71.78802, 0.0139299
1338, 72.01706, 0.0138856
1339, 70.71185, 0.0141419
1340, 72.80405, 0.0137355
1341, 72.22772, 0.0138451
1342, 71.38116, 0.0140093
1343, 70.60252, 0.0141638
1344, 71.43775, 0.0139982
1345, 36.39685, 0.0274749
1346, 69.53861, 0.0143805
1347, 72.1584, 0.0138584
1348, 73.67133, 0.0135738
1349, 71.2129, 0.0140424
1350, 59.23118, 0.016883
1351, 57.77675, 0.017308
1352, 122.531, 0.0081612
1353, 75.95667, 0.0131654
1354, 70.87875, 0.0141086
1355, 36.0917, 0.0277072
1356, 72.00928, 0.0138871
1357, 71.91399, 0.0139055
1358, 71.85973, 0.013916
1359, 71.4689, 0.0139921
1360, 71.45562, 0.0139947
1361, 71.33787, 0.0140178
1362, 71.18198, 0.0140485
1363, 73.18073, 0.0136648
1364, 68.28223, 0.0146451
1365, 33.9121, 0.029488
1366, 72.48478, 0.013796
1367, 85.89516, 0.0116421
1368, 71.67791, 0.0139513
1369, 71.85664, 0.0139166
1370, 71.35569, 0.0140143
1371, 72.47952, 0.013797
1372, 71.06765, 0.0140711
1373, 71.36078, 0.0140133
1374, 72.35366, 0.013821
1375, 36.08858, 0.0277096
1376, 71.63734, 0.0139592
1377, 71.95953, 0.0138967
1378, 70.37099, 0.0142104
1379, 73.31325, 0.0136401
1380, 71.96108, 0.0138964
1381, 71.81586, 0.0139245
1382, 70.26814, 0.0142312
1383, 72.67759, 0.0137594
1384, 72.10585, 0.0138685
1385, 36.13657, 0.0276728
1386, 70.98743, 0.014087
1387, 72.20686, 0.0138491
1388, 71.4735, 0.0139912
1389, 71.79008, 0.0139295
1390, 72.19226, 0.0138519
1391, 71.87471, 0.0139131
1392, 72.0295, 0.0138832
1393, 71.19312, 0.0140463
1394, 71.06109, 0.0140724
1395, 36.24528, 0.0275898
1396, 71.6199, 0.0139626
1397, 71.82928, 0.0139219
1398, 72.16517, 0.0138571
1399, 71.09342, 0.014066
1400, 71.13539, 0.0140577
1401, 72.36152, 0.0138195
1402, 71.92278, 0.0139038
1403, 71.92796, 0.0139028
1404, 70.13902, 0.0142574
1405, 36.29633, 0.027551
1406, 72.74368, 0.0137469
1407, 71.7391, 0.0139394
1408, 71.93106, 0.0139022
1409, 71.51643, 0.0139828
1410, 71.71338, 0.0139444
1411, 69.85484, 0.0143154
1412, 73.78331, 0.0135532
1413, 70.34031, 0.0142166
1414, 72.88364, 0.0137205
1415, 36.11308, 0.0276908
1416, 72.0295, 0.0138832
1417, 72.09234, 0.0138711
1418, 71.79524, 0.0139285
1419, 71.1916, 0.0140466
1420, 72.47742, 0.0137974
1421, 71.89951, 0.0139083
1422, 71.85302, 0.0139173
1423, 71.4352, 0.0139987
1424, 71.25248, 0.0140346
1425, 36.1644, 0.0276515
1426, 70.73286, 0.0141377
1427, 72.26112, 0.0138387
1428, 72.39347, 0.0138134
1429, 71.59837, 0.0139668
1430, 71.38421, 0.0140087
1431, 72.36832, 0.0138182
1432, 71.55379, 0.0139755
1433, 71.26974, 0.0140312
1434, 71.61375, 0.0139638
1435, 36.33206, 0.0275239
1436, 71.00003, 0.0140845
1437, 71.6738, 0.0139521
1438, 71.81277, 0.0139251
1439, 72.35366, 0.013821
1440, 71.12072, 0.0140606
1441, 72.09545, 0.0138705
1442, 72.0648, 0.0138764
1443, 71.88608, 0.0139109
1444, 69.73743, 0.0143395
1445, 36.55706, 0.0273545
1446, 71.46532, 0.0139928
1447, 71.66301, 0.0139542
1448, 72.01291, 0.0138864
1449, 70.94312, 0.0140958
1450, 70.80398, 0.0141235
1451, 72.49949, 0.0137932
1452, 72.61057, 0.0137721
1453, 72.25172, 0.0138405
1454, 70.4662, 0.0141912
1455, 36.50648, 0.0273924
1456, 70.58109, 0.0141681
1457, 72.23555, 0.0138436
1458, 71.86438, 0.0139151
1459, 71.91606, 0.0139051
1460, 70.74487, 0.0141353
1461, 73.31055, 0.0136406
1462, 71.70103, 0.0139468
1463, 71.33583, 0.0140182
1464, 70.37991, 0.0142086
1465, 36.17591, 0.0276427
1466, 72.41025, 0.0138102
1467, 72.35419, 0.0138209
1468, 71.51439, 0.0139832
1469, 71.97766, 0.0138932
1470, 71.39746, 0.0140061
1471, 71.09139, 0.0140664
1472, 73.03588, 0.0136919
1473, 71.73962, 0.0139393
1474, 70.17642, 0.0142498
1475, 36.35147, 0.0275092
1476, 68.99835, 0.0144931
1477, 74.95858, 0.0133407
1478, 72.2794, 0.0138352
1479, 71.38931, 0.0140077
1480, 71.57684, 0.013971
1481, 72.10013, 0.0138696
1482, 71.44797, 0.0139962
1483, 71.96989, 0.0138947
1484, 69.5536, 0.0143774
1485, 36.67733, 0.0272648
1486, 71.47146, 0.0139916
1487, 70.96024, 0.0140924
1488, 72.81731, 0.013733
1489, 71.05957, 0.0140727
1490, 71.73087, 0.013941
1491, 71.67688, 0.0139515
1492, 72.33482, 0.0138246
1493, 70.54823, 0.0141747
1494, 70.74337, 0.0141356
1495, 36.64964, 0.0272854
1496, 71.39542, 0.0140065
1497, 72.4874, 0.0137955
1498, 71.13387, 0.014058
1499, 72.45904, 0.0138009
1500, 71.09241, 0.0140662
1501, 71.8205, 0.0139236
1502, 72.26896, 0.0138372
1503, 71.80091, 0.0139274
1504, 70.92299, 0.0140998
1505, 36.16479, 0.0276512
1506, 71.36027, 0.0140134
1507, 71.85095, 0.0139177
1508, 71.3104, 0.0140232
1509, 70.87122, 0.0141101
1510, 73.57756, 0.0135911
1511, 71.87419, 0.0139132
1512, 71.02575, 0.0140794
1513, 72.09493, 0.0138706
1514, 71.3455, 0.0140163
1515, 36.01423, 0.0277668
1516, 71.05957, 0.0140727
1517, 72.94798, 0.0137084
1518, 71.13287, 0.0140582
1519, 72.47164, 0.0137985
1520, 71.98129, 0.0138925
1521, 71.62195, 0.0139622
1522, 71.89279, 0.0139096
1523, 71.69692, 0.0139476
1524, 71.13893, 0.014057
1525, 36.07113, 0.027723
1526, 71.70309, 0.0139464
1527, 71.98906, 0.013891
1528, 72.07415, 0.0138746
1529, 70.96577, 0.0140913
1530, 72.39871, 0.0138124
1531, 71.71183, 0.0139447
1532, 71.62965, 0.0139607
1533, 72.20164, 0.0138501
1534, 71.10606, 0.0140635
1535, 35.90277, 0.027853
1536, 71.93054, 0.0139023
1537, 72.56736, 0.0137803
1538, 72.14122, 0.0138617
1539, 71.0419, 0.0140762
1540, 72.49897, 0.0137933
1541, 71.67893, 0.0139511
1542, 68.14542, 0.0146745
1543, 74.99456, 0.0133343
1544, 69.83143, 0.0143202
1545, 33.6209, 0.0297434
1546, 73.24022, 0.0136537
1547, 83.08753, 0.0120355
1548, 72.00305, 0.0138883
1549, 71.3781, 0.0140099
1550, 72.81094, 0.0137342
1551, 72.73891, 0.0137478
1552, 72.05389, 0.0138785
1553, 71.57632, 0.0139711
1554, 70.3507, 0.0142145
1555, 36.29, 0.0275558
1556, 71.85405, 0.0139171
1557, 70.71786, 0.0141407
1558, 73.40582, 0.0136229
1559, 71.56762, 0.0139728
1560, 72.11105, 0.0138675
1561, 71.56403, 0.0139735
1562, 72.0212, 0.0138848
1563, 71.61375, 0.0139638
1564, 71.1015, 0.0140644
1565, 36.09066, 0.027708
1566, 17.12018, 0.0584106
1567, 58.78135, 0.0170122
1568, 65.08044, 0.0153656
1569, 67.57853, 0.0147976
1570, 67.19978, 0.014881
1571, 68.15564, 0.0146723
1572, 35.40638, 0.0282435
1573, 66.45225, 0.0150484
1574, 69.69515, 0.0143482
1575, 70.29679, 0.0142254
1576, 70.15575, 0.014254
1577, 71.11465, 0.0140618
1578, 69.96677, 0.0142925
1579, 71.94814, 0.0138989
1580, 71.04947, 0.0140747
1581, 70.12672, 0.0142599
1582, 35.94278, 0.027822
1583, 69.71556, 0.014344
1584, 70.98492, 0.0140875
1585, 73.10316, 0.0136793
1586, 70.73136, 0.014138
1587, 71.6317, 0.0139603
1588, 71.1192, 0.0140609
1589, 72.97459, 0.0137034
1590, 71.82876, 0.013922
1591, 69.94279, 0.0142974
1592, 33.63131, 0.0297342
1593, 70.53131, 0.0141781
1594, 87.57642, 0.0114186
1595, 72.21938, 0.0138467
1596, 71.42398, 0.0140009
1597, 71.62759, 0.0139611
1598, 71.52411, 0.0139813
1599, 72.25225, 0.0138404
1600, 71.91399, 0.0139055
1601, 70.97585, 0.0140893
1602, 35.4781, 0.0281864
1603, 73.58677, 0.0135894
1604, 71.87988, 0.0139121
1605, 73.30949, 0.0136408
1606, 71.99632, 0.0138896
1607, 71.33685, 0.014018
1608, 71.71646, 0.0139438
1609, 71.53025, 0.0139801
1610, 71.89072, 0.01391
1611, 70.16953, 0.0142512
1612, 36.11595, 0.0276886
1613, 72.12457, 0.0138649
1614, 72.16361, 0.0138574
1615, 71.91968, 0.0139044
1616, 73.02841, 0.0136933
1617, 71.5369, 0.0139788
1618, 71.87522, 0.013913
1619, 71.97403, 0.0138939
1620, 71.14197, 0.0140564
1621, 71.50263, 0.0139855
1622, 32.56809, 0.0307049
1623, 58.39484, 0.0171248
1624, 126.1607, 0.0079264
1625, 72.64539, 0.0137655
1626, 71.71852, 0.0139434
1627, 72.19279, 0.0138518
1628, 72.05493, 0.0138783
1629, 71.6851, 0.0139499
1630, 71.14602, 0.0140556
1631, 71.67329, 0.0139522
1632, 36.14466, 0.0276666
1633, 70.41163, 0.0142022
1634, 71.91141, 0.013906
1635, 72.38613, 0.0138148
1636, 71.62965, 0.0139607
1637, 71.90934, 0.0139064
1638, 72.70824, 0.0137536
1639, 71.74991, 0.0139373
1640, 72.09753, 0.0138701
1641, 71.09544, 0.0140656
1642, 35.93658, 0.0278268
1643, 72.54578, 0.0137844
1644, 71.07523, 0.0140696
1645, 72.6438, 0.0137658
1646, 71.6199, 0.0139626
1647, 71.74322, 0.0139386
1648, 71.86334, 0.0139153
1649, 69.66214, 0.014355
1650, 70.53579, 0.0141772
1651, 72.46324, 0.0138001
1652, 35.83241, 0.0279077
1653, 71.09089, 0.0140665
1654, 76.45786, 0.0130791
1655, 71.50058, 0.0139859
1656, 71.46022, 0.0139938
1657, 72.3343, 0.0138247
1658, 71.86645, 0.0139147
1659, 71.63683, 0.0139593
1660, 71.92072, 0.0139042
1661, 71.20479, 0.014044
1662, 36.12182, 0.0276841
1663, 71.36129, 0.0140132
1664, 71.61067, 0.0139644
1665, 72.08818, 0.0138719
1666, 72.04819, 0.0138796
1667, 71.46328, 0.0139932
1668, 71.91813, 0.0139047
1669, 69.62964, 0.0143617
1670, 74.5051, 0.0134219
1671, 70.78894, 0.0141265
1672, 36.21115, 0.0276158
1673, 71.52309, 0.0139815
1674, 71.80658, 0.0139263
1675, 70.93054, 0.0140983
1676, 73.43816, 0.0136169
1677, 71.36689, 0.0140121
1678, 71.70103, 0.0139468
1679, 72.18705, 0.0138529
1680, 70.93909, 0.0140966
1681, 71.7252, 0.0139421
1682, 36.07725, 0.0277183
1683, 70.77943, 0.0141284
1684, 73.21234, 0.0136589
1685, 71.81895, 0.0139239
1686, 70.68387, 0.0141475
1687, 72.86399, 0.0137242
1688, 71.18857, 0.0140472
1689, 72.36152, 0.0138195
1690, 70.28741, 0.0142273
1691, 71.68768, 0.0139494
1692, 35.76551, 0.0279599
1693, 72.15476, 0.0138591
1694, 73.35143, 0.013633
1695, 70.01624, 0.0142824
1696, 72.72727, 0.01375
1697, 72.40134, 0.0138119
1698, 72.68815, 0.0137574
1699, 71.36689, 0.0140121
1700, 72.29507, 0.0138322
1701, 69.89292, 0.0143076
1702, 36.50674, 0.0273922
1703, 70.55669, 0.014173
1704, 72.74844, 0.013746
1705, 72.31599, 0.0138282
1706, 71.67739, 0.0139514
1707, 71.75248, 0.0139368
1708, 71.80246, 0.0139271
1709, 71.40256, 0.0140051
1710, 72.10949, 0.0138678
1711, 69.5807, 0.0143718
1712, 36.57083, 0.0273442
1713, 71.94245, 0.0139
1714, 71.46532, 0.0139928
1715, 71.56045, 0.0139742
1716, 72.0861, 0.0138723
1717, 71.40052, 0.0140055
1718, 72.3186, 0.0138277
1719, 71.67842, 0.0139512
1720, 71.38065, 0.0140094
1721, 71.40154, 0.0140053
1722, 36.102, 0.0276993
1723, 71.88556, 0.013911
1724, 71.624, 0.0139618
1725, 72.20269, 0.0138499
1726, 72.19382, 0.0138516
1727, 71.75042, 0.0139372
1728, 71.14602, 0.0140556
1729, 72.0295, 0.0138832
1730, 71.89331, 0.0139095
1731, 69.08654, 0.0144746
1732, 36.64749, 0.027287
1733, 72.17976, 0.0138543
1734, 68.55278, 0.0145873
1735, 75.45063, 0.0132537
1736, 71.43674, 0.0139984
1737, 72.03417, 0.0138823
1738, 71.63734, 0.0139592
1739, 71.49701, 0.0139866
1740, 71.78751, 0.01393
1741, 67.63154, 0.014786
1742, 37.16892, 0.0269042
1743, 72.13029, 0.0138638
1744, 71.50058, 0.0139859
1745, 71.42347, 0.014001
1746, 72.13134, 0.0138636
1747, 70.93607, 0.0140972
1748, 73.04602, 0.01369
1749, 71.23877, 0.0140373
1750, 71.81741, 0.0139242
1751, 71.66506, 0.0139538
1752, 28.96208, 0.0345279
1753, 113.8537, 0.0087832
1754, 60.52353, 0.0165225
1755, 84.0654, 0.0118955
1756, 78.00008, 0.0128205
1757, 75.6567, 0.0132176
1758, 71.55328, 0.0139756
1759, 71.65685, 0.0139554
1760, 70.92752, 0.0140989
1761, 70.60751, 0.0141628
1762, 36.42589, 0.027453
1763, 70.27604, 0.0142296
1764, 73.65397, 0.013577
1765, 72.37671, 0.0138166
1766, 67.71077, 0.0147687
1767, 76.91598, 0.0130012
1768, 71.53434, 0.0139793
1769, 72.06636, 0.0138761
1770, 70.59754, 0.0141648
1771, 71.97921, 0.0138929
1772, 35.51704, 0.0281555
1773, 72.37723, 0.0138165
1774, 72.3275, 0.013826
1775, 72.29351, 0.0138325
1776, 72.65277, 0.0137641
1777, 71.19921, 0.0140451
1778, 69.74814, 0.0143373
1779, 73.29605, 0.0136433
1780, 71.87678, 0.0139127
1781, 72.46482, 0.0137998
1782, 36.75174, 0.0272096
1783, 70.70786, 0.0141427
1784, 71.98388, 0.013892
1785, 71.99217, 0.0138904
1786, 71.6512, 0.0139565
1787, 71.56147, 0.013974
1788, 71.90158, 0.0139079
1789, 72.26112, 0.0138387
1790, 71.32413, 0.0140205
1791, 70.13803, 0.0142576
1792, 36.54063, 0.0273668
1793, 71.39594, 0.0140064
1794, 71.59119, 0.0139682
1795, 72.32436, 0.0138266
1796, 71.65377, 0.013956
1797, 71.78442, 0.0139306
1798, 71.46686, 0.0139925
1799, 70.81902, 0.0141205
1800, 73.02575, 0.0136938
1801, 71.36333, 0.0140128
1802, 36.17173, 0.0276459
1803, 71.3282, 0.0140197
1804, 71.2408, 0.0140369
1805, 72.14071, 0.0138618
1806, 72.21364, 0.0138478
1807, 71.9932, 0.0138902
1808, 71.93831, 0.0139008
1809, 71.15665, 0.0140535
1810, 72.36885, 0.0138181
1811, 71.21544, 0.0140419
1812, 36.07386, 0.0277209
1813, 71.17033, 0.0140508
1814, 72.26112, 0.0138387
1815, 71.70824, 0.0139454
1816, 72.40762, 0.0138107
1817, 71.57787, 0.0139708
1818, 70.84009, 0.0141163
1819, 72.96341, 0.0137055
1820, 71.74837, 0.0139376
1821, 67.33599, 0.0148509
1822, 36.34117, 0.027517
1823, 71.47401, 0.0139911
1824, 71.97921, 0.0138929
1825, 72.58527, 0.0137769
1826, 72.16986, 0.0138562
1827, 70.61897, 0.0141605
1828, 73.09354, 0.0136811
1829, 71.21493, 0.014042
1830, 67.92001, 0.0147232
1831, 75.57379, 0.0132321
1832, 36.06372, 0.0277287
1833, 71.5103, 0.013984
1834, 71.63477, 0.0139597
1835, 70.45727, 0.014193
1836, 75.24908, 0.0132892
1837, 70.10263, 0.0142648
1838, 73.25095, 0.0136517
1839, 71.59375, 0.0139677
1840, 72.03728, 0.0138817
1841, 70.46025, 0.0141924
1842, 35.45081, 0.0282081
1843, 74.89178, 0.0133526
1844, 71.56147, 0.013974
1845, 71.64555, 0.0139576
1846, 72.05389, 0.0138785
1847, 69.32745, 0.0144243
1848, 72.61163, 0.0137719
1849, 65.21838, 0.0153331
1850, 79.43632, 0.0125887
1851, 75.67903, 0.0132137
1852, 34.99624, 0.0285745
1853, 73.86452, 0.0135383
1854, 69.27415, 0.0144354
1855, 75.0424, 0.0133258
1856, 69.45602, 0.0143976
1857, 71.31651, 0.014022
1858, 73.50185, 0.0136051
1859, 60.55175, 0.0165148
1860, 79.24306, 0.0126194
1861, 76.59783, 0.0130552
1862, 36.59184, 0.0273285
1863, 69.05743, 0.0144807
1864, 63.45057, 0.0157603
1865, 84.50514, 0.0118336
1866, 77.59758, 0.012887
1867, 69.01121, 0.0144904
1868, 67.61508, 0.0147896
1869, 81.04976, 0.0123381
1870, 71.39797, 0.014006
1871, 68.60075, 0.0145771
1872, 36.01514, 0.0277661
1873, 71.22355, 0.0140403
1874, 42.80492, 0.0233618
1875, 131.4181, 0.0076093
1876, 95.66357, 0.0104533
1877, 74.08505, 0.013498
1878, 71.97766, 0.0138932
1879, 71.10201, 0.0140643
1880, 22.02522, 0.0454025
