Frame, FPS, Frame Time
1, 50, 0.02
2, 50, 0.02
3, 3, 0.3333333
4, 4.309227, 0.2320602
5, 18.95041, 0.0527693
6, 89.49026, 0.0111744
7, 70.00154, 0.0142854
8, 73.75991, 0.0135575
9, 71.20073, 0.0140448
10, 73.34013, 0.0136351
11, 72.49634, 0.0137938
12, 70.11934, 0.0142614
13, 71.28143, 0.0140289
14, 71.20073, 0.0140448
15, 74.19334, 0.0134783
16, 70.84311, 0.0141157
17, 70.56715, 0.0141709
18, 73.03162, 0.0136927
19, 73.08392, 0.0136829
20, 71.17641, 0.0140496
21, 72.39819, 0.0138125
22, 71.76793, 0.0139338
23, 71.75506, 0.0139363
24, 71.65788, 0.0139552
25, 72.34791, 0.0138221
26, 17.94678, 0.0557203
27, 71.39848, 0.0140059
28, 72.40553, 0.0138111
29, 70.82103, 0.0141201
30, 72.37252, 0.0138174
31, 71.07877, 0.0140689
32, 72.20686, 0.0138491
33, 71.16982, 0.0140509
34, 72.6132, 0.0137716
35, 71.15766, 0.0140533
36, 72.7765, 0.0137407
37, 70.78544, 0.0141272
38, 71.96004, 0.0138966
39, 72.2079, 0.0138489
40, 72.52263, 0.0137888
41, 71.27075, 0.014031
42, 71.7669, 0.013934
43, 69.7107, 0.014345
44, 74.25669, 0.0134668
45, 71.18451, 0.014048
46, 35.98714, 0.0277877
47, 71.30277, 0.0140247
48, 72.06376, 0.0138766
49, 50.30637, 0.0198782
50, 72.12769, 0.0138643
51, 12.15825, 0.0822487
52, 72.98791, 0.0137009
53, 75.25134, 0.0132888
54, 71.96368, 0.0138959
55, 66.08686, 0.0151316
56, 71.14248, 0.0140563
57, 69.26983, 0.0144363
58, 70.78744, 0.0141268
59, 68.92986, 0.0145075
60, 68.74884, 0.0145457
61, 17.8318, 0.0560796
62, 70.29531, 0.0142257
63, 72.92882, 0.013712
64, 68.82928, 0.0145287
65, 73.5597, 0.0135944
66, 71.68099, 0.0139507
67, 71.79008, 0.0139295
68, 71.13438, 0.0140579
69, 70.7719, 0.0141299
70, 72.33796, 0.013824
71, 72.11417, 0.0138669
72, 71.53229, 0.0139797
73, 74.62909, 0.0133996
74, 70.70586, 0.0141431
75, 70.52037, 0.0141803
76, 73.4085, 0.0136224
77, 70.18677, 0.0142477
78, 72.27, 0.013837
79, 68.56783, 0.0145841
80, 74.59847, 0.0134051
81, 71.70361, 0.0139463
82, 71.66609, 0.0139536
83, 72.32854, 0.0138258
84, 72.56841, 0.0137801
85, 35.73739, 0.0279819
86, 70.20746, 0.0142435
87, 70.6524, 0.0141538
88, 71.6815, 0.0139506
89, 70.3502, 0.0142146
90, 76.27474, 0.0131105
91, 71.00054, 0.0140844
92, 71.41735, 0.0140022
93, 70.813, 0.0141217
94, 70.62845, 0.0141586
95, 74.18343, 0.0134801
96, 71.77257, 0.0139329
97, 69.07795, 0.0144764
98, 74.5879, 0.013407
99, 70.97585, 0.0140893
100, 71.9616, 0.0138963
101, 71.79988, 0.0139276
102, 69.73015, 0.014341
103, 71.89486, 0.0139092
104, 69.57635, 0.0143727
105, 75.03226, 0.0133276
106, 72.21572, 0.0138474
107, 70.07316, 0.0142708
108, 75.93591, 0.013169
109, 71.61015, 0.0139645
110, 68.22399, 0.0146576
111, 74.65918, 0.0133942
112, 72.03158, 0.0138828
113, 71.2403, 0.014037
114, 34.86058, 0.0286857
115, 75.17327, 0.0133026
116, 73.25685, 0.0136506
117, 72.35157, 0.0138214
118, 69.34284, 0.0144211
119, 73.43977, 0.0136166
120, 72.2225, 0.0138461
121, 71.54816, 0.0139766
122, 71.66352, 0.0139541
123, 72.25277, 0.0138403
124, 70.16953, 0.0142512
125, 72.92457, 0.0137128
126, 72.00409, 0.0138881
127, 71.79111, 0.0139293
128, 71.87574, 0.0139129
129, 70.98794, 0.0140869
130, 36.00528, 0.0277737
131, 71.51286, 0.0139835
132, 71.06159, 0.0140723
133, 71.49547, 0.0139869
134, 72.45484, 0.0138017
135, 70.67687, 0.0141489
136, 72.67759, 0.0137594
137, 72.52999, 0.0137874
138, 56.75014, 0.0176211
139, 103.7689, 0.0096368
140, 70.97081, 0.0140903
141, 70.69486, 0.0141453
142, 72.8624, 0.0137245
143, 70.30173, 0.0142244
144, 72.93626, 0.0137106
145, 71.51337, 0.0139834
146, 71.01466, 0.0140816
147, 71.54407, 0.0139774
148, 72.76008, 0.0137438
149, 4.468417, 0.2237929
150, 23.11471, 0.0432625
151, 24.08014, 0.041528
152, 38.52985, 0.0259539
153, 71.57223, 0.0139719
154, 71.96419, 0.0138958
155, 71.47554, 0.0139908
156, 35.983, 0.0277909
157, 71.67996, 0.0139509
158, 72.19434, 0.0138515
159, 71.42398, 0.0140009
160, 71.98543, 0.0138917
161, 71.68716, 0.0139495
162, 71.14501, 0.0140558
163, 71.78699, 0.0139301
164, 71.8649, 0.013915
165, 70.46323, 0.0141918
166, 36.30818, 0.027542
167, 71.77051, 0.0139333
168, 71.17793, 0.0140493
169, 72.82526, 0.0137315
170, 71.71594, 0.0139439
171, 71.0424, 0.0140761
172, 72.01706, 0.0138856
173, 72.2319, 0.0138443
174, 71.6081, 0.0139649
175, 70.70286, 0.0141437
176, 72.98737, 0.013701
177, 72.00357, 0.0138882
178, 71.74476, 0.0139383
179, 71.1987, 0.0140452
180, 70.73486, 0.0141373
181, 73.09033, 0.0136817
182, 71.48372, 0.0139892
183, 70.98138, 0.0140882
184, 71.67329, 0.0139522
185, 18.01623, 0.0555055
186, 72.09857, 0.0138699
187, 71.60452, 0.0139656
188, 71.6851, 0.0139499
189, 70.23508, 0.0142379
190, 73.53049, 0.0135998
191, 71.01163, 0.0140822
192, 72.66228, 0.0137623
193, 71.85043, 0.0139178
194, 71.96264, 0.0138961
195, 69.77247, 0.0143323
196, 72.75161, 0.0137454
197, 73.01722, 0.0136954
198, 71.66712, 0.0139534
199, 71.62093, 0.0139624
200, 71.44592, 0.0139966
201, 71.01315, 0.0140819
202, 73.43816, 0.0136169
203, 72.18497, 0.0138533
204, 71.16323, 0.0140522
205, 71.78442, 0.0139306
206, 72.0015, 0.0138886
207, 70.19317, 0.0142464
208, 73.82198, 0.0135461
209, 71.49854, 0.0139863
210, 70.51987, 0.0141804
211, 73.06844, 0.0136858
212, 71.16576, 0.0140517
213, 71.84218, 0.0139194
214, 72.96554, 0.0137051
215, 71.41837, 0.014002
216, 71.84528, 0.0139188
217, 71.05351, 0.0140739
218, 71.59888, 0.0139667
219, 71.89072, 0.01391
220, 72.74261, 0.0137471
221, 70.82454, 0.0141194
222, 72.58949, 0.0137761
223, 71.8525, 0.0139174
224, 71.84476, 0.0139189
225, 70.98038, 0.0140884
226, 72.73574, 0.0137484
227, 71.43775, 0.0139982
228, 71.62349, 0.0139619
229, 71.28397, 0.0140284
230, 66.02403, 0.015146
231, 79.99616, 0.0125006
232, 72.75108, 0.0137455
233, 71.45256, 0.0139953
234, 71.75763, 0.0139358
235, 71.95953, 0.0138967
236, 70.70586, 0.0141431
237, 71.80761, 0.0139261
238, 72.9911, 0.0137003
239, 71.55276, 0.0139757
240, 68.64172, 0.0145684
241, 75.0317, 0.0133277
242, 72.15736, 0.0138586
243, 71.12932, 0.0140589
244, 72.25381, 0.0138401
245, 71.54919, 0.0139764
246, 72.11833, 0.0138661
247, 71.60964, 0.0139646
248, 71.50007, 0.013986
249, 71.38574, 0.0140084
250, 71.25654, 0.0140338
251, 72.37723, 0.0138165
252, 72.55841, 0.013782
253, 70.85716, 0.0141129
254, 72.62217, 0.0137699
255, 71.08836, 0.014067
256, 72.0991, 0.0138698
257, 71.66815, 0.0139532
258, 71.96833, 0.013895
259, 71.59221, 0.013968
260, 71.77102, 0.0139332
261, 72.3432, 0.013823
262, 71.07775, 0.0140691
263, 71.68768, 0.0139494
264, 72.55683, 0.0137823
265, 71.81586, 0.0139245
266, 71.88659, 0.0139108
267, 71.55225, 0.0139758
268, 71.98958, 0.0138909
269, 71.6738, 0.0139521
270, 71.5103, 0.013984
271, 71.89072, 0.01391
272, 72.0378, 0.0138816
273, 70.74638, 0.014135
274, 72.97192, 0.0137039
275, 71.37096, 0.0140113
276, 72.89001, 0.0137193
277, 71.40307, 0.014005
278, 71.93882, 0.0139007
279, 34.97005, 0.0285959
280, 72.36047, 0.0138197
281, 75.05704, 0.0133232
282, 71.42908, 0.0139999
283, 64.16138, 0.0155857
284, 33.95517, 0.0294506
285, 83.1836, 0.0120216
286, 82.72051, 0.0120889
287, 70.99399, 0.0140857
288, 71.20631, 0.0140437
289, 71.27431, 0.0140303
290, 71.09594, 0.0140655
291, 73.40958, 0.0136222
292, 72.10169, 0.0138693
293, 70.97333, 0.0140898
294, 36.08467, 0.0277126
295, 70.81601, 0.0141211
296, 72.15372, 0.0138593
297, 71.4592, 0.013994
298, 72.00513, 0.0138879
299, 71.70978, 0.0139451
300, 71.49292, 0.0139874
301, 71.78699, 0.0139301
302, 72.08454, 0.0138726
303, 70.93255, 0.0140979
304, 36.17487, 0.0276435
305, 71.7942, 0.0139287
306, 71.02979, 0.0140786
307, 71.80091, 0.0139274
308, 71.41071, 0.0140035
309, 71.44541, 0.0139967
310, 72.21364, 0.0138478
311, 71.42194, 0.0140013
312, 71.51234, 0.0139836
313, 72.46535, 0.0137997
314, 36.0822, 0.0277145
315, 71.87988, 0.0139121
316, 72.01291, 0.0138864
317, 71.50672, 0.0139847
318, 72.41811, 0.0138087
319, 72.13186, 0.0138635
320, 70.52783, 0.0141788
321, 72.77491, 0.013741
322, 71.88297, 0.0139115
323, 69.75446, 0.014336
324, 36.48996, 0.0274048
325, 71.5369, 0.0139788
326, 71.40307, 0.014005
327, 72.479, 0.0137971
328, 70.86168, 0.014112
329, 72.14799, 0.0138604
330, 71.95901, 0.0138968
331, 71.99061, 0.0138907
332, 71.99735, 0.0138894
333, 71.49547, 0.0139869
334, 36.18076, 0.027639
335, 71.08432, 0.0140678
336, 72.08298, 0.0138729
337, 71.2799, 0.0140292
338, 71.81483, 0.0139247
339, 69.37892, 0.0144136
340, 74.85983, 0.0133583
341, 72.38194, 0.0138156
342, 71.90313, 0.0139076
343, 70.89182, 0.014106
344, 35.83587, 0.027905
345, 72.9895, 0.0137006
346, 71.22659, 0.0140397
347, 71.51643, 0.0139828
348, 72.42966, 0.0138065
349, 71.77721, 0.013932
350, 71.38574, 0.0140084
351, 71.9559, 0.0138974
352, 71.37402, 0.0140107
353, 72.1199, 0.0138658
354, 35.95855, 0.0278098
355, 71.17083, 0.0140507
356, 72.74844, 0.013746
357, 70.54276, 0.0141758
358, 73.04388, 0.0136904
359, 71.79988, 0.0139276
360, 71.44389, 0.013997
361, 70.86067, 0.0141122
362, 73.56294, 0.0135938
363, 70.4156, 0.0142014
364, 36.25448, 0.0275828
365, 71.70206, 0.0139466
366, 69.54151, 0.0143799
367, 74.42193, 0.0134369
368, 71.1982, 0.0140453
369, 71.75763, 0.0139358
370, 72.08922, 0.0138717
371, 72.00098, 0.0138887
372, 70.9406, 0.0140963
373, 69.38326, 0.0144127
374, 33.875, 0.0295203
375, 71.38879, 0.0140078
376, 87.34158, 0.0114493
377, 70.40568, 0.0142034
378, 73.15771, 0.0136691
379, 71.804, 0.0139268
380, 71.19617, 0.0140457
381, 72.45117, 0.0138024
382, 71.31345, 0.0140226
383, 71.20985, 0.014043
384, 36.04409, 0.0277438
385, 71.10808, 0.0140631
386, 72.62428, 0.0137695
387, 71.46737, 0.0139924
388, 72.23241, 0.0138442
389, 71.06412, 0.0140718
390, 72.41339, 0.0138096
391, 71.84734, 0.0139184
392, 71.96626, 0.0138954
393, 70.69636, 0.014145
394, 36.01021, 0.0277699
395, 71.20225, 0.0140445
396, 72.86293, 0.0137244
397, 71.92485, 0.0139034
398, 71.6394, 0.0139588
399, 69.28615, 0.0144329
400, 74.39148, 0.0134424
401, 72.31966, 0.0138275
402, 71.40256, 0.0140051
403, 70.88479, 0.0141074
404, 35.35805, 0.0282821
405, 75.47056, 0.0132502
406, 70.20155, 0.0142447
407, 71.43725, 0.0139983
408, 74.68372, 0.0133898
409, 70.71436, 0.0141414
410, 72.70242, 0.0137547
411, 71.46073, 0.0139937
412, 70.77492, 0.0141293
413, 71.7494, 0.0139374
414, 36.25645, 0.0275813
415, 70.68536, 0.0141472
416, 72.18132, 0.013854
417, 71.93313, 0.0139018
418, 72.15788, 0.0138585
419, 71.31091, 0.0140231
420, 71.35009, 0.0140154
421, 73.20001, 0.0136612
422, 71.77257, 0.0139329
423, 66.71248, 0.0149897
424, 37.70881, 0.026519
425, 70.99197, 0.0140861
426, 71.44541, 0.0139967
427, 72.07415, 0.0138746
428, 71.59119, 0.0139682
429, 71.88659, 0.0139108
430, 71.26771, 0.0140316
431, 72.55841, 0.013782
432, 71.14146, 0.0140565
433, 71.54048, 0.0139781
434, 36.21483, 0.027613
435, 71.55737, 0.0139748
436, 71.71852, 0.0139434
437, 71.48014, 0.0139899
438, 71.74579, 0.0139381
439, 71.57889, 0.0139706
440, 71.12881, 0.014059
441, 73.18662, 0.0136637
442, 71.53383, 0.0139794
443, 70.96477, 0.0140915
444, 36.21574, 0.0276123
445, 71.61375, 0.0139638
446, 71.78082, 0.0139313
447, 71.56711, 0.0139729
448, 71.40154, 0.0140053
449, 71.5236, 0.0139814
450, 73.54671, 0.0135968
451, 71.86386, 0.0139152
452, 71.34449, 0.0140165
453, 70.93356, 0.0140977
454, 35.99958, 0.0277781
455, 71.18654, 0.0140476
456, 72.63219, 0.013768
457, 71.63786, 0.0139591
458, 71.49598, 0.0139868
459, 72.01238, 0.0138865
460, 70.16855, 0.0142514
461, 73.53644, 0.0135987
462, 71.24587, 0.0140359
463, 70.21831, 0.0142413
464, 33.66765, 0.0297021
465, 73.51968, 0.0136018
466, 84.77234, 0.0117963
467, 71.63119, 0.0139604
468, 71.67842, 0.0139512
469, 71.95487, 0.0138976
470, 71.91968, 0.0139044
471, 71.24638, 0.0140358
472, 72.79451, 0.0137373
473, 71.15716, 0.0140534
474, 36.05033, 0.027739
475, 71.63016, 0.0139606
476, 70.03046, 0.0142795
477, 73.0647, 0.0136865
478, 72.53789, 0.0137859
479, 71.77, 0.0139334
480, 71.96316, 0.013896
481, 71.94865, 0.0138988
482, 71.16374, 0.0140521
483, 70.40865, 0.0142028
484, 36.40666, 0.0274675
485, 71.65685, 0.0139554
486, 70.61698, 0.0141609
487, 72.23502, 0.0138437
488, 73.23969, 0.0136538
489, 71.99528, 0.0138898
490, 69.16443, 0.0144583
491, 74.20544, 0.0134761
492, 71.71697, 0.0139437
493, 69.32649, 0.0144245
494, 36.09457, 0.027705
495, 73.35627, 0.0136321
496, 72.16205, 0.0138577
497, 71.89538, 0.0139091
498, 71.19515, 0.0140459
499, 72.64644, 0.0137653
500, 71.95642, 0.0138973
501, 71.45511, 0.0139948
502, 71.48781, 0.0139884
503, 71.40511, 0.0140046
504, 35.99258, 0.0277835
505, 72.20581, 0.0138493
506, 71.56659, 0.013973
507, 71.68922, 0.0139491
508, 72.09389, 0.0138708
509, 71.28752, 0.0140277
510, 72.20373, 0.0138497
511, 72.03417, 0.0138823
512, 71.86231, 0.0139155
513, 70.24988, 0.0142349
514, 35.98481, 0.0277895
515, 72.80882, 0.0137346
516, 71.32159, 0.014021
517, 72.57526, 0.0137788
518, 70.83457, 0.0141174
519, 71.94865, 0.0138988
520, 71.64658, 0.0139574
521, 72.3898, 0.0138141
522, 72.48583, 0.0137958
523, 69.37843, 0.0144137
524, 36.71301, 0.0272383
525, 70.69986, 0.0141443
526, 71.60041, 0.0139664
527, 71.8365, 0.0139205
528, 71.12881, 0.014059
529, 72.29874, 0.0138315
530, 72.05701, 0.0138779
531, 71.1916, 0.0140466
532, 69.95844, 0.0142942
533, 72.14643, 0.0138607
534, 33.65564, 0.0297127
535, 73.58189, 0.0135903
536, 84.60237, 0.01182
537, 71.59734, 0.013967
538, 70.69086, 0.0141461
539, 73.18126, 0.0136647
540, 71.28092, 0.014029
541, 71.28143, 0.0140289
542, 72.3589, 0.01382
543, 71.01365, 0.0140818
544, 36.24502, 0.02759
545, 71.46226, 0.0139934
546, 72.1834, 0.0138536
547, 71.48525, 0.0139889
548, 71.0626, 0.0140721
549, 72.72675, 0.0137501
550, 71.72417, 0.0139423
551, 71.19059, 0.0140468
552, 72.22929, 0.0138448
553, 71.69435, 0.0139481
554, 36.06476, 0.0277279
555, 71.2606, 0.014033
556, 71.53638, 0.0139789
557, 72.76749, 0.0137424
558, 71.62965, 0.0139607
559, 71.22761, 0.0140395
560, 72.91021, 0.0137155
561, 71.41071, 0.0140035
562, 71.69795, 0.0139474
563, 71.06866, 0.0140709
564, 36.18914, 0.0276326
565, 71.41684, 0.0140023
566, 72.05286, 0.0138787
567, 70.47614, 0.0141892
568, 73.2939, 0.0136437
569, 71.74734, 0.0139378
570, 71.97196, 0.0138943
571, 71.94193, 0.0139001
572, 70.54226, 0.0141759
573, 71.1273, 0.0140593
574, 36.38931, 0.0274806
575, 70.8667, 0.014111
576, 71.59477, 0.0139675
577, 73.39503, 0.0136249
578, 70.77291, 0.0141297
579, 72.41182, 0.0138099
580, 71.87367, 0.0139133
581, 70.71136, 0.014142
582, 73.40204, 0.0136236
583, 71.13741, 0.0140573
584, 36.01099, 0.0277693
585, 71.64042, 0.0139586
586, 71.17742, 0.0140494
587, 72.66386, 0.013762
588, 71.84114, 0.0139196
589, 71.36485, 0.0140125
590, 72.21155, 0.0138482
591, 70.70186, 0.0141439
592, 72.43333, 0.0138058
593, 72.05441, 0.0138784
594, 36.08727, 0.0277106
595, 70.71886, 0.0141405
596, 72.45852, 0.013801
597, 71.12679, 0.0140594
598, 72.70876, 0.0137535
599, 71.55891, 0.0139745
600, 72.36256, 0.0138193
601, 71.78442, 0.0139306
602, 71.61887, 0.0139628
603, 70.36109, 0.0142124
604, 36.49875, 0.0273982
605, 71.36944, 0.0140116
606, 71.62195, 0.0139622
607, 71.81019, 0.0139256
608, 71.52871, 0.0139804
609, 72.45852, 0.013801
610, 71.19718, 0.0140455
611, 72.32803, 0.0138259
612, 71.92072, 0.0139042
613, 68.97408, 0.0144982
614, 36.72717, 0.0272278
615, 71.55788, 0.0139747
616, 71.72881, 0.0139414
617, 72.12145, 0.0138655
618, 71.15311, 0.0140542
619, 71.60349, 0.0139658
620, 72.40029, 0.0138121
621, 71.41786, 0.0140021
622, 72.76643, 0.0137426
623, 69.22523, 0.0144456
624, 74.4818, 0.0134261
625, 71.29261, 0.0140267
626, 72.20686, 0.0138491
627, 71.89486, 0.0139092
628, 71.72881, 0.0139414
629, 71.86696, 0.0139146
630, 71.59016, 0.0139684
631, 70.04567, 0.0142764
632, 74.18838, 0.0134792
633, 71.7391, 0.0139394
634, 71.32413, 0.0140205
635, 71.72366, 0.0139424
636, 72.20321, 0.0138498
637, 70.85365, 0.0141136
638, 72.59897, 0.0137743
639, 71.67431, 0.013952
640, 72.33012, 0.0138255
641, 70.24445, 0.014236
642, 71.71697, 0.0139437
643, 69.88902, 0.0143084
644, 75.21738, 0.0132948
645, 69.8285, 0.0143208
646, 33.66414, 0.0297052
647, 74.22583, 0.0134724
648, 81.37424, 0.0122889
649, 73.06523, 0.0136864
650, 71.63375, 0.0139599
651, 71.9818, 0.0138924
652, 71.59888, 0.0139667
653, 72.23659, 0.0138434
654, 71.56454, 0.0139734
655, 70.83106, 0.0141181
656, 36.2696, 0.0275713
657, 71.32057, 0.0140212
658, 72.21364, 0.0138478
659, 70.63344, 0.0141576
660, 73.96668, 0.0135196
661, 71.30125, 0.014025
662, 71.93831, 0.0139008
663, 71.93158, 0.0139021
664, 71.16576, 0.0140517
665, 70.70885, 0.0141425
666, 36.26013, 0.0275785
667, 70.58508, 0.0141673
668, 72.13862, 0.0138622
669, 73.24451, 0.0136529
670, 70.80147, 0.014124
671, 72.94798, 0.0137084
672, 71.5835, 0.0139697
673, 71.65942, 0.0139549
674, 72.1506, 0.0138599
675, 70.14049, 0.0142571
676, 36.2046, 0.0276208
677, 71.71749, 0.0139436
678, 72.06584, 0.0138762
679, 71.39542, 0.0140065
680, 71.78854, 0.0139298
681, 72.08922, 0.0138717
682, 71.85818, 0.0139163
683, 71.63477, 0.0139597
684, 72.01861, 0.0138853
685, 70.9688, 0.0140907
686, 35.93568, 0.0278275
687, 72.5058, 0.013792
688, 71.93779, 0.0139009
689, 72.06584, 0.0138762
690, 71.41786, 0.0140021
691, 71.58504, 0.0139694
692, 72.24442, 0.0138419
693, 71.70875, 0.0139453
694, 70.93406, 0.0140976
695, 69.94817, 0.0142963
696, 33.90532, 0.0294939
697, 73.62632, 0.0135821
698, 83.48081, 0.0119788
699, 72.03573, 0.013882
700, 71.70258, 0.0139465
701, 70.47961, 0.0141885
702, 72.51211, 0.0137908
703, 72.04507, 0.0138802
704, 71.22761, 0.0140395
705, 70.67987, 0.0141483
706, 32.46384, 0.0308035
707, 73.91584, 0.0135289
708, 71.82773, 0.0139222
709, 49.30286, 0.0202828
710, 148.509, 0.0067336
711, 86.47601, 0.0115639
712, 72.77014, 0.0137419
713, 71.47605, 0.0139907
714, 70.70736, 0.0141428
715, 71.72932, 0.0139413
716, 36.14558, 0.0276659
717, 71.11718, 0.0140613
718, 71.67945, 0.013951
719, 71.70824, 0.0139454
720, 69.50961, 0.0143865
721, 73.4959, 0.0136062
722, 71.6702, 0.0139528
723, 71.97662, 0.0138934
724, 71.51848, 0.0139824
725, 70.79195, 0.0141259
726, 36.18233, 0.0276378
727, 71.55021, 0.0139762
728, 69.60202, 0.0143674
729, 75.2655, 0.0132863
730, 71.2799, 0.0140292
731, 70.19071, 0.0142469
732, 73.68491, 0.0135713
733, 72.35157, 0.0138214
734, 70.92853, 0.0140987
735, 70.5806, 0.0141682
736, 33.84221, 0.0295489
737, 88.60693, 0.0112858
738, 70.55719, 0.0141729
739, 72.58896, 0.0137762
740, 70.9411, 0.0140962
741, 72.01342, 0.0138863
742, 69.02026, 0.0144885
743, 74.52398, 0.0134185
744, 70.59155, 0.014166
745, 72.87568, 0.013722
746, 35.94924, 0.027817
747, 70.86419, 0.0141115
748, 71.99424, 0.01389
749, 71.33939, 0.0140175
750, 72.2486, 0.0138411
751, 71.86903, 0.0139142
752, 71.30888, 0.0140235
753, 72.6227, 0.0137698
754, 72.64908, 0.0137648
755, 71.12122, 0.0140605
756, 36.01047, 0.0277697
757, 70.20648, 0.0142437
758, 71.1688, 0.0140511
759, 74.57733, 0.0134089
760, 71.52666, 0.0139808
761, 71.38421, 0.0140087
762, 72.17142, 0.0138559
763, 71.5415, 0.0139779
764, 71.32515, 0.0140203
765, 71.76278, 0.0139348
766, 35.97381, 0.027798
767, 72.25747, 0.0138394
768, 70.7659, 0.0141311
769, 72.91021, 0.0137155
770, 71.64452, 0.0139578
771, 72.23659, 0.0138434
772, 71.99424, 0.01389
773, 71.50877, 0.0139843
774, 71.98439, 0.0138919
775, 69.98734, 0.0142883
776, 73.89235, 0.0135332
777, 71.31651, 0.014022
778, 71.81947, 0.0139238
779, 72.17715, 0.0138548
780, 71.81123, 0.0139254
781, 70.52385, 0.0141796
782, 72.72357, 0.0137507
783, 72.23346, 0.013844
784, 71.72932, 0.0139413
785, 71.83856, 0.0139201
786, 69.69224, 0.0143488
787, 73.09834, 0.0136802
788, 72.5721, 0.0137794
789, 71.06109, 0.0140724
790, 71.85508, 0.0139169
791, 72.38247, 0.0138155
792, 70.29284, 0.0142262
793, 72.04715, 0.0138798
794, 72.51211, 0.0137908
795, 71.37963, 0.0140096
796, 71.37911, 0.0140097
797, 70.97836, 0.0140888
798, 33.68035, 0.0296909
799, 72.72569, 0.0137503
800, 85.4146, 0.0117076
801, 71.9295, 0.0139025
802, 71.61631, 0.0139633
803, 34.72837, 0.0287949
804, 79.65906, 0.0125535
805, 71.14248, 0.0140563
806, 70.65939, 0.0141524
807, 36.21824, 0.0276104
808, 70.43295, 0.0141979
809, 72.19018, 0.0138523
810, 72.39819, 0.0138125
811, 71.44184, 0.0139974
812, 71.72315, 0.0139425
813, 71.9021, 0.0139078
814, 70.86419, 0.0141115
815, 72.79928, 0.0137364
816, 69.44637, 0.0143996
817, 36.62494, 0.0273038
818, 71.13489, 0.0140578
819, 71.18501, 0.0140479
820, 71.93262, 0.0139019
821, 72.15945, 0.0138582
822, 72.16205, 0.0138577
823, 71.10504, 0.0140637
824, 72.29926, 0.0138314
825, 71.11162, 0.0140624
826, 71.16982, 0.0140509
827, 36.30858, 0.0275417
828, 71.54611, 0.013977
829, 71.41123, 0.0140034
830, 71.91606, 0.0139051
831, 71.67175, 0.0139525
832, 70.57113, 0.0141701
833, 73.09354, 0.0136811
834, 72.49739, 0.0137936
835, 71.58965, 0.0139685
836, 71.13589, 0.0140576
837, 36.03876, 0.0277479
838, 72.05441, 0.0138784
839, 71.31142, 0.014023
840, 72.27627, 0.0138358
841, 71.79575, 0.0139284
842, 70.69136, 0.014146
843, 72.58053, 0.0137778
844, 72.74261, 0.0137471
845, 70.4662, 0.0141912
846, 71.9202, 0.0139043
847, 36.08311, 0.0277138
848, 71.15209, 0.0140544
849, 70.3606, 0.0142125
850, 69.01168, 0.0144903
851, 76.10813, 0.0131392
852, 73.34228, 0.0136347
853, 71.77875, 0.0139317
854, 71.01718, 0.0140811
855, 72.18288, 0.0138537
856, 69.35246, 0.0144191
857, 33.18224, 0.0301366
858, 75.38863, 0.0132646
859, 85.85606, 0.0116474
860, 71.51337, 0.0139834
861, 71.59119, 0.0139682
862, 71.57018, 0.0139723
863, 72.5779, 0.0137783
864, 70.9401, 0.0140964
865, 71.90726, 0.0139068
866, 71.29617, 0.014026
867, 36.26026, 0.0275784
868, 71.28956, 0.0140273
869, 70.36951, 0.0142107
870, 72.78285, 0.0137395
871, 72.57948, 0.013778
872, 71.45971, 0.0139939
873, 71.67688, 0.0139515
874, 71.65891, 0.013955
875, 71.76587, 0.0139342
876, 72.0622, 0.0138769
877, 35.66194, 0.0280411
878, 72.63694, 0.0137671
879, 70.8878, 0.0141068
880, 70.8667, 0.014111
881, 75.09875, 0.0133158
882, 71.41888, 0.0140019
883, 71.71235, 0.0139446
884, 71.88866, 0.0139104
885, 71.60503, 0.0139655
886, 70.5547, 0.0141734
887, 36.35663, 0.0275053
888, 71.51337, 0.0139834
889, 71.65788, 0.0139552
890, 71.67123, 0.0139526
891, 71.17944, 0.014049
892, 73.3708, 0.0136294
893, 71.59682, 0.0139671
894, 71.52053, 0.013982
895, 71.91089, 0.0139061
896, 71.30379, 0.0140245
897, 36.15695, 0.0276572
898, 69.99174, 0.0142874
899, 73.4333, 0.0136178
900, 71.90417, 0.0139074
901, 71.60657, 0.0139652
902, 71.4689, 0.0139921
903, 72.32279, 0.0138269
904, 71.89693, 0.0139088
905, 71.3221, 0.0140209
906, 71.42194, 0.0140013
907, 35.61888, 0.028075
908, 73.46243, 0.0136124
909, 72.57684, 0.0137785
910, 72.21207, 0.0138481
911, 70.82053, 0.0141202
912, 71.49138, 0.0139877
913, 71.76227, 0.0139349
914, 72.45326, 0.013802
915, 72.19904, 0.0138506
916, 70.34674, 0.0142153
917, 36.26605, 0.027574
918, 71.35009, 0.0140154
919, 71.88039, 0.013912
920, 71.82928, 0.0139219
921, 71.85405, 0.0139171
922, 71.70361, 0.0139463
923, 71.6702, 0.0139528
924, 71.76845, 0.0139337
925, 71.99061, 0.0138907
926, 70.97585, 0.0140893
927, 36.04708, 0.0277415
928, 71.85612, 0.0139167
929, 70.56466, 0.0141714
930, 73.35896, 0.0136316
931, 71.23978, 0.0140371
932, 70.77992, 0.0141283
933, 73.73435, 0.0135622
934, 70.3136, 0.014222
935, 73.46297, 0.0136123
936, 71.94814, 0.0138989
937, 36.23911, 0.0275945
938, 70.74938, 0.0141344
939, 71.72829, 0.0139415
940, 71.26517, 0.0140321
941, 72.95755, 0.0137066
942, 71.89435, 0.0139093
943, 71.36179, 0.0140131
944, 71.38421, 0.0140087
945, 72.14903, 0.0138602
946, 69.86655, 0.014313
947, 36.5814, 0.0273363
948, 70.90589, 0.0141032
949, 72.54104, 0.0137853
950, 71.37963, 0.0140096
951, 71.71081, 0.0139449
952, 66.4929, 0.0150392
953, 76.29103, 0.0131077
954, 74.03458, 0.0135072
955, 72.04559, 0.0138801
956, 71.15716, 0.0140534
957, 36.04565, 0.0277426
958, 71.31752, 0.0140218
959, 72.04663, 0.0138799
960, 71.65326, 0.0139561
961, 71.66096, 0.0139546
962, 70.5154, 0.0141813
963, 72.37566, 0.0138168
964, 73.06844, 0.0136858
965, 71.77669, 0.0139321
966, 70.82354, 0.0141196
967, 71.94607, 0.0138993
968, 72.70824, 0.0137536
969, 71.7906, 0.0139294
970, 71.184, 0.0140481
971, 72.39767, 0.0138126
972, 71.4781, 0.0139903
973, 71.47912, 0.0139901
974, 71.03333, 0.0140779
975, 72.71934, 0.0137515
976, 71.51848, 0.0139824
977, 69.42805, 0.0144034
978, 34.04985, 0.0293687
979, 73.2059, 0.0136601
980, 81.97931, 0.0121982
981, 72.43542, 0.0138054
982, 70.50148, 0.0141841
983, 73.82307, 0.0135459
984, 71.25908, 0.0140333
985, 72.54578, 0.0137844
986, 71.2794, 0.0140293
987, 70.83206, 0.0141179
988, 36.31887, 0.0275339
989, 71.69127, 0.0139487
990, 71.79524, 0.0139285
991, 71.40511, 0.0140046
992, 73.25685, 0.0136506
993, 71.39645, 0.0140063
994, 71.48014, 0.0139899
995, 72.09597, 0.0138704
996, 71.49496, 0.013987
997, 69.77003, 0.0143328
998, 36.55492, 0.0273561
999, 71.38778, 0.014008
1000, 70.91998, 0.0141004
1001, 71.98232, 0.0138923
1002, 72.58843, 0.0137763
1003, 72.37147, 0.0138176
1004, 71.11718, 0.0140613
1005, 71.93417, 0.0139016
1006, 71.62195, 0.0139622
1007, 71.38829, 0.0140079
1008, 36.07243, 0.027722
1009, 71.18501, 0.0140479
1010, 72.39137, 0.0138138
1011, 71.77772, 0.0139319
1012, 71.83908, 0.01392
1013, 71.94918, 0.0138987
1014, 72.12041, 0.0138657
1015, 71.20326, 0.0140443
1016, 72.25172, 0.0138405
1017, 71.25857, 0.0140334
1018, 35.957, 0.027811
1019, 72.60003, 0.0137741
1020, 71.55686, 0.0139749
1021, 71.33583, 0.0140182
1022, 71.81226, 0.0139252
1023, 72.2079, 0.0138489
1024, 70.67537, 0.0141492
1025, 73.40042, 0.0136239
1026, 71.79472, 0.0139286
1027, 69.95551, 0.0142948
1028, 36.33259, 0.0275235
1029, 69.31689, 0.0144265
1030, 74.45906, 0.0134302
1031, 71.91451, 0.0139054
1032, 71.84785, 0.0139183
1033, 71.77617, 0.0139322
1034, 71.81432, 0.0139248
1035, 69.90074, 0.014306
1036, 74.48956, 0.0134247
1037, 68.65727, 0.0145651
1038, 34.05415, 0.029365
1039, 72.9943, 0.0136997
1040, 80.95855, 0.012352
1041, 73.36165, 0.0136311
1042, 71.33329, 0.0140187
1043, 71.43163, 0.0139994
1044, 72.61214, 0.0137718
1045, 72.07935, 0.0138736
1046, 70.42799, 0.0141989
1047, 72.39504, 0.0138131
1048, 36.17422, 0.027644
1049, 71.14957, 0.0140549
1050, 72.3568, 0.0138204
1051, 69.90709, 0.0143047
1052, 74.13174, 0.0134895
1053, 71.58862, 0.0139687
1054, 71.74579, 0.0139381
1055, 71.94555, 0.0138994
1056, 71.23827, 0.0140374
1057, 70.54226, 0.0141759
1058, 36.40454, 0.0274691
1059, 69.7073, 0.0143457
1060, 72.27522, 0.013836
1061, 73.32937, 0.0136371
1062, 71.36434, 0.0140126
1063, 71.31802, 0.0140217
1064, 72.23033, 0.0138446
1065, 72.24964, 0.0138409
1066, 70.56366, 0.0141716
1067, 71.76948, 0.0139335
1068, 34.67647, 0.028838
1069, 80.95265, 0.0123529
1070, 72.08402, 0.0138727
1071, 70.97786, 0.0140889
1072, 71.74219, 0.0139388
1073, 71.27482, 0.0140302
1074, 71.98698, 0.0138914
1075, 71.67072, 0.0139527
1076, 71.42653, 0.0140004
1077, 70.98643, 0.0140872
1078, 34.1361, 0.0292945
1079, 84.12622, 0.0118869
1080, 71.45664, 0.0139945
1081, 70.97282, 0.0140899
1082, 73.64584, 0.0135785
1083, 71.05856, 0.0140729
1084, 70.43196, 0.0141981
1085, 71.06765, 0.0140711
1086, 73.38103, 0.0136275
1087, 71.4781, 0.0139903
1088, 36.08532, 0.0277121
1089, 70.91544, 0.0141013
1090, 72.34372, 0.0138229
1091, 70.51192, 0.014182
1092, 73.04975, 0.0136893
1093, 71.37708, 0.0140101
1094, 71.76124, 0.0139351
1095, 68.01472, 0.0147027
1096, 76.09134, 0.0131421
1097, 70.71786, 0.0141407
1098, 36.14845, 0.0276637
1099, 72.26373, 0.0138382
1100, 71.38982, 0.0140076
1101, 71.90726, 0.0139068
1102, 71.52769, 0.0139806
1103, 72.26635, 0.0138377
1104, 71.84992, 0.0139179
1105, 71.63426, 0.0139598
1106, 71.55686, 0.0139749
1107, 71.49087, 0.0139878
1108, 36.11256, 0.0276912
1109, 71.57377, 0.0139716
1110, 71.99372, 0.0138901
1111, 70.65839, 0.0141526
1112, 72.52367, 0.0137886
1113, 71.45052, 0.0139957
1114, 72.3275, 0.013826
1115, 72.01083, 0.0138868
1116, 71.2129, 0.0140424
1117, 71.60144, 0.0139662
1118, 36.13213, 0.0276762
1119, 71.45, 0.0139958
1120, 71.59375, 0.0139677
1121, 72.07051, 0.0138753
1122, 72.20164, 0.0138501
1123, 71.65993, 0.0139548
1124, 71.81586, 0.0139245
1125, 72.19904, 0.0138506
1126, 71.20681, 0.0140436
1127, 71.47963, 0.01399
1128, 36.25001, 0.0275862
1129, 70.81651, 0.014121
1130, 71.98025, 0.0138927
1131, 71.05805, 0.014073
1132, 71.74991, 0.0139373
1133, 72.41602, 0.0138091
1134, 71.85147, 0.0139176
1135, 72.29089, 0.013833
1136, 71.90468, 0.0139073
1137, 70.15476, 0.0142542
1138, 36.47385, 0.0274169
1139, 69.99762, 0.0142862
1140, 73.38696, 0.0136264
1141, 72.5542, 0.0137828
1142, 71.78184, 0.0139311
1143, 71.41531, 0.0140026
1144, 71.86128, 0.0139157
1145, 71.59785, 0.0139669
1146, 71.7973, 0.0139281
1147, 70.86569, 0.0141112
1148, 72.10793, 0.0138681
1149, 72.28149, 0.0138348
1150, 70.82805, 0.0141187
1151, 72.41392, 0.0138095
1152, 71.7494, 0.0139374
1153, 72.53789, 0.0137859
1154, 72.12145, 0.0138655
1155, 71.42194, 0.0140013
1156, 72.18393, 0.0138535
1157, 71.33228, 0.0140189
1158, 70.86871, 0.0141106
1159, 72.72516, 0.0137504
1160, 72.03469, 0.0138822
1161, 72.05545, 0.0138782
1162, 71.30379, 0.0140245
1163, 71.88194, 0.0139117
1164, 72.74208, 0.0137472
1165, 71.54509, 0.0139772
1166, 71.99113, 0.0138906
1167, 71.04645, 0.0140753
1168, 72.53735, 0.013786
1169, 70.68387, 0.0141475
1170, 72.41864, 0.0138086
1171, 72.19695, 0.013851
1172, 72.44592, 0.0138034
1173, 71.59682, 0.0139671
1174, 71.73859, 0.0139395
1175, 69.85045, 0.0143163
1176, 73.17109, 0.0136666
1177, 72.51579, 0.0137901
1178, 71.37911, 0.0140097
1179, 70.97081, 0.0140903
1180, 72.37147, 0.0138176
1181, 71.16779, 0.0140513
1182, 72.33169, 0.0138252
1183, 72.1881, 0.0138527
1184, 72.24964, 0.0138409
1185, 71.32668, 0.01402
1186, 71.9616, 0.0138963
1187, 71.05654, 0.0140733
1188, 72.95329, 0.0137074
1189, 71.70978, 0.0139451
1190, 71.4781, 0.0139903
1191, 70.95419, 0.0140936
1192, 71.98854, 0.0138911
1193, 72.0295, 0.0138832
1194, 73.1101, 0.013678
1195, 71.77154, 0.0139331
1196, 71.86954, 0.0139141
1197, 71.41071, 0.0140035
1198, 72.31181, 0.013829
1199, 71.12122, 0.0140605
1200, 72.41129, 0.01381
1201, 71.54919, 0.0139764
1202, 70.64491, 0.0141553
1203, 73.124, 0.0136754
1204, 72.20321, 0.0138498
1205, 70.75288, 0.0141337
1206, 73.08179, 0.0136833
1207, 71.68356, 0.0139502
1208, 71.60964, 0.0139646
1209, 71.41276, 0.0140031
1210, 72.20061, 0.0138503
1211, 71.15564, 0.0140537
1212, 71.55072, 0.0139761
1213, 71.91451, 0.0139054
1214, 72.74526, 0.0137466
1215, 71.47196, 0.0139915
1216, 71.73087, 0.013941
1217, 71.42704, 0.0140003
1218, 72.71141, 0.013753
1219, 71.49496, 0.013987
1220, 72.32697, 0.0138261
1221, 71.22558, 0.0140399
1222, 71.67791, 0.0139513
1223, 71.14248, 0.0140563
1224, 72.87992, 0.0137212
1225, 72.34895, 0.0138219
1226, 71.5282, 0.0139805
1227, 71.99165, 0.0138905
1228, 71.99632, 0.0138896
1229, 70.4538, 0.0141937
1230, 73.59705, 0.0135875
1231, 71.45205, 0.0139954
1232, 71.11465, 0.0140618
1233, 72.88046, 0.0137211
1234, 71.21442, 0.0140421
1235, 70.57761, 0.0141688
1236, 73.22092, 0.0136573
1237, 71.2794, 0.0140293
1238, 72.31756, 0.0138279
1239, 71.8649, 0.013915
1240, 71.59631, 0.0139672
1241, 71.08785, 0.0140671
1242, 72.23555, 0.0138436
1243, 70.87424, 0.0141095
1244, 73.57486, 0.0135916
1245, 71.42092, 0.0140015
1246, 71.24435, 0.0140362
1247, 72.11157, 0.0138674
1248, 72.02535, 0.013884
1249, 71.29718, 0.0140258
1250, 72.48058, 0.0137968
1251, 71.54611, 0.013977
1252, 72.35942, 0.0138199
1253, 69.79195, 0.0143283
1254, 74.04391, 0.0135055
1255, 72.33169, 0.0138252
1256, 71.52411, 0.0139813
1257, 71.17843, 0.0140492
1258, 71.81741, 0.0139242
1259, 72.2486, 0.0138411
1260, 72.15476, 0.0138591
1261, 71.96782, 0.0138951
1262, 71.49802, 0.0139864
1263, 71.42755, 0.0140002
1264, 71.93417, 0.0139016
1265, 72.23763, 0.0138432
1266, 71.63119, 0.0139604
1267, 71.81019, 0.0139256
1268, 70.38833, 0.0142069
1269, 73.3068, 0.0136413
1270, 71.8649, 0.013915
1271, 71.22, 0.014041
1272, 71.19211, 0.0140465
1273, 72.8932, 0.0137187
1274, 71.73138, 0.0139409
1275, 71.45103, 0.0139956
1276, 72.26791, 0.0138374
1277, 71.47963, 0.01399
1278, 71.80916, 0.0139258
1279, 70.98693, 0.0140871
1280, 72.75161, 0.0137454
1281, 71.15057, 0.0140547
1282, 72.97192, 0.0137039
1283, 71.83443, 0.0139209
1284, 71.9761, 0.0138935
1285, 71.63221, 0.0139602
1286, 72.02743, 0.0138836
1287, 71.90882, 0.0139065
1288, 72.05909, 0.0138775
1289, 71.24791, 0.0140355
1290, 70.31063, 0.0142226
1291, 72.0622, 0.0138769
1292, 73.57702, 0.0135912
1293, 72.21103, 0.0138483
1294, 71.24587, 0.0140359
1295, 71.91968, 0.0139044
1296, 71.65736, 0.0139553
1297, 72.07103, 0.0138752
1298, 71.78184, 0.0139311
1299, 70.86469, 0.0141114
1300, 72.39871, 0.0138124
1301, 71.23268, 0.0140385
1302, 72.55367, 0.0137829
1303, 71.65479, 0.0139558
1304, 71.85353, 0.0139172
1305, 72.00513, 0.0138879
1306, 71.71903, 0.0139433
1307, 71.3623, 0.014013
1308, 71.73447, 0.0139403
1309, 72.29037, 0.0138331
1310, 70.34179, 0.0142163
1311, 72.04715, 0.0138798
1312, 72.82897, 0.0137308
1313, 72.20321, 0.0138498
1314, 71.26771, 0.0140316
1315, 72.6496, 0.0137647
1316, 71.91761, 0.0139048
1317, 71.74528, 0.0139382
1318, 71.42603, 0.0140005
1319, 72.1459, 0.0138608
1320, 71.30786, 0.0140237
1321, 71.5835, 0.0139697
1322, 71.92537, 0.0139033
1323, 72.01965, 0.0138851
1324, 72.37042, 0.0138178
1325, 71.63888, 0.0139589
1326, 71.41378, 0.0140029
1327, 71.90882, 0.0139065
1328, 72.60899, 0.0137724
1329, 71.49598, 0.0139868
1330, 71.31345, 0.0140226
1331, 71.54099, 0.013978
1332, 70.08691, 0.014268
1333, 74.53509, 0.0134165
1334, 71.36791, 0.0140119
1335, 71.77978, 0.0139315
1336, 69.30343, 0.0144293
1337, 75.49221, 0.0132464
1338, 70.82705, 0.0141189
1339, 71.99424, 0.01389
1340, 71.50211, 0.0139856
1341, 72.63061, 0.0137683
1342, 70.63544, 0.0141572
1343, 72.95914, 0.0137063
1344, 70.81651, 0.014121
1345, 72.29089, 0.013833
1346, 72.77755, 0.0137405
1347, 71.19009, 0.0140469
1348, 72.49844, 0.0137934
1349, 71.54611, 0.013977
1350, 71.24486, 0.0140361
1351, 71.52155, 0.0139818
1352, 72.60107, 0.0137739
1353, 71.96419, 0.0138958
1354, 71.91813, 0.0139047
1355, 72.02483, 0.0138841
1356, 69.42275, 0.0144045
1357, 73.64258, 0.0135791
1358, 71.03988, 0.0140766
1359, 71.9787, 0.013893
1360, 72.37147, 0.0138176
1361, 70.89785, 0.0141048
1362, 70.80097, 0.0141241
1363, 73.47862, 0.0136094
1364, 72.28724, 0.0138337
1365, 70.75639, 0.014133
1366, 72.79663, 0.0137369
1367, 71.72829, 0.0139415
1368, 70.0987, 0.0142656
1369, 74.08944, 0.0134972
1370, 72.43804, 0.0138049
1371, 70.07267, 0.0142709
1372, 73.78876, 0.0135522
1373, 71.05755, 0.0140731
1374, 72.11625, 0.0138665
1375, 72.20269, 0.0138499
1376, 71.89848, 0.0139085
1377, 71.7067, 0.0139457
1378, 71.05199, 0.0140742
1379, 71.43929, 0.0139979
1380, 72.51526, 0.0137902
1381, 70.29729, 0.0142253
1382, 73.96176, 0.0135205
1383, 71.9021, 0.0139078
1384, 71.91606, 0.0139051
1385, 71.35263, 0.0140149
1386, 69.53378, 0.0143815
1387, 74.58178, 0.0134081
1388, 62.09792, 0.0161036
1389, 77.74297, 0.0128629
1390, 66.32663, 0.0150769
1391, 79.58172, 0.0125657
1392, 72.32645, 0.0138262
1393, 72.17038, 0.0138561
1394, 72.61163, 0.0137719
1395, 72.32645, 0.0138262
1396, 71.66301, 0.0139542
1397, 71.02424, 0.0140797
1398, 65.38939, 0.015293
1399, 82.7253, 0.0120882
1400, 69.96578, 0.0142927
1401, 74.08615, 0.0134978
1402, 72.59265, 0.0137755
1403, 71.46278, 0.0139933
1404, 71.93623, 0.0139012
1405, 71.86903, 0.0139142
1406, 72.23502, 0.0138437
1407, 71.55431, 0.0139754
1408, 71.90675, 0.0139069
1409, 70.29778, 0.0142252
1410, 71.56557, 0.0139732
1411, 70.62147, 0.01416
1412, 74.00008, 0.0135135
1413, 71.82876, 0.013922
1414, 72.56473, 0.0137808
1415, 71.27177, 0.0140308
1416, 70.12868, 0.0142595
1417, 74.13503, 0.0134889
1418, 71.27583, 0.01403
1419, 63.46345, 0.0157571
1420, 79.23114, 0.0126213
1421, 69.11184, 0.0144693
1422, 72.4769, 0.0137975
1423, 70.54127, 0.0141761
1424, 74.4031, 0.0134403
1425, 72.96447, 0.0137053
1426, 72.52578, 0.0137882
1427, 70.88378, 0.0141076
1428, 72.30972, 0.0138294
1429, 75.31255, 0.013278
1430, 71.11111, 0.0140625
1431, 67.40134, 0.0148365
1432, 71.87988, 0.0139121
1433, 72.0238, 0.0138843
1434, 73.81218, 0.0135479
1435, 68.49455, 0.0145997
1436, 65.79553, 0.0151986
1437, 85.98157, 0.0116304
1438, 71.58401, 0.0139696
1439, 70.03487, 0.0142786
1440, 69.5507, 0.014378
1441, 73.47485, 0.0136101
1442, 73.69088, 0.0135702
1443, 71.28397, 0.0140284
1444, 71.24537, 0.014036
1445, 72.72516, 0.0137504
1446, 71.5236, 0.0139814
1447, 72.22302, 0.013846
1448, 71.61015, 0.0139645
1449, 72.34686, 0.0138223
1450, 71.88091, 0.0139119
1451, 71.40664, 0.0140043
1452, 70.08986, 0.0142674
1453, 68.34055, 0.0146326
1454, 77.09268, 0.0129714
1455, 68.32047, 0.0146369
1456, 76.54506, 0.0130642
1457, 71.61221, 0.0139641
1458, 72.20321, 0.0138498
1459, 69.73987, 0.014339
1460, 73.00922, 0.0136969
1461, 72.70242, 0.0137547
1462, 70.75288, 0.0141337
1463, 72.49634, 0.0137938
1464, 70.47663, 0.0141891
1465, 70.62746, 0.0141588
1466, 74.0187, 0.0135101
1467, 72.10689, 0.0138683
1468, 71.89538, 0.0139091
1469, 74.51231, 0.0134206
1470, 71.91968, 0.0139044
1471, 67.89973, 0.0147276
1472, 71.50928, 0.0139842
1473, 73.11438, 0.0136772
1474, 74.4524, 0.0134314
1475, 71.29565, 0.0140261
1476, 43.03852, 0.023235
1477, 139.9854, 0.0071436
1478, 92.64921, 0.0107934
1479, 70.74837, 0.0141346
1480, 59.40394, 0.0168339
1481, 71.54611, 0.013977
1482, 16.52199, 0.0605254
