Frame, FPS, Frame Time
1, 50, 0.02
2, 50, 0.02
3, 3, 0.3333333
4, 4.517128, 0.2213796
5, 22.2328, 0.0449786
6, 111.4405, 0.0089734
7, 70.16608, 0.0142519
8, 72.79504, 0.0137372
9, 72.17872, 0.0138545
10, 69.25064, 0.0144403
11, 73.77134, 0.0135554
12, 72.86452, 0.0137241
13, 71.64401, 0.0139579
14, 71.74991, 0.0139373
15, 72.44592, 0.0138034
16, 71.53997, 0.0139782
17, 71.90726, 0.0139068
18, 70.97736, 0.014089
19, 72.74632, 0.0137464
20, 72.06895, 0.0138756
21, 71.15311, 0.0140542
22, 23.9622, 0.0417324
23, 71.7494, 0.0139374
24, 72.59159, 0.0137757
25, 71.69589, 0.0139478
26, 71.53383, 0.0139794
27, 72.02639, 0.0138838
28, 71.67431, 0.013952
29, 72.04248, 0.0138807
30, 71.55482, 0.0139753
31, 70.86017, 0.0141123
32, 73.09247, 0.0136813
33, 70.33388, 0.0142179
34, 71.77051, 0.0139333
35, 73.09727, 0.0136804
36, 71.58144, 0.0139701
37, 70.01575, 0.0142825
38, 36.34487, 0.0275142
39, 70.73087, 0.0141381
40, 72.69661, 0.0137558
41, 71.56301, 0.0139737
42, 72.56841, 0.0137801
43, 69.65244, 0.014357
44, 73.62415, 0.0135825
45, 71.24232, 0.0140366
46, 73.17216, 0.0136664
47, 71.37504, 0.0140105
48, 71.70052, 0.0139469
49, 69.7788, 0.014331
50, 52.77853, 0.0189471
51, 52.15423, 0.0191739
52, 10.60604, 0.0942859
53, 20.2762, 0.0493189
54, 68.10644, 0.0146829
55, 67.55251, 0.0148033
56, 68.39852, 0.0146202
57, 69.8285, 0.0143208
58, 69.95992, 0.0142939
59, 69.81046, 0.0143245
60, 69.75008, 0.0143369
61, 70.17839, 0.0142494
62, 72.74473, 0.0137467
63, 68.6884, 0.0145585
64, 70.23113, 0.0142387
65, 72.34267, 0.0138231
66, 70.18283, 0.0142485
67, 72.46692, 0.0137994
68, 71.96004, 0.0138966
69, 70.63544, 0.0141572
70, 69.71848, 0.0143434
71, 73.51212, 0.0136032
72, 71.44184, 0.0139974
73, 72.6496, 0.0137647
74, 72.2841, 0.0138343
75, 74.19664, 0.0134777
76, 35.78138, 0.0279475
77, 70.38288, 0.014208
78, 72.05493, 0.0138783
79, 71.05099, 0.0140744
80, 71.81741, 0.0139242
81, 70.72536, 0.0141392
82, 72.88046, 0.0137211
83, 71.17033, 0.0140508
84, 71.5195, 0.0139822
85, 71.59528, 0.0139674
86, 72.12509, 0.0138648
87, 71.4827, 0.0139894
88, 71.68304, 0.0139503
89, 71.00609, 0.0140833
90, 71.76896, 0.0139336
91, 71.27686, 0.0140298
92, 70.66988, 0.0141503
93, 72.42493, 0.0138074
94, 72.0321, 0.0138827
95, 72.08247, 0.013873
96, 71.65428, 0.0139559
97, 71.52974, 0.0139802
98, 70.92752, 0.0140989
99, 72.00668, 0.0138876
100, 72.42231, 0.0138079
101, 71.68716, 0.0139495
102, 70.11983, 0.0142613
103, 72.01394, 0.0138862
104, 70.65939, 0.0141524
105, 74.46072, 0.0134299
106, 35.05156, 0.0285294
107, 76.01904, 0.0131546
108, 70.85365, 0.0141136
109, 72.36518, 0.0138188
110, 70.22521, 0.0142399
111, 72.62955, 0.0137685
112, 71.90468, 0.0139073
113, 70.67287, 0.0141497
114, 73.36434, 0.0136306
115, 71.7633, 0.0139347
116, 69.94328, 0.0142973
117, 73.19787, 0.0136616
118, 71.68819, 0.0139493
119, 70.66838, 0.0141506
120, 72.7495, 0.0137458
121, 71.36893, 0.0140117
122, 71.67842, 0.0139512
123, 35.84808, 0.0278955
124, 71.45205, 0.0139954
125, 72.09805, 0.01387
126, 72.0461, 0.01388
127, 71.69898, 0.0139472
128, 71.27482, 0.0140302
129, 71.83443, 0.0139209
130, 70.87022, 0.0141103
131, 71.9787, 0.013893
132, 72.7606, 0.0137437
133, 71.39339, 0.0140069
134, 71.07624, 0.0140694
135, 72.89852, 0.0137177
136, 70.71986, 0.0141403
137, 72.30292, 0.0138307
138, 69.16299, 0.0144586
139, 74.82957, 0.0133637
140, 72.3364, 0.0138243
141, 3.96614, 0.2521343
142, 22.64595, 0.044158
143, 23.37732, 0.0427765
144, 27.43454, 0.0364504
145, 70.6125, 0.0141618
146, 70.83408, 0.0141175
147, 35.8671, 0.0278807
148, 70.59155, 0.014166
149, 70.51987, 0.0141804
150, 73.3283, 0.0136373
151, 70.11344, 0.0142626
152, 74.76859, 0.0133746
153, 71.35874, 0.0140137
154, 71.89693, 0.0139088
155, 71.66763, 0.0139533
156, 71.04645, 0.0140753
157, 72.42598, 0.0138072
158, 71.51643, 0.0139828
159, 71.50417, 0.0139852
160, 70.9829, 0.0140879
161, 72.21416, 0.0138477
162, 72.16673, 0.0138568
163, 70.11836, 0.0142616
164, 72.00876, 0.0138872
165, 73.02095, 0.0136947
166, 72.00357, 0.0138882
167, 70.0442, 0.0142767
168, 72.71088, 0.0137531
169, 72.05286, 0.0138787
170, 71.52257, 0.0139816
171, 72.0295, 0.0138832
172, 71.95229, 0.0138981
173, 72.11625, 0.0138665
174, 71.09089, 0.0140665
175, 71.60093, 0.0139663
176, 72.27104, 0.0138368
177, 71.90675, 0.0139069
178, 71.10757, 0.0140632
179, 71.7355, 0.0139401
180, 72.09702, 0.0138702
181, 71.15564, 0.0140537
182, 71.86334, 0.0139153
183, 72.84754, 0.0137273
184, 71.78751, 0.01393
185, 67.76904, 0.014756
186, 76.1899, 0.0131251
187, 72.20737, 0.013849
188, 71.46124, 0.0139936
189, 70.91796, 0.0141008
190, 72.51369, 0.0137905
191, 70.15033, 0.0142551
192, 73.36165, 0.0136311
193, 71.96886, 0.0138949
194, 71.95021, 0.0138985
195, 71.69949, 0.0139471
196, 71.15057, 0.0140547
197, 71.34907, 0.0140156
198, 72.89533, 0.0137183
199, 71.72829, 0.0139415
200, 70.4985, 0.0141847
201, 72.73468, 0.0137486
202, 71.70567, 0.0139459
203, 70.99449, 0.0140856
204, 72.87143, 0.0137228
205, 71.83495, 0.0139208
206, 71.80555, 0.0139265
207, 71.55431, 0.0139754
208, 71.55021, 0.0139762
209, 71.05604, 0.0140734
210, 72.57684, 0.0137785
211, 70.9829, 0.0140879
212, 72.14018, 0.0138619
213, 72.32593, 0.0138263
214, 72.08765, 0.013872
215, 70.47813, 0.0141888
216, 72.80776, 0.0137348
217, 71.92796, 0.0139028
218, 71.35772, 0.0140139
219, 71.29311, 0.0140266
220, 72.17194, 0.0138558
221, 67.99946, 0.014706
222, 75.36306, 0.0132691
223, 71.87678, 0.0139127
224, 35.36931, 0.0282731
225, 73.23325, 0.013655
226, 72.24911, 0.013841
227, 72.07831, 0.0138738
228, 67.40907, 0.0148348
229, 76.5644, 0.0130609
230, 72.36676, 0.0138185
231, 71.09544, 0.0140656
232, 67.56574, 0.0148004
233, 34.28144, 0.0291703
234, 69.42467, 0.0144041
235, 89.88522, 0.0111253
236, 71.63067, 0.0139605
237, 71.32668, 0.01402
238, 71.64761, 0.0139572
239, 71.64606, 0.0139575
240, 72.57632, 0.0137786
241, 71.24334, 0.0140364
242, 71.56352, 0.0139736
243, 36.0071, 0.0277723
244, 71.93468, 0.0139015
245, 71.38166, 0.0140092
246, 71.7463, 0.013938
247, 71.29668, 0.0140259
248, 72.0887, 0.0138718
249, 71.48525, 0.0139889
250, 72.07727, 0.013874
251, 70.16362, 0.0142524
252, 73.0679, 0.0136859
253, 35.81316, 0.0279227
254, 71.39594, 0.0140064
255, 73.07912, 0.0136838
256, 72.06168, 0.013877
257, 71.38268, 0.014009
258, 71.89279, 0.0139096
259, 71.62298, 0.013962
260, 71.45103, 0.0139956
261, 72.54683, 0.0137842
262, 71.43775, 0.0139982
263, 36.01631, 0.0277652
264, 71.63477, 0.0139597
265, 70.61848, 0.0141606
266, 72.89693, 0.013718
267, 71.91606, 0.0139051
268, 71.42806, 0.0140001
269, 72.00047, 0.0138888
270, 71.39645, 0.0140063
271, 71.16728, 0.0140514
272, 72.57526, 0.0137788
273, 35.95777, 0.0278104
274, 71.68665, 0.0139496
275, 71.03333, 0.0140779
276, 71.62452, 0.0139617
277, 72.96021, 0.0137061
278, 70.87775, 0.0141088
279, 71.88866, 0.0139104
280, 71.26669, 0.0140318
281, 73.32024, 0.0136388
282, 71.20529, 0.0140439
283, 36.03292, 0.0277524
284, 71.75918, 0.0139355
285, 70.72436, 0.0141394
286, 69.71556, 0.014344
287, 74.53286, 0.0134169
288, 72.55367, 0.0137829
289, 70.00399, 0.0142849
290, 73.47809, 0.0136095
291, 72.46272, 0.0138002
292, 70.70286, 0.0141437
293, 36.1949, 0.0276282
294, 71.30582, 0.0140241
295, 71.32566, 0.0140202
296, 71.58708, 0.013969
297, 71.11414, 0.0140619
298, 71.7494, 0.0139374
299, 70.68536, 0.0141472
300, 74.13503, 0.0134889
301, 71.69487, 0.013948
302, 69.12713, 0.0144661
303, 33.74081, 0.0296377
304, 73.96121, 0.0135206
305, 84.26659, 0.0118671
306, 71.56249, 0.0139738
307, 71.86541, 0.0139149
308, 70.57412, 0.0141695
309, 72.48373, 0.0137962
310, 72.32174, 0.0138271
311, 71.50058, 0.0139859
312, 70.98038, 0.0140884
313, 36.10526, 0.0276968
314, 71.5415, 0.0139779
315, 71.81689, 0.0139243
316, 72.43804, 0.0138049
317, 71.41021, 0.0140036
318, 71.56096, 0.0139741
319, 72.73679, 0.0137482
320, 66.29453, 0.0150842
321, 74.66643, 0.0133929
322, 75.02663, 0.0133286
323, 36.05656, 0.0277342
324, 71.28651, 0.0140279
325, 70.37546, 0.0142095
326, 73.62144, 0.013583
327, 71.25755, 0.0140336
328, 72.12822, 0.0138642
329, 71.69795, 0.0139474
330, 71.93417, 0.0139016
331, 71.4449, 0.0139968
332, 71.40307, 0.014005
333, 36.03266, 0.0277526
334, 71.38523, 0.0140085
335, 71.53946, 0.0139783
336, 72.38771, 0.0138145
337, 71.75763, 0.0139358
338, 72.26896, 0.0138372
339, 71.63631, 0.0139594
340, 71.91451, 0.0139054
341, 71.58708, 0.013969
342, 71.25654, 0.0140338
343, 35.75464, 0.0279684
344, 72.07311, 0.0138748
345, 70.44635, 0.0141952
346, 73.91366, 0.0135293
347, 71.69178, 0.0139486
348, 71.2474, 0.0140356
349, 72.46377, 0.0138
350, 71.48831, 0.0139883
351, 71.12325, 0.0140601
352, 70.49451, 0.0141855
353, 36.28078, 0.0275628
354, 73.33153, 0.0136367
355, 71.74271, 0.0139387
356, 71.79008, 0.0139295
357, 71.82308, 0.0139231
358, 72.22042, 0.0138465
359, 70.99147, 0.0140862
360, 72.60688, 0.0137728
361, 71.73859, 0.0139395
362, 70.80147, 0.014124
363, 35.75745, 0.0279662
364, 73.04655, 0.0136899
365, 72.39137, 0.0138138
366, 71.10909, 0.0140629
367, 72.1355, 0.0138628
368, 72.00305, 0.0138883
369, 71.05048, 0.0140745
370, 72.18549, 0.0138532
371, 71.04038, 0.0140765
372, 72.23241, 0.0138442
373, 36.06801, 0.0277254
374, 70.77541, 0.0141292
375, 72.91234, 0.0137151
376, 71.41276, 0.0140031
377, 72.2298, 0.0138447
378, 71.51592, 0.0139829
379, 71.29261, 0.0140267
380, 72.66122, 0.0137625
381, 70.89182, 0.014106
382, 71.86748, 0.0139145
383, 72.26843, 0.0138373
384, 71.9321, 0.013902
385, 70.75488, 0.0141333
386, 72.93626, 0.0137106
387, 69.96285, 0.0142933
388, 73.35143, 0.013633
389, 71.31193, 0.0140229
390, 71.86076, 0.0139158
391, 70.27407, 0.01423
392, 73.67568, 0.013573
393, 67.09203, 0.0149049
394, 34.50977, 0.0289773
395, 72.09753, 0.0138701
396, 84.80829, 0.0117913
397, 71.80813, 0.013926
398, 71.00306, 0.0140839
399, 72.97459, 0.0137034
400, 71.14298, 0.0140562
401, 71.81019, 0.0139256
402, 72.28881, 0.0138334
403, 70.78443, 0.0141274
404, 36.15185, 0.0276611
405, 71.77875, 0.0139317
406, 71.91554, 0.0139052
407, 71.65172, 0.0139564
408, 71.53127, 0.0139799
409, 71.61477, 0.0139636
410, 72.63905, 0.0137667
411, 71.25908, 0.0140333
412, 72.12614, 0.0138646
413, 70.93658, 0.0140971
414, 35.8993, 0.0278557
415, 72.19486, 0.0138514
416, 72.15736, 0.0138586
417, 70.92349, 0.0140997
418, 72.87302, 0.0137225
419, 71.45613, 0.0139946
420, 69.17352, 0.0144564
421, 74.74959, 0.013378
422, 72.59159, 0.0137757
423, 71.24587, 0.0140359
424, 35.82868, 0.0279106
425, 71.30379, 0.0140245
426, 73.50617, 0.0136043
427, 71.75352, 0.0139366
428, 71.35569, 0.0140143
429, 71.97662, 0.0138934
430, 70.52634, 0.0141791
431, 73.02095, 0.0136947
432, 71.4924, 0.0139875
433, 71.41786, 0.0140021
434, 36.20028, 0.0276241
435, 71.11668, 0.0140614
436, 71.83959, 0.0139199
437, 72.36571, 0.0138187
438, 71.80658, 0.0139263
439, 71.36333, 0.0140128
440, 71.09039, 0.0140666
441, 72.44749, 0.0138031
442, 71.58606, 0.0139692
443, 71.79524, 0.0139285
444, 35.95002, 0.0278164
445, 71.4643, 0.013993
446, 71.61682, 0.0139632
447, 71.75557, 0.0139362
448, 72.34476, 0.0138227
449, 70.52534, 0.0141793
450, 73.21984, 0.0136575
451, 69.20894, 0.014449
452, 75.16875, 0.0133034
453, 67.87437, 0.0147331
454, 34.32887, 0.02913
455, 73.69196, 0.01357
456, 82.45111, 0.0121284
457, 71.75712, 0.0139359
458, 70.35862, 0.0142129
459, 73.4511, 0.0136145
460, 71.81741, 0.0139242
461, 70.62795, 0.0141587
462, 72.29665, 0.0138319
463, 70.96326, 0.0140918
464, 36.0411, 0.0277461
465, 72.09077, 0.0138714
466, 72.17351, 0.0138555
467, 70.74538, 0.0141352
468, 72.33534, 0.0138245
469, 70.85967, 0.0141124
470, 73.97598, 0.0135179
471, 70.72836, 0.0141386
472, 72.94318, 0.0137093
473, 70.56416, 0.0141715
474, 35.89891, 0.027856
475, 72.09702, 0.0138702
476, 72.26112, 0.0138387
477, 72.53262, 0.0137869
478, 71.22609, 0.0140398
479, 71.62605, 0.0139614
480, 70.97282, 0.0140899
481, 72.87833, 0.0137215
482, 71.91141, 0.013906
483, 67.66586, 0.0147785
484, 34.3165, 0.0291405
485, 87.73392, 0.0113981
486, 73.21448, 0.0136585
487, 71.98077, 0.0138926
488, 71.0525, 0.0140741
489, 71.39848, 0.0140059
490, 71.89176, 0.0139098
491, 71.34449, 0.0140165
492, 71.51797, 0.0139825
493, 70.26913, 0.014231
494, 36.22243, 0.0276072
495, 70.2637, 0.0142321
496, 73.28745, 0.0136449
497, 72.03313, 0.0138825
498, 71.89279, 0.0139096
499, 71.36689, 0.0140121
500, 72.01291, 0.0138864
501, 71.70978, 0.0139451
502, 71.78133, 0.0139312
503, 70.57711, 0.0141689
504, 36.12247, 0.0276836
505, 71.93779, 0.0139009
506, 71.09342, 0.014066
507, 72.71987, 0.0137514
508, 71.1015, 0.0140644
509, 72.04663, 0.0138799
510, 71.85612, 0.0139167
511, 72.26112, 0.0138387
512, 71.804, 0.0139268
513, 70.65191, 0.0141539
514, 36.26079, 0.027578
515, 71.16931, 0.014051
516, 70.6579, 0.0141527
517, 73.26866, 0.0136484
518, 71.63477, 0.0139597
519, 72.49897, 0.0137933
520, 71.19312, 0.0140463
521, 72.22198, 0.0138462
522, 71.66969, 0.0139529
523, 70.71786, 0.0141407
524, 36.21837, 0.0276103
525, 71.88711, 0.0139107
526, 72.43018, 0.0138064
527, 71.36689, 0.0140121
528, 71.83134, 0.0139215
529, 72.14643, 0.0138607
530, 71.09544, 0.0140656
531, 72.06532, 0.0138763
532, 72.51316, 0.0137906
533, 69.69321, 0.0143486
534, 36.31807, 0.0275345
535, 71.59734, 0.013967
536, 72.11365, 0.013867
537, 72.4349, 0.0138055
538, 71.39542, 0.0140065
539, 71.78751, 0.01393
540, 71.78596, 0.0139303
541, 70.80548, 0.0141232
542, 72.3898, 0.0138141
543, 70.93003, 0.0140984
544, 73.09942, 0.01368
545, 70.69386, 0.0141455
546, 71.52206, 0.0139817
547, 70.35515, 0.0142136
548, 74.55231, 0.0134134
549, 68.86815, 0.0145205
550, 73.19465, 0.0136622
551, 72.58422, 0.0137771
552, 71.79782, 0.013928
553, 70.14541, 0.0142561
554, 70.81702, 0.0141209
555, 33.32556, 0.030007
556, 77.06713, 0.0129757
557, 84.134, 0.0118858
558, 71.56045, 0.0139742
559, 72.12614, 0.0138646
560, 71.94762, 0.013899
561, 72.01498, 0.013886
562, 71.25806, 0.0140335
563, 72.21886, 0.0138468
564, 70.80197, 0.0141239
565, 36.29527, 0.0275518
566, 71.2606, 0.014033
567, 71.48422, 0.0139891
568, 72.13966, 0.013862
569, 70.76089, 0.0141321
570, 72.44277, 0.013804
571, 71.84682, 0.0139185
572, 72.82207, 0.0137321
573, 71.24943, 0.0140352
574, 71.23421, 0.0140382
575, 36.31188, 0.0275392
576, 70.02948, 0.0142797
577, 72.98737, 0.013701
578, 71.56813, 0.0139727
579, 71.53229, 0.0139797
580, 71.7216, 0.0139428
581, 71.90882, 0.0139065
582, 72.19331, 0.0138517
583, 70.43692, 0.0141971
584, 72.39243, 0.0138136
585, 36.04318, 0.0277445
586, 72.383, 0.0138154
587, 71.87936, 0.0139122
588, 71.29565, 0.0140261
589, 72.05389, 0.0138785
590, 72.08558, 0.0138724
591, 71.39033, 0.0140075
592, 72.10169, 0.0138693
593, 71.99839, 0.0138892
594, 70.5781, 0.0141687
595, 36.25356, 0.0275835
596, 71.1916, 0.0140466
597, 72.26164, 0.0138386
598, 70.25975, 0.0142329
599, 73.88471, 0.0135346
600, 71.27686, 0.0140298
601, 72.36256, 0.0138193
602, 70.20254, 0.0142445
603, 73.19411, 0.0136623
604, 71.00256, 0.014084
605, 36.20971, 0.0276169
606, 70.82655, 0.014119
607, 69.41167, 0.0144068
608, 73.2982, 0.0136429
609, 73.39665, 0.0136246
610, 71.81123, 0.0139254
611, 71.13033, 0.0140587
612, 72.1584, 0.0138584
613, 71.64606, 0.0139575
614, 68.69359, 0.0145574
615, 34.32746, 0.0291312
616, 72.76749, 0.0137424
617, 82.01157, 0.0121934
618, 72.26164, 0.0138386
619, 71.92796, 0.0139028
620, 71.87678, 0.0139127
621, 71.14957, 0.0140549
622, 72.68234, 0.0137585
623, 71.45971, 0.0139939
624, 71.27686, 0.0140298
625, 35.83086, 0.0279089
626, 72.37723, 0.0138165
627, 72.34425, 0.0138228
628, 71.74271, 0.0139387
629, 72.21468, 0.0138476
630, 71.51286, 0.0139835
631, 72.27731, 0.0138356
632, 71.44745, 0.0139963
633, 71.09493, 0.0140657
634, 71.84528, 0.0139188
635, 36.03656, 0.0277496
636, 71.26771, 0.0140316
637, 72.34947, 0.0138218
638, 71.69846, 0.0139473
639, 71.7391, 0.0139394
640, 71.58913, 0.0139686
641, 71.55482, 0.0139753
642, 71.9901, 0.0138908
643, 72.18913, 0.0138525
644, 71.36842, 0.0140118
645, 35.95286, 0.0278142
646, 71.68459, 0.01395
647, 70.75889, 0.0141325
648, 72.60055, 0.013774
649, 72.33325, 0.0138249
650, 71.69435, 0.0139481
651, 71.14703, 0.0140554
652, 72.88577, 0.0137201
653, 71.44847, 0.0139961
654, 71.51337, 0.0139834
655, 35.97252, 0.027799
656, 71.92226, 0.0139039
657, 72.06116, 0.0138771
658, 72.32645, 0.0138262
659, 71.41327, 0.014003
660, 71.51439, 0.0139832
661, 72.02743, 0.0138836
662, 71.90365, 0.0139075
663, 70.53131, 0.0141781
664, 72.05856, 0.0138776
665, 36.31227, 0.0275389
666, 71.26669, 0.0140318
667, 71.70824, 0.0139454
668, 71.51592, 0.0139829
669, 71.95176, 0.0138982
670, 71.73807, 0.0139396
671, 72.38561, 0.0138149
672, 71.13843, 0.0140571
673, 70.84612, 0.0141151
674, 70.88227, 0.0141079
675, 36.53862, 0.0273683
676, 70.43593, 0.0141973
677, 72.94425, 0.0137091
678, 71.7633, 0.0139347
679, 68.84303, 0.0145258
680, 73.67948, 0.0135723
681, 72.40868, 0.0138105
682, 72.99163, 0.0137002
683, 71.75197, 0.0139369
684, 70.11934, 0.0142614
685, 36.51461, 0.0273863
686, 71.20732, 0.0140435
687, 71.73087, 0.013941
688, 71.71389, 0.0139443
689, 71.95176, 0.0138982
690, 70.54773, 0.0141748
691, 73.42252, 0.0136198
692, 71.22253, 0.0140405
693, 72.20529, 0.0138494
694, 70.97031, 0.0140904
695, 36.0263, 0.0277575
696, 71.8494, 0.013918
697, 71.91348, 0.0139056
698, 71.90054, 0.0139081
699, 72.09702, 0.0138702
700, 71.10555, 0.0140636
701, 70.5562, 0.0141731
702, 74.05268, 0.0135039
703, 72.24651, 0.0138415
704, 71.06109, 0.0140724
705, 35.86839, 0.0278797
706, 71.57325, 0.0139717
707, 33.31179, 0.0300194
708, 91.67835, 0.0109077
709, 71.57223, 0.0139719
710, 71.32668, 0.01402
711, 70.03683, 0.0142782
712, 70.97383, 0.0140897
713, 72.27731, 0.0138356
714, 36.22086, 0.0276084
715, 69.80023, 0.0143266
716, 72.18497, 0.0138533
717, 71.10707, 0.0140633
718, 73.80019, 0.0135501
719, 71.45461, 0.0139949
720, 58.87374, 0.0169855
721, 72.00565, 0.0138878
722, 71.05604, 0.0140734
723, 46.0295, 0.0217252
724, 56.5042, 0.0176978
725, 77.11289, 0.012968
726, 70.54575, 0.0141752
727, 71.86748, 0.0139145
728, 72.54893, 0.0137838
729, 71.68048, 0.0139508
730, 71.8071, 0.0139262
731, 71.56506, 0.0139733
732, 71.8004, 0.0139275
733, 69.99762, 0.0142862
734, 73.45434, 0.0136139
735, 72.36676, 0.0138185
736, 71.34347, 0.0140167
737, 72.1506, 0.0138599
738, 71.89951, 0.0139083
739, 71.6317, 0.0139603
740, 71.74425, 0.0139384
741, 71.38523, 0.0140085
742, 72.23502, 0.0138437
743, 71.67893, 0.0139511
744, 71.0081, 0.0140829
745, 71.22761, 0.0140395
746, 71.53075, 0.01398
747, 70.48607, 0.0141872
748, 73.97106, 0.0135188
749, 72.30397, 0.0138305
750, 71.66045, 0.0139547
751, 72.03677, 0.0138818
752, 70.69586, 0.0141451
753, 73.11064, 0.0136779
754, 71.25045, 0.014035
755, 69.90318, 0.0143055
756, 33.57124, 0.0297874
757, 69.35535, 0.0144185
758, 91.36842, 0.0109447
759, 70.924, 0.0140996
760, 72.92935, 0.0137119
761, 70.85013, 0.0141143
762, 70.84612, 0.0141151
763, 72.66544, 0.0137617
764, 72.43804, 0.0138049
765, 71.40511, 0.0140046
766, 36.16388, 0.0276519
767, 72.04922, 0.0138794
768, 71.43571, 0.0139986
769, 72.3809, 0.0138158
770, 71.29769, 0.0140257
771, 71.90417, 0.0139074
772, 71.54304, 0.0139776
773, 71.36434, 0.0140126
774, 71.83083, 0.0139216
775, 71.9559, 0.0138974
776, 36.12586, 0.027681
777, 71.43623, 0.0139985
778, 71.59837, 0.0139668
779, 71.38778, 0.014008
780, 71.34449, 0.0140165
781, 73.12508, 0.0136752
782, 70.73036, 0.0141382
783, 73.20161, 0.0136609
784, 70.74837, 0.0141346
785, 70.24741, 0.0142354
786, 36.54971, 0.02736
787, 71.96368, 0.0138959
788, 71.61272, 0.013964
789, 69.7569, 0.0143355
790, 73.26598, 0.0136489
791, 72.1199, 0.0138658
792, 72.1558, 0.0138589
793, 71.49189, 0.0139876
794, 69.57829, 0.0143723
795, 73.04175, 0.0136908
796, 34.20148, 0.0292385
797, 83.21336, 0.0120173
798, 71.60861, 0.0139648
799, 73.13631, 0.0136731
800, 70.99298, 0.0140859
801, 70.75539, 0.0141332
802, 70.84311, 0.0141157
803, 73.20322, 0.0136606
804, 71.03736, 0.0140771
805, 70.79846, 0.0141246
806, 36.23503, 0.0275976
807, 71.47605, 0.0139907
808, 72.53526, 0.0137864
809, 70.49601, 0.0141852
810, 72.05389, 0.0138785
811, 70.27012, 0.0142308
812, 71.45664, 0.0139945
813, 68.51286, 0.0145958
814, 72.84223, 0.0137283
815, 75.56751, 0.0132332
816, 33.60577, 0.0297568
817, 73.3568, 0.013632
818, 84.9091, 0.0117773
819, 71.86645, 0.0139147
820, 71.45103, 0.0139956
821, 70.83106, 0.0141181
822, 72.69396, 0.0137563
823, 71.27583, 0.01403
824, 70.83307, 0.0141177
825, 72.71406, 0.0137525
826, 36.03136, 0.0277536
827, 71.3944, 0.0140067
828, 69.05695, 0.0144808
829, 74.52898, 0.0134176
830, 71.95539, 0.0138975
831, 72.05856, 0.0138776
832, 71.78699, 0.0139301
833, 72.34582, 0.0138225
834, 70.70635, 0.014143
835, 72.2747, 0.0138361
836, 36.14035, 0.0276699
837, 70.83708, 0.0141169
838, 72.31808, 0.0138278
839, 70.54127, 0.0141761
840, 72.90437, 0.0137166
841, 71.4352, 0.0139987
842, 72.50159, 0.0137928
843, 71.55431, 0.0139754
844, 71.80607, 0.0139264
845, 68.63654, 0.0145695
846, 36.8873, 0.0271096
847, 71.5958, 0.0139673
848, 70.69386, 0.0141455
849, 72.35576, 0.0138206
850, 70.71886, 0.0141405
851, 73.68328, 0.0135716
852, 71.44184, 0.0139974
853, 72.06999, 0.0138754
854, 72.23816, 0.0138431
855, 71.08836, 0.014067
856, 35.93877, 0.0278251
857, 72.53577, 0.0137863
858, 71.34143, 0.0140171
859, 71.26822, 0.0140315
860, 72.36309, 0.0138192
861, 71.31345, 0.0140226
862, 72.28933, 0.0138333
863, 72.198, 0.0138508
864, 71.77412, 0.0139326
865, 71.12173, 0.0140604
866, 35.92302, 0.0278373
867, 71.93572, 0.0139013
868, 72.26008, 0.0138389
869, 71.65633, 0.0139555
870, 71.97455, 0.0138938
871, 72.06792, 0.0138758
872, 70.7719, 0.0141299
873, 72.46639, 0.0137995
874, 71.45971, 0.0139939
875, 71.20681, 0.0140436
876, 35.7751, 0.0279524
877, 72.10949, 0.0138678
878, 72.11625, 0.0138665
879, 72.78339, 0.0137394
880, 72.44382, 0.0138038
881, 71.75763, 0.0139358
882, 71.75094, 0.0139371
883, 71.27126, 0.0140309
884, 72.33273, 0.013825
885, 70.98693, 0.0140871
886, 35.89814, 0.0278566
887, 72.95542, 0.013707
888, 70.62047, 0.0141602
889, 71.79111, 0.0139293
890, 73.12775, 0.0136747
891, 71.78957, 0.0139296
892, 71.27329, 0.0140305
893, 71.97196, 0.0138943
894, 71.56147, 0.013974
895, 71.11566, 0.0140616
896, 36.16911, 0.0276479
897, 71.70618, 0.0139458
898, 72.00305, 0.0138883
899, 71.30531, 0.0140242
900, 71.82412, 0.0139229
901, 72.51211, 0.0137908
902, 71.51694, 0.0139827
903, 72.0015, 0.0138886
904, 71.08179, 0.0140683
905, 71.81638, 0.0139244
906, 72.78391, 0.0137393
907, 70.73136, 0.014138
908, 72.97565, 0.0137032
909, 72.04195, 0.0138808
910, 71.30735, 0.0140238
911, 70.51192, 0.014182
912, 73.23647, 0.0136544
913, 71.87781, 0.0139125
914, 71.43775, 0.0139982
915, 72.67178, 0.0137605
916, 70.99903, 0.0140847
917, 72.51474, 0.0137903
918, 71.43112, 0.0139995
919, 72.2272, 0.0138452
920, 71.51439, 0.0139832
921, 71.83908, 0.01392
922, 71.79369, 0.0139288
923, 71.06159, 0.0140723
924, 72.4748, 0.0137979
925, 72.03937, 0.0138813
926, 71.4352, 0.0139987
927, 69.02454, 0.0144876
928, 33.83476, 0.0295554
929, 71.20782, 0.0140434
930, 86.27086, 0.0115914
931, 72.23659, 0.0138434
932, 71.67842, 0.0139512
933, 70.91746, 0.0141009
934, 73.49267, 0.0136068
935, 69.93985, 0.014298
936, 73.89891, 0.013532
937, 70.88378, 0.0141076
938, 36.11399, 0.0276901
939, 71.22304, 0.0140404
940, 71.79833, 0.0139279
941, 71.92692, 0.013903
942, 71.47707, 0.0139905
943, 71.74837, 0.0139376
944, 70.4389, 0.0141967
945, 74.32182, 0.013455
946, 69.5899, 0.0143699
947, 72.33325, 0.0138249
948, 36.38322, 0.0274852
949, 71.44082, 0.0139976
950, 71.28041, 0.0140291
951, 71.99943, 0.013889
952, 72.07831, 0.0138738
953, 72.04092, 0.013881
954, 71.90106, 0.013908
955, 71.97973, 0.0138928
956, 71.49496, 0.013987
957, 69.99174, 0.0142874
958, 36.39288, 0.0274779
959, 71.63273, 0.0139601
960, 71.95229, 0.0138981
961, 70.14, 0.0142572
962, 72.80352, 0.0137356
963, 72.16882, 0.0138564
964, 70.87775, 0.0141088
965, 72.04871, 0.0138795
966, 71.74219, 0.0139388
967, 71.63324, 0.01396
968, 36.16964, 0.0276475
969, 71.46941, 0.013992
970, 71.19515, 0.0140459
971, 72.49739, 0.0137936
972, 72.39871, 0.0138124
973, 70.89433, 0.0141055
974, 73.26168, 0.0136497
975, 71.85353, 0.0139172
976, 71.31854, 0.0140216
977, 70.38833, 0.0142069
978, 35.88641, 0.0278657
979, 73.58406, 0.0135899
980, 72.1907, 0.0138522
981, 71.05755, 0.0140731
982, 72.10637, 0.0138684
983, 71.82412, 0.0139229
984, 71.34805, 0.0140158
985, 72.74155, 0.0137473
986, 71.2606, 0.014033
987, 69.45119, 0.0143986
988, 33.44001, 0.0299043
989, 72.4328, 0.0138059
990, 88.05762, 0.0113562
991, 71.39491, 0.0140066
992, 71.40154, 0.0140053
993, 71.46481, 0.0139929
994, 72.41654, 0.013809
995, 71.37402, 0.0140107
996, 72.53157, 0.0137871
997, 69.87339, 0.0143116
998, 36.44023, 0.0274422
999, 71.10808, 0.0140631
1000, 71.03887, 0.0140768
1001, 72.80776, 0.0137348
1002, 72.43437, 0.0138056
1003, 71.3781, 0.0140099
1004, 71.5584, 0.0139746
1005, 72.29769, 0.0138317
1006, 70.78043, 0.0141282
1007, 71.80091, 0.0139274
1008, 35.83626, 0.0279047
1009, 71.82876, 0.013922
1010, 73.11438, 0.0136772
1011, 71.52001, 0.0139821
1012, 72.03625, 0.0138819
1013, 71.77824, 0.0139318
1014, 71.91244, 0.0139058
1015, 69.44396, 0.0144001
1016, 73.77297, 0.0135551
1017, 71.53536, 0.0139791
1018, 35.91154, 0.0278462
1019, 72.88205, 0.0137208
1020, 72.02224, 0.0138846
1021, 71.40256, 0.0140051
1022, 71.19059, 0.0140468
1023, 72.42178, 0.013808
1024, 72.1381, 0.0138623
1025, 71.63837, 0.013959
1026, 71.9559, 0.0138974
1027, 71.04543, 0.0140755
1028, 35.89375, 0.02786
1029, 72.27366, 0.0138363
1030, 72.2079, 0.0138489
1031, 71.38472, 0.0140086
1032, 71.71492, 0.0139441
1033, 72.21259, 0.013848
1034, 70.64991, 0.0141543
1035, 73.25471, 0.013651
1036, 71.58862, 0.0139687
1037, 71.07018, 0.0140706
1038, 36.1337, 0.027675
1039, 71.16982, 0.0140509
1040, 72.0835, 0.0138728
1041, 71.08735, 0.0140672
1042, 73.09621, 0.0136806
1043, 71.01012, 0.0140825
1044, 72.07519, 0.0138744
1045, 72.46745, 0.0137993
1046, 72.04715, 0.0138798
1047, 71.06361, 0.0140719
1048, 35.94795, 0.027818
1049, 72.08558, 0.0138724
1050, 70.86268, 0.0141118
1051, 73.16252, 0.0136682
1052, 71.13944, 0.0140569
1053, 72.24076, 0.0138426
1054, 71.62503, 0.0139616
1055, 71.95539, 0.0138975
1056, 71.45715, 0.0139944
1057, 71.68459, 0.01395
1058, 35.92031, 0.0278394
1059, 71.29514, 0.0140262
1060, 72.70665, 0.0137539
1061, 72.0015, 0.0138886
1062, 72.1199, 0.0138658
1063, 71.43725, 0.0139983
1064, 71.77, 0.0139334
1065, 71.32973, 0.0140194
1066, 72.54209, 0.0137851
1067, 69.86168, 0.014314
1068, 36.3524, 0.0275085
1069, 71.18654, 0.0140476
1070, 72.53157, 0.0137871
1071, 72.2345, 0.0138438
1072, 70.67587, 0.0141491
1073, 72.82684, 0.0137312
1074, 70.28593, 0.0142276
1075, 72.92935, 0.0137119
1076, 71.60605, 0.0139653
1077, 71.57735, 0.0139709
1078, 36.06372, 0.0277287
1079, 72.55367, 0.0137829
1080, 71.25146, 0.0140348
1081, 71.44031, 0.0139977
1082, 71.75145, 0.013937
1083, 71.93779, 0.0139009
1084, 72.0648, 0.0138764
1085, 72.27314, 0.0138364
1086, 71.36893, 0.0140117
1087, 71.43623, 0.0139985
1088, 35.69083, 0.0280184
1089, 73.21823, 0.0136578
1090, 72.48793, 0.0137954
1091, 71.32311, 0.0140207
1092, 71.39491, 0.0140066
1093, 72.33325, 0.0138249
1094, 71.24892, 0.0140353
1095, 72.66386, 0.013762
1096, 71.37759, 0.01401
1097, 70.60102, 0.0141641
1098, 73.67188, 0.0135737
1099, 70.83708, 0.0141169
1100, 71.43317, 0.0139991
1101, 72.98364, 0.0137017
1102, 72.10065, 0.0138695
1103, 71.49649, 0.0139867
1104, 71.84579, 0.0139187
1105, 72.22094, 0.0138464
1106, 71.27329, 0.0140305
1107, 72.06584, 0.0138762
1108, 70.4667, 0.0141911
1109, 72.63694, 0.0137671
1110, 72.80511, 0.0137353
1111, 72.07519, 0.0138744
1112, 71.28956, 0.0140273
1113, 72.46797, 0.0137992
1114, 71.58504, 0.0139694
1115, 71.69127, 0.0139487
1116, 71.83908, 0.01392
1117, 71.65942, 0.0139549
1118, 71.25603, 0.0140339
1119, 71.39848, 0.0140059
1120, 72.55578, 0.0137825
1121, 72.19331, 0.0138517
1122, 71.51848, 0.0139824
1123, 70.40369, 0.0142038
1124, 70.93658, 0.0140971
1125, 74.81223, 0.0133668
1126, 71.13489, 0.0140578
1127, 71.43929, 0.0139979
1128, 72.72462, 0.0137505
1129, 71.48474, 0.013989
1130, 68.21096, 0.0146604
1131, 75.04578, 0.0133252
1132, 73.80019, 0.0135501
1133, 70.30371, 0.014224
1134, 72.45222, 0.0138022
1135, 70.97333, 0.0140898
1136, 69.60492, 0.0143668
1137, 75.20267, 0.0132974
1138, 72.77279, 0.0137414
1139, 70.06628, 0.0142722
1140, 72.09389, 0.0138708
1141, 71.9021, 0.0139078
1142, 71.33787, 0.0140178
1143, 71.64915, 0.0139569
1144, 71.6815, 0.0139506
1145, 73.4236, 0.0136196
1146, 71.80813, 0.013926
1147, 72.24651, 0.0138415
1148, 70.39478, 0.0142056
1149, 73.92076, 0.013528
1150, 72.34425, 0.0138228
1151, 71.41174, 0.0140033
1152, 71.18857, 0.0140472
1153, 71.87264, 0.0139135
1154, 70.89986, 0.0141044
1155, 72.81783, 0.0137329
1156, 72.04767, 0.0138797
1157, 70.81049, 0.0141222
1158, 71.41327, 0.014003
1159, 71.944, 0.0138997
1160, 72.4349, 0.0138055
1161, 71.85508, 0.0139169
1162, 72.40238, 0.0138117
1163, 71.01365, 0.0140818
1164, 71.80246, 0.0139271
1165, 72.29299, 0.0138326
1166, 70.64791, 0.0141547
1167, 72.7442, 0.0137468
1168, 72.32384, 0.0138267
1169, 71.91141, 0.013906
1170, 71.51694, 0.0139827
1171, 71.60503, 0.0139655
1172, 71.86645, 0.0139147
1173, 71.97403, 0.0138939
1174, 70.74137, 0.014136
1175, 72.15163, 0.0138597
1176, 71.24638, 0.0140358
1177, 72.383, 0.0138154
1178, 71.39288, 0.014007
1179, 72.74314, 0.013747
1180, 71.9021, 0.0139078
1181, 69.82411, 0.0143217
1182, 72.97725, 0.0137029
1183, 73.36811, 0.0136299
1184, 71.15311, 0.0140542
1185, 71.58043, 0.0139703
1186, 72.74632, 0.0137464
1187, 71.8071, 0.0139262
1188, 70.79195, 0.0141259
1189, 72.52841, 0.0137877
1190, 72.04559, 0.0138801
1191, 71.76484, 0.0139344
1192, 72.12874, 0.0138641
1193, 71.30176, 0.0140249
1194, 72.19852, 0.0138507
1195, 72.26948, 0.0138371
1196, 70.58408, 0.0141675
1197, 70.84962, 0.0141144
1198, 74.29144, 0.0134605
1199, 71.43419, 0.0139989
1200, 71.46278, 0.0139933
1201, 71.82928, 0.0139219
1202, 72.28986, 0.0138332
1203, 71.35619, 0.0140142
1204, 71.77463, 0.0139325
1205, 72.09753, 0.0138701
1206, 71.62862, 0.0139609
1207, 71.45869, 0.0139941
1208, 71.30836, 0.0140236
1209, 72.92829, 0.0137121
1210, 72.11937, 0.0138659
1211, 71.65172, 0.0139564
1212, 71.43725, 0.0139983
1213, 72.22355, 0.0138459
1214, 71.99061, 0.0138907
1215, 71.17286, 0.0140503
1216, 70.89283, 0.0141058
1217, 73.0898, 0.0136818
1218, 70.94563, 0.0140953
1219, 73.05776, 0.0136878
1220, 71.5497, 0.0139763
1221, 71.70206, 0.0139466
1222, 72.12405, 0.013865
1223, 71.73653, 0.0139399
1224, 71.74528, 0.0139382
1225, 71.88194, 0.0139117
1226, 71.65736, 0.0139553
1227, 71.47146, 0.0139916
1228, 72.23399, 0.0138439
1229, 71.20479, 0.014044
1230, 71.99787, 0.0138893
1231, 72.20998, 0.0138485
1232, 71.68973, 0.013949
1233, 71.76433, 0.0139345
1234, 72.29822, 0.0138316
1235, 71.36179, 0.0140131
1236, 70.77391, 0.0141295
1237, 71.7736, 0.0139327
1238, 73.14379, 0.0136717
1239, 71.07725, 0.0140692
1240, 72.21364, 0.0138478
1241, 71.41888, 0.0140019
1242, 72.54104, 0.0137853
1243, 71.25908, 0.0140333
1244, 73.22092, 0.0136573
1245, 70.29333, 0.0142261
1246, 72.56157, 0.0137814
1247, 71.6317, 0.0139603
1248, 72.86877, 0.0137233
1249, 71.07118, 0.0140704
1250, 72.11781, 0.0138662
1251, 70.76089, 0.0141321
1252, 73.12881, 0.0136745
1253, 70.13606, 0.014258
1254, 73.14165, 0.0136721
1255, 71.97455, 0.0138938
1256, 71.66609, 0.0139536
1257, 71.36129, 0.0140132
1258, 72.19174, 0.013852
1259, 72.43542, 0.0138054
1260, 71.75815, 0.0139357
1261, 71.22507, 0.01404
1262, 70.60701, 0.0141629
1263, 72.69766, 0.0137556
1264, 72.73944, 0.0137477
1265, 72.16726, 0.0138567
1266, 71.28854, 0.0140275
1267, 71.90623, 0.013907
1268, 72.23659, 0.0138434
1269, 70.69386, 0.0141455
1270, 72.32907, 0.0138257
1271, 72.85709, 0.0137255
1272, 71.52103, 0.0139819
1273, 68.98645, 0.0144956
1274, 74.42747, 0.0134359
1275, 69.94621, 0.0142967
1276, 71.47758, 0.0139904
1277, 74.66698, 0.0133928
1278, 72.03728, 0.0138817
1279, 71.90468, 0.0139073
1280, 71.12173, 0.0140604
1281, 70.97031, 0.0140904
1282, 73.32883, 0.0136372
1283, 72.15424, 0.0138592
1284, 70.53231, 0.0141779
1285, 72.11625, 0.0138665
1286, 71.62759, 0.0139611
1287, 66.58144, 0.0150192
1288, 70.25383, 0.0142341
1289, 76.65596, 0.0130453
1290, 70.43394, 0.0141977
1291, 72.45432, 0.0138018
1292, 73.64855, 0.013578
1293, 69.67912, 0.0143515
1294, 72.52105, 0.0137891
1295, 71.57377, 0.0139716
1296, 73.27994, 0.0136463
1297, 69.64564, 0.0143584
1298, 74.31574, 0.0134561
1299, 68.49831, 0.0145989
1300, 73.03909, 0.0136913
1301, 70.81049, 0.0141222
1302, 71.31905, 0.0140215
1303, 75.6945, 0.013211
1304, 75.0638, 0.013322
1305, 70.32596, 0.0142195
1306, 71.54048, 0.0139781
1307, 70.91092, 0.0141022
1308, 71.44082, 0.0139976
1309, 71.45613, 0.0139946
1310, 72.48583, 0.0137958
1311, 70.91344, 0.0141017
1312, 71.47248, 0.0139914
1313, 75.80294, 0.0131921
1314, 71.63016, 0.0139606
1315, 69.47339, 0.014394
1316, 71.40205, 0.0140052
1317, 69.71507, 0.0143441
1318, 73.98693, 0.0135159
1319, 71.95487, 0.0138976
1320, 71.38217, 0.0140091
1321, 71.48321, 0.0139893
1322, 72.17142, 0.0138559
1323, 69.33514, 0.0144227
1324, 74.13009, 0.0134898
1325, 66.68534, 0.0149958
1326, 77.16763, 0.0129588
1327, 73.22574, 0.0136564
1328, 70.4985, 0.0141847
1329, 71.55431, 0.0139754
1330, 73.30894, 0.0136409
1331, 71.84837, 0.0139182
1332, 71.68253, 0.0139504
1333, 71.37759, 0.01401
1334, 72.45484, 0.0138017
1335, 70.88126, 0.0141081
1336, 72.2794, 0.0138352
1337, 70.29778, 0.0142252
1338, 74.46182, 0.0134297
1339, 67.68785, 0.0147737
1340, 75.61894, 0.0132242
1341, 68.12547, 0.0146788
1342, 74.67479, 0.0133914
1343, 72.82207, 0.0137321
1344, 73.03215, 0.0136926
1345, 70.76189, 0.0141319
1346, 72.43962, 0.0138046
1347, 71.38778, 0.014008
1348, 71.9202, 0.0139043
1349, 69.6437, 0.0143588
1350, 72.67759, 0.0137594
1351, 71.89899, 0.0139084
1352, 71.76278, 0.0139348
1353, 71.20834, 0.0140433
1354, 71.93365, 0.0139017
1355, 74.12679, 0.0134904
1356, 71.98025, 0.0138927
1357, 55.43452, 0.0180393
1358, 94.91448, 0.0105358
1359, 76.00343, 0.0131573
1360, 67.63383, 0.0147855
1361, 75.38181, 0.0132658
1362, 71.49649, 0.0139867
1363, 74.84526, 0.0133609
1364, 72.8863, 0.01372
1365, 71.6317, 0.0139603
1366, 71.01466, 0.0140816
1367, 72.21625, 0.0138473
1368, 68.93604, 0.0145062
1369, 71.86954, 0.0139141
1370, 72.89799, 0.0137178
1371, 72.21729, 0.0138471
1372, 70.61648, 0.014161
1373, 72.94052, 0.0137098
1374, 70.22028, 0.0142409
1375, 70.43394, 0.0141977
1376, 74.1136, 0.0134928
1377, 71.00256, 0.014084
1378, 69.88999, 0.0143082
1379, 74.21811, 0.0134738
1380, 71.83753, 0.0139203
1381, 71.34245, 0.0140169
1382, 72.29769, 0.0138317
1383, 71.67534, 0.0139518
1384, 70.05794, 0.0142739
1385, 74.31795, 0.0134557
1386, 72.22511, 0.0138456
1387, 73.86725, 0.0135378
1388, 70.32299, 0.0142201
1389, 71.32973, 0.0140194
1390, 72.21886, 0.0138468
1391, 70.58558, 0.0141672
1392, 69.57103, 0.0143738
1393, 76.74479, 0.0130302
1394, 71.64452, 0.0139578
1395, 69.01073, 0.0144905
1396, 70.26962, 0.0142309
1397, 77.6874, 0.0128721
1398, 69.53812, 0.0143806
1399, 70.71136, 0.014142
1400, 72.43018, 0.0138064
1401, 72.26791, 0.0138374
1402, 69.14194, 0.014463
1403, 75.519, 0.0132417
1404, 74.16637, 0.0134832
1405, 71.10049, 0.0140646
1406, 72.32384, 0.0138267
1407, 71.21949, 0.0140411
1408, 68.17051, 0.0146691
1409, 45.33112, 0.0220599
1410, 146.1561, 0.006842
1411, 85.17525, 0.0117405
1412, 71.07371, 0.0140699
1413, 71.98958, 0.0138909
1414, 71.34907, 0.0140156
1415, 23.26306, 0.0429866
