Frame, FPS, Frame Time
1, 50, 0.02
2, 50, 0.02
3, 3, 0.3333333
4, 9.005026, 0.1110491
5, 102.4811, 0.0097579
6, 218.5315, 0.004576
7, 235.427, 0.0042476
8, 198.0198, 0.00505
9, 237.9253, 0.004203
10, 212.8611, 0.0046979
11, 205.4021, 0.0048685
12, 204.5157, 0.0048896
13, 210.0796, 0.0047601
14, 235.1724, 0.0042522
15, 214.6936, 0.0046578
16, 241.2836, 0.0041445
17, 206.7696, 0.0048363
18, 269.5854, 0.0037094
19, 247.8622, 0.0040345
20, 248.3238, 0.004027
21, 233.16, 0.0042889
22, 255.8264, 0.0039089
23, 244.7082, 0.0040865
24, 267.8595, 0.0037333
25, 229.342, 0.0043603
26, 199.5968, 0.0050101
27, 232.3042, 0.0043047
28, 239.6128, 0.0041734
29, 245.8029, 0.0040683
30, 231.7121, 0.0043157
31, 237.4902, 0.0042107
32, 218.7801, 0.0045708
33, 223.7787, 0.0044687
34, 253.5047, 0.0039447
35, 243.1552, 0.0041126
36, 231.0376, 0.0043283
37, 217.311, 0.0046017
38, 251.68, 0.0039733
39, 269.4764, 0.0037109
40, 243.3268, 0.0041097
41, 223.0052, 0.0044842
42, 262.0064, 0.0038167
43, 259.4572, 0.0038542
44, 197.449, 0.0050646
45, 225.5707, 0.0044332
46, 243.2025, 0.0041118
47, 259.5515, 0.0038528
48, 208.2422, 0.0048021
49, 247.5983, 0.0040388
50, 232.6447, 0.0042984
51, 266.3045, 0.0037551
52, 239.9117, 0.0041682
53, 234.0002, 0.0042735
54, 236.0105, 0.0042371
55, 257.3141, 0.0038863
56, 249.2833, 0.0040115
57, 246.3479, 0.0040593
58, 263.9915, 0.003788
59, 211.2646, 0.0047334
60, 262.605, 0.003808
61, 244.96, 0.0040823
62, 242.4948, 0.0041238
63, 259.437, 0.0038545
64, 229.0374, 0.0043661
65, 195.9516, 0.0051033
66, 258.3779, 0.0038703
67, 228.5401, 0.0043756
68, 194.1635, 0.0051503
69, 207.6024, 0.0048169
70, 218.0359, 0.0045864
71, 224.5022, 0.0044543
72, 218.8567, 0.0045692
73, 243.6054, 0.004105
74, 240.784, 0.0041531
75, 244.1049, 0.0040966
76, 243.5697, 0.0041056
77, 209.5513, 0.0047721
78, 15.90609, 0.062869
79, 228.8801, 0.0043691
80, 258.2645, 0.003872
81, 254.5112, 0.0039291
82, 234.4556, 0.0042652
83, 254.998, 0.0039216
84, 230.6699, 0.0043352
85, 259.4841, 0.0038538
86, 234.8521, 0.004258
87, 255.7872, 0.0039095
88, 216.4315, 0.0046204
89, 227.3296, 0.0043989
90, 196.5254, 0.0050884
91, 234.4226, 0.0042658
92, 236.1387, 0.0042348
93, 255.6106, 0.0039122
94, 248.4349, 0.0040252
95, 249.7315, 0.0040043
96, 244.822, 0.0040846
97, 258.1844, 0.0038732
98, 213.7483, 0.0046784
99, 262.4465, 0.0038103
100, 240.0961, 0.004165
101, 168.492, 0.005935
102, 174.7122, 0.0057237
103, 239.6415, 0.0041729
104, 255.2714, 0.0039174
105, 230.3351, 0.0043415
106, 239.676, 0.0041723
107, 249.215, 0.0040126
108, 260.8786, 0.0038332
109, 246.2508, 0.0040609
110, 231.5994, 0.0043178
111, 234.4446, 0.0042654
112, 261.9515, 0.0038175
113, 227.9098, 0.0043877
114, 257.4069, 0.0038849
115, 252.0098, 0.0039681
116, 244.2539, 0.0040941
117, 237.541, 0.0042098
118, 241.5751, 0.0041395
119, 210.8593, 0.0047425
120, 242.8481, 0.0041178
121, 208.9035, 0.0047869
122, 263.9776, 0.0037882
123, 217.061, 0.004607
124, 256.6933, 0.0038957
125, 221.1411, 0.004522
126, 268.0031, 0.0037313
127, 265.1254, 0.0037718
128, 253.3313, 0.0039474
129, 229.4473, 0.0043583
130, 247.4819, 0.0040407
131, 246.3054, 0.00406
132, 222.0199, 0.0045041
133, 236.0718, 0.004236
134, 256.6603, 0.0038962
135, 251.775, 0.0039718
136, 258.3579, 0.0038706
137, 243.6291, 0.0041046
138, 271.8647, 0.0036783
139, 247.2982, 0.0040437
140, 226.4493, 0.004416
141, 220.7359, 0.0045303
142, 255.7937, 0.0039094
143, 217.2732, 0.0046025
144, 247.2616, 0.0040443
145, 210.1679, 0.0047581
146, 266.0707, 0.0037584
147, 277.354, 0.0036055
148, 238.4927, 0.004193
149, 214.6475, 0.0046588
150, 242.4184, 0.0041251
151, 237.9026, 0.0042034
152, 260.2202, 0.0038429
153, 248.1574, 0.0040297
154, 237.8857, 0.0042037
155, 231.4118, 0.0043213
156, 255.5192, 0.0039136
157, 252.7998, 0.0039557
158, 232.9862, 0.0042921
159, 249.1529, 0.0040136
160, 206.2664, 0.0048481
161, 232.1748, 0.0043071
162, 253.9554, 0.0039377
163, 253.2672, 0.0039484
164, 233.4866, 0.0042829
165, 235.6323, 0.0042439
166, 224.9972, 0.0044445
167, 246.1236, 0.004063
168, 267.2439, 0.0037419
169, 224.9263, 0.0044459
170, 230.7178, 0.0043343
171, 281.0726, 0.0035578
172, 258.2645, 0.003872
173, 229.7161, 0.0043532
174, 239.5841, 0.0041739
175, 242.8009, 0.0041186
176, 247.3105, 0.0040435
177, 224.3712, 0.0044569
178, 252.5635, 0.0039594
179, 264.3964, 0.0037822
180, 253.03, 0.0039521
181, 215.2065, 0.0046467
182, 253.3891, 0.0039465
183, 241.1789, 0.0041463
184, 5.295269, 0.1888478
185, 99.58969, 0.0100412
186, 124.088, 0.0080588
187, 123.2392, 0.0081143
188, 67.19572, 0.0148819
189, 62.05861, 0.0161138
190, 219.9542, 0.0045464
191, 216.4783, 0.0046194
192, 216.1181, 0.0046271
193, 268.3267, 0.0037268
194, 247.231, 0.0040448
195, 251.5533, 0.0039753
196, 224.2102, 0.0044601
197, 51.67879, 0.0193503
198, 90.17133, 0.01109
199, 209.3627, 0.0047764
200, 230.6645, 0.0043353
201, 245.8754, 0.0040671
202, 258.9936, 0.0038611
203, 222.2222, 0.0045
204, 263.9149, 0.0037891
205, 237.7386, 0.0042063
206, 244.804, 0.0040849
207, 216.0901, 0.0046277
208, 243.2676, 0.0041107
209, 253.9747, 0.0039374
210, 240.7666, 0.0041534
211, 219.5582, 0.0045546
212, 253.524, 0.0039444
213, 239.6185, 0.0041733
214, 250.8907, 0.0039858
215, 226.2495, 0.0044199
216, 232.9591, 0.0042926
217, 246.1054, 0.0040633
218, 248.0713, 0.0040311
219, 228.7911, 0.0043708
220, 238.237, 0.0041975
221, 232.1748, 0.0043071
222, 232.6014, 0.0042992
223, 235.477, 0.0042467
224, 248.8367, 0.0040187
225, 210.2519, 0.0047562
226, 236.7648, 0.0042236
227, 251.4458, 0.003977
228, 235.2388, 0.004251
229, 245.1461, 0.0040792
230, 244.3136, 0.0040931
231, 224.2504, 0.0044593
232, 257.4665, 0.003884
233, 240.0499, 0.0041658
234, 233.1274, 0.0042895
235, 237.3775, 0.0042127
236, 242.0311, 0.0041317
237, 256.2526, 0.0039024
238, 242.2187, 0.0041285
239, 234.1043, 0.0042716
240, 239.9174, 0.0041681
241, 202.9468, 0.0049274
242, 177.0225, 0.005649
243, 181.3237, 0.005515
244, 181.7818, 0.0055011
245, 173.3853, 0.0057675
246, 177.6893, 0.0056278
247, 189.847, 0.0052674
248, 176.286, 0.0056726
249, 183.2542, 0.0054569
250, 184.7882, 0.0054116
251, 181.2448, 0.0055174
252, 177.6325, 0.0056296
253, 184.3114, 0.0054256
254, 181.3302, 0.0055148
255, 174.6481, 0.0057258
256, 179.8044, 0.0055616
257, 184.1756, 0.0054296
258, 182.1859, 0.0054889
259, 194.3937, 0.0051442
260, 93.03624, 0.0107485
261, 48.33509, 0.0206889
262, 205.1913, 0.0048735
263, 239.0857, 0.0041826
264, 276.7094, 0.0036139
265, 284.4141, 0.003516
266, 269.7235, 0.0037075
267, 254.3364, 0.0039318
268, 256.0557, 0.0039054
269, 284.8435, 0.0035107
270, 283.3182, 0.0035296
271, 271.5915, 0.003682
272, 244.5167, 0.0040897
273, 266.0211, 0.0037591
274, 282.9975, 0.0035336
275, 269.4038, 0.0037119
276, 274.3183, 0.0036454
277, 257.0232, 0.0038907
278, 281.1358, 0.003557
279, 271.6801, 0.0036808
280, 281.7298, 0.0035495
281, 250.9662, 0.0039846
282, 284.6327, 0.0035133
283, 246.269, 0.0040606
284, 278.2957, 0.0035933
285, 263.0195, 0.003802
286, 266.56, 0.0037515
287, 267.6874, 0.0037357
288, 261.5815, 0.0038229
289, 272.2274, 0.0036734
290, 273.4258, 0.0036573
291, 264.4313, 0.0037817
292, 271.8056, 0.0036791
293, 274.7781, 0.0036393
294, 268.9401, 0.0037183
295, 249.4761, 0.0040084
296, 282.1989, 0.0035436
297, 284.3817, 0.0035164
298, 292.5089, 0.0034187
299, 253.2672, 0.0039484
300, 277.9785, 0.0035974
301, 287.8195, 0.0034744
302, 280.2848, 0.0035678
303, 265.9221, 0.0037605
304, 256.2, 0.0039032
305, 282.7335, 0.0035369
306, 279.353, 0.0035797
307, 276.9546, 0.0036107
308, 204.9264, 0.0048798
309, 252.0479, 0.0039675
310, 287.0923, 0.0034832
311, 280.5521, 0.0035644
312, 255.905, 0.0039077
313, 278.7767, 0.0035871
314, 286.377, 0.0034919
315, 236.5408, 0.0042276
316, 229.0898, 0.0043651
317, 256.1607, 0.0039038
318, 267.4512, 0.003739
319, 266.6382, 0.0037504
320, 239.1715, 0.0041811
321, 244.828, 0.0040845
322, 279.0179, 0.003584
323, 278.4119, 0.0035918
324, 238.0046, 0.0042016
325, 248.0959, 0.0040307
326, 253.7749, 0.0039405
327, 270.0586, 0.0037029
328, 273.3809, 0.0036579
329, 270.0805, 0.0037026
330, 263.6296, 0.0037932
331, 292.9116, 0.003414
332, 256.7592, 0.0038947
333, 227.0096, 0.0044051
334, 271.2674, 0.0036864
335, 263.0818, 0.0038011
336, 271.8056, 0.0036791
337, 281.041, 0.0035582
338, 276.5487, 0.003616
339, 281.1279, 0.0035571
340, 274.0477, 0.003649
341, 271.4514, 0.0036839
342, 291.9282, 0.0034255
343, 269.5927, 0.0037093
344, 283.8168, 0.0035234
345, 265.8372, 0.0037617
346, 280.4184, 0.0035661
347, 286.1967, 0.0034941
348, 267.8954, 0.0037328
349, 272.8662, 0.0036648
350, 296.1559, 0.0033766
351, 286.9441, 0.003485
352, 260.532, 0.0038383
353, 249.8064, 0.0040031
354, 272.5836, 0.0036686
355, 181.8843, 0.005498
356, 265.9716, 0.0037598
357, 257.7984, 0.003879
358, 280.5049, 0.003565
359, 280.3241, 0.0035673
360, 287.4389, 0.003479
361, 244.6364, 0.0040877
362, 274.4915, 0.0036431
363, 283.4628, 0.0035278
364, 275.7252, 0.0036268
365, 235.8824, 0.0042394
366, 270.1826, 0.0037012
367, 274.2205, 0.0036467
368, 251.1995, 0.0039809
369, 206.5006, 0.0048426
370, 197.4529, 0.0050645
371, 208.5462, 0.0047951
372, 179.1472, 0.005582
373, 249.6692, 0.0040053
374, 275.1713, 0.0036341
375, 284.7218, 0.0035122
376, 275.4821, 0.00363
377, 253.8329, 0.0039396
378, 277.6004, 0.0036023
379, 273.5604, 0.0036555
380, 248.75, 0.0040201
381, 260.1457, 0.003844
382, 261.3764, 0.0038259
383, 275.3835, 0.0036313
384, 259.0606, 0.0038601
385, 283.3022, 0.0035298
386, 269.0269, 0.0037171
387, 271.6579, 0.0036811
388, 259.3832, 0.0038553
389, 285.5919, 0.0035015
390, 282.7574, 0.0035366
391, 272.2718, 0.0036728
392, 285.266, 0.0035055
393, 263.6783, 0.0037925
394, 289.8047, 0.0034506
395, 270.944, 0.0036908
396, 282.8534, 0.0035354
397, 265.9928, 0.0037595
398, 273.2912, 0.0036591
399, 274.7555, 0.0036396
400, 252.998, 0.0039526
401, 265.1606, 0.0037713
402, 283.2701, 0.0035302
403, 285.1359, 0.0035071
404, 260.695, 0.0038359
405, 261.4516, 0.0038248
406, 270.8779, 0.0036917
407, 287.3563, 0.00348
408, 285.2823, 0.0035053
409, 245.5434, 0.0040726
410, 279.4545, 0.0035784
411, 277.5696, 0.0036027
412, 285.8041, 0.0034989
413, 270.5774, 0.0036958
414, 261.7253, 0.0038208
415, 278.3422, 0.0035927
416, 292.7657, 0.0034157
417, 283.8732, 0.0035227
418, 212.6302, 0.004703
419, 243.7419, 0.0041027
420, 261.8829, 0.0038185
421, 287.9521, 0.0034728
422, 261.6637, 0.0038217
423, 280.6072, 0.0035637
424, 277.7624, 0.0036002
425, 274.198, 0.003647
426, 258.1178, 0.0038742
427, 251.2626, 0.0039799
428, 286.1558, 0.0034946
429, 285.7224, 0.0034999
430, 267.5514, 0.0037376
431, 254.2976, 0.0039324
432, 273.6353, 0.0036545
433, 289.7291, 0.0034515
434, 284.4869, 0.0035151
435, 277.4695, 0.003604
436, 253.6397, 0.0039426
437, 293.2896, 0.0034096
438, 277.1388, 0.0036083
439, 273.1196, 0.0036614
440, 268.9256, 0.0037185
441, 282.0954, 0.0035449
442, 270.3433, 0.003699
443, 270.4018, 0.0036982
444, 280.6072, 0.0035637
445, 251.231, 0.0039804
446, 276.74, 0.0036135
447, 256.7526, 0.0038948
448, 283.4467, 0.003528
449, 254.3494, 0.0039316
450, 282.8534, 0.0035354
451, 258.3312, 0.003871
452, 277.3848, 0.0036051
453, 270.2191, 0.0037007
454, 268.9691, 0.0037179
455, 268.2907, 0.0037273
456, 280.8121, 0.0035611
457, 281.2465, 0.0035556
458, 209.8548, 0.0047652
459, 269.7672, 0.0037069
460, 271.8204, 0.0036789
461, 287.0594, 0.0034836
462, 287.1995, 0.0034819
463, 244.6483, 0.0040875
464, 274.2506, 0.0036463
465, 282.3662, 0.0035415
466, 293.4617, 0.0034076
467, 266.9728, 0.0037457
468, 255.5388, 0.0039133
469, 277.994, 0.0035972
470, 285.6082, 0.0035013
471, 289.6284, 0.0034527
472, 268.5501, 0.0037237
473, 278.3964, 0.003592
474, 275.596, 0.0036285
475, 293.6168, 0.0034058
476, 281.5791, 0.0035514
477, 267.7018, 0.0037355
478, 283.4628, 0.0035278
479, 280.7885, 0.0035614
480, 276.3041, 0.0036192
481, 269.4909, 0.0037107
482, 268.039, 0.0037308
483, 271.1864, 0.0036875
484, 277.0313, 0.0036097
485, 251.4268, 0.0039773
486, 274.4764, 0.0036433
487, 272.8662, 0.0036648
488, 288.6003, 0.003465
489, 274.9594, 0.0036369
490, 270.966, 0.0036905
491, 275.2849, 0.0036326
492, 282.0636, 0.0035453
493, 278.9245, 0.0035852
494, 291.3159, 0.0034327
495, 264.3474, 0.0037829
496, 269.5781, 0.0037095
497, 262.2538, 0.0038131
498, 278.6757, 0.0035884
499, 274.9443, 0.0036371
500, 281.2148, 0.003556
501, 270.9513, 0.0036907
502, 270.5481, 0.0036962
503, 288.2675, 0.003469
504, 268.0606, 0.0037305
505, 283.849, 0.003523
506, 270.7752, 0.0036931
507, 273.1643, 0.0036608
508, 293.4789, 0.0034074
509, 267.3797, 0.00374
510, 265.013, 0.0037734
511, 284.1393, 0.0035194
512, 280.6151, 0.0035636
513, 257.6058, 0.0038819
514, 265.252, 0.00377
515, 292.8515, 0.0034147
516, 288.0765, 0.0034713
517, 285.5103, 0.0035025
518, 251.4079, 0.0039776
519, 264.6203, 0.003779
520, 285.437, 0.0035034
521, 276.6558, 0.0036146
522, 267.9744, 0.0037317
523, 274.9292, 0.0036373
524, 275.2016, 0.0036337
525, 290.9599, 0.0034369
526, 294.7157, 0.0033931
527, 254.3494, 0.0039316
528, 283.7443, 0.0035243
529, 268.1828, 0.0037288
530, 275.9991, 0.0036232
531, 274.4764, 0.0036433
532, 281.1595, 0.0035567
533, 279.4155, 0.0035789
534, 285.7633, 0.0034994
535, 269.0704, 0.0037165
536, 264.3195, 0.0037833
537, 286.1312, 0.0034949
538, 281.5632, 0.0035516
539, 277.1158, 0.0036086
540, 249.1467, 0.0040137
541, 269.0776, 0.0037164
542, 278.9634, 0.0035847
543, 267.0156, 0.0037451
544, 272.5241, 0.0036694
545, 258.4514, 0.0038692
546, 275.0956, 0.0036351
547, 281.6584, 0.0035504
548, 281.2623, 0.0035554
549, 285.266, 0.0035055
550, 269.0631, 0.0037166
551, 261.8555, 0.0038189
552, 268.7016, 0.0037216
553, 291.265, 0.0034333
554, 279.049, 0.0035836
555, 258.3045, 0.0038714
556, 256.812, 0.0038939
557, 276.8626, 0.0036119
558, 291.4772, 0.0034308
559, 276.6864, 0.0036142
560, 278.0481, 0.0035965
561, 284.0748, 0.0035202
562, 282.4619, 0.0035403
563, 298.5877, 0.0033491
564, 267.1226, 0.0037436
565, 275.4669, 0.0036302
566, 284.9815, 0.003509
567, 285.5511, 0.003502
568, 249.9, 0.0040016
569, 229.0531, 0.0043658
570, 277.1465, 0.0036082
571, 271.3631, 0.0036851
572, 276.9469, 0.0036108
573, 244.3853, 0.0040919
574, 274.9443, 0.0036371
575, 268.8678, 0.0037193
576, 230.755, 0.0043336
577, 247.8192, 0.0040352
578, 265.9999, 0.0037594
579, 280.623, 0.0035635
580, 294.6637, 0.0033937
581, 262.0682, 0.0038158
582, 273.8676, 0.0036514
583, 280.8515, 0.0035606
584, 232.4284, 0.0043024
585, 247.0783, 0.0040473
586, 262.895, 0.0038038
587, 269.9201, 0.0037048
588, 279.8925, 0.0035728
589, 254.946, 0.0039224
590, 263.72, 0.0037919
591, 281.5791, 0.0035514
592, 289.3016, 0.0034566
593, 253.0621, 0.0039516
594, 264.8305, 0.003776
595, 272.643, 0.0036678
596, 276.6252, 0.003615
597, 263.581, 0.0037939
598, 279.8377, 0.0035735
599, 244.7801, 0.0040853
600, 274.4312, 0.0036439
601, 267.9529, 0.003732
602, 268.4492, 0.0037251
603, 263.151, 0.0038001
604, 255.8134, 0.0039091
605, 259.1815, 0.0038583
606, 278.9634, 0.0035847
607, 285.38, 0.0035041
608, 257.3473, 0.0038858
609, 278.0095, 0.003597
610, 259.9698, 0.0038466
611, 281.984, 0.0035463
612, 284.0586, 0.0035204
613, 281.9443, 0.0035468
614, 264.5503, 0.00378
615, 285.7061, 0.0035001
616, 268.3051, 0.0037271
617, 228.1803, 0.0043825
618, 254.6862, 0.0039264
619, 276.2355, 0.0036201
620, 276.3194, 0.003619
621, 259.1412, 0.0038589
622, 267.6588, 0.0037361
623, 289.0758, 0.0034593
624, 273.523, 0.003656
625, 287.6622, 0.0034763
626, 250.1814, 0.0039971
627, 284.2444, 0.0035181
628, 279.9317, 0.0035723
629, 273.4856, 0.0036565
630, 278.7379, 0.0035876
631, 224.2957, 0.0044584
632, 260.7358, 0.0038353
633, 277.5773, 0.0036026
634, 283.0135, 0.0035334
635, 258.7925, 0.0038641
636, 280.7333, 0.0035621
637, 264.1589, 0.0037856
638, 280.9541, 0.0035593
639, 231.6584, 0.0043167
640, 270.1608, 0.0037015
641, 289.5194, 0.003454
642, 272.3683, 0.0036715
643, 264.3964, 0.0037822
644, 254.0457, 0.0039363
645, 274.4764, 0.0036433
646, 290.04, 0.0034478
647, 266.1911, 0.0037567
648, 242.6537, 0.0041211
649, 267.7806, 0.0037344
650, 265.2872, 0.0037695
651, 261.6226, 0.0038223
652, 268.3411, 0.0037266
653, 251.6483, 0.0039738
654, 270.2191, 0.0037007
655, 277.6775, 0.0036013
656, 280.9225, 0.0035597
657, 266.184, 0.0037568
658, 280.2612, 0.0035681
659, 266.7663, 0.0037486
660, 282.175, 0.0035439
661, 289.6284, 0.0034527
662, 254.7771, 0.003925
663, 264.7464, 0.0037772
664, 246.9746, 0.004049
665, 249.6318, 0.0040059
666, 239.0915, 0.0041825
667, 227.9514, 0.0043869
668, 232.1802, 0.004307
669, 250.6203, 0.0039901
670, 246.5909, 0.0040553
671, 247.1271, 0.0040465
672, 255.317, 0.0039167
673, 253.0877, 0.0039512
674, 229.827, 0.0043511
675, 251.1679, 0.0039814
676, 255.3561, 0.0039161
677, 266.4109, 0.0037536
678, 251.6483, 0.0039738
679, 248.1636, 0.0040296
680, 215.5823, 0.0046386
681, 258.9868, 0.0038612
682, 239.5324, 0.0041748
683, 233.8908, 0.0042755
684, 249.9938, 0.0040001
685, 231.841, 0.0043133
686, 236.8658, 0.0042218
687, 251.25, 0.0039801
688, 250.6014, 0.0039904
689, 247.7394, 0.0040365
690, 239.8657, 0.004169
691, 262.1301, 0.0038149
692, 256.2591, 0.0039023
693, 249.6567, 0.0040055
694, 239.2173, 0.0041803
695, 213.4198, 0.0046856
696, 261.6021, 0.0038226
697, 277.1926, 0.0036076
698, 248.404, 0.0040257
699, 262.9572, 0.0038029
700, 281.1437, 0.0035569
701, 291.0022, 0.0034364
702, 262.819, 0.0038049
703, 274.371, 0.0036447
704, 269.6072, 0.0037091
705, 277.5388, 0.0036031
706, 276.9316, 0.003611
707, 274.3484, 0.003645
708, 268.3915, 0.0037259
709, 262.0751, 0.0038157
710, 289.0341, 0.0034598
711, 278.8622, 0.003586
712, 289.6368, 0.0034526
713, 268.6583, 0.0037222
714, 280.9462, 0.0035594
715, 266.8517, 0.0037474
716, 289.662, 0.0034523
717, 251.8701, 0.0039703
718, 280.4184, 0.0035661
719, 278.3189, 0.003593
720, 266.4677, 0.0037528
721, 287.1913, 0.003482
722, 270.6433, 0.0036949
723, 280.5049, 0.003565
724, 277.7315, 0.0036006
725, 283.7443, 0.0035243
726, 247.39, 0.0040422
727, 282.5018, 0.0035398
728, 267.2939, 0.0037412
729, 282.0397, 0.0035456
730, 273.0972, 0.0036617
731, 258.7322, 0.003865
732, 261.5473, 0.0038234
733, 289.1929, 0.0034579
734, 290.1578, 0.0034464
735, 262.978, 0.0038026
736, 274.0327, 0.0036492
737, 275.5808, 0.0036287
738, 281.3414, 0.0035544
739, 290.6216, 0.0034409
740, 265.1606, 0.0037713
741, 266.5103, 0.0037522
742, 273.4631, 0.0036568
743, 287.977, 0.0034725
744, 273.6278, 0.0036546
745, 269.6799, 0.0037081
746, 289.8383, 0.0034502
747, 278.4584, 0.0035912
748, 271.7539, 0.0036798
749, 205.7359, 0.0048606
750, 270.6873, 0.0036943
751, 278.1718, 0.0035949
752, 279.6968, 0.0035753
753, 250.025, 0.0039996
754, 273.5978, 0.003655
755, 296.2787, 0.0033752
756, 294.8287, 0.0033918
757, 257.3406, 0.0038859
758, 261.2398, 0.0038279
759, 284.099, 0.0035199
760, 284.738, 0.003512
761, 277.3771, 0.0036052
762, 269.3095, 0.0037132
763, 271.9682, 0.0036769
764, 269.709, 0.0037077
765, 286.9935, 0.0034844
766, 274.7857, 0.0036392
767, 277.2541, 0.0036068
768, 280.9541, 0.0035593
769, 278.9945, 0.0035843
770, 285.1847, 0.0035065
771, 283.6558, 0.0035254
772, 256.0098, 0.0039061
773, 294.0485, 0.0034008
774, 272.02, 0.0036762
775, 269.5927, 0.0037093
776, 240.1076, 0.0041648
777, 223.6636, 0.004471
778, 283.1097, 0.0035322
779, 261.9172, 0.003818
780, 262.7154, 0.0038064
781, 268.6872, 0.0037218
782, 286.377, 0.0034919
783, 270.0367, 0.0037032
784, 289.7879, 0.0034508
785, 237.5184, 0.0042102
786, 266.7236, 0.0037492
787, 248.0836, 0.0040309
788, 272.9854, 0.0036632
789, 272.8662, 0.0036648
790, 265.1606, 0.0037713
791, 257.6191, 0.0038817
792, 263.4491, 0.0037958
793, 281.0489, 0.0035581
794, 267.094, 0.003744
795, 245.4349, 0.0040744
796, 271.6432, 0.0036813
797, 274.6725, 0.0036407
798, 270.2046, 0.0037009
799, 266.1698, 0.003757
800, 280.3869, 0.0035665
801, 271.9017, 0.0036778
802, 283.8973, 0.0035224
803, 245.4771, 0.0040737
804, 278.1409, 0.0035953
805, 283.0937, 0.0035324
806, 278.0404, 0.0035966
807, 267.8237, 0.0037338
808, 257.3208, 0.0038862
809, 285.2986, 0.0035051
810, 283.6075, 0.003526
811, 298.4807, 0.0033503
812, 257.6589, 0.0038811
813, 283.4708, 0.0035277
814, 274.2581, 0.0036462
815, 268.514, 0.0037242
816, 253.0941, 0.0039511
817, 254.1813, 0.0039342
818, 262.0133, 0.0038166
819, 271.2821, 0.0036862
820, 271.2159, 0.0036871
821, 256.1738, 0.0039036
822, 282.9094, 0.0035347
823, 272.6133, 0.0036682
824, 284.4141, 0.003516
825, 271.1423, 0.0036881
826, 261.8487, 0.003819
827, 281.8092, 0.0035485
828, 264.8796, 0.0037753
829, 280.2612, 0.0035681
830, 282.183, 0.0035438
831, 282.4859, 0.00354
832, 288.6003, 0.003465
833, 276.541, 0.0036161
834, 266.8873, 0.0037469
835, 272.6504, 0.0036677
836, 278.567, 0.0035898
837, 268.4564, 0.003725
838, 279.7437, 0.0035747
839, 254.1038, 0.0039354
840, 272.2644, 0.0036729
841, 275.8925, 0.0036246
842, 277.4233, 0.0036046
843, 275.2849, 0.0036326
844, 259.5044, 0.0038535
845, 266.3116, 0.003755
846, 264.3684, 0.0037826
847, 286.9193, 0.0034853
848, 272.5464, 0.0036691
849, 275.9991, 0.0036232
850, 260.5863, 0.0038375
851, 260.661, 0.0038364
852, 270.0732, 0.0037027
853, 272.6133, 0.0036682
854, 264.6693, 0.0037783
855, 286.7959, 0.0034868
856, 272.7025, 0.003667
857, 267.5657, 0.0037374
858, 264.1798, 0.0037853
859, 283.9699, 0.0035215
860, 285.7633, 0.0034994
861, 264.5293, 0.0037803
862, 260.3082, 0.0038416
863, 281.5474, 0.0035518
864, 282.1034, 0.0035448
865, 288.5004, 0.0034662
866, 278.3267, 0.0035929
867, 244.5346, 0.0040894
868, 284.099, 0.0035199
869, 294.5942, 0.0033945
870, 268.442, 0.0037252
871, 237.5071, 0.0042104
872, 245.5012, 0.0040733
873, 281.1437, 0.0035569
874, 285.8204, 0.0034987
875, 273.4631, 0.0036568
876, 264.7744, 0.0037768
877, 273.83, 0.0036519
878, 288.1429, 0.0034705
879, 269.4401, 0.0037114
880, 276.0677, 0.0036223
881, 281.6664, 0.0035503
882, 285.9022, 0.0034977
883, 266.5387, 0.0037518
884, 267.6445, 0.0037363
885, 254.842, 0.003924
886, 280.4577, 0.0035656
887, 274.5217, 0.0036427
888, 259.538, 0.003853
889, 262.3295, 0.003812
890, 269.8837, 0.0037053
891, 251.566, 0.0039751
892, 275.0956, 0.0036351
893, 279.9787, 0.0035717
894, 247.7087, 0.004037
895, 274.7253, 0.00364
896, 283.3664, 0.003529
897, 274.8839, 0.0036379
898, 254.3429, 0.0039317
899, 259.8145, 0.0038489
900, 262.2882, 0.0038126
901, 283.2942, 0.0035299
902, 270.0878, 0.0037025
903, 248.33, 0.0040269
904, 252.8956, 0.0039542
905, 278.3267, 0.0035929
906, 280.3948, 0.0035664
907, 279.2828, 0.0035806
908, 268.1396, 0.0037294
909, 285.1847, 0.0035065
910, 268.8389, 0.0037197
911, 262.971, 0.0038027
912, 258.0579, 0.0038751
913, 282.0079, 0.003546
914, 288.3008, 0.0034686
915, 265.8231, 0.0037619
916, 270.7019, 0.0036941
917, 277.2771, 0.0036065
918, 265.8655, 0.0037613
919, 274.2506, 0.0036463
920, 286.2295, 0.0034937
921, 253.614, 0.003943
922, 287.9604, 0.0034727
923, 280.1199, 0.0035699
924, 275.3304, 0.003632
925, 267.0797, 0.0037442
926, 264.7534, 0.0037771
927, 264.8375, 0.0037759
928, 274.1529, 0.0036476
929, 242.1308, 0.00413
930, 271.0688, 0.0036891
931, 267.2868, 0.0037413
932, 294.1609, 0.0033995
933, 265.2238, 0.0037704
934, 268.3915, 0.0037259
935, 271.3778, 0.0036849
936, 261.0557, 0.0038306
937, 256.6933, 0.0038957
938, 268.442, 0.0037252
939, 247.9482, 0.0040331
940, 273.8525, 0.0036516
941, 271.1276, 0.0036883
942, 280.0493, 0.0035708
943, 261.4379, 0.003825
944, 274.8083, 0.0036389
945, 258.8394, 0.0038634
946, 285.6082, 0.0035013
947, 250.2941, 0.0039953
948, 259.3092, 0.0038564
949, 254.7446, 0.0039255
950, 256.4037, 0.0039001
951, 271.0027, 0.00369
952, 270.2557, 0.0037002
953, 269.208, 0.0037146
954, 288.692, 0.0034639
955, 283.3905, 0.0035287
956, 263.5393, 0.0037945
957, 263.6922, 0.0037923
958, 268.998, 0.0037175
959, 286.8206, 0.0034865
960, 270.9366, 0.0036909
961, 271.0247, 0.0036897
962, 268.4636, 0.0037249
963, 274.3183, 0.0036454
964, 256.634, 0.0038966
965, 255.2518, 0.0039177
966, 284.5598, 0.0035142
967, 289.9811, 0.0034485
968, 284.8516, 0.0035106
969, 255.089, 0.0039202
970, 251.4332, 0.0039772
971, 286.4837, 0.0034906
972, 275.0275, 0.003636
973, 282.9655, 0.003534
974, 244.3136, 0.0040931
975, 246.0872, 0.0040636
976, 270.0805, 0.0037026
977, 286.4016, 0.0034916
978, 272.7694, 0.0036661
979, 275.2925, 0.0036325
980, 279.0801, 0.0035832
981, 278.699, 0.0035881
982, 226.634, 0.0044124
983, 46.8854, 0.0213286
984, 126.5102, 0.0079045
985, 190.7669, 0.005242
986, 270.2849, 0.0036998
987, 275.7784, 0.0036261
988, 266.099, 0.003758
989, 277.9245, 0.0035981
990, 256.4892, 0.0038988
991, 275.5808, 0.0036287
992, 261.691, 0.0038213
993, 281.6981, 0.0035499
994, 268.5357, 0.0037239
995, 253.994, 0.0039371
996, 270.6653, 0.0036946
997, 275.5049, 0.0036297
998, 290.6132, 0.003441
999, 268.7161, 0.0037214
1000, 248.2005, 0.004029
1001, 291.4772, 0.0034308
1002, 283.5592, 0.0035266
1003, 274.3108, 0.0036455
1004, 251.1553, 0.0039816
1005, 271.0982, 0.0036887
1006, 267.1012, 0.0037439
1007, 280.1356, 0.0035697
1008, 279.197, 0.0035817
1009, 262.7361, 0.0038061
1010, 277.2848, 0.0036064
1011, 271.157, 0.0036879
1012, 281.2939, 0.003555
1013, 213.3015, 0.0046882
1014, 283.0055, 0.0035335
1015, 266.8446, 0.0037475
1016, 272.057, 0.0036757
1017, 245.5796, 0.004072
1018, 269.7599, 0.003707
1019, 273.6802, 0.0036539
1020, 278.536, 0.0035902
1021, 261.7527, 0.0038204
1022, 259.1076, 0.0038594
1023, 284.9165, 0.0035098
1024, 282.9094, 0.0035347
1025, 270.0221, 0.0037034
1026, 227.5054, 0.0043955
1027, 248.3485, 0.0040266
1028, 242.2305, 0.0041283
1029, 220.3663, 0.0045379
1030, 210.9527, 0.0047404
1031, 235.106, 0.0042534
1032, 213.1833, 0.0046908
1033, 157.3985, 0.0063533
1034, 108.4752, 0.0092187
1035, 174.871, 0.0057185
1036, 194.9204, 0.0051303
1037, 189.3437, 0.0052814
1038, 213.2287, 0.0046898
1039, 217.4433, 0.0045989
1040, 219.8382, 0.0045488
1041, 189.247, 0.0052841
1042, 217.8317, 0.0045907
1043, 207.2625, 0.0048248
1044, 200.1601, 0.004996
1045, 205.4147, 0.0048682
1046, 214.749, 0.0046566
1047, 202.335, 0.0049423
1048, 229.4525, 0.0043582
1049, 215.3084, 0.0046445
1050, 214.8412, 0.0046546
1051, 220.6677, 0.0045317
1052, 205.1492, 0.0048745
1053, 149.3652, 0.006695
1054, 210.8148, 0.0047435
1055, 221.4987, 0.0045147
1056, 198.0943, 0.0050481
1057, 225.591, 0.0044328
1058, 229.1843, 0.0043633
1059, 213.73, 0.0046788
1060, 191.8281, 0.005213
1061, 244.3614, 0.0040923
1062, 202.3841, 0.0049411
1063, 222.3161, 0.0044981
1064, 205.2545, 0.004872
1065, 223.4537, 0.0044752
1066, 202.9633, 0.004927
1067, 205.4147, 0.0048682
1068, 208.3203, 0.0048003
1069, 222.4793, 0.0044948
1070, 206.8766, 0.0048338
1071, 218.6222, 0.0045741
1072, 231.5136, 0.0043194
1073, 214.8551, 0.0046543
1074, 221.7246, 0.0045101
1075, 230.7071, 0.0043345
1076, 213.206, 0.0046903
1077, 201.2639, 0.0049686
1078, 195.9747, 0.0051027
1079, 175.7191, 0.0056909
1080, 214.119, 0.0046703
1081, 228.8539, 0.0043696
1082, 238.2711, 0.0041969
1083, 209.4943, 0.0047734
1084, 230.0437, 0.004347
1085, 212.9155, 0.0046967
1086, 220.5704, 0.0045337
1087, 232.4879, 0.0043013
1088, 214.5508, 0.0046609
1089, 199.4137, 0.0050147
1090, 214.5877, 0.0046601
1091, 217.5237, 0.0045972
1092, 197.3438, 0.0050673
1093, 203.9609, 0.0049029
1094, 221.5085, 0.0045145
1095, 198.3694, 0.0050411
1096, 198.7439, 0.0050316
1097, 198.8467, 0.005029
1098, 204.2525, 0.0048959
1099, 233.3722, 0.004285
1100, 229.579, 0.0043558
1101, 221.8869, 0.0045068
1102, 215.7265, 0.0046355
1103, 219.6065, 0.0045536
1104, 232.997, 0.0042919
1105, 230.139, 0.0043452
1106, 173.2202, 0.005773
1107, 212.4766, 0.0047064
1108, 222.5684, 0.004493
1109, 205.5583, 0.0048648
1110, 198.9377, 0.0050267
1111, 225.0529, 0.0044434
1112, 227.3296, 0.0043989
1113, 196.711, 0.0050836
1114, 213.977, 0.0046734
1115, 174.9536, 0.0057158
1116, 194.9736, 0.0051289
1117, 240.4077, 0.0041596
1118, 235.0839, 0.0042538
1119, 221.2096, 0.0045206
1120, 115.5028, 0.0086578
1121, 127.1504, 0.0078647
1122, 188.9323, 0.0052929
1123, 130.1405, 0.007684
1124, 237.541, 0.0042098
1125, 217.2449, 0.0046031
1126, 209.5294, 0.0047726
1127, 238.5325, 0.0041923
1128, 190.2877, 0.0052552
1129, 202.2695, 0.0049439
1130, 115.3549, 0.0086689
1131, 236.3116, 0.0042317
1132, 243.7122, 0.0041032
1133, 229.3999, 0.0043592
1134, 262.0133, 0.0038166
1135, 249.2647, 0.0040118
1136, 231.5351, 0.004319
1137, 268.9474, 0.0037182
1138, 235.0066, 0.0042552
1139, 263.6436, 0.003793
1140, 245.942, 0.004066
1141, 234.6371, 0.0042619
1142, 280.891, 0.0035601
1143, 225.3166, 0.0044382
1144, 255.8461, 0.0039086
1145, 279.8142, 0.0035738
1146, 269.549, 0.0037099
1147, 268.4492, 0.0037251
1148, 248.8181, 0.004019
1149, 255.4735, 0.0039143
1150, 274.68, 0.0036406
1151, 231.5565, 0.0043186
1152, 223.8539, 0.0044672
1153, 262.5912, 0.0038082
1154, 284.8435, 0.0035107
1155, 258.9936, 0.0038611
1156, 295.0897, 0.0033888
1157, 263.8801, 0.0037896
1158, 268.2332, 0.0037281
1159, 265.421, 0.0037676
1160, 283.3584, 0.0035291
1161, 264.7184, 0.0037776
1162, 282.1432, 0.0035443
1163, 273.8901, 0.0036511
1164, 259.5044, 0.0038535
1165, 276.0296, 0.0036228
1166, 253.479, 0.0039451
1167, 261.6705, 0.0038216
1168, 238.561, 0.0041918
1169, 226.3724, 0.0044175
1170, 228.019, 0.0043856
1171, 232.9102, 0.0042935
1172, 239.1086, 0.0041822
1173, 233.9729, 0.004274
1174, 208.0819, 0.0048058
1175, 220.2546, 0.0045402
1176, 224.5475, 0.0044534
1177, 124.9938, 0.0080004
1178, 220.1867, 0.0045416
1179, 211.7164, 0.0047233
1180, 224.3863, 0.0044566
1181, 225.5707, 0.0044332
1182, 223.2043, 0.0044802
1183, 234.6702, 0.0042613
1184, 203.7697, 0.0049075
1185, 134.7963, 0.0074186
1186, 224.2655, 0.004459
1187, 245.2724, 0.0040771
1188, 270.8119, 0.0036926
1189, 275.338, 0.0036319
1190, 267.9744, 0.0037317
1191, 263.8592, 0.0037899
1192, 250.746, 0.0039881
1193, 288.0931, 0.0034711
1194, 287.5381, 0.0034778
1195, 268.6728, 0.003722
1196, 263.894, 0.0037894
1197, 282.5657, 0.003539
1198, 277.6544, 0.0036016
1199, 290.5794, 0.0034414
1200, 274.5593, 0.0036422
1201, 37.90866, 0.0263792
1202, 112.6976, 0.0088733
1203, 174.5383, 0.0057294
1204, 254.4982, 0.0039293
1205, 264.0125, 0.0037877
1206, 248.0897, 0.0040308
1207, 279.1191, 0.0035827
1208, 268.039, 0.0037308
1209, 269.0269, 0.0037171
1210, 281.833, 0.0035482
1211, 272.9779, 0.0036633
1212, 274.0026, 0.0036496
1213, 128.0738, 0.007808
1214, 168.4438, 0.0059367
1215, 279.5092, 0.0035777
1216, 273.127, 0.0036613
1217, 239.8657, 0.004169
1218, 247.2371, 0.0040447
1219, 276.0067, 0.0036231
1220, 281.1121, 0.0035573
1221, 273.7027, 0.0036536
1222, 273.3211, 0.0036587
1223, 266.7094, 0.0037494
1224, 279.9866, 0.0035716
1225, 280.3005, 0.0035676
1226, 281.6029, 0.0035511
1227, 252.2641, 0.0039641
1228, 283.511, 0.0035272
1229, 270.4457, 0.0036976
1230, 279.0646, 0.0035834
1231, 283.3263, 0.0035295
1232, 263.4699, 0.0037955
1233, 286.1067, 0.0034952
1234, 261.8212, 0.0038194
1235, 251.5217, 0.0039758
1236, 239.5324, 0.0041748
1237, 270.1534, 0.0037016
1238, 260.9808, 0.0038317
1239, 253.5047, 0.0039447
1240, 250.1313, 0.0039979
1241, 230.4254, 0.0043398
1242, 278.6292, 0.003589
1243, 217.028, 0.0046077
1244, 167.7402, 0.0059616
1245, 229.1371, 0.0043642
1246, 276.0601, 0.0036224
1247, 227.806, 0.0043897
1248, 227.9878, 0.0043862
1249, 277.2925, 0.0036063
1250, 271.4073, 0.0036845
1251, 270.7532, 0.0036934
1252, 235.6934, 0.0042428
1253, 276.6711, 0.0036144
1254, 274.1829, 0.0036472
1255, 273.6203, 0.0036547
1256, 229.5052, 0.0043572
1257, 276.1134, 0.0036217
1258, 256.3642, 0.0039007
1259, 268.3411, 0.0037266
1260, 278.3112, 0.0035931
1261, 267.9313, 0.0037323
1262, 289.7627, 0.0034511
1263, 285.5756, 0.0035017
1264, 288.4421, 0.0034669
1265, 267.5084, 0.0037382
1266, 260.9263, 0.0038325
1267, 242.5771, 0.0041224
1268, 269.3748, 0.0037123
1269, 289.4105, 0.0034553
1270, 259.3765, 0.0038554
1271, 275.2016, 0.0036337
1272, 284.5436, 0.0035144
1273, 294.5855, 0.0033946
1274, 291.265, 0.0034333
1275, 279.0646, 0.0035834
1276, 252.3023, 0.0039635
1277, 292.0305, 0.0034243
1278, 276.0448, 0.0036226
1279, 268.6222, 0.0037227
1280, 271.8352, 0.0036787
1281, 271.5104, 0.0036831
1282, 275.1486, 0.0036344
1283, 285.8613, 0.0034982
1284, 261.4311, 0.0038251
1285, 279.1425, 0.0035824
1286, 277.5465, 0.003603
1287, 271.983, 0.0036767
1288, 239.5038, 0.0041753
1289, 276.0905, 0.003622
1290, 281.6505, 0.0035505
1291, 285.9185, 0.0034975
1292, 265.4351, 0.0037674
1293, 267.3439, 0.0037405
1294, 283.8007, 0.0035236
1295, 286.3607, 0.0034921
1296, 276.5946, 0.0036154
1297, 261.4789, 0.0038244
1298, 272.6876, 0.0036672
1299, 286.2869, 0.003493
1300, 275.2016, 0.0036337
1301, 254.589, 0.0039279
1302, 275.1562, 0.0036343
1303, 271.813, 0.003679
1304, 288.1263, 0.0034707
1305, 273.2315, 0.0036599
1306, 283.511, 0.0035272
1307, 276.022, 0.0036229
1308, 281.2781, 0.0035552
1309, 267.2082, 0.0037424
1310, 273.2763, 0.0036593
1311, 274.7102, 0.0036402
1312, 286.4837, 0.0034906
1313, 294.8548, 0.0033915
1314, 254.44, 0.0039302
1315, 282.9975, 0.0035336
1316, 268.2979, 0.0037272
1317, 287.2985, 0.0034807
1318, 271.983, 0.0036767
1319, 280.2612, 0.0035681
1320, 262.0751, 0.0038157
1321, 287.1088, 0.003483
1322, 281.5236, 0.0035521
1323, 290.3179, 0.0034445
1324, 281.7378, 0.0035494
1325, 272.2867, 0.0036726
1326, 280.2062, 0.0035688
1327, 272.6281, 0.003668
1328, 286.5001, 0.0034904
1329, 279.9787, 0.0035717
1330, 271.6801, 0.0036808
1331, 230.7923, 0.0043329
1332, 278.4972, 0.0035907
1333, 287.6042, 0.003477
1334, 274.8234, 0.0036387
1335, 262.5706, 0.0038085
1336, 282.7015, 0.0035373
1337, 282.3902, 0.0035412
1338, 287.0841, 0.0034833
1339, 261.561, 0.0038232
1340, 280.2926, 0.0035677
1341, 271.3704, 0.003685
1342, 265.013, 0.0037734
1343, 249.3268, 0.0040108
1344, 230.9202, 0.0043305
1345, 282.0397, 0.0035456
1346, 285.38, 0.0035041
1347, 265.1535, 0.0037714
1348, 271.6948, 0.0036806
1349, 286.0494, 0.0034959
1350, 296.8152, 0.0033691
1351, 296.0507, 0.0033778
1352, 266.3683, 0.0037542
1353, 269.8327, 0.003706
1354, 279.4936, 0.0035779
1355, 280.82, 0.003561
1356, 252.1305, 0.0039662
1357, 231.4279, 0.004321
1358, 279.3452, 0.0035798
1359, 288.3672, 0.0034678
1360, 279.2048, 0.0035816
1361, 269.1356, 0.0037156
1362, 284.1716, 0.003519
1363, 280.4892, 0.0035652
1364, 236.1275, 0.004235
1365, 265.428, 0.0037675
1366, 263.151, 0.0038001
1367, 286.4509, 0.003491
1368, 271.9239, 0.0036775
1369, 275.5884, 0.0036286
1370, 274.5066, 0.0036429
1371, 281.8807, 0.0035476
1372, 281.286, 0.0035551
1373, 246.3904, 0.0040586
1374, 268.9184, 0.0037186
1375, 271.503, 0.0036832
1376, 283.1898, 0.0035312
1377, 272.2941, 0.0036725
1378, 278.1718, 0.0035949
1379, 278.3654, 0.0035924
1380, 265.9928, 0.0037595
1381, 283.2219, 0.0035308
1382, 237.4169, 0.004212
1383, 279.9552, 0.003572
1384, 264.6623, 0.0037784
1385, 263.054, 0.0038015
1386, 286.8864, 0.0034857
1387, 279.8377, 0.0035735
1388, 226.8757, 0.0044077
1389, 217.061, 0.004607
1390, 233.1709, 0.0042887
1391, 220.5655, 0.0045338
1392, 208.6724, 0.0047922
1393, 234.192, 0.00427
1394, 206.7525, 0.0048367
1395, 213.2469, 0.0046894
1396, 205.2208, 0.0048728
1397, 139.8034, 0.0071529
1398, 144.6069, 0.0069153
1399, 227.2882, 0.0043997
1400, 151.2287, 0.0066125
1401, 203.2479, 0.0049201
1402, 219.1541, 0.004563
1403, 207.4258, 0.004821
1404, 184.5052, 0.0054199
1405, 221.7295, 0.00451
1406, 209.3978, 0.0047756
1407, 205.3726, 0.0048692
1408, 220.697, 0.0045311
1409, 228.9954, 0.0043669
1410, 232.7638, 0.0042962
1411, 224.7696, 0.004449
1412, 224.6535, 0.0044513
1413, 233.0025, 0.0042918
1414, 215.0676, 0.0046497
1415, 217.5568, 0.0045965
1416, 206.8851, 0.0048336
1417, 246.7308, 0.004053
1418, 216.0714, 0.0046281
1419, 198.5506, 0.0050365
1420, 232.7584, 0.0042963
1421, 222.8959, 0.0044864
1422, 216.5111, 0.0046187
1423, 224.7999, 0.0044484
1424, 218.0787, 0.0045855
1425, 234.7473, 0.0042599
1426, 243.2321, 0.0041113
1427, 228.4566, 0.0043772
1428, 206.3856, 0.0048453
1429, 238.4074, 0.0041945
1430, 231.5136, 0.0043194
1431, 235.5546, 0.0042453
1432, 240.9581, 0.0041501
1433, 232.7313, 0.0042968
1434, 240.3731, 0.0041602
1435, 187.5223, 0.0053327
1436, 215.1741, 0.0046474
1437, 214.5969, 0.0046599
1438, 182.6718, 0.0054743
1439, 242.1308, 0.00413
1440, 207.9218, 0.0048095
1441, 201.2518, 0.0049689
1442, 214.5324, 0.0046613
1443, 206.2919, 0.0048475
1444, 204.6245, 0.004887
1445, 192.0565, 0.0052068
1446, 220.0462, 0.0045445
1447, 212.0351, 0.0047162
1448, 205.774, 0.0048597
1449, 190.3384, 0.0052538
1450, 207.6369, 0.0048161
1451, 193.2292, 0.0051752
1452, 213.8443, 0.0046763
1453, 203.0251, 0.0049255
1454, 169.1303, 0.0059126
1455, 179.0639, 0.0055846
1456, 213.9175, 0.0046747
1457, 211.5328, 0.0047274
1458, 204.7586, 0.0048838
1459, 218.5458, 0.0045757
1460, 200.5173, 0.0049871
1461, 214.445, 0.0046632
1462, 206.8937, 0.0048334
1463, 223.5436, 0.0044734
1464, 273.5903, 0.0036551
1465, 232.7909, 0.0042957
1466, 222.4595, 0.0044952
1467, 252.0987, 0.0039667
1468, 278.1564, 0.0035951
1469, 239.8312, 0.0041696
1470, 265.7737, 0.0037626
1471, 253.2287, 0.003949
1472, 295.5956, 0.003383
1473, 281.1595, 0.0035567
1474, 275.7936, 0.0036259
1475, 270.8559, 0.003692
1476, 260.831, 0.0038339
1477, 279.3608, 0.0035796
1478, 288.2592, 0.0034691
1479, 259.5111, 0.0038534
1480, 273.2315, 0.0036599
1481, 291.8856, 0.003426
1482, 272.1237, 0.0036748
1483, 301.6955, 0.0033146
1484, 265.7454, 0.003763
1485, 290.647, 0.0034406
1486, 293.4875, 0.0034073
1487, 287.2985, 0.0034807
1488, 245.6701, 0.0040705
1489, 280.4026, 0.0035663
1490, 275.3001, 0.0036324
1491, 282.2865, 0.0035425
1492, 270.9586, 0.0036906
1493, 252.1114, 0.0039665
1494, 291.2904, 0.003433
1495, 288.2841, 0.0034688
1496, 279.9004, 0.0035727
1497, 276.3882, 0.0036181
1498, 278.1332, 0.0035954
1499, 273.9651, 0.0036501
1500, 281.7457, 0.0035493
1501, 284.8192, 0.003511
1502, 257.9913, 0.0038761
1503, 282.6376, 0.0035381
1504, 272.2793, 0.0036727
1505, 279.6499, 0.0035759
1506, 282.5897, 0.0035387
1507, 274.2356, 0.0036465
1508, 283.4306, 0.0035282
1509, 282.9415, 0.0035343
1510, 271.0762, 0.003689
1511, 266.5742, 0.0037513
1512, 268.2116, 0.0037284
1513, 275.1259, 0.0036347
1514, 243.2143, 0.0041116
1515, 192.4187, 0.005197
1516, 207.7577, 0.0048133
1517, 225.3013, 0.0044385
1518, 254.078, 0.0039358
1519, 190.7014, 0.0052438
1520, 257.2678, 0.003887
1521, 215.4429, 0.0046416
1522, 284.657, 0.003513
1523, 257.6191, 0.0038817
1524, 224.8859, 0.0044467
1525, 276.3729, 0.0036183
1526, 234.3512, 0.0042671
1527, 263.8871, 0.0037895
1528, 255.6303, 0.0039119
1529, 258.7188, 0.0038652
1530, 240.9, 0.0041511
1531, 276.6711, 0.0036144
1532, 263.3936, 0.0037966
1533, 241.7503, 0.0041365
1534, 230.6911, 0.0043348
1535, 241.1207, 0.0041473
1536, 259.8482, 0.0038484
1537, 290.9937, 0.0034365
1538, 285.3963, 0.0035039
1539, 279.5561, 0.0035771
1540, 270.1899, 0.0037011
1541, 289.4524, 0.0034548
1542, 269.2515, 0.003714
1543, 294.8809, 0.0033912
1544, 283.8812, 0.0035226
1545, 244.6663, 0.0040872
1546, 280.2769, 0.0035679
1547, 277.3002, 0.0036062
1548, 293.1692, 0.003411
1549, 265.3294, 0.0037689
1550, 254.1425, 0.0039348
1551, 275.8012, 0.0036258
1552, 281.9443, 0.0035468
1553, 280.1434, 0.0035696
1554, 266.0424, 0.0037588
1555, 285.9839, 0.0034967
1556, 276.9776, 0.0036104
1557, 275.9991, 0.0036232
1558, 278.7379, 0.0035876
1559, 275.9991, 0.0036232
1560, 285.8531, 0.0034983
1561, 277.994, 0.0035972
1562, 258.6854, 0.0038657
1563, 275.6188, 0.0036282
1564, 293.1864, 0.0034108
1565, 286.7055, 0.0034879
1566, 267.094, 0.003744
1567, 270.2557, 0.0037002
1568, 258.5249, 0.0038681
1569, 99.81435, 0.0100186
1570, 145.896, 0.0068542
1571, 138.5675, 0.0072167
1572, 85.01595, 0.0117625
1573, 220.9456, 0.004526
1574, 284.1636, 0.0035191
1575, 283.9215, 0.0035221
1576, 266.688, 0.0037497
1577, 259.7403, 0.00385
1578, 249.1777, 0.0040132
1579, 270.1534, 0.0037016
1580, 261.3423, 0.0038264
1581, 274.4614, 0.0036435
1582, 283.0616, 0.0035328
1583, 276.97, 0.0036105
1584, 266.5956, 0.003751
1585, 267.9457, 0.0037321
1586, 293.5392, 0.0034067
1587, 289.0591, 0.0034595
1588, 265.8019, 0.0037622
1589, 270.3433, 0.003699
1590, 271.8721, 0.0036782
1591, 285.4452, 0.0035033
1592, 275.0502, 0.0036357
1593, 292.3036, 0.0034211
1594, 248.1513, 0.0040298
1595, 284.406, 0.0035161
1596, 293.7548, 0.0034042
1597, 285.5756, 0.0035017
1598, 271.9682, 0.0036769
1599, 261.3423, 0.0038264
1600, 284.4465, 0.0035156
1601, 287.5464, 0.0034777
1602, 295.9543, 0.0033789
1603, 265.8514, 0.0037615
1604, 295.2378, 0.0033871
1605, 273.6128, 0.0036548
1606, 290.0064, 0.0034482
1607, 276.6405, 0.0036148
1608, 278.8, 0.0035868
1609, 280.3398, 0.0035671
1610, 284.1232, 0.0035196
1611, 138.072, 0.0072426
1612, 152.959, 0.0065377
1613, 257.8051, 0.0038789
1614, 260.0848, 0.0038449
1615, 250.4383, 0.003993
1616, 273.8976, 0.003651
1617, 287.4637, 0.0034787
1618, 272.5241, 0.0036694
1619, 292.3977, 0.00342
1620, 257.9247, 0.0038771
1621, 284.6975, 0.0035125
1622, 275.2319, 0.0036333
1623, 290.3685, 0.0034439
1624, 281.4444, 0.0035531
1625, 268.4924, 0.0037245
1626, 259.6863, 0.0038508
1627, 272.2644, 0.0036729
1628, 288.8754, 0.0034617
1629, 266.6453, 0.0037503
1630, 253.0877, 0.0039512
1631, 277.0006, 0.0036101
1632, 290.2168, 0.0034457
1633, 271.6948, 0.0036806
1634, 264.6343, 0.0037788
1635, 280.4498, 0.0035657
1636, 269.4691, 0.003711
1637, 284.6813, 0.0035127
1638, 271.157, 0.0036879
1639, 171.975, 0.0058148
1640, 287.4389, 0.003479
1641, 283.9699, 0.0035215
1642, 248.3855, 0.004026
1643, 276.3271, 0.0036189
1644, 252.5699, 0.0039593
1645, 277.6621, 0.0036015
1646, 255.4996, 0.0039139
1647, 287.282, 0.0034809
1648, 281.3731, 0.003554
1649, 291.1717, 0.0034344
1650, 274.6423, 0.0036411
1651, 258.4781, 0.0038688
1652, 263.2826, 0.0037982
1653, 293.7116, 0.0034047
1654, 283.2781, 0.0035301
1655, 268.8606, 0.0037194
1656, 265.6042, 0.003765
1657, 262.8535, 0.0038044
1658, 287.8858, 0.0034736
1659, 270.988, 0.0036902
1660, 274.4764, 0.0036433
1661, 280.6939, 0.0035626
1662, 291.8004, 0.003427
1663, 263.9776, 0.0037882
1664, 288.4338, 0.003467
1665, 273.9876, 0.0036498
1666, 296.2085, 0.003376
1667, 279.1269, 0.0035826
1668, 261.1716, 0.0038289
1669, 262.3501, 0.0038117
1670, 274.3334, 0.0036452
1671, 289.8467, 0.0034501
1672, 283.9135, 0.0035222
1673, 285.0627, 0.003508
1674, 257.6722, 0.0038809
1675, 291.4008, 0.0034317
1676, 257.1091, 0.0038894
1677, 285.7878, 0.0034991
1678, 289.4272, 0.0034551
1679, 277.2003, 0.0036075
1680, 265.2942, 0.0037694
1681, 276.0982, 0.0036219
1682, 283.6558, 0.0035254
1683, 280.7333, 0.0035621
1684, 293.4531, 0.0034077
1685, 249.445, 0.0040089
1686, 285.0871, 0.0035077
1687, 294.6029, 0.0033944
1688, 277.6313, 0.0036019
1689, 272.2274, 0.0036734
1690, 279.6968, 0.0035753
1691, 271.1056, 0.0036886
1692, 284.7624, 0.0035117
1693, 263.1856, 0.0037996
1694, 286.8124, 0.0034866
1695, 288.0931, 0.0034711
1696, 272.9556, 0.0036636
1697, 270.2191, 0.0037007
1698, 285.0546, 0.0035081
1699, 286.0085, 0.0034964
1700, 281.2939, 0.003555
1701, 286.87, 0.0034859
1702, 252.315, 0.0039633
1703, 279.7516, 0.0035746
1704, 287.4059, 0.0034794
1705, 298.3294, 0.003352
1706, 270.0003, 0.0037037
1707, 256.4629, 0.0038992
1708, 284.7948, 0.0035113
1709, 285.2497, 0.0035057
1710, 290.7906, 0.0034389
1711, 238.379, 0.004195
1712, 275.7784, 0.0036261
1713, 280.1042, 0.0035701
1714, 285.6245, 0.0035011
1715, 269.4474, 0.0037113
1716, 275.3911, 0.0036312
1717, 279.1892, 0.0035818
1718, 269.1066, 0.003716
1719, 280.2848, 0.0035678
1720, 263.8314, 0.0037903
1721, 281.9125, 0.0035472
1722, 288.7753, 0.0034629
1723, 261.2194, 0.0038282
1724, 240.506, 0.0041579
1725, 263.5741, 0.003794
1726, 288.8337, 0.0034622
1727, 268.7955, 0.0037203
1728, 228.7387, 0.0043718
1729, 252.385, 0.0039622
1730, 224.4367, 0.0044556
1731, 225.7183, 0.0044303
1732, 262.4672, 0.00381
1733, 266.6027, 0.0037509
1734, 271.0909, 0.0036888
1735, 274.7706, 0.0036394
1736, 288.5503, 0.0034656
1737, 287.8029, 0.0034746
1738, 275.0275, 0.003636
1739, 269.9274, 0.0037047
1740, 282.3184, 0.0035421
1741, 277.7932, 0.0035998
1742, 274.0101, 0.0036495
1743, 285.5022, 0.0035026
1744, 260.9059, 0.0038328
1745, 260.051, 0.0038454
1746, 294.9679, 0.0033902
1747, 275.4669, 0.0036302
1748, 268.4924, 0.0037245
1749, 272.094, 0.0036752
1750, 263.061, 0.0038014
1751, 273.6502, 0.0036543
1752, 289.2598, 0.0034571
1753, 272.8438, 0.0036651
1754, 288.9088, 0.0034613
1755, 278.4507, 0.0035913
1756, 264.3405, 0.003783
1757, 283.0135, 0.0035334
1758, 282.4779, 0.0035401
1759, 284.9165, 0.0035098
1760, 286.5165, 0.0034902
1761, 251.8701, 0.0039703
1762, 278.2183, 0.0035943
1763, 281.2307, 0.0035558
1764, 281.8172, 0.0035484
1765, 275.5049, 0.0036297
1766, 266.347, 0.0037545
1767, 274.5895, 0.0036418
1768, 296.1734, 0.0033764
1769, 293.0918, 0.0034119
1770, 265.2661, 0.0037698
1771, 288.6003, 0.003465
1772, 277.5003, 0.0036036
1773, 268.3051, 0.0037271
1774, 256.6406, 0.0038965
1775, 287.6704, 0.0034762
1776, 277.8087, 0.0035996
1777, 288.4171, 0.0034672
1778, 267.444, 0.0037391
1779, 255.6956, 0.0039109
1780, 277.354, 0.0036055
1781, 282.9975, 0.0035336
1782, 275.3607, 0.0036316
1783, 255.1216, 0.0039197
1784, 277.5465, 0.003603
1785, 288.7253, 0.0034635
1786, 280.8121, 0.0035611
1787, 271.946, 0.0036772
1788, 271.0027, 0.00369
1789, 275.4518, 0.0036304
1790, 278.6447, 0.0035888
1791, 278.5981, 0.0035894
1792, 285.1277, 0.0035072
1793, 271.6063, 0.0036818
1794, 285.9921, 0.0034966
1795, 277.7855, 0.0035999
1796, 260.3963, 0.0038403
1797, 275.7252, 0.0036268
1798, 279.517, 0.0035776
1799, 291.5027, 0.0034305
1800, 269.7817, 0.0037067
1801, 287.3068, 0.0034806
1802, 270.1899, 0.0037011
1803, 287.5133, 0.0034781
1804, 273.5005, 0.0036563
1805, 267.5442, 0.0037377
1806, 281.0568, 0.003558
1807, 274.6725, 0.0036407
1808, 275.2319, 0.0036333
1809, 279.5873, 0.0035767
1810, 293.8238, 0.0034034
1811, 259.9834, 0.0038464
1812, 291.07, 0.0034356
1813, 278.3499, 0.0035926
1814, 289.0006, 0.0034602
1815, 284.8192, 0.003511
1816, 272.9481, 0.0036637
1817, 259.8888, 0.0038478
1818, 287.0758, 0.0034834
1819, 280.4105, 0.0035662
1820, 285.3963, 0.0035039
1821, 276.6558, 0.0036146
1822, 260.729, 0.0038354
1823, 295.3076, 0.0033863
1824, 288.4255, 0.0034671
1825, 281.5315, 0.003552
1826, 268.5212, 0.0037241
1827, 286.0657, 0.0034957
1828, 271.0909, 0.0036888
1829, 287.5712, 0.0034774
1830, 266.9942, 0.0037454
1831, 278.6757, 0.0035884
1832, 286.0576, 0.0034958
1833, 285.5919, 0.0035015
1834, 292.0134, 0.0034245
1835, 245.3927, 0.0040751
1836, 286.164, 0.0034945
1837, 295.0027, 0.0033898
1838, 289.0424, 0.0034597
1839, 232.369, 0.0043035
1840, 285.5185, 0.0035024
1841, 292.7143, 0.0034163
1842, 295.858, 0.00338
1843, 292.2609, 0.0034216
1844, 262.9503, 0.003803
1845, 257.8516, 0.0038782
1846, 271.1938, 0.0036874
1847, 281.2623, 0.0035554
1848, 250.8718, 0.0039861
1849, 282.3503, 0.0035417
1850, 272.9332, 0.0036639
1851, 284.7218, 0.0035122
1852, 253.7491, 0.0039409
1853, 270.7166, 0.0036939
1854, 282.3503, 0.0035417
1855, 270.8999, 0.0036914
1856, 264.8726, 0.0037754
1857, 266.9871, 0.0037455
1858, 284.5679, 0.0035141
1859, 286.9193, 0.0034853
1860, 267.4226, 0.0037394
1861, 276.3652, 0.0036184
1862, 267.6731, 0.0037359
1863, 287.596, 0.0034771
1864, 270.0951, 0.0037024
1865, 259.4841, 0.0038538
1866, 251.7623, 0.003972
1867, 268.0534, 0.0037306
1868, 283.5673, 0.0035265
1869, 285.014, 0.0035086
1870, 291.2904, 0.003433
1871, 267.1868, 0.0037427
1872, 259.8077, 0.003849
1873, 246.5787, 0.0040555
1874, 264.3964, 0.0037822
1875, 283.0135, 0.0035334
1876, 277.8009, 0.0035997
1877, 254.4788, 0.0039296
1878, 285.8613, 0.0034982
1879, 289.3016, 0.0034566
1880, 247.1149, 0.0040467
1881, 279.6499, 0.0035759
1882, 281.3889, 0.0035538
1883, 269.7454, 0.0037072
1884, 290.0484, 0.0034477
1885, 274.8687, 0.0036381
1886, 285.6653, 0.0035006
1887, 281.4206, 0.0035534
1888, 257.958, 0.0038766
1889, 260.6339, 0.0038368
1890, 276.5028, 0.0036166
1891, 281.4444, 0.0035531
1892, 275.1032, 0.003635
1893, 286.0412, 0.003496
1894, 236.1944, 0.0042338
1895, 286.7466, 0.0034874
1896, 281.0884, 0.0035576
1897, 288.8504, 0.003462
1898, 268.8678, 0.0037193
1899, 273.4033, 0.0036576
1900, 287.3481, 0.0034801
1901, 281.4602, 0.0035529
1902, 271.3483, 0.0036853
1903, 272.8141, 0.0036655
1904, 278.4817, 0.0035909
1905, 280.0571, 0.0035707
1906, 268.7522, 0.0037209
1907, 264.4243, 0.0037818
1908, 265.0832, 0.0037724
1909, 280.0963, 0.0035702
1910, 272.7992, 0.0036657
1911, 271.4294, 0.0036842
1912, 272.7322, 0.0036666
1913, 274.6725, 0.0036407
1914, 277.9399, 0.0035979
1915, 260.9059, 0.0038328
1916, 293.8411, 0.0034032
1917, 243.5105, 0.0041066
1918, 240.506, 0.0041579
1919, 207.4603, 0.0048202
1920, 211.4299, 0.0047297
1921, 206.6244, 0.0048397
1922, 216.3753, 0.0046216
1923, 231.1871, 0.0043255
1924, 200.4169, 0.0049896
1925, 224.2856, 0.0044586
1926, 210.8948, 0.0047417
1927, 204.5157, 0.0048896
1928, 239.4292, 0.0041766
1929, 223.9341, 0.0044656
1930, 231.9271, 0.0043117
1931, 201.4586, 0.0049638
1932, 225.3978, 0.0044366
1933, 222.4546, 0.0044953
1934, 228.4357, 0.0043776
1935, 212.6755, 0.004702
1936, 189.0216, 0.0052904
1937, 221.4692, 0.0045153
1938, 197.7613, 0.0050566
1939, 223.5386, 0.0044735
1940, 236.608, 0.0042264
1941, 233.4703, 0.0042832
1942, 203.8611, 0.0049053
1943, 222.1482, 0.0045015
1944, 231.4011, 0.0043215
1945, 236.9444, 0.0042204
1946, 206.8808, 0.0048337
1947, 225.9683, 0.0044254
1948, 236.3061, 0.0042318
1949, 236.3731, 0.0042306
1950, 231.0803, 0.0043275
1951, 230.0067, 0.0043477
1952, 229.5421, 0.0043565
1953, 220.8432, 0.0045281
1954, 224.482, 0.0044547
1955, 232.0024, 0.0043103
1956, 220.5898, 0.0045333
1957, 227.154, 0.0044023
1958, 240.3615, 0.0041604
1959, 230.5103, 0.0043382
1960, 235.2831, 0.0042502
1961, 224.9972, 0.0044445
1962, 240.1249, 0.0041645
1963, 228.5558, 0.0043753
1964, 238.0272, 0.0042012
1965, 202.5604, 0.0049368
1966, 237.7443, 0.0042062
1967, 233.5139, 0.0042824
1968, 285.9512, 0.0034971
1969, 235.3052, 0.0042498
1970, 272.6876, 0.0036672
1971, 271.7318, 0.0036801
1972, 284.309, 0.0035173
1973, 271.7613, 0.0036797
1974, 268.1396, 0.0037294
1975, 261.0966, 0.00383
1976, 274.4915, 0.0036431
1977, 287.9023, 0.0034734
1978, 272.0052, 0.0036764
1979, 287.472, 0.0034786
1980, 268.5789, 0.0037233
1981, 293.3239, 0.0034092
1982, 289.9475, 0.0034489
1983, 276.2126, 0.0036204
1984, 281.1516, 0.0035568
1985, 235.2997, 0.0042499
1986, 277.4772, 0.0036039
1987, 247.2371, 0.0040447
1988, 227.5624, 0.0043944
1989, 259.8145, 0.0038489
1990, 244.451, 0.0040908
1991, 237.7499, 0.0042061
1992, 206.6671, 0.0048387
1993, 239.9693, 0.0041672
1994, 241.7795, 0.004136
1995, 219.5534, 0.0045547
1996, 227.9254, 0.0043874
1997, 227.0148, 0.004405
1998, 236.3396, 0.0042312
1999, 213.0606, 0.0046935
2000, 222.5387, 0.0044936
2001, 236.8658, 0.0042218
2002, 223.0201, 0.0044839
2003, 206.4026, 0.0048449
2004, 228.5401, 0.0043756
2005, 230.2768, 0.0043426
2006, 215.8615, 0.0046326
2007, 233.16, 0.0042889
2008, 233.858, 0.0042761
2009, 190.3783, 0.0052527
2010, 205.3894, 0.0048688
2011, 244.906, 0.0040832
2012, 212.5037, 0.0047058
2013, 229.0531, 0.0043658
2014, 210.8237, 0.0047433
2015, 237.4958, 0.0042106
2016, 230.2768, 0.0043426
2017, 216.2396, 0.0046245
2018, 213.9587, 0.0046738
2019, 230.0861, 0.0043462
2020, 223.7737, 0.0044688
2021, 196.0092, 0.0051018
2022, 229.1213, 0.0043645
2023, 191.659, 0.0052176
2024, 94.59396, 0.0105715
2025, 175.8056, 0.0056881
2026, 222.7717, 0.0044889
2027, 224.0947, 0.0044624
2028, 222.3408, 0.0044976
2029, 222.9008, 0.0044863
2030, 222.2568, 0.0044993
2031, 207.8786, 0.0048105
2032, 230.2132, 0.0043438
2033, 278.8, 0.0035868
2034, 220.5266, 0.0045346
2035, 260.2675, 0.0038422
2036, 284.1959, 0.0035187
2037, 241.6568, 0.0041381
2038, 279.6108, 0.0035764
2039, 243.7835, 0.004102
2040, 232.4338, 0.0043023
2041, 288.8671, 0.0034618
2042, 270.453, 0.0036975
2043, 253.2479, 0.0039487
2044, 258.5315, 0.003868
2045, 289.3184, 0.0034564
2046, 287.315, 0.0034805
2047, 256.2591, 0.0039023
2048, 284.5598, 0.0035142
2049, 291.1039, 0.0034352
2050, 273.9501, 0.0036503
2051, 283.0616, 0.0035328
2052, 259.7268, 0.0038502
2053, 273.7926, 0.0036524
2054, 223.4138, 0.004476
2055, 224.6333, 0.0044517
2056, 257.043, 0.0038904
2057, 238.6407, 0.0041904
2058, 248.75, 0.0040201
2059, 270.6653, 0.0036946
2060, 209.6876, 0.004769
2061, 239.7277, 0.0041714
2062, 256.6933, 0.0038957
2063, 229.4736, 0.0043578
2064, 231.6048, 0.0043177
2065, 232.6014, 0.0042992
2066, 236.5912, 0.0042267
2067, 238.1179, 0.0041996
2068, 187.2449, 0.0053406
2069, 226.634, 0.0044124
2070, 236.2837, 0.0042322
2071, 279.822, 0.0035737
2072, 242.2246, 0.0041284
2073, 199.948, 0.0050013
2074, 225.0326, 0.0044438
2075, 233.951, 0.0042744
2076, 230.7231, 0.0043342
2077, 226.3672, 0.0044176
2078, 233.4485, 0.0042836
2079, 219.3512, 0.0045589
2080, 222.6229, 0.0044919
2081, 232.8885, 0.0042939
2082, 243.837, 0.0041011
2083, 230.1178, 0.0043456
2084, 233.4049, 0.0042844
2085, 237.9026, 0.0042034
2086, 275.786, 0.003626
2087, 237.7443, 0.0042062
2088, 209.6216, 0.0047705
2089, 237.4395, 0.0042116
2090, 290.9853, 0.0034366
2091, 223.4587, 0.0044751
2092, 261.5473, 0.0038234
2093, 243.1907, 0.004112
2094, 283.6879, 0.003525
2095, 272.3831, 0.0036713
2096, 223.3838, 0.0044766
2097, 239.5669, 0.0041742
2098, 272.762, 0.0036662
2099, 289.8719, 0.0034498
2100, 250.2189, 0.0039965
2101, 243.5045, 0.0041067
2102, 287.5216, 0.003478
2103, 221.6263, 0.0045121
2104, 254.2265, 0.0039335
2105, 288.2592, 0.0034691
2106, 296.2612, 0.0033754
2107, 233.0568, 0.0042908
2108, 253.479, 0.0039451
2109, 286.1394, 0.0034948
2110, 288.3756, 0.0034677
2111, 276.1516, 0.0036212
2112, 269.0993, 0.0037161
2113, 218.694, 0.0045726
2114, 289.8047, 0.0034506
2115, 272.9779, 0.0036633
2116, 269.0921, 0.0037162
2117, 205.9138, 0.0048564
2118, 166.0385, 0.0060227
2119, 248.1328, 0.0040301
2120, 271.157, 0.0036879
2121, 213.6752, 0.00468
2122, 257.4665, 0.003884
2123, 254.803, 0.0039246
2124, 240.6507, 0.0041554
2125, 275.6036, 0.0036284
2126, 290.7737, 0.0034391
2127, 278.0249, 0.0035968
2128, 272.4202, 0.0036708
2129, 264.8726, 0.0037754
2130, 288.3423, 0.0034681
2131, 278.1796, 0.0035948
2132, 291.6728, 0.0034285
2133, 294.3514, 0.0033973
2134, 266.0211, 0.0037591
2135, 278.0636, 0.0035963
2136, 276.4875, 0.0036168
2137, 285.4289, 0.0035035
2138, 298.1693, 0.0033538
2139, 260.9808, 0.0038317
2140, 279.7359, 0.0035748
2141, 288.9923, 0.0034603
2142, 285.6898, 0.0035003
2143, 290.2926, 0.0034448
2144, 262.0202, 0.0038165
2145, 267.8811, 0.003733
2146, 287.1006, 0.0034831
2147, 280.8042, 0.0035612
2148, 243.5579, 0.0041058
2149, 285.8041, 0.0034989
2150, 279.5561, 0.0035771
2151, 289.8887, 0.0034496
2152, 282.0158, 0.0035459
2153, 202.1304, 0.0049473
2154, 287.1665, 0.0034823
2155, 269.549, 0.0037099
2156, 254.2524, 0.0039331
2157, 263.7479, 0.0037915
2158, 290.6892, 0.0034401
2159, 288.3506, 0.003468
2160, 283.0937, 0.0035324
2161, 265.5549, 0.0037657
2162, 269.4038, 0.0037119
2163, 279.5092, 0.0035777
2164, 292.1158, 0.0034233
2165, 273.5155, 0.0036561
2166, 253.569, 0.0039437
2167, 293.8238, 0.0034034
2168, 290.5457, 0.0034418
2169, 266.0565, 0.0037586
2170, 290.1242, 0.0034468
2171, 278.1177, 0.0035956
2172, 269.7817, 0.0037067
2173, 279.1815, 0.0035819
2174, 292.2097, 0.0034222
2175, 272.4796, 0.00367
2176, 276.434, 0.0036175
2177, 287.9189, 0.0034732
2178, 263.0956, 0.0038009
2179, 286.7219, 0.0034877
2180, 269.5781, 0.0037095
2181, 287.7118, 0.0034757
2182, 259.8955, 0.0038477
2183, 267.9026, 0.0037327
2184, 281.8728, 0.0035477
2185, 277.6235, 0.003602
2186, 267.5013, 0.0037383
2187, 271.5399, 0.0036827
2188, 287.977, 0.0034725
2189, 257.1884, 0.0038882
2190, 266.3542, 0.0037544
2191, 241.9199, 0.0041336
2192, 277.3387, 0.0036057
2193, 274.6951, 0.0036404
2194, 256.2788, 0.003902
2195, 284.0506, 0.0035205
2196, 278.5515, 0.00359
2197, 296.3138, 0.0033748
2198, 278.0558, 0.0035964
2199, 266.2619, 0.0037557
2200, 286.336, 0.0034924
2201, 291.07, 0.0034356
2202, 280.9778, 0.003559
2203, 253.7749, 0.0039405
2204, 285.1521, 0.0035069
2205, 279.9239, 0.0035724
2206, 293.9275, 0.0034022
2207, 286.2705, 0.0034932
2208, 271.7096, 0.0036804
2209, 281.0568, 0.003558
2210, 295.7792, 0.0033809
2211, 276.1668, 0.003621
2212, 263.7479, 0.0037915
2213, 287.5133, 0.0034781
2214, 285.8204, 0.0034987
2215, 292.6801, 0.0034167
2216, 255.9902, 0.0039064
2217, 267.2653, 0.0037416
2218, 281.5474, 0.0035518
2219, 294.6029, 0.0033944
2220, 294.8896, 0.0033911
2221, 270.2484, 0.0037003
2222, 270.3726, 0.0036986
2223, 294.681, 0.0033935
2224, 289.31, 0.0034565
2225, 272.2051, 0.0036737
2226, 266.9372, 0.0037462
2227, 212.1341, 0.004714
2228, 225.281, 0.0044389
2229, 203.7822, 0.0049072
2230, 246.439, 0.0040578
2231, 274.9141, 0.0036375
2232, 276.3729, 0.0036183
2233, 218.4933, 0.0045768
2234, 198.7755, 0.0050308
2235, 234.4446, 0.0042654
2236, 269.5055, 0.0037105
2237, 267.1939, 0.0037426
2238, 261.5473, 0.0038234
2239, 285.649, 0.0035008
2240, 265.5126, 0.0037663
2241, 209.1656, 0.0047809
2242, 208.5071, 0.004796
2243, 240.1133, 0.0041647
2244, 264.0613, 0.003787
2245, 263.1371, 0.0038003
2246, 232.342, 0.004304
2247, 245.3807, 0.0040753
2248, 236.4234, 0.0042297
2249, 274.2281, 0.0036466
2250, 253.4019, 0.0039463
2251, 242.0604, 0.0041312
2252, 215.2992, 0.0046447
2253, 244.816, 0.0040847
2254, 247.0478, 0.0040478
2255, 253.5304, 0.0039443
2256, 247.7455, 0.0040364
2257, 265.7525, 0.0037629
2258, 262.0476, 0.0038161
2259, 243.1847, 0.0041121
2260, 270.3726, 0.0036986
2261, 253.1133, 0.0039508
2262, 264.5363, 0.0037802
2263, 244.7441, 0.0040859
2264, 257.5461, 0.0038828
2265, 245.086, 0.0040802
2266, 261.0284, 0.003831
2267, 234.8796, 0.0042575
2268, 261.7527, 0.0038204
2269, 272.7397, 0.0036665
2270, 256.7724, 0.0038945
2271, 238.2881, 0.0041966
2272, 254.3623, 0.0039314
2273, 279.1503, 0.0035823
2274, 281.7536, 0.0035492
2275, 288.0101, 0.0034721
2276, 270.3579, 0.0036988
2277, 265.2028, 0.0037707
2278, 288.2426, 0.0034693
2279, 285.8368, 0.0034985
2280, 291.4687, 0.0034309
2281, 264.6413, 0.0037787
2282, 289.1678, 0.0034582
2283, 262.4672, 0.00381
2284, 281.9045, 0.0035473
2285, 263.7966, 0.0037908
2286, 278.0481, 0.0035965
2287, 274.3183, 0.0036454
2288, 277.4079, 0.0036048
2289, 282.1432, 0.0035443
2290, 280.6624, 0.003563
2291, 279.314, 0.0035802
2292, 284.3252, 0.0035171
2293, 289.2598, 0.0034571
2294, 269.891, 0.0037052
2295, 272.1237, 0.0036748
2296, 249.9625, 0.0040006
2297, 230.6752, 0.0043351
2298, 277.0313, 0.0036097
2299, 259.5178, 0.0038533
2300, 257.712, 0.0038803
2301, 281.6505, 0.0035505
2302, 295.1071, 0.0033886
2303, 277.4772, 0.0036039
2304, 266.2265, 0.0037562
2305, 281.8569, 0.0035479
2306, 292.0987, 0.0034235
2307, 299.2041, 0.0033422
2308, 259.4303, 0.0038546
2309, 274.5518, 0.0036423
2310, 261.2467, 0.0038278
2311, 291.4942, 0.0034306
2312, 288.0184, 0.003472
2313, 268.4276, 0.0037254
2314, 283.7845, 0.0035238
2315, 125.0688, 0.0079956
2316, 116.7093, 0.0085683
2317, 278.6447, 0.0035888
2318, 248.3485, 0.0040266
2319, 245.5555, 0.0040724
2320, 270.6213, 0.0036952
2321, 276.1439, 0.0036213
2322, 269.5345, 0.0037101
2323, 270.3068, 0.0036995
2324, 260.4913, 0.0038389
2325, 252.4743, 0.0039608
2326, 286.3853, 0.0034918
2327, 264.8936, 0.0037751
2328, 275.2925, 0.0036325
2329, 277.639, 0.0036018
2330, 291.265, 0.0034333
2331, 283.978, 0.0035214
2332, 281.0726, 0.0035578
2333, 277.1235, 0.0036085
2334, 272.1311, 0.0036747
2335, 273.9201, 0.0036507
2336, 279.7124, 0.0035751
2337, 127.6389, 0.0078346
2338, 62.55395, 0.0159862
2339, 55.34463, 0.0180686
2340, 50.90043, 0.0196462
2341, 53.11831, 0.0188259
2342, 54.34399, 0.0184013
2343, 52.79051, 0.0189428
2344, 53.46764, 0.0187029
2345, 52.17328, 0.0191669
2346, 58.15442, 0.0171956
2347, 79.36382, 0.0126002
2348, 52.8997, 0.0189037
2349, 53.85088, 0.0185698
2350, 56.72696, 0.0176283
2351, 55.90715, 0.0178868
2352, 54.00676, 0.0185162
2353, 55.85157, 0.0179046
2354, 50.39789, 0.0198421
2355, 51.76197, 0.0193192
2356, 52.53342, 0.0190355
2357, 56.90613, 0.0175728
2358, 87.7886, 0.011391
2359, 53.45221, 0.0187083
2360, 59.00959, 0.0169464
2361, 56.5157, 0.0176942
2362, 52.01912, 0.0192237
2363, 53.57908, 0.018664
2364, 54.3694, 0.0183927
2365, 55.22787, 0.0181068
2366, 51.38694, 0.0194602
2367, 49.97002, 0.020012
2368, 53.04083, 0.0188534
2369, 53.36578, 0.0187386
2370, 86.22102, 0.0115981
2371, 53.18895, 0.0188009
2372, 52.96218, 0.0188814
2373, 52.62106, 0.0190038
2374, 53.47508, 0.0187003
2375, 54.4695, 0.0183589
2376, 53.74552, 0.0186062
2377, 70.02115, 0.0142814
2378, 52.75068, 0.0189571
2379, 56.58317, 0.0176731
2380, 56.96156, 0.0175557
2381, 83.34861, 0.0119978
2382, 52.75458, 0.0189557
2383, 54.69083, 0.0182846
2384, 53.91126, 0.018549
2385, 52.99866, 0.0188684
2386, 57.90287, 0.0172703
2387, 56.58445, 0.0176727
2388, 51.26286, 0.0195073
2389, 58.73301, 0.0170262
2390, 55.39522, 0.0180521
2391, 53.46507, 0.0187038
2392, 59.64132, 0.0167669
2393, 64.70942, 0.0154537
2394, 109.2789, 0.0091509
2395, 80.56849, 0.0124118
2396, 104.407, 0.0095779
2397, 68.2538, 0.0146512
2398, 57.43198, 0.0174119
2399, 49.04798, 0.0203882
2400, 62.23317, 0.0160686
2401, 86.40727, 0.0115731
2402, 60.78658, 0.016451
2403, 81.80963, 0.0122235
2404, 54.89951, 0.0182151
2405, 54.32893, 0.0184064
2406, 61.38924, 0.0162895
2407, 69.07365, 0.0144773
2408, 51.8648, 0.0192809
2409, 52.50474, 0.0190459
2410, 57.24033, 0.0174702
2411, 79.98784, 0.0125019
2412, 50.28082, 0.0198883
2413, 52.40431, 0.0190824
2414, 59.67015, 0.0167588
2415, 86.72501, 0.0115307
2416, 58.80935, 0.0170041
2417, 65.28139, 0.0153183
2418, 135.573, 0.0073761
2419, 246.2751, 0.0040605
2420, 279.2672, 0.0035808
2421, 279.0334, 0.0035838
2422, 250.4257, 0.0039932
2423, 236.7088, 0.0042246
2424, 282.4539, 0.0035404
2425, 257.8449, 0.0038783
2426, 283.246, 0.0035305
2427, 237.3549, 0.0042131
2428, 262.8052, 0.0038051
2429, 268.904, 0.0037188
2430, 270.5408, 0.0036963
2431, 263.1718, 0.0037998
2432, 275.786, 0.003626
2433, 278.2725, 0.0035936
2434, 274.213, 0.0036468
2435, 286.1067, 0.0034952
2436, 166.8669, 0.0059928
2437, 77.89436, 0.0128379
2438, 59.92258, 0.0166882
2439, 32.63154, 0.0306452
2440, 57.43297, 0.0174116
2441, 50.02251, 0.019991
2442, 56.11357, 0.017821
2443, 49.61671, 0.0201545
2444, 53.73628, 0.0186094
2445, 53.22744, 0.0187873
2446, 53.64577, 0.0186408
2447, 56.53071, 0.0176895
2448, 57.13208, 0.0175033
2449, 63.44654, 0.0157613
2450, 55.43145, 0.0180403
2451, 52.22341, 0.0191485
2452, 53.01328, 0.0188632
2453, 87.72392, 0.0113994
2454, 58.01305, 0.0172375
2455, 55.92779, 0.0178802
2456, 61.56044, 0.0162442
2457, 73.33744, 0.0136356
2458, 53.95402, 0.0185343
2459, 52.64294, 0.0189959
2460, 54.16209, 0.0184631
2461, 54.49532, 0.0183502
2462, 57.47721, 0.0173982
2463, 68.90374, 0.014513
2464, 109.4008, 0.0091407
2465, 266.2549, 0.0037558
2466, 257.6855, 0.0038807
2467, 280.4577, 0.0035656
2468, 270.6067, 0.0036954
2469, 279.9709, 0.0035718
2470, 218.0645, 0.0045858
2471, 260.8446, 0.0038337
2472, 266.4606, 0.0037529
2473, 283.1738, 0.0035314
2474, 291.1208, 0.003435
2475, 265.027, 0.0037732
2476, 265.1254, 0.0037718
2477, 284.3898, 0.0035163
2478, 296.7447, 0.0033699
2479, 283.9054, 0.0035223
2480, 263.6088, 0.0037935
2481, 285.8041, 0.0034989
2482, 269.3167, 0.0037131
2483, 287.0758, 0.0034834
2484, 258.0512, 0.0038752
2485, 281.0726, 0.0035578
2486, 284.9734, 0.0035091
2487, 284.495, 0.003515
2488, 299.6344, 0.0033374
2489, 260.9399, 0.0038323
2490, 294.3861, 0.0033969
2491, 291.9879, 0.0034248
2492, 273.1867, 0.0036605
2493, 211.9767, 0.0047175
2494, 270.7899, 0.0036929
2495, 274.3258, 0.0036453
2496, 282.5977, 0.0035386
2497, 280.4026, 0.0035663
2498, 265.2942, 0.0037694
2499, 293.0403, 0.0034125
2500, 287.9521, 0.0034728
2501, 285.2172, 0.0035061
2502, 276.434, 0.0036175
2503, 273.6502, 0.0036543
2504, 275.9306, 0.0036241
2505, 290.6977, 0.00344
2506, 276.1973, 0.0036206
2507, 272.7099, 0.0036669
2508, 286.4427, 0.0034911
2509, 266.6595, 0.0037501
2510, 258.2178, 0.0038727
2511, 293.5478, 0.0034066
2512, 278.3112, 0.0035931
2513, 275.1713, 0.0036341
2514, 287.6374, 0.0034766
2515, 267.3439, 0.0037405
2516, 263.581, 0.0037939
2517, 286.1558, 0.0034946
2518, 294.2648, 0.0033983
2519, 278.2647, 0.0035937
2520, 282.7894, 0.0035362
2521, 264.3474, 0.0037829
2522, 281.5712, 0.0035515
2523, 269.0269, 0.0037171
2524, 291.5282, 0.0034302
2525, 284.4788, 0.0035152
2526, 264.1938, 0.0037851
2527, 203.9235, 0.0049038
2528, 258.4848, 0.0038687
2529, 282.8854, 0.003535
2530, 244.888, 0.0040835
2531, 260.4167, 0.00384
2532, 268.3411, 0.0037266
2533, 283.1979, 0.0035311
2534, 269.942, 0.0037045
2535, 249.9688, 0.0040005
2536, 232.4284, 0.0043024
2537, 257.8516, 0.0038782
2538, 266.1344, 0.0037575
2539, 255.5258, 0.0039135
2540, 258.6185, 0.0038667
2541, 259.747, 0.0038499
2542, 287.5298, 0.0034779
2543, 251.2374, 0.0039803
2544, 273.4482, 0.003657
2545, 272.3015, 0.0036724
2546, 272.8289, 0.0036653
2547, 251.9907, 0.0039684
2548, 277.2079, 0.0036074
2549, 270.8779, 0.0036917
2550, 287.6291, 0.0034767
2551, 281.5553, 0.0035517
2552, 242.5124, 0.0041235
2553, 281.7457, 0.0035493
2554, 272.591, 0.0036685
2555, 257.2281, 0.0038876
2556, 255.0955, 0.0039201
2557, 286.4509, 0.003491
2558, 265.8372, 0.0037617
2559, 291.1547, 0.0034346
2560, 266.9087, 0.0037466
2561, 262.1988, 0.0038139
2562, 278.536, 0.0035902
2563, 268.9546, 0.0037181
2564, 278.1022, 0.0035958
2565, 254.1684, 0.0039344
2566, 276.8932, 0.0036115
2567, 283.1578, 0.0035316
2568, 268.9691, 0.0037179
2569, 275.6719, 0.0036275
2570, 251.3257, 0.0039789
2571, 295.6918, 0.0033819
2572, 286.6562, 0.0034885
2573, 276.5869, 0.0036155
2574, 261.9721, 0.0038172
2575, 262.7223, 0.0038063
2576, 265.1957, 0.0037708
2577, 282.8854, 0.003535
2578, 280.6151, 0.0035636
2579, 250.4571, 0.0039927
2580, 288.5337, 0.0034658
2581, 264.8866, 0.0037752
2582, 269.2805, 0.0037136
2583, 280.7411, 0.003562
2584, 259.2957, 0.0038566
2585, 243.0547, 0.0041143
2586, 268.4564, 0.003725
2587, 280.7885, 0.0035614
2588, 236.4234, 0.0042297
2589, 265.2238, 0.0037704
2590, 207.2367, 0.0048254
2591, 194.4428, 0.0051429
2592, 221.7983, 0.0045086
2593, 175.0854, 0.0057115
2594, 105.5142, 0.0094774
2595, 189.7245, 0.0052708
2596, 113.7023, 0.0087949
2597, 218.9142, 0.004568
2598, 228.2011, 0.0043821
2599, 239.8772, 0.0041688
2600, 219.3897, 0.0045581
2601, 222.9207, 0.0044859
2602, 212.4766, 0.0047064
2603, 202.8439, 0.0049299
2604, 190.3384, 0.0052538
2605, 220.7895, 0.0045292
2606, 232.5419, 0.0043003
2607, 225.8662, 0.0044274
2608, 215.9921, 0.0046298
2609, 202.1141, 0.0049477
2610, 216.0947, 0.0046276
2611, 224.7645, 0.0044491
2612, 232.3852, 0.0043032
2613, 203.0993, 0.0049237
2614, 246.1417, 0.0040627
2615, 226.3826, 0.0044173
2616, 229.8639, 0.0043504
2617, 224.3511, 0.0044573
2618, 215.7637, 0.0046347
2619, 228.7073, 0.0043724
2620, 215.0121, 0.0046509
2621, 227.7852, 0.0043901
2622, 225.0883, 0.0044427
2623, 204.407, 0.0048922
2624, 247.7885, 0.0040357
2625, 212.1251, 0.0047142
2626, 122.6964, 0.0081502
2627, 202.8027, 0.0049309
2628, 232.1263, 0.004308
2629, 192.3336, 0.0051993
2630, 218.0454, 0.0045862
2631, 241.4934, 0.0041409
2632, 239.6128, 0.0041734
2633, 224.1801, 0.0044607
2634, 231.0483, 0.0043281
2635, 263.9776, 0.0037882
2636, 211.0818, 0.0047375
2637, 277.8936, 0.0035985
2638, 225.0174, 0.0044441
2639, 277.039, 0.0036096
2640, 277.6544, 0.0036016
2641, 198.3419, 0.0050418
2642, 211.6357, 0.0047251
2643, 271.2821, 0.0036862
2644, 223.5386, 0.0044735
2645, 229.7477, 0.0043526
2646, 278.8622, 0.003586
2647, 240.1133, 0.0041647
2648, 255.6564, 0.0039115
2649, 257.3473, 0.0038858
2650, 267.623, 0.0037366
2651, 275.3304, 0.003632
2652, 267.2868, 0.0037413
2653, 266.1698, 0.003757
2654, 282.6695, 0.0035377
2655, 266.418, 0.0037535
2656, 257.9247, 0.0038771
2657, 285.3881, 0.003504
2658, 276.4417, 0.0036174
2659, 280.5521, 0.0035644
2660, 262.7223, 0.0038063
2661, 295.1071, 0.0033886
2662, 278.1177, 0.0035956
2663, 291.2989, 0.0034329
2664, 286.6397, 0.0034887
2665, 273.4108, 0.0036575
2666, 274.1228, 0.003648
2667, 266.6311, 0.0037505
2668, 275.3986, 0.0036311
2669, 251.7623, 0.003972
2670, 259.7672, 0.0038496
2671, 232.6447, 0.0042984
2672, 250.363, 0.0039942
2673, 237.3436, 0.0042133
2674, 226.3621, 0.0044177
2675, 240.0154, 0.0041664
2676, 236.3675, 0.0042307
2677, 265.3365, 0.0037688
2678, 263.4352, 0.003796
2679, 244.876, 0.0040837
2680, 219.3897, 0.0045581
2681, 252.175, 0.0039655
2682, 260.2202, 0.0038429
2683, 236.3731, 0.0042306
2684, 253.994, 0.0039371
2685, 229.1003, 0.0043649
2686, 232.1586, 0.0043074
2687, 229.1371, 0.0043642
2688, 262.6671, 0.0038071
2689, 265.006, 0.0037735
2690, 262.1644, 0.0038144
2691, 223.0002, 0.0044843
2692, 261.52, 0.0038238
2693, 261.8418, 0.0038191
2694, 262.8121, 0.003805
2695, 251.1112, 0.0039823
2696, 243.6291, 0.0041046
2697, 264.4453, 0.0037815
2698, 250.8089, 0.0039871
2699, 259.6593, 0.0038512
2700, 253.762, 0.0039407
2701, 230.7657, 0.0043334
2702, 251.8828, 0.0039701
2703, 188.6792, 0.0053
2704, 197.6988, 0.0050582
2705, 232.8451, 0.0042947
2706, 228.7858, 0.0043709
2707, 221.9411, 0.0045057
2708, 230.192, 0.0043442
2709, 237.2029, 0.0042158
2710, 243.4749, 0.0041072
2711, 265.8443, 0.0037616
2712, 269.7745, 0.0037068
2713, 276.2813, 0.0036195
2714, 280.5207, 0.0035648
2715, 275.5808, 0.0036287
2716, 269.709, 0.0037077
2717, 283.3985, 0.0035286
2718, 280.0493, 0.0035708
2719, 282.6376, 0.0035381
2720, 285.1928, 0.0035064
2721, 254.4594, 0.0039299
2722, 269.9201, 0.0037048
2723, 288.2924, 0.0034687
2724, 275.923, 0.0036242
2725, 233.3287, 0.0042858
2726, 216.8398, 0.0046117
2727, 234.6702, 0.0042613
2728, 235.0563, 0.0042543
2729, 196.3325, 0.0050934
2730, 127.8609, 0.007821
2731, 220.0995, 0.0045434
2732, 217.6231, 0.0045951
2733, 239.0514, 0.0041832
2734, 215.9034, 0.0046317
2735, 205.5583, 0.0048648
2736, 211.2825, 0.004733
2737, 223.9692, 0.0044649
2738, 193.8097, 0.0051597
2739, 193.5471, 0.0051667
2740, 220.4926, 0.0045353
2741, 227.832, 0.0043892
2742, 181.5607, 0.0055078
2743, 241.6626, 0.004138
2744, 233.9346, 0.0042747
2745, 195.1638, 0.0051239
2746, 199.6885, 0.0050078
2747, 204.2692, 0.0048955
2748, 206.4111, 0.0048447
2749, 187.0557, 0.005346
2750, 133.1824, 0.0075085
2751, 213.2969, 0.0046883
2752, 226.6186, 0.0044127
2753, 218.9909, 0.0045664
2754, 206.2408, 0.0048487
2755, 212.8656, 0.0046978
2756, 187.6137, 0.0053301
2757, 229.4315, 0.0043586
2758, 232.6609, 0.0042981
2759, 213.5338, 0.0046831
2760, 231.8464, 0.0043132
2761, 206.0454, 0.0048533
2762, 230.9256, 0.0043304
2763, 200.2964, 0.0049926
2764, 226.5313, 0.0044144
2765, 239.3833, 0.0041774
2766, 236.1777, 0.0042341
2767, 201.1587, 0.0049712
2768, 204.3945, 0.0048925
2769, 250.8655, 0.0039862
2770, 243.6647, 0.004104
2771, 222.9803, 0.0044847
2772, 275.5352, 0.0036293
2773, 288.2592, 0.0034691
2774, 274.7857, 0.0036392
2775, 260.2946, 0.0038418
2776, 284.7705, 0.0035116
2777, 272.257, 0.003673
2778, 277.1234, 0.0036085
2779, 261.0216, 0.0038311
2780, 256.5681, 0.0038976
2781, 278.7301, 0.0035877
2782, 293.7893, 0.0034038
2783, 273.9051, 0.0036509
2784, 260.1457, 0.003844
2785, 286.6233, 0.0034889
2786, 288.7169, 0.0034636
2787, 287.5216, 0.003478
2788, 273.8376, 0.0036518
2789, 256.1738, 0.0039036
2790, 283.3022, 0.0035298
2791, 272.1977, 0.0036738
2792, 213.8488, 0.0046762
2793, 234.1756, 0.0042703
2794, 226.316, 0.0044186
2795, 237.5748, 0.0042092
2796, 223.5936, 0.0044724
2797, 215.5869, 0.0046385
2798, 207.2711, 0.0048246
2799, 217.8981, 0.0045893
2800, 218.1548, 0.0045839
2801, 236.8378, 0.0042223
2802, 234.0879, 0.0042719
2803, 235.5435, 0.0042455
2804, 210.8015, 0.0047438
2805, 208.8206, 0.0047888
2806, 200.2363, 0.0049941
2807, 231.9701, 0.0043109
2808, 213.4745, 0.0046844
2809, 199.0248, 0.0050245
2810, 251.959, 0.0039689
2811, 225.3115, 0.0044383
2812, 212.7433, 0.0047005
2813, 220.5461, 0.0045342
2814, 235.4215, 0.0042477
2815, 223.6436, 0.0044714
2816, 205.1661, 0.0048741
2817, 220.4197, 0.0045368
2818, 233.1546, 0.004289
2819, 203.7241, 0.0049086
2820, 200.2964, 0.0049926
2821, 251.067, 0.003983
2822, 197.5075, 0.0050631
2823, 227.1076, 0.0044032
2824, 226.7471, 0.0044102
2825, 213.7209, 0.004679
2826, 215.4244, 0.004642
2827, 207.1079, 0.0048284
2828, 244.6842, 0.0040869
2829, 193.6446, 0.0051641
2830, 202.6219, 0.0049353
2831, 218.7849, 0.0045707
2832, 233.776, 0.0042776
2833, 191.8024, 0.0052137
2834, 238.47, 0.0041934
2835, 241.5517, 0.0041399
2836, 232.3042, 0.0043047
2837, 194.9774, 0.0051288
2838, 115.8359, 0.0086329
2839, 236.7032, 0.0042247
2840, 221.5919, 0.0045128
2841, 233.2362, 0.0042875
2842, 210.1194, 0.0047592
2843, 223.1595, 0.0044811
2844, 203.5831, 0.004912
2845, 207.7749, 0.0048129
2846, 213.0152, 0.0046945
2847, 129.2207, 0.0077387
2848, 247.7394, 0.0040365
2849, 203.2851, 0.0049192
2850, 208.1122, 0.0048051
2851, 218.8327, 0.0045697
2852, 274.4312, 0.0036439
2853, 242.9248, 0.0041165
2854, 263.463, 0.0037956
2855, 272.9407, 0.0036638
2856, 278.8856, 0.0035857
2857, 285.2009, 0.0035063
2858, 264.1868, 0.0037852
2859, 272.7917, 0.0036658
2860, 245.5012, 0.0040733
2861, 290.4444, 0.003443
2862, 281.2465, 0.0035556
2863, 276.5946, 0.0036154
2864, 229.4104, 0.004359
2865, 233.0731, 0.0042905
2866, 281.5632, 0.0035516
2867, 219.3031, 0.0045599
2868, 238.0952, 0.0042
2869, 236.5856, 0.0042268
2870, 235.9158, 0.0042388
2871, 207.9132, 0.0048097
2872, 236.5184, 0.004228
2873, 229.2106, 0.0043628
2874, 223.1695, 0.0044809
2875, 225.8968, 0.0044268
2876, 238.8744, 0.0041863
2877, 241.3826, 0.0041428
2878, 185.055, 0.0054038
2879, 229.5157, 0.004357
2880, 254.9135, 0.0039229
2881, 236.7761, 0.0042234
2882, 213.6296, 0.004681
2883, 223.1595, 0.0044811
2884, 226.9787, 0.0044057
2885, 179.659, 0.0055661
2886, 212.7071, 0.0047013
2887, 219.0869, 0.0045644
2888, 231.059, 0.0043279
2889, 234.0824, 0.004272
2890, 235.4437, 0.0042473
2891, 234.7748, 0.0042594
2892, 221.0335, 0.0045242
2893, 210.4953, 0.0047507
2894, 235.4936, 0.0042464
2895, 219.3993, 0.0045579
2896, 231.3744, 0.004322
2897, 203.3264, 0.0049182
2898, 238.8345, 0.004187
2899, 181.3302, 0.0055148
2900, 232.8451, 0.0042947
2901, 233.9291, 0.0042748
2902, 225.063, 0.0044432
2903, 280.0179, 0.0035712
2904, 224.3712, 0.0044569
2905, 237.1242, 0.0042172
2906, 272.9928, 0.0036631
2907, 291.3838, 0.0034319
2908, 73.6632, 0.0135753
2909, 83.73737, 0.0119421
2910, 276.4569, 0.0036172
2911, 268.4996, 0.0037244
2912, 293.41, 0.0034082
2913, 251.3068, 0.0039792
2914, 271.7318, 0.0036801
2915, 275.1335, 0.0036346
2916, 274.4011, 0.0036443
2917, 271.8573, 0.0036784
2918, 260.1931, 0.0038433
2919, 296.1734, 0.0033764
2920, 289.2514, 0.0034572
2921, 195.6794, 0.0051104
2922, 248.0897, 0.0040308
2923, 292.9716, 0.0034133
2924, 177.6893, 0.0056278
2925, 143.1537, 0.0069855
2926, 264.2357, 0.0037845
2927, 274.3861, 0.0036445
2928, 259.5515, 0.0038528
2929, 258.5783, 0.0038673
2930, 278.6913, 0.0035882
2931, 275.9306, 0.0036241
2932, 256.1016, 0.0039047
2933, 253.5111, 0.0039446
2934, 266.1344, 0.0037575
2935, 257.732, 0.00388
2936, 257.5461, 0.0038828
2937, 278.7068, 0.003588
2938, 265.2098, 0.0037706
2939, 283.1177, 0.0035321
2940, 280.7963, 0.0035613
2941, 258.9868, 0.0038612
2942, 233.1274, 0.0042895
2943, 233.7213, 0.0042786
2944, 231.3316, 0.0043228
2945, 238.7718, 0.0041881
2946, 218.4074, 0.0045786
2947, 231.2887, 0.0043236
2948, 243.8668, 0.0041006
2949, 273.6427, 0.0036544
2950, 216.8774, 0.0046109
2951, 258.0845, 0.0038747
2952, 234.203, 0.0042698
2953, 236.9219, 0.0042208
2954, 285.9676, 0.0034969
2955, 241.9199, 0.0041336
2956, 223.299, 0.0044783
2957, 240.6044, 0.0041562
2958, 278.3112, 0.0035931
2959, 220.658, 0.0045319
2960, 285.5593, 0.0035019
2961, 269.6072, 0.0037091
2962, 243.1315, 0.004113
2963, 252.487, 0.0039606
2964, 240.3269, 0.004161
2965, 274.7026, 0.0036403
2966, 227.5468, 0.0043947
2967, 231.4654, 0.0043203
2968, 276.35, 0.0036186
2969, 284.8192, 0.003511
2970, 289.0675, 0.0034594
2971, 218.5936, 0.0045747
2972, 281.9204, 0.0035471
2973, 290.3263, 0.0034444
2974, 281.9125, 0.0035472
2975, 263.5463, 0.0037944
2976, 271.1423, 0.0036881
2977, 275.3304, 0.003632
2978, 289.2849, 0.0034568
2979, 281.4523, 0.003553
2980, 270.8486, 0.0036921
2981, 276.9853, 0.0036103
2982, 266.4677, 0.0037528
2983, 276.0829, 0.0036221
2984, 231.9755, 0.0043108
2985, 237.524, 0.0042101
2986, 278.4042, 0.0035919
2987, 274.2882, 0.0036458
2988, 275.9915, 0.0036233
2989, 253.6268, 0.0039428
2990, 280.8358, 0.0035608
2991, 291.826, 0.0034267
2992, 272.0274, 0.0036761
2993, 269.382, 0.0037122
2994, 274.597, 0.0036417
2995, 277.9167, 0.0035982
2996, 275.8164, 0.0036256
2997, 290.9091, 0.0034375
2998, 271.1791, 0.0036876
2999, 283.3905, 0.0035287
3000, 266.5458, 0.0037517
3001, 285.943, 0.0034972
3002, 284.3333, 0.003517
3003, 259.4909, 0.0038537
3004, 264.7814, 0.0037767
3005, 252.6401, 0.0039582
3006, 275.9763, 0.0036235
3007, 285.9757, 0.0034968
3008, 271.7318, 0.0036801
3009, 248.9048, 0.0040176
3010, 293.9966, 0.0034014
3011, 278.7301, 0.0035877
3012, 270.5555, 0.0036961
3013, 271.0468, 0.0036894
3014, 287.0429, 0.0034838
3015, 279.2516, 0.003581
3016, 283.3022, 0.0035298
3017, 243.5045, 0.0041067
3018, 285.6408, 0.0035009
3019, 294.8026, 0.0033921
3020, 278.3189, 0.003593
3021, 257.0562, 0.0038902
3022, 284.0264, 0.0035208
3023, 295.1245, 0.0033884
3024, 295.5345, 0.0033837
3025, 290.2673, 0.0034451
3026, 249.7565, 0.0040039
3027, 290.1578, 0.0034464
3028, 274.8763, 0.003638
3029, 285.3311, 0.0035047
3030, 264.2148, 0.0037848
3031, 259.3966, 0.0038551
3032, 294.5595, 0.0033949
3033, 294.0139, 0.0034012
3034, 255.8461, 0.0039086
3035, 270.4237, 0.0036979
3036, 287.6622, 0.0034763
3037, 278.2415, 0.003594
3038, 287.0264, 0.003484
3039, 260.899, 0.0038329
3040, 252.1178, 0.0039664
3041, 287.7367, 0.0034754
3042, 280.7727, 0.0035616
3043, 268.1253, 0.0037296
3044, 254.803, 0.0039246
3045, 287.5546, 0.0034776
3046, 283.8651, 0.0035228
3047, 278.5981, 0.0035894
3048, 270.2484, 0.0037003
3049, 260.9944, 0.0038315
3050, 283.6396, 0.0035256
3051, 229.8375, 0.0043509
3052, 286.2705, 0.0034932
3053, 265.3716, 0.0037683
3054, 293.1864, 0.0034108
3055, 267.4583, 0.0037389
3056, 284.8678, 0.0035104
3057, 276.8089, 0.0036126
3058, 251.4585, 0.0039768
3059, 255.1216, 0.0039197
3060, 274.1754, 0.0036473
3061, 282.6456, 0.003538
3062, 284.8516, 0.0035106
3063, 250.1689, 0.0039973
3064, 274.8083, 0.0036389
3065, 281.841, 0.0035481
3066, 236.5017, 0.0042283
3067, 212.6393, 0.0047028
3068, 287.9687, 0.0034726
3069, 233.94, 0.0042746
3070, 281.4523, 0.003553
3071, 249.4574, 0.0040087
3072, 241.7211, 0.004137
3073, 267.2868, 0.0037413
3074, 237.7782, 0.0042056
3075, 259.2285, 0.0038576
3076, 236.0272, 0.0042368
3077, 229.3526, 0.0043601
3078, 255.2388, 0.0039179
3079, 241.0161, 0.0041491
3080, 276.7783, 0.003613
3081, 234.3347, 0.0042674
3082, 280.0807, 0.0035704
3083, 225.1694, 0.0044411
3084, 276.0372, 0.0036227
3085, 275.2849, 0.0036326
3086, 240.6333, 0.0041557
3087, 279.4623, 0.0035783
3088, 217.6658, 0.0045942
3089, 239.8599, 0.0041691
3090, 288.201, 0.0034698
3091, 221.9559, 0.0045054
3092, 268.5862, 0.0037232
3093, 285.5348, 0.0035022
3094, 273.2912, 0.0036591
3095, 224.2504, 0.0044593
3096, 255.3561, 0.0039161
3097, 272.1237, 0.0036748
3098, 239.9751, 0.0041671
3099, 229.1423, 0.0043641
3100, 252.315, 0.0039633
3101, 285.8041, 0.0034989
3102, 237.716, 0.0042067
3103, 274.6121, 0.0036415
3104, 258.2178, 0.0038727
3105, 233.4376, 0.0042838
3106, 263.8731, 0.0037897
3107, 269.0559, 0.0037167
3108, 228.6028, 0.0043744
3109, 183.4391, 0.0054514
3110, 265.6042, 0.003765
3111, 268.7377, 0.0037211
3112, 241.7035, 0.0041373
3113, 261.9035, 0.0038182
3114, 219.2838, 0.0045603
3115, 282.1989, 0.0035436
3116, 247.8253, 0.0040351
3117, 263.1163, 0.0038006
3118, 100.7679, 0.0099238
3119, 218.9381, 0.0045675
3120, 263.3311, 0.0037975
3121, 277.5696, 0.0036027
3122, 292.4832, 0.003419
3123, 277.6313, 0.0036019
3124, 236.9668, 0.00422
3125, 276.7477, 0.0036134
3126, 288.5587, 0.0034655
3127, 288.6086, 0.0034649
3128, 272.6133, 0.0036682
3129, 268.0462, 0.0037307
3130, 282.7175, 0.0035371
3131, 294.1003, 0.0034002
3132, 291.3159, 0.0034327
3133, 265.8867, 0.003761
3134, 258.8528, 0.0038632
3135, 283.8973, 0.0035224
3136, 296.2085, 0.003376
3137, 274.4764, 0.0036433
3138, 254.427, 0.0039304
3139, 265.7807, 0.0037625
3140, 287.6291, 0.0034767
3141, 275.2243, 0.0036334
3142, 275.5732, 0.0036288
3143, 262.9918, 0.0038024
3144, 294.0917, 0.0034003
3145, 269.6072, 0.0037091
3146, 279.197, 0.0035817
3147, 277.7161, 0.0036008
3148, 284.5274, 0.0035146
3149, 285.3963, 0.0035039
3150, 260.3421, 0.0038411
3151, 293.9707, 0.0034017
3152, 279.5952, 0.0035766
3153, 282.5258, 0.0035395
3154, 281.6505, 0.0035505
3155, 287.8361, 0.0034742
3156, 252.4042, 0.0039619
3157, 272.6727, 0.0036674
3158, 272.8289, 0.0036653
3159, 287.9521, 0.0034728
3160, 12.49226, 0.0800496
3161, 122.2509, 0.0081799
3162, 215.9034, 0.0046317
3163, 284.6975, 0.0035125
3164, 294.1263, 0.0033999
3165, 286.9688, 0.0034847
3166, 256.2788, 0.003902
3167, 256.7526, 0.0038948
3168, 262.2057, 0.0038138
3169, 284.9571, 0.0035093
3170, 269.8691, 0.0037055
3171, 283.7926, 0.0035237
3172, 278.769, 0.0035872
3173, 293.8411, 0.0034032
3174, 269.4328, 0.0037115
3175, 258.9801, 0.0038613
3176, 270.4164, 0.003698
3177, 265.5196, 0.0037662
3178, 248.139, 0.00403
3179, 281.3731, 0.003554
3180, 269.52, 0.0037103
3181, 287.9189, 0.0034732
3182, 142.9164, 0.0069971
3183, 219.3415, 0.0045591
3184, 290.4781, 0.0034426
3185, 280.0023, 0.0035714
3186, 271.0688, 0.0036891
3187, 281.9443, 0.0035468
3188, 276.1363, 0.0036214
3189, 286.7301, 0.0034876
3190, 275.1259, 0.0036347
3191, 280.1121, 0.00357
3192, 257.6855, 0.0038807
3193, 272.9034, 0.0036643
3194, 268.9691, 0.0037179
3195, 291.4772, 0.0034308
3196, 295.7792, 0.0033809
3197, 266.1627, 0.0037571
3198, 276.74, 0.0036135
3199, 281.7616, 0.0035491
3200, 283.6477, 0.0035255
3201, 284.4707, 0.0035153
3202, 273.6577, 0.0036542
3203, 275.4138, 0.0036309
3204, 271.0688, 0.0036891
3205, 293.0661, 0.0034122
3206, 260.763, 0.0038349
3207, 268.1324, 0.0037295
3208, 286.9111, 0.0034854
3209, 259.5178, 0.0038533
3210, 275.8012, 0.0036258
3211, 253.7685, 0.0039406
3212, 276.9316, 0.003611
3213, 270.7312, 0.0036937
3214, 287.3233, 0.0034804
3215, 260.6542, 0.0038365
3216, 265.9999, 0.0037594
3217, 293.0489, 0.0034124
3218, 296.2173, 0.0033759
3219, 290.301, 0.0034447
3220, 243.2202, 0.0041115
3221, 274.9745, 0.0036367
3222, 275.6796, 0.0036274
3223, 293.8843, 0.0034027
3224, 243.8549, 0.0041008
3225, 280.962, 0.0035592
3226, 280.2376, 0.0035684
3227, 282.4619, 0.0035403
3228, 284.0022, 0.0035211
3229, 267.2368, 0.003742
3230, 284.0506, 0.0035205
3231, 277.3617, 0.0036054
3232, 290.4275, 0.0034432
3233, 267.8882, 0.0037329
3234, 262.2538, 0.0038131
3235, 288.6836, 0.003464
3236, 285.1521, 0.0035069
3237, 269.3893, 0.0037121
3238, 265.4562, 0.0037671
3239, 275.8392, 0.0036253
3240, 299.6703, 0.003337
3241, 271.5104, 0.0036831
3242, 264.4243, 0.0037818
3243, 278.4042, 0.0035919
3244, 290.3179, 0.0034445
3245, 284.1716, 0.003519
3246, 269.84, 0.0037059
3247, 284.7218, 0.0035122
3248, 262.4259, 0.0038106
3249, 281.984, 0.0035463
3250, 235.7768, 0.0042413
3251, 265.8655, 0.0037613
3252, 271.6579, 0.0036811
3253, 278.4972, 0.0035907
3254, 264.5923, 0.0037794
3255, 287.8029, 0.0034746
3256, 274.6574, 0.0036409
3257, 281.8172, 0.0035484
3258, 275.8088, 0.0036257
3259, 272.6802, 0.0036673
3260, 287.3976, 0.0034795
3261, 264.6623, 0.0037784
3262, 293.0661, 0.0034122
3263, 273.0674, 0.0036621
3264, 273.8376, 0.0036518
3265, 279.3296, 0.00358
3266, 271.6284, 0.0036815
3267, 280.2141, 0.0035687
3268, 290.0064, 0.0034482
3269, 283.6799, 0.0035251
3270, 267.1511, 0.0037432
3271, 281.381, 0.0035539
3272, 294.0571, 0.0034007
3273, 290.1578, 0.0034464
3274, 291.1717, 0.0034344
3275, 244.816, 0.0040847
3276, 285.6164, 0.0035012
3277, 281.5553, 0.0035517
3278, 292.1926, 0.0034224
3279, 286.1804, 0.0034943
3280, 259.3092, 0.0038564
3281, 270.7386, 0.0036936
3282, 283.2781, 0.0035301
3283, 285.0546, 0.0035081
3284, 257.0099, 0.0038909
3285, 268.2404, 0.003728
3286, 278.9167, 0.0035853
3287, 284.4626, 0.0035154
3288, 255.7479, 0.0039101
3289, 265.4351, 0.0037674
3290, 288.8337, 0.0034622
3291, 288.4588, 0.0034667
3292, 248.1513, 0.0040298
3293, 264.0264, 0.0037875
3294, 280.2455, 0.0035683
3295, 271.2379, 0.0036868
3296, 256.7658, 0.0038946
3297, 263.4491, 0.0037958
3298, 274.2882, 0.0036458
3299, 285.8613, 0.0034982
3300, 283.9618, 0.0035216
3301, 294.2302, 0.0033987
3302, 285.894, 0.0034978
3303, 260.5524, 0.003838
3304, 269.266, 0.0037138
3305, 272.2051, 0.0036737
3306, 288.4921, 0.0034663
3307, 246.9258, 0.0040498
3308, 258.893, 0.0038626
3309, 286.5576, 0.0034897
3310, 290.04, 0.0034478
3311, 290.141, 0.0034466
3312, 275.0804, 0.0036353
3313, 280.8673, 0.0035604
3314, 280.1591, 0.0035694
3315, 280.0728, 0.0035705
3316, 258.4447, 0.0038693
3317, 242.2539, 0.0041279
3318, 234.7473, 0.0042599
3319, 217.5143, 0.0045974
3320, 214.4956, 0.0046621
3321, 233.8798, 0.0042757
3322, 247.4574, 0.0040411
3323, 231.2727, 0.0043239
3324, 208.7421, 0.0047906
3325, 242.7361, 0.0041197
3326, 232.0724, 0.004309
3327, 207.2152, 0.0048259
3328, 231.2246, 0.0043248
3329, 213.625, 0.0046811
3330, 252.7934, 0.0039558
3331, 166.8446, 0.0059936
3332, 123.5727, 0.0080924
3333, 199.8481, 0.0050038
3334, 211.278, 0.0047331
3335, 244.2301, 0.0040945
3336, 205.7359, 0.0048606
3337, 233.2307, 0.0042876
3338, 219.0772, 0.0045646
3339, 239.4579, 0.0041761
3340, 221.9312, 0.0045059
3341, 189.9155, 0.0052655
3342, 245.8029, 0.0040683
3343, 197.6324, 0.0050599
3344, 121.9646, 0.0081991
3345, 211.3629, 0.0047312
3346, 231.2566, 0.0043242
3347, 232.5419, 0.0043003
3348, 223.2342, 0.0044796
3349, 98.18264, 0.0101851
3350, 103.3485, 0.009676
3351, 195.0839, 0.005126
3352, 215.759, 0.0046348
3353, 230.3139, 0.0043419
3354, 204.7712, 0.0048835
3355, 226.5211, 0.0044146
3356, 209.3189, 0.0047774
3357, 212.7298, 0.0047008
3358, 242.0721, 0.004131
3359, 230.4519, 0.0043393
3360, 198.8981, 0.0050277
3361, 217.7985, 0.0045914
3362, 233.5957, 0.0042809
3363, 219.3463, 0.004559
3364, 193.7234, 0.005162
3365, 237.2085, 0.0042157
3366, 232.4554, 0.0043019
3367, 180.6326, 0.0055361
3368, 198.5112, 0.0050375
3369, 240.3557, 0.0041605
3370, 232.3906, 0.0043031
3371, 224.1248, 0.0044618
3372, 226.5313, 0.0044144
3373, 244.4151, 0.0040914
3374, 222.613, 0.0044921
3375, 205.0273, 0.0048774
3376, 232.6555, 0.0042982
3377, 282.0954, 0.0035449
3378, 233.94, 0.0042746
3379, 275.3001, 0.0036324
3380, 240.1249, 0.0041645
3381, 227.8839, 0.0043882
3382, 227.9202, 0.0043875
3383, 223.0251, 0.0044838
3384, 124.5377, 0.0080297
3385, 126.8424, 0.0078838
3386, 192.478, 0.0051954
3387, 224.6686, 0.004451
3388, 208.4897, 0.0047964
3389, 222.0594, 0.0045033
3390, 228.8172, 0.0043703
3391, 232.569, 0.0042998
3392, 223.0301, 0.0044837
3393, 194.7837, 0.0051339
3394, 192.4298, 0.0051967
3395, 176.6816, 0.0056599
3396, 185.739, 0.0053839
3397, 202.1182, 0.0049476
3398, 192.8083, 0.0051865
3399, 206.6585, 0.0048389
3400, 232.7693, 0.0042961
3401, 228.922, 0.0043683
3402, 210.084, 0.00476
3403, 237.4451, 0.0042115
3404, 240.1883, 0.0041634
3405, 240.3095, 0.0041613
3406, 187.2729, 0.0053398
3407, 29.30472, 0.0341242
3408, 208.2769, 0.0048013
3409, 179.0318, 0.0055856
3410, 193.7083, 0.0051624
3411, 201.1668, 0.004971
3412, 176.0532, 0.0056801
3413, 192.8306, 0.0051859
3414, 166.7334, 0.0059976
3415, 183.5738, 0.0054474
3416, 142.0334, 0.0070406
3417, 159.0027, 0.0062892
3418, 219.3415, 0.0045591
3419, 181.2744, 0.0055165
3420, 214.3026, 0.0046663
3421, 212.6755, 0.004702
3422, 132.3609, 0.0075551
3423, 174.4805, 0.0057313
3424, 218.4694, 0.0045773
3425, 231.8518, 0.0043131
3426, 214.0273, 0.0046723
3427, 252.9468, 0.0039534
3428, 260.1321, 0.0038442
3429, 250.9221, 0.0039853
3430, 256.2788, 0.003902
3431, 253.2992, 0.0039479
3432, 271.3042, 0.0036859
3433, 260.0983, 0.0038447
3434, 236.1052, 0.0042354
3435, 266.2974, 0.0037552
3436, 96.58382, 0.0103537
3437, 148.978, 0.0067124
3438, 142.7491, 0.0070053
3439, 81.20047, 0.0123152
3440, 225.1796, 0.0044409
3441, 202.11, 0.0049478
3442, 241.0394, 0.0041487
3443, 287.2573, 0.0034812
3444, 230.9149, 0.0043306
3445, 223.5336, 0.0044736
3446, 226.2648, 0.0044196
3447, 262.7776, 0.0038055
3448, 222.0742, 0.004503
3449, 267.9672, 0.0037318
3450, 223.6186, 0.0044719
3451, 267.1368, 0.0037434
3452, 266.3258, 0.0037548
3453, 267.0227, 0.003745
3454, 280.9857, 0.0035589
3455, 241.7678, 0.0041362
3456, 260.6407, 0.0038367
3457, 254.6279, 0.0039273
3458, 234.5436, 0.0042636
3459, 245.11, 0.0040798
3460, 253.0941, 0.0039511
3461, 214.9659, 0.0046519
3462, 233.1437, 0.0042892
3463, 219.4234, 0.0045574
3464, 233.7814, 0.0042775
3465, 219.1589, 0.0045629
3466, 242.037, 0.0041316
3467, 233.0948, 0.0042901
3468, 229.2579, 0.0043619
3469, 269.9565, 0.0037043
3470, 261.8418, 0.0038191
3471, 219.7223, 0.0045512
3472, 257.2016, 0.003888
3473, 270.8266, 0.0036924
3474, 239.6185, 0.0041733
3475, 278.6913, 0.0035882
3476, 247.7148, 0.0040369
3477, 283.4547, 0.0035279
3478, 265.1816, 0.003771
3479, 233.1926, 0.0042883
3480, 276.6864, 0.0036142
3481, 235.8546, 0.0042399
3482, 258.7992, 0.003864
3483, 201.4464, 0.0049641
3484, 275.9306, 0.0036241
3485, 233.6612, 0.0042797
3486, 208.4115, 0.0047982
3487, 228.2167, 0.0043818
3488, 168.0023, 0.0059523
3489, 192.8789, 0.0051846
3490, 292.9888, 0.0034131
3491, 293.1606, 0.0034111
3492, 283.3985, 0.0035286
3493, 270.8779, 0.0036917
3494, 254.7511, 0.0039254
3495, 276.3652, 0.0036184
3496, 285.6979, 0.0035002
3497, 276.6175, 0.0036151
3498, 269.2877, 0.0037135
3499, 290.5034, 0.0034423
3500, 280.8831, 0.0035602
3501, 299.4909, 0.003339
3502, 286.7877, 0.0034869
3503, 274.0477, 0.003649
3504, 286.1067, 0.0034952
3505, 84.55015, 0.0118273
3506, 105.4441, 0.0094837
3507, 197.82, 0.0050551
3508, 269.6726, 0.0037082
3509, 290.571, 0.0034415
3510, 281.4127, 0.0035535
3511, 280.1827, 0.0035691
3512, 265.4069, 0.0037678
3513, 282.3742, 0.0035414
3514, 290.5119, 0.0034422
3515, 272.9109, 0.0036642
3516, 288.334, 0.0034682
3517, 263.0956, 0.0038009
3518, 195.0649, 0.0051265
3519, 272.5464, 0.0036691
3520, 287.4554, 0.0034788
3521, 275.7328, 0.0036267
3522, 280.1434, 0.0035696
3523, 254.8225, 0.0039243
3524, 288.3423, 0.0034681
3525, 289.7795, 0.0034509
3526, 259.0674, 0.00386
3527, 31.81157, 0.0314351
