Frame, FPS, Frame Time
1, 50, 0.02
2, 50, 0.02
3, 3, 0.3333333
4, 5.555861, 0.1799901
5, 84.86011, 0.0117841
6, 98.00943, 0.0102031
7, 71.78648, 0.0139302
8, 72.13186, 0.0138635
9, 72.73257, 0.013749
10, 72.15528, 0.013859
11, 70.98038, 0.0140884
12, 72.63905, 0.0137667
13, 71.0303, 0.0140785
14, 72.28254, 0.0138346
15, 72.68076, 0.0137588
16, 70.25876, 0.0142331
17, 71.9352, 0.0139014
18, 73.62849, 0.0135817
19, 72.24755, 0.0138413
20, 71.22761, 0.0140395
21, 72.04663, 0.0138799
22, 71.46839, 0.0139922
23, 71.85818, 0.0139163
24, 71.73602, 0.01394
25, 69.72479, 0.0143421
26, 70.25975, 0.0142329
27, 73.48727, 0.0136078
28, 18.09283, 0.0552705
29, 67.81224, 0.0147466
30, 76.49705, 0.0130724
31, 71.7355, 0.0139401
32, 71.90726, 0.0139068
33, 72.11157, 0.0138674
34, 71.1015, 0.0140644
35, 71.52155, 0.0139818
36, 72.79874, 0.0137365
37, 71.40919, 0.0140038
38, 72.01913, 0.0138852
39, 72.23868, 0.013843
40, 71.35925, 0.0140136
41, 71.61324, 0.0139639
42, 35.98313, 0.0277908
43, 71.04846, 0.0140749
44, 72.40501, 0.0138112
45, 71.3995, 0.0140057
46, 71.81999, 0.0139237
47, 71.46328, 0.0139932
48, 72.35785, 0.0138202
49, 71.84166, 0.0139195
50, 71.75609, 0.0139361
51, 71.65839, 0.0139551
52, 49.97976, 0.0200081
53, 69.62576, 0.0143625
54, 14.54662, 0.0687445
55, 83.58269, 0.0119642
56, 75.08691, 0.0133179
57, 17.75603, 0.0563189
58, 63.65129, 0.0157106
59, 67.95786, 0.014715
60, 70.94664, 0.0140951
61, 70.1341, 0.0142584
62, 70.97534, 0.0140894
63, 70.64941, 0.0141544
64, 71.00356, 0.0140838
65, 71.23116, 0.0140388
66, 70.67138, 0.01415
67, 71.31294, 0.0140227
68, 72.76591, 0.0137427
69, 70.98794, 0.0140869
70, 69.77734, 0.0143313
71, 71.5016, 0.0139857
72, 71.85973, 0.013916
73, 71.6512, 0.0139565
74, 72.77068, 0.0137418
75, 71.09948, 0.0140648
76, 73.78277, 0.0135533
77, 70.40766, 0.014203
78, 70.71786, 0.0141407
79, 73.01295, 0.0136962
80, 70.83356, 0.0141176
81, 36.583, 0.0273351
82, 69.86411, 0.0143135
83, 71.77875, 0.0139317
84, 73.05936, 0.0136875
85, 70.91293, 0.0141018
86, 72.1381, 0.0138623
87, 71.55225, 0.0139758
88, 71.88039, 0.013912
89, 70.18037, 0.014249
90, 71.25095, 0.0140349
91, 71.16931, 0.014051
92, 72.27366, 0.0138363
93, 70.29235, 0.0142263
94, 72.51106, 0.013791
95, 72.15736, 0.0138586
96, 72.95489, 0.0137071
97, 70.81802, 0.0141207
98, 73.23432, 0.0136548
99, 73.22306, 0.0136569
100, 72.07883, 0.0138737
101, 70.44089, 0.0141963
102, 71.78082, 0.0139313
103, 72.54472, 0.0137846
104, 71.14957, 0.0140549
105, 70.94865, 0.0140947
106, 72.92191, 0.0137133
107, 67.80856, 0.0147474
108, 71.93106, 0.0139022
109, 22.79743, 0.0438646
110, 81.67199, 0.0122441
111, 74.494, 0.0134239
112, 70.36604, 0.0142114
113, 68.9717, 0.0144987
114, 78.63985, 0.0127162
115, 72.82048, 0.0137324
116, 71.51899, 0.0139823
117, 70.88378, 0.0141076
118, 69.23099, 0.0144444
119, 76.15334, 0.0131314
120, 71.29617, 0.014026
121, 71.70155, 0.0139467
122, 71.28092, 0.014029
123, 71.7803, 0.0139314
124, 72.1459, 0.0138608
125, 71.55788, 0.0139747
126, 36.02656, 0.0277573
127, 70.9693, 0.0140906
128, 71.70772, 0.0139455
129, 72.13186, 0.0138635
130, 72.22302, 0.013846
131, 71.50979, 0.0139841
132, 71.55276, 0.0139757
133, 72.3432, 0.013823
134, 71.68922, 0.0139491
135, 70.54127, 0.0141761
136, 72.20842, 0.0138488
137, 72.6248, 0.0137694
138, 71.69332, 0.0139483
139, 71.83959, 0.0139199
140, 71.91089, 0.0139061
141, 71.80968, 0.0139257
142, 70.91796, 0.0141008
143, 72.7569, 0.0137444
144, 4.751976, 0.2104388
145, 72.73415, 0.0137487
146, 68.90659, 0.0145124
147, 73.13256, 0.0136738
148, 75.66471, 0.0132162
149, 76.06529, 0.0131466
150, 68.99168, 0.0144945
151, 74.28096, 0.0134624
152, 70.95067, 0.0140943
153, 69.21086, 0.0144486
154, 71.44592, 0.0139966
155, 73.47809, 0.0136095
156, 67.10464, 0.0149021
157, 79.93349, 0.0125104
158, 71.15159, 0.0140545
159, 74.50011, 0.0134228
160, 71.55994, 0.0139743
161, 71.8556, 0.0139168
162, 71.61118, 0.0139643
163, 71.59273, 0.0139679
164, 72.13342, 0.0138632
165, 70.89986, 0.0141044
166, 71.88245, 0.0139116
167, 72.54472, 0.0137846
168, 70.95973, 0.0140925
169, 72.36204, 0.0138194
170, 71.43367, 0.013999
171, 72.19956, 0.0138505
172, 71.5149, 0.0139831
173, 71.86128, 0.0139157
174, 71.39236, 0.0140071
175, 71.08938, 0.0140668
176, 72.84276, 0.0137282
177, 71.62452, 0.0139617
178, 71.88297, 0.0139115
179, 71.40868, 0.0140039
180, 72.12354, 0.0138651
181, 70.78794, 0.0141267
182, 73.33153, 0.0136367
183, 71.53946, 0.0139783
184, 71.78854, 0.0139298
185, 71.4689, 0.0139921
186, 72.5563, 0.0137824
187, 69.58119, 0.0143717
188, 73.44949, 0.0136148
189, 71.71646, 0.0139438
190, 72.27992, 0.0138351
191, 72.07831, 0.0138738
192, 70.73036, 0.0141382
193, 71.75352, 0.0139366
194, 72.65699, 0.0137633
195, 72.07363, 0.0138747
196, 71.60554, 0.0139654
197, 72.02795, 0.0138835
198, 71.70927, 0.0139452
199, 70.14935, 0.0142553
200, 73.33852, 0.0136354
201, 72.31285, 0.0138288
202, 71.60503, 0.0139655
203, 71.184, 0.0140481
204, 71.75866, 0.0139356
205, 70.75689, 0.0141329
206, 73.70283, 0.013568
207, 71.76845, 0.0139337
208, 71.24232, 0.0140366
209, 72.07156, 0.0138751
210, 70.89935, 0.0141045
211, 71.69127, 0.0139487
212, 72.42493, 0.0138074
213, 72.19382, 0.0138516
214, 71.58196, 0.01397
215, 71.04947, 0.0140747
216, 72.54314, 0.0137849
217, 71.15614, 0.0140536
218, 71.82102, 0.0139235
219, 72.40291, 0.0138116
220, 72.04922, 0.0138794
221, 71.34805, 0.0140158
222, 72.65858, 0.013763
223, 70.91746, 0.0141009
224, 71.9585, 0.0138969
225, 71.51541, 0.013983
226, 72.27261, 0.0138365
227, 71.59068, 0.0139683
228, 72.00047, 0.0138888
229, 71.17336, 0.0140502
230, 71.45409, 0.013995
231, 73.55051, 0.0135961
232, 70.73087, 0.0141381
233, 72.37199, 0.0138175
234, 70.96729, 0.014091
235, 72.32227, 0.013827
236, 71.40205, 0.0140052
237, 72.31024, 0.0138293
238, 67.02952, 0.0149188
239, 76.61074, 0.013053
240, 72.43385, 0.0138057
241, 71.23674, 0.0140377
242, 72.80935, 0.0137345
243, 70.00203, 0.0142853
244, 72.92138, 0.0137134
245, 72.26687, 0.0138376
246, 70.66689, 0.0141509
247, 70.78794, 0.0141267
248, 73.12935, 0.0136744
249, 70.67987, 0.0141483
250, 73.70337, 0.0135679
251, 71.41684, 0.0140023
252, 71.25552, 0.014034
253, 72.39137, 0.0138138
254, 70.91394, 0.0141016
255, 72.38037, 0.0138159
256, 71.38013, 0.0140095
257, 72.66756, 0.0137613
258, 70.27505, 0.0142298
259, 72.66122, 0.0137625
260, 71.15311, 0.0140542
261, 73.00389, 0.0136979
262, 70.86871, 0.0141106
263, 73.04549, 0.0136901
264, 69.75835, 0.0143352
265, 73.34551, 0.0136341
266, 72.54999, 0.0137836
267, 72.28045, 0.013835
268, 69.30391, 0.0144292
269, 73.65614, 0.0135766
270, 71.94296, 0.0138999
271, 71.4352, 0.0139987
272, 71.12426, 0.0140599
273, 72.68076, 0.0137588
274, 72.01861, 0.0138853
275, 71.92175, 0.013904
276, 70.49998, 0.0141844
277, 72.90755, 0.013716
278, 70.47018, 0.0141904
279, 72.63536, 0.0137674
280, 72.63377, 0.0137677
281, 71.5876, 0.0139689
282, 72.16986, 0.0138562
283, 71.46992, 0.0139919
284, 71.62195, 0.0139622
285, 69.00835, 0.014491
286, 72.14383, 0.0138612
287, 74.41306, 0.0134385
288, 71.804, 0.0139268
289, 70.95973, 0.0140925
290, 72.90118, 0.0137172
291, 71.10201, 0.0140643
292, 70.97736, 0.014089
293, 73.45866, 0.0136131
294, 71.64504, 0.0139577
295, 71.99632, 0.0138896
296, 70.63344, 0.0141576
297, 73.1069, 0.0136786
298, 71.40358, 0.0140049
299, 69.64855, 0.0143578
300, 74.17352, 0.0134819
301, 71.59221, 0.013968
302, 71.57069, 0.0139722
303, 71.89072, 0.01391
304, 71.97662, 0.0138934
305, 69.21804, 0.0144471
306, 71.12628, 0.0140595
307, 72.1558, 0.0138589
308, 70.79245, 0.0141258
309, 70.82304, 0.0141197
310, 71.67842, 0.0139512
311, 71.67893, 0.0139511
312, 74.16747, 0.013483
313, 72.16778, 0.0138566
314, 70.17741, 0.0142496
315, 73.50076, 0.0136053
316, 71.71903, 0.0139433
317, 72.2392, 0.0138429
318, 71.24181, 0.0140367
319, 72.22198, 0.0138462
320, 70.45975, 0.0141925
321, 67.79478, 0.0147504
322, 74.14217, 0.0134876
323, 74.33231, 0.0134531
324, 71.67226, 0.0139524
325, 68.78904, 0.0145372
326, 72.36414, 0.013819
327, 74.35331, 0.0134493
328, 72.38142, 0.0138157
329, 71.28244, 0.0140287
330, 66.21684, 0.0151019
331, 71.97041, 0.0138946
332, 76.40237, 0.0130886
333, 73.10796, 0.0136784
334, 70.90791, 0.0141028
335, 72.25225, 0.0138404
336, 71.58196, 0.01397
337, 73.4959, 0.0136062
338, 68.49081, 0.0146005
339, 76.23288, 0.0131177
340, 71.45306, 0.0139952
341, 71.43163, 0.0139994
342, 70.87524, 0.0141093
343, 73.18501, 0.013664
344, 71.20935, 0.0140431
345, 70.91042, 0.0141023
346, 73.50185, 0.0136051
347, 71.22, 0.014041
348, 71.22761, 0.0140395
349, 71.6923, 0.0139485
350, 71.76896, 0.0139336
351, 72.16933, 0.0138563
352, 71.67226, 0.0139524
353, 68.26171, 0.0146495
354, 76.17307, 0.013128
355, 72.18132, 0.013854
356, 71.25908, 0.0140333
357, 71.96004, 0.0138966
358, 71.63375, 0.0139599
359, 72.09805, 0.01387
360, 70.11, 0.0142633
361, 74.07188, 0.0135004
362, 70.98844, 0.0140868
363, 74.83742, 0.0133623
364, 71.44031, 0.0139977
365, 72.77385, 0.0137412
366, 71.74991, 0.0139373
367, 71.07472, 0.0140697
368, 71.59785, 0.0139669
369, 60.74485, 0.0164623
370, 90.36526, 0.0110662
371, 68.2701, 0.0146477
372, 74.2793, 0.0134627
373, 68.50488, 0.0145975
374, 76.49236, 0.0130732
375, 70.71886, 0.0141405
376, 72.38142, 0.0138157
377, 71.70618, 0.0139458
378, 71.63324, 0.01396
379, 71.94659, 0.0138992
380, 71.89951, 0.0139083
381, 71.21696, 0.0140416
382, 72.18757, 0.0138528
383, 70.49899, 0.0141846
384, 73.36811, 0.0136299
385, 71.75352, 0.0139366
386, 71.74476, 0.0139383
387, 71.63324, 0.01396
388, 72.10326, 0.013869
389, 71.80761, 0.0139261
390, 71.68562, 0.0139498
391, 72.24702, 0.0138414
392, 71.59119, 0.0139682
393, 71.02273, 0.01408
394, 71.70309, 0.0139464
395, 73.2488, 0.0136521
396, 68.45892, 0.0146073
397, 72.03313, 0.0138825
398, 71.73962, 0.0139393
399, 69.98635, 0.0142885
400, 76.66654, 0.0130435
401, 69.44878, 0.0143991
402, 71.70875, 0.0139453
403, 72.12926, 0.013864
404, 73.40204, 0.0136236
405, 72.45064, 0.0138025
406, 66.57745, 0.0150201
407, 76.31432, 0.0131037
408, 70.96527, 0.0140914
409, 74.77083, 0.0133742
410, 71.25552, 0.014034
411, 72.09545, 0.0138705
412, 71.85457, 0.013917
413, 72.13081, 0.0138637
414, 71.63426, 0.0139598
415, 72.24807, 0.0138412
416, 71.69846, 0.0139473
417, 70.90087, 0.0141042
418, 73.18608, 0.0136638
419, 71.26466, 0.0140322
420, 72.07935, 0.0138736
421, 71.81741, 0.0139242
422, 71.60452, 0.0139656
423, 70.44883, 0.0141947
424, 73.17698, 0.0136655
425, 66.8476, 0.0149594
426, 74.84862, 0.0133603
427, 68.22166, 0.0146581
428, 75.20889, 0.0132963
429, 74.71999, 0.0133833
430, 72.07675, 0.0138741
431, 72.24911, 0.013841
432, 71.15007, 0.0140548
433, 72.22094, 0.0138464
434, 71.54867, 0.0139765
435, 70.4677, 0.0141909
436, 73.91529, 0.013529
437, 71.66866, 0.0139531
438, 71.61734, 0.0139631
439, 70.38189, 0.0142082
440, 73.35035, 0.0136332
441, 70.74437, 0.0141354
442, 73.28208, 0.0136459
443, 70.45677, 0.0141931
444, 72.8348, 0.0137297
445, 71.90365, 0.0139075
446, 71.2794, 0.0140293
447, 71.85973, 0.013916
448, 71.44847, 0.0139961
449, 72.77491, 0.013741
450, 71.66815, 0.0139532
451, 71.32871, 0.0140196
452, 71.12426, 0.0140599
453, 71.5011, 0.0139858
454, 73.17698, 0.0136655
455, 71.78184, 0.0139311
456, 72.0513, 0.013879
457, 71.19312, 0.0140463
458, 72.59528, 0.013775
459, 69.86802, 0.0143127
460, 70.46471, 0.0141915
461, 71.26923, 0.0140313
462, 75.32844, 0.0132752
463, 69.9795, 0.0142899
464, 74.50565, 0.0134218
465, 71.26822, 0.0140315
466, 72.62798, 0.0137688
467, 71.93003, 0.0139024
468, 70.99147, 0.0140862
469, 72.59528, 0.013775
470, 70.58308, 0.0141677
471, 72.91978, 0.0137137
472, 71.31142, 0.014023
473, 72.52631, 0.0137881
474, 71.22102, 0.0140408
475, 72.50265, 0.0137926
476, 71.07573, 0.0140695
477, 70.17002, 0.0142511
478, 74.15647, 0.013485
479, 71.89331, 0.0139095
480, 70.6534, 0.0141536
481, 72.70084, 0.013755
482, 71.97766, 0.0138932
483, 71.67072, 0.0139527
484, 71.50314, 0.0139854
485, 71.86903, 0.0139142
486, 71.75609, 0.0139361
487, 71.49496, 0.013987
488, 71.45869, 0.0139941
489, 72.4706, 0.0137987
490, 72.18653, 0.013853
491, 72.00513, 0.0138879
492, 71.2058, 0.0140438
493, 71.5584, 0.0139746
494, 72.41496, 0.0138093
495, 71.6887, 0.0139492
496, 71.19059, 0.0140468
497, 72.63483, 0.0137675
498, 71.28701, 0.0140278
499, 71.41939, 0.0140018
500, 72.81253, 0.0137339
501, 71.63119, 0.0139604
502, 72.32488, 0.0138265
503, 71.93054, 0.0139023
504, 71.04947, 0.0140747
505, 72.55683, 0.0137823
506, 71.50877, 0.0139843
507, 71.49445, 0.0139871
508, 72.1459, 0.0138608
509, 72.47375, 0.0137981
510, 71.28397, 0.0140284
511, 72.35104, 0.0138215
512, 71.19009, 0.0140469
513, 72.35576, 0.0138206
514, 71.90572, 0.0139071
515, 71.98025, 0.0138927
516, 71.09797, 0.0140651
517, 70.83809, 0.0141167
518, 73.05189, 0.0136889
519, 71.89641, 0.0139089
520, 71.4827, 0.0139894
521, 71.88556, 0.013911
522, 71.85973, 0.013916
523, 71.62195, 0.0139622
524, 71.9932, 0.0138902
525, 71.22406, 0.0140402
526, 72.02276, 0.0138845
527, 72.13238, 0.0138634
528, 71.18907, 0.0140471
529, 72.49319, 0.0137944
530, 71.61836, 0.0139629
531, 71.86386, 0.0139152
532, 71.5149, 0.0139831
533, 72.1329, 0.0138633
534, 71.78802, 0.0139299
535, 72.19591, 0.0138512
536, 71.46635, 0.0139926
537, 71.87264, 0.0139135
538, 70.51888, 0.0141806
539, 73.39288, 0.0136253
540, 71.1445, 0.0140559
541, 72.80723, 0.0137349
542, 71.81019, 0.0139256
543, 71.65172, 0.0139564
544, 70.12868, 0.0142595
545, 72.91287, 0.013715
546, 72.42074, 0.0138082
547, 71.7566, 0.013936
548, 70.13754, 0.0142577
549, 73.65234, 0.0135773
550, 72.07311, 0.0138748
551, 71.72058, 0.013943
552, 71.72829, 0.0139415
553, 72.65013, 0.0137646
554, 71.9989, 0.0138891
555, 71.59939, 0.0139666
556, 69.70682, 0.0143458
557, 73.45541, 0.0136137
558, 72.31129, 0.0138291
559, 71.50979, 0.0139841
560, 71.68768, 0.0139494
561, 72.06688, 0.013876
562, 70.9698, 0.0140905
563, 73.07431, 0.0136847
564, 71.10504, 0.0140637
565, 72.10273, 0.0138691
566, 71.68613, 0.0139497
567, 71.76021, 0.0139353
568, 70.50446, 0.0141835
569, 73.53049, 0.0135998
570, 72.3186, 0.0138277
571, 70.84511, 0.0141153
572, 71.4924, 0.0139875
573, 72.08402, 0.0138727
574, 72.07103, 0.0138752
575, 71.50979, 0.0139841
576, 72.33169, 0.0138252
577, 71.63888, 0.0139589
578, 71.60861, 0.0139648
579, 70.7674, 0.0141308
580, 72.03832, 0.0138815
581, 73.19519, 0.0136621
582, 72.15736, 0.0138586
583, 70.79846, 0.0141246
584, 71.83237, 0.0139213
585, 71.82979, 0.0139218
586, 71.9901, 0.0138908
587, 72.68182, 0.0137586
588, 71.10959, 0.0140628
589, 72.30658, 0.01383
590, 71.33889, 0.0140176
591, 72.50002, 0.0137931
592, 69.93741, 0.0142985
593, 73.32615, 0.0136377
594, 71.96212, 0.0138962
595, 71.70103, 0.0139468
596, 69.94034, 0.0142979
597, 73.86015, 0.0135391
598, 69.03741, 0.0144849
599, 74.85142, 0.0133598
600, 71.74271, 0.0139387
601, 71.87316, 0.0139134
602, 72.2559, 0.0138397
603, 71.33125, 0.0140191
604, 70.86921, 0.0141105
605, 72.71722, 0.0137519
606, 71.12477, 0.0140598
607, 71.868, 0.0139144
608, 72.87302, 0.0137225
609, 67.46545, 0.0148224
610, 75.39375, 0.0132637
611, 73.34874, 0.0136335
612, 66.75478, 0.0149802
613, 77.22545, 0.0129491
614, 71.44286, 0.0139972
615, 71.39899, 0.0140058
616, 71.34093, 0.0140172
617, 72.37566, 0.0138168
618, 72.45326, 0.013802
619, 72.20477, 0.0138495
620, 71.35059, 0.0140153
621, 71.93365, 0.0139017
622, 71.58094, 0.0139702
623, 71.4398, 0.0139978
624, 71.42245, 0.0140012
625, 72.72939, 0.0137496
626, 73.12293, 0.0136756
627, 71.43674, 0.0139984
628, 70.47315, 0.0141898
629, 72.52, 0.0137893
630, 72.12717, 0.0138644
631, 71.74116, 0.013939
632, 68.47439, 0.014604
633, 75.39431, 0.0132636
634, 69.10277, 0.0144712
635, 75.1908, 0.0132995
636, 70.67987, 0.0141483
637, 72.71564, 0.0137522
638, 72.17715, 0.0138548
639, 71.08735, 0.0140672
640, 70.52037, 0.0141803
641, 69.87681, 0.0143109
642, 75.72144, 0.0132063
643, 71.40868, 0.0140039
644, 72.19122, 0.0138521
645, 72.34843, 0.013822
646, 68.72191, 0.0145514
647, 73.82089, 0.0135463
648, 72.27784, 0.0138355
649, 71.98958, 0.0138909
650, 70.97887, 0.0140887
651, 72.48636, 0.0137957
652, 72.16465, 0.0138572
653, 72.61795, 0.0137707
654, 71.26009, 0.0140331
655, 71.93675, 0.0139011
656, 70.12131, 0.014261
657, 73.21555, 0.0136583
658, 72.05234, 0.0138788
659, 71.62554, 0.0139615
660, 70.4672, 0.014191
661, 73.09888, 0.0136801
662, 71.80607, 0.0139264
663, 71.98129, 0.0138925
664, 71.45103, 0.0139956
665, 72.09077, 0.0138714
666, 72.30815, 0.0138297
667, 71.19515, 0.0140459
668, 71.32566, 0.0140202
669, 72.75267, 0.0137452
670, 70.80097, 0.0141241
671, 72.58949, 0.0137761
672, 72.08922, 0.0138717
673, 72.35629, 0.0138205
674, 71.34398, 0.0140166
675, 71.81123, 0.0139254
676, 71.52922, 0.0139803
677, 72.32436, 0.0138266
678, 72.14383, 0.0138612
679, 71.16576, 0.0140517
680, 71.90054, 0.0139081
681, 72.10897, 0.0138679
682, 71.23624, 0.0140378
683, 71.55225, 0.0139758
684, 72.27418, 0.0138362
685, 72.31077, 0.0138292
686, 71.79369, 0.0139288
687, 71.60041, 0.0139664
688, 71.43571, 0.0139986
689, 71.99787, 0.0138893
690, 72.12562, 0.0138647
691, 71.74374, 0.0139385
692, 71.74888, 0.0139375
693, 71.63375, 0.0139599
694, 71.46584, 0.0139927
695, 71.90985, 0.0139063
696, 71.91761, 0.0139048
697, 72.32488, 0.0138265
698, 71.82463, 0.0139228
699, 70.80147, 0.014124
700, 72.75214, 0.0137453
701, 72.15163, 0.0138597
702, 71.72778, 0.0139416
703, 72.08454, 0.0138726
704, 70.75989, 0.0141323
705, 71.78905, 0.0139297
706, 72.19331, 0.0138517
707, 71.18501, 0.0140479
708, 72.704, 0.0137544
709, 71.18501, 0.0140479
710, 71.69846, 0.0139473
711, 72.53526, 0.0137864
712, 71.24283, 0.0140365
713, 72.19747, 0.0138509
714, 71.85973, 0.013916
715, 72.02276, 0.0138845
716, 71.27583, 0.01403
717, 72.42336, 0.0138077
718, 71.88866, 0.0139104
719, 70.8883, 0.0141067
720, 73.25685, 0.0136506
721, 71.72675, 0.0139418
722, 71.5917, 0.0139681
723, 71.89331, 0.0139095
724, 70.93204, 0.014098
725, 72.16986, 0.0138562
726, 72.20321, 0.0138498
727, 71.74734, 0.0139378
728, 70.42651, 0.0141992
729, 71.95746, 0.0138971
730, 72.96713, 0.0137048
731, 71.60861, 0.0139648
732, 72.60899, 0.0137724
733, 72.3275, 0.013826
734, 70.54226, 0.0141759
735, 72.77808, 0.0137404
736, 71.72417, 0.0139423
737, 71.01163, 0.0140822
738, 72.22668, 0.0138453
739, 72.37408, 0.0138171
740, 70.71585, 0.0141411
741, 72.3788, 0.0138162
742, 71.62349, 0.0139619
743, 71.03282, 0.014078
744, 72.98844, 0.0137008
745, 71.77772, 0.0139319
746, 71.65582, 0.0139556
747, 72.0565, 0.013878
748, 71.30786, 0.0140237
749, 71.39746, 0.0140061
750, 72.03002, 0.0138831
751, 73.05296, 0.0136887
752, 71.15716, 0.0140534
753, 72.71722, 0.0137519
754, 71.67226, 0.0139524
755, 71.27888, 0.0140294
756, 72.04819, 0.0138796
757, 71.43011, 0.0139997
758, 71.77566, 0.0139323
759, 72.1433, 0.0138613
760, 70.87373, 0.0141096
761, 72.15997, 0.0138581
762, 72.24181, 0.0138424
763, 72.0835, 0.0138728
764, 71.30125, 0.014025
765, 71.93623, 0.0139012
766, 71.71697, 0.0139437
767, 71.91813, 0.0139047
768, 70.44784, 0.0141949
769, 73.64095, 0.0135794
770, 71.34856, 0.0140157
771, 71.20732, 0.0140435
772, 73.07431, 0.0136847
773, 71.66096, 0.0139546
774, 71.81586, 0.0139245
775, 71.78442, 0.0139306
776, 71.67945, 0.013951
777, 71.94555, 0.0138994
778, 71.94348, 0.0138998
779, 71.49547, 0.0139869
780, 72.44067, 0.0138044
781, 72.42598, 0.0138072
782, 71.26974, 0.0140312
783, 71.86954, 0.0139141
784, 71.6199, 0.0139626
785, 72.22094, 0.0138464
786, 71.76845, 0.0139337
787, 72.01809, 0.0138854
788, 71.17184, 0.0140505
789, 72.37828, 0.0138163
790, 71.92692, 0.013903
791, 71.95229, 0.0138981
792, 71.52103, 0.0139819
793, 72.05545, 0.0138782
794, 71.28803, 0.0140276
795, 72.36571, 0.0138187
796, 71.09847, 0.014065
797, 71.75094, 0.0139371
798, 72.16726, 0.0138567
799, 71.1683, 0.0140512
800, 72.94798, 0.0137084
801, 71.95125, 0.0138983
802, 70.97786, 0.0140889
803, 72.13134, 0.0138636
804, 71.23775, 0.0140375
805, 73.10796, 0.0136784
806, 71.77978, 0.0139315
807, 71.96782, 0.0138951
808, 70.94362, 0.0140957
809, 72.81041, 0.0137343
810, 70.11246, 0.0142628
811, 73.39288, 0.0136253
812, 71.08836, 0.014067
813, 72.29195, 0.0138328
814, 72.07103, 0.0138752
815, 71.56966, 0.0139724
816, 70.67088, 0.0141501
817, 72.99696, 0.0136992
818, 71.53997, 0.0139782
819, 71.18958, 0.014047
820, 72.66544, 0.0137617
821, 72.39871, 0.0138124
822, 71.66199, 0.0139544
823, 72.16361, 0.0138574
824, 71.30125, 0.014025
825, 72.25329, 0.0138402
826, 70.95671, 0.0140931
827, 72.09026, 0.0138715
828, 72.01965, 0.0138851
829, 71.10757, 0.0140632
830, 72.6723, 0.0137604
831, 71.54919, 0.0139764
832, 71.80658, 0.0139263
833, 71.6199, 0.0139626
834, 71.44797, 0.0139962
835, 71.96989, 0.0138947
836, 72.00461, 0.013888
837, 71.9616, 0.0138963
838, 72.22772, 0.0138451
839, 71.29311, 0.0140266
840, 72.04248, 0.0138807
841, 71.99268, 0.0138903
842, 72.10793, 0.0138681
843, 71.77463, 0.0139325
844, 68.1654, 0.0146702
845, 72.49004, 0.013795
846, 69.66214, 0.014355
847, 74.2396, 0.0134699
848, 70.39825, 0.0142049
849, 72.9267, 0.0137124
850, 72.12614, 0.0138646
851, 72.36204, 0.0138194
852, 73.90218, 0.0135314
853, 72.26164, 0.0138386
854, 71.14653, 0.0140555
855, 72.71088, 0.0137531
856, 71.03333, 0.0140779
857, 72.73203, 0.0137491
858, 70.74437, 0.0141354
859, 72.8539, 0.0137261
860, 72.13186, 0.0138635
861, 71.65326, 0.0139561
862, 71.60297, 0.0139659
863, 71.77205, 0.013933
864, 71.38931, 0.0140077
865, 72.10065, 0.0138695
866, 72.03158, 0.0138828
867, 71.48014, 0.0139899
868, 71.61426, 0.0139637
869, 72.30292, 0.0138307
870, 70.97534, 0.0140894
871, 72.88311, 0.0137206
872, 71.26771, 0.0140316
873, 72.02068, 0.0138849
874, 71.69692, 0.0139476
875, 71.79678, 0.0139282
876, 71.17793, 0.0140493
877, 72.76591, 0.0137427
878, 71.14602, 0.0140556
879, 72.74579, 0.0137465
880, 71.5958, 0.0139673
881, 71.49802, 0.0139864
882, 71.26162, 0.0140328
883, 72.14851, 0.0138603
884, 72.48898, 0.0137952
885, 71.66404, 0.013954
886, 71.69332, 0.0139483
887, 72.00461, 0.013888
888, 70.17642, 0.0142498
889, 73.53482, 0.013599
890, 72.62058, 0.0137702
891, 71.33583, 0.0140182
892, 71.4592, 0.013994
893, 71.75918, 0.0139355
894, 71.43827, 0.0139981
895, 72.96021, 0.0137061
896, 71.73756, 0.0139397
897, 71.35212, 0.014015
898, 72.36047, 0.0138197
899, 71.78699, 0.0139301
900, 70.66539, 0.0141512
901, 73.4085, 0.0136224
902, 72.05338, 0.0138786
903, 71.32668, 0.01402
904, 71.09898, 0.0140649
905, 72.77861, 0.0137403
906, 70.63893, 0.0141565
907, 73.09888, 0.0136801
908, 70.90942, 0.0141025
909, 72.65224, 0.0137642
910, 71.17843, 0.0140492
911, 71.1759, 0.0140497
912, 71.69692, 0.0139476
913, 73.48402, 0.0136084
914, 71.29769, 0.0140257
915, 71.83289, 0.0139212
916, 71.50928, 0.0139842
917, 72.01809, 0.0138854
918, 70.41757, 0.014201
919, 73.37565, 0.0136285
920, 71.78184, 0.0139311
921, 71.72417, 0.0139423
922, 71.46737, 0.0139924
923, 72.12509, 0.0138648
924, 70.42253, 0.0142
925, 73.45541, 0.0136137
926, 72.15007, 0.01386
927, 72.39557, 0.013813
928, 70.70635, 0.014143
929, 72.61584, 0.0137711
930, 70.88277, 0.0141078
931, 71.40002, 0.0140056
932, 73.16039, 0.0136686
933, 71.23319, 0.0140384
934, 72.4748, 0.0137979
935, 72.21103, 0.0138483
936, 70.812, 0.0141219
937, 72.66914, 0.013761
938, 71.57274, 0.0139718
939, 72.18288, 0.0138537
940, 71.08685, 0.0140673
941, 72.64433, 0.0137657
942, 70.83307, 0.0141177
943, 70.64941, 0.0141544
944, 74.28648, 0.0134614
945, 71.81123, 0.0139254
946, 71.25857, 0.0140334
947, 71.76072, 0.0139352
948, 71.89693, 0.0139088
949, 71.39899, 0.0140058
950, 72.21989, 0.0138466
951, 71.55072, 0.0139761
952, 71.69281, 0.0139484
953, 72.01187, 0.0138866
954, 71.48525, 0.0139889
955, 70.70936, 0.0141424
956, 73.3111, 0.0136405
957, 71.93468, 0.0139015
958, 69.61219, 0.0143653
959, 73.57323, 0.0135919
960, 72.07207, 0.013875
961, 71.35009, 0.0140154
962, 71.44797, 0.0139962
963, 72.70665, 0.0137539
964, 71.56403, 0.0139735
965, 71.65223, 0.0139563
966, 72.70612, 0.013754
967, 71.29921, 0.0140254
968, 71.68665, 0.0139496
969, 72.2392, 0.0138429
970, 72.17194, 0.0138558
971, 71.3221, 0.0140209
972, 71.56557, 0.0139732
973, 71.45, 0.0139958
974, 72.93148, 0.0137115
975, 70.55818, 0.0141727
976, 73.648, 0.0135781
977, 70.89785, 0.0141048
978, 72.24702, 0.0138414
979, 72.27314, 0.0138364
980, 70.69886, 0.0141445
981, 71.81329, 0.013925
982, 72.44225, 0.0138041
983, 72.27522, 0.013836
984, 70.78193, 0.0141279
985, 71.144, 0.014056
986, 74.88786, 0.0133533
987, 71.5753, 0.0139713
988, 68.17422, 0.0146683
989, 71.64145, 0.0139584
990, 71.40154, 0.0140053
991, 71.11617, 0.0140615
992, 72.6702, 0.0137608
993, 70.44734, 0.014195
994, 71.13843, 0.0140571
995, 69.01168, 0.0144903
996, 75.48651, 0.0132474
997, 71.01819, 0.0140809
998, 73.57919, 0.0135908
999, 71.96368, 0.0138959
1000, 70.31557, 0.0142216
1001, 73.85633, 0.0135398
1002, 71.88918, 0.0139103
1003, 74.96926, 0.0133388
1004, 71.92692, 0.013903
1005, 72.00461, 0.013888
1006, 72.06168, 0.013877
1007, 71.65377, 0.013956
1008, 71.15969, 0.0140529
1009, 71.99061, 0.0138907
1010, 71.99061, 0.0138907
1011, 71.7463, 0.013938
1012, 71.71029, 0.013945
1013, 71.88504, 0.0139111
1014, 71.69127, 0.0139487
1015, 71.61067, 0.0139644
1016, 71.75969, 0.0139354
1017, 72.89426, 0.0137185
1018, 71.91968, 0.0139044
1019, 71.91141, 0.013906
1020, 71.6317, 0.0139603
1021, 71.82566, 0.0139226
1022, 71.81844, 0.013924
1023, 71.72778, 0.0139416
1024, 71.50211, 0.0139856
1025, 71.17843, 0.0140492
1026, 72.95489, 0.0137071
1027, 69.572, 0.0143736
1028, 67.40861, 0.0148349
1029, 79.4742, 0.0125827
1030, 71.43827, 0.0139981
1031, 68.70303, 0.0145554
1032, 75.16819, 0.0133035
1033, 71.78287, 0.0139309
1034, 71.95073, 0.0138984
1035, 71.85302, 0.0139173
1036, 71.868, 0.0139144
1037, 71.84218, 0.0139194
1038, 69.05553, 0.0144811
1039, 73.87052, 0.0135372
1040, 69.95502, 0.0142949
1041, 71.09998, 0.0140647
1042, 72.76855, 0.0137422
1043, 71.29617, 0.014026
1044, 72.05286, 0.0138787
1045, 74.25338, 0.0134674
1046, 71.92537, 0.0139033
1047, 72.27261, 0.0138365
1048, 69.2123, 0.0144483
1049, 74.47569, 0.0134272
1050, 72.394, 0.0138133
1051, 71.53127, 0.0139799
1052, 72.07519, 0.0138744
1053, 72.24285, 0.0138422
1054, 68.08743, 0.014687
1055, 74.9732, 0.0133381
1056, 72.52683, 0.013788
1057, 69.53909, 0.0143804
1058, 74.28096, 0.0134624
1059, 71.65274, 0.0139562
1060, 71.63477, 0.0139597
1061, 71.49138, 0.0139877
1062, 72.39243, 0.0138136
1063, 70.05745, 0.014274
1064, 73.45703, 0.0136134
1065, 71.76433, 0.0139345
1066, 71.88711, 0.0139107
1067, 72.10378, 0.0138689
1068, 71.07068, 0.0140705
1069, 71.84012, 0.0139198
1070, 72.10065, 0.0138695
1071, 71.55174, 0.0139759
1072, 71.99113, 0.0138906
1073, 72.01187, 0.0138866
1074, 71.64042, 0.0139586
1075, 70.2963, 0.0142255
1076, 73.80564, 0.0135491
1077, 71.82721, 0.0139223
1078, 71.81174, 0.0139253
1079, 71.30125, 0.014025
1080, 71.79678, 0.0139282
1081, 72.31285, 0.0138288
1082, 71.45358, 0.0139951
1083, 71.77669, 0.0139321
1084, 72.42966, 0.0138065
1085, 71.84373, 0.0139191
1086, 71.76227, 0.0139349
1087, 71.71852, 0.0139434
1088, 72.69186, 0.0137567
1089, 71.32311, 0.0140207
1090, 71.61118, 0.0139643
1091, 71.87626, 0.0139128
1092, 71.9673, 0.0138952
1093, 70.91444, 0.0141015
1094, 73.37188, 0.0136292
1095, 71.9052, 0.0139072
1096, 71.58811, 0.0139688
1097, 71.7319, 0.0139408
1098, 71.89124, 0.0139099
1099, 58.61218, 0.0170613
1100, 72.36466, 0.0138189
1101, 71.64145, 0.0139584
1102, 55.0061, 0.0181798
1103, 149.4322, 0.006692
1104, 71.36893, 0.0140117
1105, 70.13557, 0.0142581
1106, 74.23354, 0.013471
1107, 71.79266, 0.013929
1108, 71.34805, 0.0140158
1109, 71.70206, 0.0139466
1110, 71.92226, 0.0139039
1111, 72.22668, 0.0138453
1112, 71.22355, 0.0140403
1113, 71.91761, 0.0139048
1114, 71.55686, 0.0139749
1115, 71.64658, 0.0139574
1116, 72.87939, 0.0137213
1117, 71.14906, 0.014055
1118, 72.53789, 0.0137859
1119, 72.0461, 0.01388
1120, 72.08402, 0.0138727
1121, 71.91451, 0.0139054
1122, 71.93572, 0.0139013
1123, 69.99615, 0.0142865
1124, 74.02692, 0.0135086
1125, 71.22355, 0.0140403
1126, 72.33744, 0.0138241
1127, 71.46584, 0.0139927
1128, 71.39236, 0.0140071
1129, 72.22146, 0.0138463
1130, 71.73293, 0.0139406
1131, 71.89745, 0.0139087
1132, 71.12426, 0.0140599
1133, 72.71987, 0.0137514
1134, 71.05553, 0.0140735
1135, 71.91761, 0.0139048
1136, 71.27431, 0.0140303
1137, 73.2252, 0.0136565
1138, 71.41888, 0.0140019
1139, 71.77875, 0.0139317
1140, 71.78905, 0.0139297
1141, 71.89693, 0.0139088
1142, 71.45154, 0.0139955
1143, 72.00253, 0.0138884
1144, 71.91089, 0.0139061
1145, 70.69336, 0.0141456
1146, 73.30573, 0.0136415
1147, 70.66089, 0.0141521
1148, 72.64327, 0.0137659
1149, 71.74682, 0.0139379
1150, 72.37566, 0.0138168
1151, 71.50519, 0.013985
1152, 71.56966, 0.0139724
1153, 72.29769, 0.0138317
1154, 71.38574, 0.0140084
1155, 72.42126, 0.0138081
1156, 70.8421, 0.0141159
1157, 71.81741, 0.0139242
1158, 73.03695, 0.0136917
1159, 71.13944, 0.0140569
1160, 71.72881, 0.0139414
1161, 72.47952, 0.013797
1162, 72.28777, 0.0138336
1163, 71.49547, 0.0139869
1164, 71.53434, 0.0139793
1165, 70.9829, 0.0140879
1166, 72.48688, 0.0137956
1167, 70.48458, 0.0141875
1168, 73.95684, 0.0135214
1169, 71.79472, 0.0139286
1170, 71.85973, 0.013916
1171, 71.68253, 0.0139504
1172, 71.76124, 0.0139351
1173, 71.55994, 0.0139743
1174, 72.08922, 0.0138717
1175, 71.62708, 0.0139612
1176, 70.59804, 0.0141647
1177, 72.45642, 0.0138014
1178, 72.10793, 0.0138681
1179, 71.90675, 0.0139069
1180, 71.804, 0.0139268
1181, 71.24638, 0.0140358
1182, 72.45537, 0.0138016
1183, 71.51746, 0.0139826
1184, 71.38268, 0.014009
1185, 72.4454, 0.0138035
1186, 71.604, 0.0139657
1187, 71.97921, 0.0138929
1188, 71.26009, 0.0140331
1189, 72.33325, 0.0138249
1190, 71.64299, 0.0139581
1191, 71.82102, 0.0139235
1192, 71.93882, 0.0139007
1193, 72.0809, 0.0138733
1194, 71.84373, 0.0139191
1195, 71.6851, 0.0139499
1196, 70.64292, 0.0141557
1197, 73.25739, 0.0136505
1198, 72.02639, 0.0138838
1199, 70.81551, 0.0141212
1200, 72.18497, 0.0138533
1201, 72.17767, 0.0138547
1202, 71.44592, 0.0139966
1203, 72.28619, 0.0138339
1204, 71.49905, 0.0139862
1205, 71.84321, 0.0139192
1206, 72.18132, 0.013854
1207, 71.47401, 0.0139911
1208, 71.22203, 0.0140406
1209, 73.10049, 0.0136798
1210, 71.49854, 0.0139863
1211, 71.56557, 0.0139732
1212, 71.99113, 0.0138906
1213, 72.41129, 0.01381
1214, 71.49802, 0.0139864
1215, 71.20732, 0.0140435
1216, 73.04709, 0.0136898
1217, 71.5584, 0.0139746
1218, 71.71492, 0.0139441
1219, 70.96628, 0.0140912
1220, 70.73737, 0.0141368
1221, 73.94973, 0.0135227
1222, 71.42908, 0.0139999
1223, 72.20373, 0.0138497
1224, 71.16627, 0.0140516
1225, 71.9989, 0.0138891
1226, 71.18806, 0.0140473
1227, 73.20269, 0.0136607
1228, 71.973, 0.0138941
1229, 71.74734, 0.0139378
1230, 71.94659, 0.0138992
1231, 72.23241, 0.0138442
1232, 70.58109, 0.0141681
1233, 72.15476, 0.0138591
1234, 72.23972, 0.0138428
1235, 71.81174, 0.0139253
1236, 71.60861, 0.0139648
1237, 72.17351, 0.0138555
1238, 70.98138, 0.0140882
1239, 73.07751, 0.0136841
1240, 71.46481, 0.0139929
1241, 71.76793, 0.0139338
1242, 70.813, 0.0141217
1243, 72.6871, 0.0137576
1244, 70.72686, 0.0141389
1245, 74.1136, 0.0134928
1246, 71.79833, 0.0139279
1247, 71.31802, 0.0140217
1248, 71.22, 0.014041
1249, 72.38194, 0.0138156
1250, 71.24841, 0.0140354
1251, 72.10221, 0.0138692
1252, 71.92278, 0.0139038
1253, 71.0631, 0.014072
1254, 72.49739, 0.0137936
1255, 70.95067, 0.0140943
1256, 71.35263, 0.0140149
1257, 72.86824, 0.0137234
1258, 72.35733, 0.0138203
1259, 71.16222, 0.0140524
1260, 71.91968, 0.0139044
1261, 71.85767, 0.0139164
1262, 71.88711, 0.0139107
1263, 71.67431, 0.013952
1264, 70.61848, 0.0141606
1265, 72.20008, 0.0138504
1266, 73.16092, 0.0136685
1267, 71.63067, 0.0139605
1268, 71.56198, 0.0139739
1269, 71.93106, 0.0139022
1270, 71.57377, 0.0139716
1271, 71.91606, 0.0139051
1272, 71.88297, 0.0139115
1273, 71.85508, 0.0139169
1274, 71.71132, 0.0139448
1275, 70.63893, 0.0141565
1276, 73.14915, 0.0136707
1277, 71.82979, 0.0139218
1278, 72.0513, 0.013879
1279, 71.68613, 0.0139497
1280, 71.43674, 0.0139984
1281, 72.03521, 0.0138821
1282, 71.89435, 0.0139093
1283, 71.73653, 0.0139399
1284, 71.49956, 0.0139861
1285, 71.28651, 0.0140279
1286, 73.03855, 0.0136914
1287, 71.52666, 0.0139808
1288, 72.06116, 0.0138771
1289, 71.61528, 0.0139635
1290, 72.03625, 0.0138819
1291, 71.25248, 0.0140346
1292, 72.21468, 0.0138476
1293, 71.61528, 0.0139635
1294, 72.5079, 0.0137916
1295, 71.35416, 0.0140146
1296, 72.29404, 0.0138324
1297, 71.58094, 0.0139702
1298, 71.98335, 0.0138921
1299, 70.84561, 0.0141152
1300, 72.99643, 0.0136993
1301, 71.74734, 0.0139378
1302, 72.0461, 0.01388
1303, 72.03365, 0.0138824
1304, 71.13489, 0.0140578
1305, 72.58685, 0.0137766
1306, 71.90726, 0.0139068
1307, 71.97662, 0.0138934
1308, 71.01113, 0.0140823
1309, 72.2794, 0.0138352
1310, 71.10656, 0.0140634
1311, 72.64644, 0.0137653
1312, 72.04559, 0.0138801
1313, 71.59375, 0.0139677
1314, 70.56516, 0.0141713
1315, 72.8948, 0.0137184
1316, 71.5149, 0.0139831
1317, 72.23816, 0.0138431
1318, 70.23656, 0.0142376
1319, 72.81412, 0.0137336
1320, 71.88556, 0.013911
1321, 71.53997, 0.0139782
1322, 71.72726, 0.0139417
1323, 70.38239, 0.0142081
1324, 72.9501, 0.013708
1325, 72.59423, 0.0137752
1326, 70.85516, 0.0141133
1327, 72.49949, 0.0137932
1328, 72.22302, 0.013846
1329, 72.12978, 0.0138639
1330, 71.47554, 0.0139908
1331, 72.44697, 0.0138032
1332, 70.77341, 0.0141296
1333, 71.99994, 0.0138889
1334, 71.90985, 0.0139063
1335, 72.36728, 0.0138184
1336, 72.06429, 0.0138765
1337, 72.67125, 0.0137606
1338, 71.43214, 0.0139993
1339, 71.49751, 0.0139865
1340, 71.77617, 0.0139322
1341, 71.43163, 0.0139994
1342, 72.15632, 0.0138588
1343, 69.57925, 0.0143721
1344, 74.0472, 0.0135049
1345, 72.92085, 0.0137135
1346, 71.93003, 0.0139024
1347, 71.36536, 0.0140124
1348, 71.51081, 0.0139839
1349, 72.40029, 0.0138121
1350, 71.47707, 0.0139905
1351, 71.54662, 0.0139769
1352, 71.71183, 0.0139447
1353, 71.27888, 0.0140294
1354, 71.62503, 0.0139616
1355, 72.30919, 0.0138295
1356, 71.49445, 0.0139871
1357, 72.0461, 0.01388
1358, 71.72726, 0.0139417
1359, 70.41163, 0.0142022
1360, 73.26974, 0.0136482
1361, 72.52473, 0.0137884
1362, 71.48678, 0.0139886
1363, 70.42502, 0.0141995
1364, 72.35471, 0.0138208
1365, 71.52871, 0.0139804
1366, 73.27672, 0.0136469
1367, 71.58708, 0.013969
1368, 70.88981, 0.0141064
1369, 72.42178, 0.013808
1370, 72.05909, 0.0138775
1371, 70.31756, 0.0142212
1372, 72.9975, 0.0136991
1373, 72.27418, 0.0138362
1374, 71.70258, 0.0139465
1375, 71.81792, 0.0139241
1376, 71.62605, 0.0139614
1377, 71.05704, 0.0140732
1378, 73.5451, 0.0135971
1379, 71.50314, 0.0139854
1380, 71.68099, 0.0139507
1381, 72.0622, 0.0138769
1382, 69.87583, 0.0143111
1383, 71.7494, 0.0139374
1384, 71.286, 0.014028
1385, 71.15868, 0.0140531
1386, 73.95629, 0.0135215
1387, 72.74368, 0.0137469
1388, 71.93986, 0.0139005
1389, 70.84913, 0.0141145
1390, 72.91712, 0.0137142
1391, 71.74064, 0.0139391
1392, 70.67837, 0.0141486
1393, 72.93414, 0.013711
1394, 71.64196, 0.0139583
1395, 70.9401, 0.0140964
1396, 72.87196, 0.0137227
1397, 70.95369, 0.0140937
1398, 71.91864, 0.0139046
1399, 72.30449, 0.0138304
1400, 71.46635, 0.0139926
1401, 67.56528, 0.0148005
1402, 71.13489, 0.0140578
1403, 74.41418, 0.0134383
1404, 68.10272, 0.0146837
1405, 74.33508, 0.0134526
1406, 72.21207, 0.0138481
1407, 73.18341, 0.0136643
1408, 74.52398, 0.0134185
1409, 71.78751, 0.01393
1410, 69.45844, 0.0143971
1411, 71.59682, 0.0139671
1412, 70.39626, 0.0142053
1413, 72.69608, 0.0137559
1414, 72.60741, 0.0137727
1415, 69.65098, 0.0143573
1416, 73.27135, 0.0136479
1417, 71.04997, 0.0140746
1418, 71.60759, 0.013965
1419, 73.10316, 0.0136793
1420, 71.09847, 0.014065
1421, 72.87143, 0.0137228
1422, 71.5062, 0.0139848
1423, 69.91003, 0.0143041
1424, 72.44434, 0.0138037
1425, 73.76807, 0.013556
1426, 71.92072, 0.0139042
1427, 71.96316, 0.013896
1428, 70.82454, 0.0141194
1429, 72.3343, 0.0138247
1430, 68.73136, 0.0145494
1431, 75.83456, 0.0131866
1432, 70.45429, 0.0141936
1433, 64.61409, 0.0154765
1434, 63.97748, 0.0156305
1435, 79.68826, 0.0125489
1436, 72.19018, 0.0138523
1437, 83.61973, 0.0119589
1438, 71.89331, 0.0139095
1439, 71.81895, 0.0139239
1440, 71.45358, 0.0139951
1441, 61.97208, 0.0161363
1442, 82.2152, 0.0121632
1443, 66.66133, 0.0150012
1444, 66.60894, 0.015013
1445, 94.19744, 0.010616
1446, 71.53434, 0.0139793
1447, 72.46797, 0.0137992
1448, 70.92802, 0.0140988
1449, 71.76536, 0.0139343
1450, 71.96523, 0.0138956
1451, 68.74458, 0.0145466
1452, 70.0388, 0.0142778
1453, 64.53528, 0.0154954
1454, 84.95455, 0.011771
1455, 71.30277, 0.0140247
1456, 71.9616, 0.0138963
1457, 71.90726, 0.0139068
1458, 72.0238, 0.0138843
1459, 72.06999, 0.0138754
1460, 71.18857, 0.0140472
1461, 71.30938, 0.0140234
1462, 72.13186, 0.0138635
1463, 72.87355, 0.0137224
1464, 71.0313, 0.0140783
1465, 71.53793, 0.0139786
1466, 72.38561, 0.0138149
1467, 69.4001, 0.0144092
1468, 77.20994, 0.0129517
1469, 72.46639, 0.0137995
1470, 71.19617, 0.0140457
1471, 72.49581, 0.0137939
1472, 71.1192, 0.0140609
1473, 72.17611, 0.013855
1474, 71.9409, 0.0139003
1475, 71.14855, 0.0140551
1476, 72.80988, 0.0137344
1477, 71.71286, 0.0139445
1478, 72.04455, 0.0138803
1479, 71.79627, 0.0139283
1480, 71.24181, 0.0140367
1481, 71.45154, 0.0139955
1482, 72.45799, 0.0138011
1483, 71.66866, 0.0139531
1484, 69.53233, 0.0143818
1485, 70.72036, 0.0141402
1486, 70.40667, 0.0142032
1487, 74.95296, 0.0133417
1488, 70.01772, 0.0142821
1489, 62.95961, 0.0158832
1490, 82.93181, 0.0120581
1491, 73.70663, 0.0135673
1492, 70.52584, 0.0141792
1493, 72.81677, 0.0137331
1494, 72.30867, 0.0138296
1495, 71.44031, 0.0139977
1496, 74.44353, 0.013433
1497, 71.7391, 0.0139394
1498, 71.82825, 0.0139221
1499, 70.72086, 0.0141401
1500, 73.70881, 0.0135669
1501, 72.29613, 0.013832
1502, 71.7391, 0.0139394
1503, 71.63631, 0.0139594
1504, 70.93809, 0.0140968
1505, 73.2354, 0.0136546
1506, 71.55994, 0.0139743
1507, 71.87212, 0.0139136
1508, 71.30379, 0.0140245
1509, 72.4307, 0.0138063
1510, 70.24149, 0.0142366
1511, 73.62035, 0.0135832
1512, 68.86626, 0.0145209
1513, 71.09797, 0.0140651
1514, 62.81367, 0.0159201
1515, 84.55373, 0.0118268
1516, 73.72783, 0.0135634
1517, 69.16347, 0.0144585
1518, 72.8624, 0.0137245
1519, 68.58193, 0.0145811
1520, 73.1101, 0.013678
1521, 73.7953, 0.013551
1522, 70.00203, 0.0142853
1523, 78.04878, 0.0128125
1524, 71.11364, 0.014062
1525, 40.74382, 0.0245436
1526, 123.5758, 0.0080922
1527, 111.6022, 0.0089604
1528, 71.15361, 0.0140541
1529, 70.93104, 0.0140982
1530, 72.73838, 0.0137479
1531, 71.58708, 0.013969
1532, 12.48271, 0.0801108
1533, 6.84039, 0.1461905
1534, 39.29597, 0.0254479
1535, 61.05789, 0.0163779
1536, 87.73546, 0.0113979
1537, 71.66712, 0.0139534
1538, 77.55545, 0.012894
1539, 71.05704, 0.0140732
1540, 62.82275, 0.0159178
1541, 70.79145, 0.014126
1542, 85.74712, 0.0116622
1543, 70.83809, 0.0141167
1544, 72.186, 0.0138531
1545, 53.81089, 0.0185836
1546, 90.50429, 0.0110492
1547, 83.7914, 0.0119344
1548, 70.87775, 0.0141088
1549, 69.71799, 0.0143435
1550, 72.29507, 0.0138322
1551, 63.22231, 0.0158172
1552, 84.13614, 0.0118855
1553, 71.01062, 0.0140824
1554, 71.96678, 0.0138953
1555, 71.07421, 0.0140698
1556, 75.09706, 0.0133161
1557, 69.29478, 0.0144311
1558, 75.43981, 0.0132556
1559, 69.2329, 0.014444
1560, 63.98608, 0.0156284
1561, 72.96767, 0.0137047
1562, 84.03856, 0.0118993
1563, 71.88866, 0.0139104
1564, 71.19312, 0.0140463
1565, 71.61785, 0.013963
1566, 72.4412, 0.0138043
1567, 68.92036, 0.0145095
1568, 28.07656, 0.0356169
1569, 15.54364, 0.064335
1570, 39.0346, 0.0256183
1571, 73.70609, 0.0135674
1572, 73.6236, 0.0135826
1573, 71.77051, 0.0139333
1574, 70.95369, 0.0140937
1575, 69.93691, 0.0142986
1576, 71.76072, 0.0139352
1577, 72.2956, 0.0138321
1578, 61.87659, 0.0161612
1579, 84.32343, 0.0118591
1580, 71.70618, 0.0139458
1581, 71.24537, 0.014036
1582, 72.46954, 0.0137989
1583, 70.59605, 0.0141651
1584, 71.37708, 0.0140101
1585, 73.46027, 0.0136128
1586, 70.80849, 0.0141226
1587, 63.37658, 0.0157787
1588, 72.36885, 0.0138181
1589, 63.33844, 0.0157882
1590, 78.27054, 0.0127762
1591, 85.13392, 0.0117462
1592, 70.74087, 0.0141361
1593, 74.21261, 0.0134748
1594, 71.52564, 0.013981
1595, 74.13722, 0.0134885
1596, 71.90313, 0.0139076
1597, 71.25755, 0.0140336
1598, 70.97182, 0.0140901
1599, 71.5876, 0.0139689
1600, 73.64475, 0.0135787
1601, 71.39491, 0.0140066
1602, 70.02311, 0.014281
1603, 70.86218, 0.0141119
1604, 71.09443, 0.0140658
1605, 73.94864, 0.0135229
1606, 71.33125, 0.0140191
1607, 73.5873, 0.0135893
1608, 70.86369, 0.0141116
1609, 72.03002, 0.0138831
1610, 72.44487, 0.0138036
1611, 72.73098, 0.0137493
1612, 74.74065, 0.0133796
1613, 71.31702, 0.0140219
1614, 71.90417, 0.0139074
1615, 72.01083, 0.0138868
1616, 68.01426, 0.0147028
1617, 72.09702, 0.0138702
1618, 69.36641, 0.0144162
1619, 74.49233, 0.0134242
1620, 72.23033, 0.0138446
1621, 71.71543, 0.013944
1622, 71.02525, 0.0140795
1623, 72.94957, 0.0137081
1624, 72.00979, 0.013887
1625, 71.92847, 0.0139027
1626, 71.87885, 0.0139123
1627, 71.2134, 0.0140423
1628, 74.11086, 0.0134933
1629, 73.28101, 0.0136461
1630, 71.12982, 0.0140588
1631, 72.1834, 0.0138536
1632, 72.13081, 0.0138637
1633, 71.65428, 0.0139559
1634, 70.9552, 0.0140934
1635, 72.62164, 0.01377
1636, 71.66506, 0.0139538
1637, 71.35059, 0.0140153
1638, 72.66544, 0.0137617
1639, 71.64401, 0.0139579
1640, 70.20648, 0.0142437
1641, 73.67133, 0.0135738
1642, 71.42194, 0.0140013
1643, 72.40868, 0.0138105
1644, 71.52257, 0.0139816
1645, 71.86903, 0.0139142
1646, 70.22718, 0.0142395
1647, 72.37095, 0.0138177
1648, 72.32018, 0.0138274
1649, 71.60093, 0.0139663
1650, 71.0313, 0.0140783
1651, 73.11064, 0.0136779
1652, 71.57223, 0.0139719
1653, 71.82515, 0.0139227
1654, 72.17872, 0.0138545
1655, 71.78082, 0.0139313
1656, 71.57274, 0.0139718
1657, 72.18288, 0.0138537
1658, 68.73088, 0.0145495
1659, 74.08559, 0.0134979
1660, 71.77257, 0.0139329
1661, 73.17216, 0.0136664
1662, 71.65633, 0.0139555
1663, 71.6199, 0.0139626
1664, 70.84009, 0.0141163
1665, 70.75838, 0.0141326
1666, 74.12019, 0.0134916
1667, 71.76433, 0.0139345
1668, 72.15267, 0.0138595
1669, 70.95872, 0.0140927
1670, 71.02475, 0.0140796
1671, 73.43384, 0.0136177
1672, 72.39662, 0.0138128
1673, 71.09898, 0.0140649
1674, 71.92072, 0.0139042
1675, 72.24024, 0.0138427
1676, 69.90514, 0.0143051
1677, 73.2177, 0.0136579
1678, 71.96523, 0.0138956
1679, 72.12822, 0.0138642
1680, 70.612, 0.0141619
1681, 72.00979, 0.013887
1682, 70.89333, 0.0141057
1683, 74.40919, 0.0134392
1684, 72.01913, 0.0138852
1685, 71.58555, 0.0139693
1686, 71.58913, 0.0139686
1687, 71.65839, 0.0139551
1688, 70.5338, 0.0141776
1689, 73.1968, 0.0136618
1690, 72.23294, 0.0138441
1691, 70.35912, 0.0142128
1692, 73.06897, 0.0136857
1693, 71.79782, 0.013928
1694, 71.27686, 0.0140298
1695, 71.93675, 0.0139011
1696, 71.55994, 0.0139743
1697, 73.05189, 0.0136889
1698, 71.36587, 0.0140123
1699, 72.01447, 0.0138861
1700, 70.27753, 0.0142293
1701, 73.86561, 0.0135381
1702, 70.90841, 0.0141027
1703, 72.42021, 0.0138083
1704, 71.77412, 0.0139326
1705, 71.9585, 0.0138969
1706, 71.2129, 0.0140424
1707, 71.7463, 0.013938
1708, 72.44907, 0.0138028
1709, 71.76021, 0.0139353
1710, 71.0192, 0.0140807
1711, 72.24442, 0.0138419
1712, 72.07623, 0.0138742
1713, 71.60246, 0.013966
1714, 71.80142, 0.0139273
1715, 72.35995, 0.0138198
1716, 71.53895, 0.0139784
1717, 71.78699, 0.0139301
1718, 71.63529, 0.0139596
1719, 71.98388, 0.013892
1720, 72.31285, 0.0138288
1721, 71.20884, 0.0140432
1722, 72.51947, 0.0137894
1723, 71.3939, 0.0140068
1724, 71.41735, 0.0140022
1725, 71.99943, 0.013889
1726, 72.05856, 0.0138776
1727, 71.98388, 0.013892
1728, 71.48065, 0.0139898
1729, 71.29769, 0.0140257
1730, 71.93882, 0.0139007
1731, 72.71987, 0.0137514
1732, 71.86283, 0.0139154
1733, 70.8115, 0.014122
1734, 72.35629, 0.0138205
1735, 71.88659, 0.0139108
1736, 71.79369, 0.0139288
1737, 71.78545, 0.0139304
1738, 72.17976, 0.0138543
1739, 70.86469, 0.0141114
1740, 72.41811, 0.0138087
1741, 72.33064, 0.0138254
1742, 71.88091, 0.0139119
1743, 71.41327, 0.014003
1744, 71.84579, 0.0139187
1745, 71.79678, 0.0139282
1746, 71.6666, 0.0139535
1747, 72.48425, 0.0137961
1748, 70.8682, 0.0141107
1749, 71.88711, 0.0139107
1750, 72.49949, 0.0137932
1751, 70.73987, 0.0141363
1752, 72.79292, 0.0137376
1753, 72.5542, 0.0137828
1754, 71.48372, 0.0139892
1755, 71.77617, 0.0139322
1756, 71.42755, 0.0140002
1757, 71.64452, 0.0139578
1758, 72.30815, 0.0138297
1759, 71.84888, 0.0139181
1760, 71.7252, 0.0139421
1761, 70.40816, 0.0142029
1762, 73.07912, 0.0136838
1763, 72.02016, 0.013885
1764, 72.13446, 0.013863
1765, 71.77412, 0.0139326
1766, 71.36893, 0.0140117
1767, 71.58862, 0.0139687
1768, 71.93417, 0.0139016
1769, 72.11002, 0.0138677
1770, 71.94762, 0.013899
1771, 70.4146, 0.0142016
1772, 73.54347, 0.0135974
1773, 72.03054, 0.013883
1774, 71.5195, 0.0139822
1775, 72.08038, 0.0138734
1776, 71.66096, 0.0139546
1777, 71.9787, 0.013893
1778, 71.37861, 0.0140098
1779, 70.50098, 0.0141842
1780, 72.14227, 0.0138615
1781, 72.28986, 0.0138332
1782, 71.68768, 0.0139494
1783, 73.2896, 0.0136445
1784, 71.77772, 0.0139319
1785, 70.43345, 0.0141978
1786, 72.87143, 0.0137228
1787, 71.96056, 0.0138965
1788, 71.64452, 0.0139578
1789, 71.86128, 0.0139157
1790, 71.3995, 0.0140057
1791, 71.93675, 0.0139011
1792, 71.72006, 0.0139431
1793, 71.37504, 0.0140105
1794, 72.18132, 0.013854
1795, 71.81844, 0.013924
1796, 35.92057, 0.0278392
1797, 72.43909, 0.0138047
1798, 71.87316, 0.0139134
1799, 71.60246, 0.013966
1800, 71.26872, 0.0140314
1801, 72.16986, 0.0138562
1802, 70.69186, 0.0141459
1803, 72.60951, 0.0137723
1804, 72.21103, 0.0138483
1805, 71.69949, 0.0139471
1806, 72.04404, 0.0138804
1807, 71.3343, 0.0140185
1808, 72.27888, 0.0138353
1809, 71.62965, 0.0139607
1810, 72.06844, 0.0138757
1811, 71.88969, 0.0139102
1812, 71.72366, 0.0139424
1813, 71.47503, 0.0139909
1814, 71.91761, 0.0139048
1815, 72.0513, 0.013879
1816, 71.23218, 0.0140386
1817, 72.70718, 0.0137538
1818, 72.11625, 0.0138665
1819, 71.57274, 0.0139718
1820, 70.85666, 0.014113
1821, 72.27992, 0.0138351
1822, 71.82928, 0.0139219
1823, 72.33849, 0.0138239
1824, 71.90934, 0.0139064
1825, 71.63221, 0.0139602
1826, 70.89935, 0.0141045
1827, 73.01669, 0.0136955
1828, 71.2408, 0.0140369
1829, 72.47585, 0.0137977
1830, 71.23674, 0.0140377
1831, 72.35419, 0.0138209
1832, 70.73686, 0.0141369
1833, 72.12666, 0.0138645
1834, 72.51685, 0.0137899
1835, 71.88453, 0.0139112
1836, 71.99787, 0.0138893
1837, 71.41225, 0.0140032
1838, 71.49087, 0.0139878
1839, 72.51421, 0.0137904
1840, 71.17641, 0.0140496
1841, 72.39977, 0.0138122
1842, 71.80968, 0.0139257
1843, 70.5552, 0.0141733
1844, 72.44329, 0.0138039
1845, 72.98631, 0.0137012
1846, 71.87885, 0.0139123
1847, 70.93003, 0.0140984
1848, 72.19279, 0.0138518
1849, 72.13081, 0.0138637
1850, 71.00054, 0.0140844
1851, 72.54841, 0.0137839
1852, 71.29311, 0.0140266
1853, 71.11617, 0.0140615
1854, 73.25524, 0.0136509
1855, 70.89333, 0.0141057
1856, 71.87109, 0.0139138
1857, 71.90882, 0.0139065
1858, 72.37723, 0.0138165
1859, 70.6589, 0.0141525
1860, 72.38352, 0.0138153
1861, 71.49956, 0.0139861
1862, 72.09493, 0.0138706
1863, 71.90882, 0.0139065
1864, 71.87316, 0.0139134
1865, 72.66966, 0.0137609
1866, 71.0192, 0.0140807
1867, 72.33273, 0.013825
1868, 71.29718, 0.0140258
1869, 72.19279, 0.0138518
1870, 71.45818, 0.0139942
1871, 71.15057, 0.0140547
1872, 72.5721, 0.0137794
1873, 71.34703, 0.014016
1874, 71.2799, 0.0140292
1875, 72.93946, 0.01371
1876, 71.78802, 0.0139299
1877, 71.61375, 0.0139638
1878, 71.77205, 0.013933
1879, 72.34895, 0.0138219
1880, 71.60861, 0.0139648
1881, 71.71132, 0.0139448
1882, 72.20008, 0.0138504
1883, 72.28254, 0.0138346
1884, 71.60708, 0.0139651
1885, 72.19747, 0.0138509
1886, 70.89584, 0.0141052
1887, 72.24129, 0.0138425
1888, 71.96937, 0.0138948
1889, 71.41888, 0.0140019
1890, 71.97247, 0.0138942
1891, 71.59426, 0.0139676
1892, 71.52564, 0.013981
1893, 72.01965, 0.0138851
1894, 73.02468, 0.013694
1895, 71.28295, 0.0140286
1896, 71.55584, 0.0139751
1897, 71.27736, 0.0140297
1898, 72.81942, 0.0137326
1899, 71.36791, 0.0140119
1900, 72.25433, 0.01384
1901, 70.64542, 0.0141552
1902, 72.77385, 0.0137412
1903, 71.84269, 0.0139193
1904, 71.52718, 0.0139807
1905, 72.30187, 0.0138309
1906, 71.90934, 0.0139064
1907, 71.63119, 0.0139604
1908, 70.88579, 0.0141072
1909, 72.69925, 0.0137553
1910, 71.71286, 0.0139445
1911, 72.02016, 0.013885
1912, 70.69986, 0.0141443
1913, 72.70031, 0.0137551
1914, 72.14174, 0.0138616
1915, 71.99165, 0.0138905
1916, 70.92953, 0.0140985
1917, 72.49055, 0.0137949
1918, 72.32488, 0.0138265
1919, 71.42704, 0.0140003
1920, 71.96108, 0.0138964
1921, 70.41212, 0.0142021
1922, 73.31325, 0.0136401
1923, 71.42296, 0.0140011
1924, 72.10585, 0.0138685
1925, 71.85198, 0.0139175
1926, 71.28498, 0.0140282
1927, 71.91141, 0.013906
1928, 72.01861, 0.0138853
1929, 70.59853, 0.0141646
1930, 73.06096, 0.0136872
1931, 70.80699, 0.0141229
1932, 71.94296, 0.0138999
1933, 73.31432, 0.0136399
1934, 71.83598, 0.0139206
1935, 71.05856, 0.0140729
1936, 72.48058, 0.0137968
1937, 71.86593, 0.0139148
1938, 71.10352, 0.014064
1939, 71.88556, 0.013911
1940, 72.00616, 0.0138877
1941, 71.13438, 0.0140579
1942, 71.43827, 0.0139981
1943, 73.05723, 0.0136879
1944, 72.11469, 0.0138668
1945, 71.67175, 0.0139525
1946, 71.63477, 0.0139597
1947, 70.9698, 0.0140905
1948, 72.48478, 0.013796
1949, 72.43804, 0.0138049
1950, 71.05957, 0.0140727
1951, 72.39504, 0.0138131
1952, 72.11521, 0.0138667
1953, 71.23877, 0.0140373
1954, 72.46377, 0.0138
1955, 71.42245, 0.0140012
1956, 72.28619, 0.0138339
1957, 71.37861, 0.0140098
1958, 72.22616, 0.0138454
1959, 71.57684, 0.013971
1960, 71.80091, 0.0139274
1961, 72.59317, 0.0137754
1962, 71.08281, 0.0140681
1963, 72.22616, 0.0138454
1964, 71.83959, 0.0139199
1965, 71.17336, 0.0140502
1966, 73.02841, 0.0136933
1967, 71.6394, 0.0139588
1968, 72.01238, 0.0138865
1969, 71.56813, 0.0139727
1970, 71.86748, 0.0139145
1971, 70.73637, 0.014137
1972, 72.43018, 0.0138064
1973, 73.13042, 0.0136742
1974, 70.66489, 0.0141513
1975, 72.07727, 0.013874
1976, 71.52974, 0.0139802
1977, 71.69127, 0.0139487
1978, 72.60424, 0.0137733
1979, 71.26162, 0.0140328
1980, 72.23033, 0.0138446
1981, 71.96212, 0.0138962
1982, 71.94814, 0.0138989
1983, 70.47861, 0.0141887
1984, 73.16788, 0.0136672
1985, 71.75609, 0.0139361
1986, 71.73138, 0.0139409
1987, 71.18907, 0.0140471
1988, 72.24702, 0.0138414
1989, 71.31091, 0.0140231
1990, 72.66544, 0.0137617
1991, 71.46635, 0.0139926
1992, 71.51081, 0.0139839
1993, 72.25799, 0.0138393
1994, 71.99839, 0.0138892
1995, 71.32973, 0.0140194
1996, 72.18757, 0.0138528
1997, 72.41916, 0.0138085
1998, 71.101, 0.0140645
1999, 72.21364, 0.0138478
2000, 71.52155, 0.0139818
2001, 71.05502, 0.0140736
2002, 72.06947, 0.0138755
2003, 72.9384, 0.0137102
2004, 71.71235, 0.0139446
2005, 71.71029, 0.013945
2006, 71.7669, 0.013934
2007, 58.74474, 0.0170228
2008, 72.22824, 0.013845
2009, 71.6923, 0.0139485
2010, 46.16336, 0.0216622
2011, 179.7139, 0.0055644
2012, 89.17583, 0.0112138
2013, 71.29414, 0.0140264
2014, 71.95901, 0.0138968
2015, 70.97836, 0.0140888
2016, 71.39797, 0.014006
2017, 72.09753, 0.0138701
2018, 72.10273, 0.0138691
2019, 69.24104, 0.0144423
2020, 72.30135, 0.013831
2021, 71.85612, 0.0139167
2022, 71.96056, 0.0138965
2023, 74.31187, 0.0134568
2024, 70.43543, 0.0141974
2025, 72.40395, 0.0138114
2026, 70.51838, 0.0141807
2027, 73.55159, 0.0135959
2028, 71.69538, 0.0139479
2029, 72.14018, 0.0138619
2030, 71.70875, 0.0139453
2031, 69.41119, 0.0144069
2032, 73.41119, 0.0136219
2033, 73.24451, 0.0136529
2034, 71.26162, 0.0140328
2035, 71.93779, 0.0139009
2036, 71.65582, 0.0139556
2037, 71.64709, 0.0139573
2038, 71.22406, 0.0140402
2039, 73.17645, 0.0136656
2040, 71.2799, 0.0140292
2041, 68.83591, 0.0145273
2042, 73.54023, 0.013598
2043, 74.01048, 0.0135116
2044, 71.72006, 0.0139431
2045, 71.75042, 0.0139372
2046, 71.48933, 0.0139881
2047, 72.45169, 0.0138023
2048, 71.41276, 0.0140031
2049, 71.57735, 0.0139709
2050, 71.41684, 0.0140023
2051, 72.37566, 0.0138168
2052, 70.64143, 0.014156
2053, 72.11833, 0.0138661
2054, 72.37775, 0.0138164
2055, 72.2225, 0.0138461
2056, 70.89383, 0.0141056
2057, 72.30972, 0.0138294
2058, 72.55683, 0.0137823
2059, 71.30074, 0.0140251
2060, 71.92123, 0.0139041
2061, 71.06765, 0.0140711
2062, 72.45222, 0.0138022
2063, 71.47554, 0.0139908
2064, 71.56659, 0.013973
2065, 71.37555, 0.0140104
2066, 73.00336, 0.013698
2067, 71.5369, 0.0139788
2068, 71.85043, 0.0139178
2069, 72.27314, 0.0138364
2070, 71.48781, 0.0139884
2071, 72.03106, 0.0138829
2072, 72.01187, 0.0138866
2073, 71.70567, 0.0139459
2074, 71.77978, 0.0139315
2075, 71.60964, 0.0139646
2076, 72.00201, 0.0138885
2077, 72.15372, 0.0138593
2078, 71.50365, 0.0139853
2079, 71.82154, 0.0139234
2080, 70.56316, 0.0141717
2081, 72.51842, 0.0137896
2082, 71.96886, 0.0138949
2083, 72.1709, 0.013856
2084, 71.49649, 0.0139867
2085, 72.21364, 0.0138478
2086, 70.70936, 0.0141424
2087, 73.07538, 0.0136845
2088, 71.40154, 0.0140053
2089, 71.25654, 0.0140338
2090, 72.79769, 0.0137367
2091, 71.7494, 0.0139374
2092, 71.42806, 0.0140001
2093, 72.26112, 0.0138387
2094, 71.42296, 0.0140011
2095, 72.01031, 0.0138869
2096, 70.77692, 0.0141289
2097, 72.03262, 0.0138826
2098, 71.64812, 0.0139571
2099, 71.82773, 0.0139222
2100, 71.80761, 0.0139261
2101, 72.12717, 0.0138644
2102, 72.04092, 0.013881
2103, 72.41025, 0.0138102
2104, 70.70086, 0.0141441
2105, 73.30465, 0.0136417
2106, 71.42857, 0.014
2107, 72.55788, 0.0137821
2108, 71.04947, 0.0140747
2109, 72.89426, 0.0137185
2110, 70.55321, 0.0141737
2111, 73.04709, 0.0136898
2112, 71.61528, 0.0139635
2113, 71.99424, 0.01389
2114, 71.74219, 0.0139388
2115, 71.19718, 0.0140455
2116, 71.41225, 0.0140032
2117, 71.83701, 0.0139204
2118, 72.13758, 0.0138624
2119, 71.44847, 0.0139961
2120, 72.15424, 0.0138592
2121, 71.44949, 0.0139959
2122, 71.28752, 0.0140277
2123, 73.06203, 0.013687
2124, 71.83598, 0.0139206
2125, 72.05182, 0.0138789
2126, 71.15564, 0.0140537
2127, 72.12666, 0.0138645
2128, 70.14147, 0.0142569
2129, 73.21663, 0.0136581
2130, 71.92434, 0.0139035
2131, 72.51789, 0.0137897
2132, 71.58708, 0.013969
2133, 71.67739, 0.0139514
2134, 71.42755, 0.0140002
2135, 72.43595, 0.0138053
2136, 71.65633, 0.0139555
2137, 71.65993, 0.0139548
2138, 72.12666, 0.0138645
2139, 70.63344, 0.0141576
2140, 72.30501, 0.0138303
2141, 72.7622, 0.0137434
2142, 71.97455, 0.0138938
2143, 71.15665, 0.0140535
2144, 72.0238, 0.0138843
2145, 72.00513, 0.0138879
2146, 71.58965, 0.0139685
2147, 72.17715, 0.0138548
2148, 71.73653, 0.0139399
2149, 71.75145, 0.013937
2150, 72.30605, 0.0138301
2151, 71.28803, 0.0140276
2152, 70.49751, 0.0141849
2153, 72.94159, 0.0137096
2154, 72.22668, 0.0138453
2155, 71.62759, 0.0139611
2156, 71.52053, 0.013982
2157, 71.98491, 0.0138918
2158, 70.17199, 0.0142507
2159, 72.57052, 0.0137797
2160, 72.63061, 0.0137683
2161, 72.34372, 0.0138229
2162, 71.63375, 0.0139599
2163, 71.63426, 0.0139598
2164, 71.46278, 0.0139933
2165, 72.60951, 0.0137723
2166, 71.84734, 0.0139184
2167, 71.42041, 0.0140016
2168, 71.8494, 0.013918
2169, 71.40766, 0.0140041
2170, 71.78133, 0.0139312
2171, 72.61848, 0.0137706
2172, 71.41378, 0.0140029
2173, 72.10013, 0.0138696
2174, 71.07775, 0.0140691
2175, 72.82366, 0.0137318
2176, 71.37504, 0.0140105
2177, 72.14747, 0.0138605
2178, 72.01601, 0.0138858
2179, 71.32057, 0.0140212
2180, 72.09702, 0.0138702
2181, 71.39645, 0.0140063
2182, 71.79318, 0.0139289
2183, 72.1834, 0.0138536
2184, 71.83031, 0.0139217
2185, 71.71183, 0.0139447
2186, 72.32541, 0.0138264
2187, 71.5584, 0.0139746
2188, 71.76175, 0.013935
2189, 71.46584, 0.0139927
2190, 71.55533, 0.0139752
2191, 71.60861, 0.0139648
2192, 71.98647, 0.0138915
2193, 72.09286, 0.013871
2194, 72.24598, 0.0138416
2195, 71.34958, 0.0140155
2196, 71.82463, 0.0139228
2197, 72.13446, 0.013863
2198, 71.91193, 0.0139059
2199, 71.69641, 0.0139477
2200, 71.58606, 0.0139692
2201, 70.811, 0.0141221
2202, 74.14162, 0.0134877
2203, 71.44797, 0.0139962
2204, 71.36791, 0.0140119
2205, 71.5016, 0.0139857
2206, 71.83701, 0.0139204
2207, 71.96368, 0.0138959
2208, 72.58211, 0.0137775
2209, 71.5016, 0.0139857
2210, 71.96574, 0.0138955
2211, 70.85616, 0.0141131
2212, 72.96021, 0.0137061
2213, 71.61682, 0.0139632
2214, 72.3024, 0.0138308
2215, 71.26365, 0.0140324
2216, 72.1459, 0.0138608
2217, 71.87471, 0.0139131
2218, 71.08836, 0.014067
2219, 71.42194, 0.0140013
2220, 73.09995, 0.0136799
2221, 71.8587, 0.0139162
2222, 71.17387, 0.0140501
2223, 71.85921, 0.0139161
2224, 72.09805, 0.01387
2225, 71.75197, 0.0139369
2226, 71.76845, 0.0139337
2227, 72.04352, 0.0138805
2228, 71.32668, 0.01402
2229, 71.27229, 0.0140307
2230, 73.01615, 0.0136956
2231, 71.44337, 0.0139971
2232, 71.75557, 0.0139362
2233, 71.54867, 0.0139765
2234, 72.15424, 0.0138592
2235, 71.65531, 0.0139557
2236, 72.3788, 0.0138162
2237, 71.42551, 0.0140006
2238, 71.76072, 0.0139352
2239, 72.67759, 0.0137594
2240, 71.17742, 0.0140494
2241, 72.3678, 0.0138183
2242, 71.90468, 0.0139073
2243, 71.65223, 0.0139563
2244, 72.06116, 0.0138771
2245, 71.55686, 0.0139749
2246, 71.51899, 0.0139823
2247, 72.41864, 0.0138086
2248, 71.97455, 0.0138938
2249, 71.70464, 0.0139461
2250, 72.35785, 0.0138202
2251, 71.16273, 0.0140523
2252, 72.2559, 0.0138397
2253, 70.82354, 0.0141196
2254, 72.82048, 0.0137324
2255, 72.28986, 0.0138332
2256, 71.9901, 0.0138908
2257, 71.67842, 0.0139512
2258, 71.82257, 0.0139232
2259, 71.59426, 0.0139676
2260, 71.59939, 0.0139666
2261, 70.63893, 0.0141565
2262, 72.60793, 0.0137726
2263, 71.53281, 0.0139796
2264, 72.2345, 0.0138438
2265, 71.88091, 0.0139119
2266, 72.18705, 0.0138529
2267, 71.01163, 0.0140822
2268, 72.56367, 0.013781
2269, 71.94038, 0.0139004
2270, 71.77669, 0.0139321
2271, 71.87471, 0.0139131
2272, 71.3944, 0.0140067
2273, 71.26416, 0.0140323
2274, 72.94318, 0.0137093
2275, 71.50263, 0.0139855
2276, 71.89641, 0.0139089
2277, 72.05961, 0.0138774
2278, 71.67893, 0.0139511
2279, 70.88579, 0.0141072
2280, 72.80458, 0.0137354
2281, 72.09286, 0.013871
2282, 71.71338, 0.0139444
2283, 71.5753, 0.0139713
2284, 70.67937, 0.0141484
2285, 73.39019, 0.0136258
2286, 72.05389, 0.0138785
2287, 71.59734, 0.013967
2288, 71.55072, 0.0139761
2289, 71.96833, 0.013895
2290, 71.87936, 0.0139122
2291, 71.1911, 0.0140467
2292, 72.20061, 0.0138503
2293, 72.32541, 0.0138264
2294, 71.3221, 0.0140209
2295, 71.05301, 0.014074
2296, 73.10904, 0.0136782
2297, 71.64658, 0.0139574
2298, 70.94161, 0.0140961
2299, 72.6591, 0.0137629
2300, 71.63477, 0.0139597
2301, 72.05961, 0.0138774
2302, 70.80047, 0.0141242
2303, 72.11053, 0.0138676
2304, 72.45694, 0.0138013
2305, 71.85612, 0.0139167
2306, 69.85874, 0.0143146
2307, 74.01925, 0.01351
2308, 71.44797, 0.0139962
2309, 71.45511, 0.0139948
2310, 72.94637, 0.0137087
2311, 71.66199, 0.0139544
2312, 71.85147, 0.0139176
2313, 71.94504, 0.0138995
2314, 70.62895, 0.0141585
2315, 71.06664, 0.0140713
2316, 73.67459, 0.0135732
2317, 71.30531, 0.0140242
2318, 72.64749, 0.0137651
2319, 71.40358, 0.0140049
2320, 72.14487, 0.013861
2321, 69.36689, 0.0144161
2322, 74.57677, 0.013409
2323, 71.56966, 0.0139724
2324, 70.83056, 0.0141182
2325, 71.80658, 0.0139263
2326, 72.93361, 0.0137111
2327, 69.57587, 0.0143728
2328, 73.81763, 0.0135469
2329, 72.60741, 0.0137727
2330, 72.11157, 0.0138674
2331, 71.53895, 0.0139784
2332, 71.57223, 0.0139719
2333, 70.69486, 0.0141453
2334, 72.6591, 0.0137629
2335, 72.31442, 0.0138285
2336, 71.27177, 0.0140308
2337, 71.48678, 0.0139886
2338, 71.64401, 0.0139579
2339, 72.00201, 0.0138885
2340, 72.1433, 0.0138613
2341, 72.56315, 0.0137811
2342, 71.27126, 0.0140309
2343, 71.1759, 0.0140497
2344, 72.09026, 0.0138715
2345, 72.05026, 0.0138792
2346, 70.99751, 0.014085
2347, 72.66861, 0.0137611
2348, 71.69589, 0.0139478
2349, 71.43674, 0.0139984
2350, 72.04144, 0.0138809
2351, 71.50417, 0.0139852
2352, 72.16621, 0.0138569
2353, 72.00565, 0.0138878
2354, 72.04092, 0.013881
2355, 71.84631, 0.0139186
2356, 72.03054, 0.013883
2357, 71.35976, 0.0140135
2358, 72.07675, 0.0138741
2359, 71.6923, 0.0139485
2360, 71.9233, 0.0139037
2361, 71.92434, 0.0139035
2362, 71.78184, 0.0139311
2363, 71.6081, 0.0139649
2364, 71.89899, 0.0139084
2365, 72.31756, 0.0138279
2366, 71.41837, 0.014002
2367, 72.09857, 0.0138699
2368, 70.61997, 0.0141603
2369, 72.91925, 0.0137138
2370, 72.38194, 0.0138156
2371, 71.46532, 0.0139928
2372, 71.04392, 0.0140758
2373, 72.3699, 0.0138179
2374, 68.87099, 0.0145199
2375, 74.04994, 0.0135044
2376, 71.9321, 0.013902
2377, 72.5542, 0.0137828
2378, 70.72436, 0.0141394
2379, 71.29514, 0.0140262
2380, 72.72675, 0.0137501
2381, 71.57684, 0.013971
2382, 71.30481, 0.0140243
2383, 70.87373, 0.0141096
2384, 74.23078, 0.0134715
2385, 71.85405, 0.0139171
2386, 71.96471, 0.0138957
2387, 71.87626, 0.0139128
2388, 71.42551, 0.0140006
2389, 71.94918, 0.0138987
2390, 71.74837, 0.0139376
2391, 71.82257, 0.0139232
2392, 71.98388, 0.013892
2393, 72.22355, 0.0138459
2394, 70.20993, 0.014243
2395, 73.48997, 0.0136073
2396, 71.29871, 0.0140255
2397, 72.59054, 0.0137759
2398, 71.44031, 0.0139977
2399, 69.9888, 0.014288
2400, 71.89899, 0.0139084
2401, 74.93668, 0.0133446
2402, 71.43827, 0.0139981
2403, 71.38574, 0.0140084
2404, 71.6394, 0.0139588
2405, 71.95229, 0.0138981
2406, 71.96368, 0.0138959
2407, 71.44235, 0.0139973
2408, 71.78854, 0.0139298
2409, 71.00205, 0.0140841
2410, 72.85125, 0.0137266
2411, 71.77617, 0.0139322
2412, 71.72417, 0.0139423
2413, 70.48956, 0.0141865
2414, 73.73489, 0.0135621
2415, 72.06429, 0.0138765
2416, 70.60751, 0.0141628
2417, 72.91234, 0.0137151
2418, 70.19415, 0.0142462
2419, 73.91748, 0.0135286
2420, 71.38574, 0.0140084
2421, 72.06636, 0.0138761
2422, 71.73293, 0.0139406
2423, 71.19211, 0.0140465
2424, 70.29531, 0.0142257
2425, 74.12788, 0.0134902
2426, 70.67738, 0.0141488
2427, 72.62217, 0.0137699
2428, 71.09898, 0.0140649
2429, 73.09033, 0.0136817
2430, 71.63786, 0.0139591
2431, 71.97714, 0.0138933
2432, 72.04299, 0.0138806
2433, 71.36842, 0.0140118
2434, 71.77257, 0.0139329
2435, 72.09441, 0.0138707
2436, 70.66638, 0.014151
2437, 73.3482, 0.0136336
2438, 69.50961, 0.0143865
2439, 73.13631, 0.0136731
2440, 72.97086, 0.0137041
2441, 71.43214, 0.0139993
2442, 71.08129, 0.0140684
2443, 72.93041, 0.0137117
2444, 70.99197, 0.0140861
2445, 72.07623, 0.0138742
2446, 71.99372, 0.0138901
2447, 71.62605, 0.0139614
2448, 70.55171, 0.014174
2449, 72.67706, 0.0137595
2450, 71.60657, 0.0139652
2451, 72.4328, 0.0138059
2452, 71.55123, 0.013976
2453, 72.46745, 0.0137993
2454, 69.43047, 0.0144029
2455, 74.82622, 0.0133643
2456, 71.5282, 0.0139805
2457, 70.59505, 0.0141653
2458, 71.87522, 0.013913
2459, 72.31442, 0.0138285
2460, 68.8146, 0.0145318
2461, 75.63725, 0.013221
2462, 71.96108, 0.0138964
2463, 72.19122, 0.0138521
2464, 71.01415, 0.0140817
2465, 72.68868, 0.0137573
2466, 71.23319, 0.0140384
2467, 71.90934, 0.0139064
2468, 71.04089, 0.0140764
2469, 72.88205, 0.0137208
2470, 71.64761, 0.0139572
2471, 70.93255, 0.0140979
2472, 72.3343, 0.0138247
2473, 72.99163, 0.0137002
2474, 71.48014, 0.0139899
2475, 71.57838, 0.0139707
2476, 71.65531, 0.0139557
2477, 72.14071, 0.0138618
2478, 71.41633, 0.0140024
2479, 71.28498, 0.0140282
2480, 72.70824, 0.0137536
2481, 71.31752, 0.0140218
2482, 72.11053, 0.0138676
2483, 71.9233, 0.0139037
2484, 71.26212, 0.0140327
2485, 72.54946, 0.0137837
2486, 71.70618, 0.0139458
2487, 71.72469, 0.0139422
2488, 71.49854, 0.0139863
2489, 72.25956, 0.013839
2490, 70.17692, 0.0142497
2491, 73.43869, 0.0136168
2492, 71.94245, 0.0139
2493, 71.3043, 0.0140244
2494, 72.03521, 0.0138821
2495, 71.16931, 0.014051
2496, 71.7319, 0.0139408
2497, 72.8539, 0.0137261
2498, 71.26466, 0.0140322
2499, 70.97786, 0.0140889
2500, 73.15128, 0.0136703
2501, 71.81277, 0.0139251
2502, 71.78442, 0.0139306
2503, 71.72212, 0.0139427
2504, 71.69795, 0.0139474
2505, 72.3364, 0.0138243
2506, 70.30173, 0.0142244
2507, 73.43114, 0.0136182
2508, 70.6579, 0.0141527
2509, 72.34634, 0.0138224
2510, 72.85603, 0.0137257
2511, 71.06058, 0.0140725
2512, 72.56894, 0.01378
2513, 71.55686, 0.0139749
2514, 70.85464, 0.0141134
2515, 72.21103, 0.0138483
2516, 72.0674, 0.0138759
2517, 72.70982, 0.0137533
2518, 71.82154, 0.0139234
2519, 71.61734, 0.0139631
2520, 71.56249, 0.0139738
2521, 71.54202, 0.0139778
2522, 72.27052, 0.0138369
2523, 71.22, 0.014041
2524, 71.83031, 0.0139217
2525, 71.96937, 0.0138948
2526, 71.43725, 0.0139983
2527, 72.08558, 0.0138724
2528, 71.95694, 0.0138972
2529, 71.71492, 0.0139441
2530, 71.8365, 0.0139205
2531, 71.74322, 0.0139386
2532, 71.67842, 0.0139512
2533, 71.5835, 0.0139697
2534, 72.55157, 0.0137833
2535, 71.66815, 0.0139532
2536, 71.49496, 0.013987
2537, 71.60093, 0.0139663
2538, 71.6512, 0.0139565
2539, 72.12717, 0.0138644
2540, 71.89382, 0.0139094
2541, 71.5958, 0.0139673
2542, 72.19226, 0.0138519
2543, 71.87264, 0.0139135
2544, 71.77824, 0.0139318
2545, 71.27075, 0.014031
2546, 71.81019, 0.0139256
2547, 72.23711, 0.0138433
2548, 69.88902, 0.0143084
2549, 74.2931, 0.0134602
2550, 71.99735, 0.0138894
2551, 71.56096, 0.0139741
2552, 72.01394, 0.0138862
2553, 71.38931, 0.0140077
2554, 72.6702, 0.0137608
2555, 71.97714, 0.0138933
2556, 71.32668, 0.01402
2557, 71.10808, 0.0140631
2558, 73.41551, 0.0136211
2559, 71.21239, 0.0140425
2560, 72.02016, 0.013885
2561, 71.74219, 0.0139388
2562, 71.96264, 0.0138961
2563, 71.93779, 0.0139009
2564, 71.53127, 0.0139799
2565, 72.15788, 0.0138585
2566, 71.28549, 0.0140281
2567, 71.94245, 0.0139
2568, 70.84561, 0.0141152
2569, 71.70772, 0.0139455
2570, 72.64697, 0.0137652
2571, 71.73859, 0.0139395
2572, 72.09702, 0.0138702
2573, 71.84734, 0.0139184
2574, 71.06058, 0.0140725
2575, 70.78143, 0.014128
2576, 73.09727, 0.0136804
2577, 72.53157, 0.0137871
2578, 70.49104, 0.0141862
2579, 72.46062, 0.0138006
2580, 72.95596, 0.0137069
2581, 69.54829, 0.0143785
2582, 74.21481, 0.0134744
2583, 71.68819, 0.0139493
2584, 71.31854, 0.0140216
2585, 72.22042, 0.0138465
2586, 71.53741, 0.0139787
2587, 71.45256, 0.0139953
2588, 72.73891, 0.0137478
2589, 71.35416, 0.0140146
2590, 71.41378, 0.0140029
2591, 72.59739, 0.0137746
2592, 71.57581, 0.0139712
2593, 71.35874, 0.0140137
2594, 72.75478, 0.0137448
2595, 71.51797, 0.0139825
2596, 72.06116, 0.0138771
2597, 71.53332, 0.0139795
2598, 71.67226, 0.0139524
2599, 71.22152, 0.0140407
2600, 72.2606, 0.0138388
2601, 71.77308, 0.0139328
2602, 71.5835, 0.0139697
2603, 72.25277, 0.0138403
2604, 71.61887, 0.0139628
2605, 70.83758, 0.0141168
2606, 73.26437, 0.0136492
2607, 72.1657, 0.013857
2608, 70.71736, 0.0141408
2609, 72.80034, 0.0137362
2610, 71.74013, 0.0139392
2611, 70.73436, 0.0141374
2612, 70.27555, 0.0142297
2613, 74.98276, 0.0133364
2614, 71.11819, 0.0140611
2615, 71.98802, 0.0138912
2616, 71.96471, 0.0138957
2617, 71.13084, 0.0140586
2618, 72.8295, 0.0137307
2619, 71.24943, 0.0140352
2620, 72.198, 0.0138508
2621, 71.70206, 0.0139466
2622, 71.57991, 0.0139704
2623, 71.49189, 0.0139876
2624, 72.33482, 0.0138246
2625, 72.06688, 0.013876
2626, 71.6512, 0.0139565
2627, 71.89331, 0.0139095
2628, 71.9989, 0.0138891
2629, 70.86369, 0.0141116
2630, 71.93572, 0.0139013
2631, 73.52779, 0.0136003
2632, 70.21288, 0.0142424
2633, 73.40582, 0.0136229
2634, 71.16931, 0.014051
2635, 71.22913, 0.0140392
2636, 72.44644, 0.0138033
2637, 72.46114, 0.0138005
2638, 70.91947, 0.0141005
2639, 72.3809, 0.0138158
2640, 71.38625, 0.0140083
2641, 70.71285, 0.0141417
2642, 73.52347, 0.0136011
2643, 71.9616, 0.0138963
2644, 71.63221, 0.0139602
2645, 71.46124, 0.0139936
2646, 71.89745, 0.0139087
2647, 70.78143, 0.014128
2648, 71.93727, 0.013901
2649, 71.96937, 0.0138948
2650, 71.64094, 0.0139585
2651, 72.82473, 0.0137316
2652, 71.72109, 0.0139429
2653, 70.5791, 0.0141685
2654, 73.39826, 0.0136243
2655, 72.01394, 0.0138862
2656, 71.12679, 0.0140594
2657, 72.34895, 0.0138219
2658, 71.48525, 0.0139889
2659, 72.18288, 0.0138537
2660, 70.95319, 0.0140938
2661, 73.12828, 0.0136746
2662, 70.50297, 0.0141838
2663, 72.90543, 0.0137164
2664, 71.93003, 0.0139024
2665, 70.80799, 0.0141227
2666, 72.62534, 0.0137693
2667, 71.85664, 0.0139166
2668, 71.75094, 0.0139371
2669, 71.42857, 0.014
2670, 72.74049, 0.0137475
2671, 69.68787, 0.0143497
2672, 73.75828, 0.0135578
2673, 72.1355, 0.0138628
2674, 71.41429, 0.0140028
2675, 71.02827, 0.0140789
2676, 72.17663, 0.0138549
2677, 71.88866, 0.0139104
2678, 71.15918, 0.014053
2679, 72.7442, 0.0137468
2680, 71.48014, 0.0139899
2681, 72.10065, 0.0138695
2682, 71.08735, 0.0140672
2683, 72.54788, 0.013784
2684, 71.36384, 0.0140127
2685, 72.55209, 0.0137832
2686, 71.38778, 0.014008
2687, 71.47707, 0.0139905
2688, 71.884, 0.0139113
2689, 71.06361, 0.0140719
2690, 72.41182, 0.0138099
2691, 72.18027, 0.0138542
2692, 71.76845, 0.0139337
2693, 71.10252, 0.0140642
2694, 72.74208, 0.0137472
2695, 72.18549, 0.0138532
2696, 71.46328, 0.0139932
2697, 71.70464, 0.0139461
2698, 72.17924, 0.0138544
2699, 71.40205, 0.0140052
2700, 72.1381, 0.0138623
2701, 71.78493, 0.0139305
2702, 70.01134, 0.0142834
2703, 73.8149, 0.0135474
2704, 72.28671, 0.0138338
2705, 71.8556, 0.0139168
2706, 71.43163, 0.0139994
2707, 72.60846, 0.0137725
2708, 71.0621, 0.0140722
2709, 72.18966, 0.0138524
2710, 71.82825, 0.0139221
2711, 71.57838, 0.0139707
2712, 71.30074, 0.0140251
2713, 72.27209, 0.0138366
2714, 72.60371, 0.0137734
2715, 71.73087, 0.013941
2716, 71.62349, 0.0139619
2717, 71.7494, 0.0139374
2718, 71.61324, 0.0139639
2719, 71.83083, 0.0139216
2720, 70.87624, 0.0141091
2721, 72.43804, 0.0138049
2722, 72.07103, 0.0138752
2723, 70.7614, 0.014132
2724, 72.32488, 0.0138265
2725, 72.53999, 0.0137855
2726, 71.62041, 0.0139625
2727, 71.99424, 0.01389
2728, 71.64504, 0.0139577
2729, 71.6317, 0.0139603
2730, 71.91813, 0.0139047
2731, 72.09026, 0.0138715
2732, 71.08382, 0.0140679
2733, 71.49905, 0.0139862
2734, 71.65685, 0.0139554
2735, 72.40238, 0.0138117
2736, 72.21416, 0.0138477
2737, 71.48321, 0.0139893
2738, 70.60152, 0.014164
2739, 73.54239, 0.0135976
2740, 70.45231, 0.014194
2741, 72.08974, 0.0138716
2742, 71.18704, 0.0140475
2743, 72.95755, 0.0137066
2744, 71.42603, 0.0140005
2745, 71.53485, 0.0139792
2746, 72.8847, 0.0137203
2747, 72.60793, 0.0137726
2748, 71.82773, 0.0139222
2749, 70.66539, 0.0141512
2750, 71.20326, 0.0140443
2751, 73.07164, 0.0136852
2752, 73.06256, 0.0136869
2753, 70.19908, 0.0142452
2754, 71.95901, 0.0138968
2755, 72.63905, 0.0137667
2756, 69.8812, 0.01431
2757, 73.63283, 0.0135809
2758, 71.22913, 0.0140392
2759, 72.42388, 0.0138076
2760, 70.88328, 0.0141077
2761, 73.21984, 0.0136575
2762, 70.31805, 0.0142211
2763, 74.00172, 0.0135132
2764, 71.26517, 0.0140321
2765, 72.01342, 0.0138863
2766, 71.54765, 0.0139767
2767, 71.86283, 0.0139154
2768, 70.51042, 0.0141823
2769, 73.53482, 0.013599
2770, 69.86753, 0.0143128
2771, 73.02682, 0.0136936
2772, 70.13951, 0.0142573
2773, 73.33905, 0.0136353
2774, 71.07877, 0.0140689
2775, 73.61656, 0.0135839
2776, 71.55584, 0.0139751
2777, 71.43163, 0.0139994
2778, 72.09441, 0.0138707
2779, 72.19122, 0.0138521
2780, 71.43674, 0.0139984
2781, 72.29089, 0.013833
2782, 71.27177, 0.0140308
2783, 72.05753, 0.0138778
2784, 72.48846, 0.0137953
2785, 71.40154, 0.0140053
2786, 71.52411, 0.0139813
2787, 72.58263, 0.0137774
2788, 71.25045, 0.014035
2789, 71.753, 0.0139367
2790, 71.68922, 0.0139491
2791, 71.54713, 0.0139768
2792, 71.42142, 0.0140014
2793, 70.8115, 0.014122
2794, 74.05104, 0.0135042
2795, 71.12881, 0.014059
2796, 71.78905, 0.0139297
2797, 72.13914, 0.0138621
2798, 71.01617, 0.0140813
2799, 72.84489, 0.0137278
2800, 71.04543, 0.0140755
2801, 72.30867, 0.0138296
2802, 71.52309, 0.0139815
2803, 71.26111, 0.0140329
2804, 72.49739, 0.0137936
2805, 72.38352, 0.0138153
2806, 71.78082, 0.0139313
2807, 71.59734, 0.013967
2808, 71.89899, 0.0139084
2809, 71.99217, 0.0138904
2810, 70.78092, 0.0141281
2811, 72.30972, 0.0138294
2812, 71.7566, 0.013936
2813, 71.58913, 0.0139686
2814, 73.1208, 0.013676
2815, 71.55482, 0.0139753
2816, 71.56352, 0.0139736
2817, 71.60503, 0.0139655
2818, 72.19591, 0.0138512
2819, 72.11105, 0.0138675
2820, 71.12022, 0.0140607
2821, 72.10117, 0.0138694
2822, 71.2058, 0.0140438
2823, 71.67329, 0.0139522
2824, 72.69714, 0.0137557
2825, 72.05805, 0.0138777
2826, 71.21949, 0.0140411
2827, 72.2225, 0.0138461
2828, 71.05199, 0.0140742
2829, 72.48636, 0.0137957
2830, 71.79472, 0.0139286
2831, 71.41327, 0.014003
2832, 69.8856, 0.0143091
2833, 74.43356, 0.0134348
2834, 71.59837, 0.0139668
2835, 71.64094, 0.0139585
2836, 71.71132, 0.0139448
2837, 72.41496, 0.0138093
2838, 71.65428, 0.0139559
2839, 71.25857, 0.0140334
2840, 72.42808, 0.0138068
2841, 71.49598, 0.0139868
2842, 72.03728, 0.0138817
2843, 70.91344, 0.0141017
2844, 72.36832, 0.0138182
2845, 71.90882, 0.0139065
2846, 72.60055, 0.013774
2847, 71.25755, 0.0140336
2848, 72.57526, 0.0137788
2849, 71.58247, 0.0139699
2850, 71.82825, 0.0139221
2851, 71.96004, 0.0138966
2852, 70.97534, 0.0140894
2853, 72.50423, 0.0137923
2854, 71.64248, 0.0139582
2855, 71.49393, 0.0139872
2856, 72.34947, 0.0138218
2857, 72.4412, 0.0138043
2858, 71.18857, 0.0140472
2859, 72.02172, 0.0138847
2860, 71.94504, 0.0138995
2861, 71.72623, 0.0139419
2862, 71.02727, 0.0140791
2863, 72.97246, 0.0137038
2864, 71.48422, 0.0139891
2865, 71.91606, 0.0139051
2866, 71.54099, 0.013978
2867, 71.32719, 0.0140199
2868, 72.20529, 0.0138494
2869, 71.753, 0.0139367
2870, 71.55788, 0.0139747
2871, 23.96346, 0.0417302
2872, 72.46902, 0.013799
2873, 71.70772, 0.0139455
2874, 71.35518, 0.0140144
2875, 70.71835, 0.0141406
2876, 72.67653, 0.0137596
2877, 72.6438, 0.0137658
2878, 71.31243, 0.0140228
2879, 71.98025, 0.0138927
2880, 71.59888, 0.0139667
2881, 71.3343, 0.0140185
2882, 73.17109, 0.0136666
2883, 71.85095, 0.0139177
2884, 71.47605, 0.0139907
2885, 72.26687, 0.0138376
2886, 71.63119, 0.0139604
2887, 70.63194, 0.0141579
2888, 72.58369, 0.0137772
2889, 72.28463, 0.0138342
2890, 71.53178, 0.0139798
2891, 72.31024, 0.0138293
2892, 71.72263, 0.0139426
2893, 69.89146, 0.0143079
2894, 72.32593, 0.0138263
2895, 72.61478, 0.0137713
2896, 72.81359, 0.0137337
2897, 71.68716, 0.0139495
2898, 70.3507, 0.0142145
2899, 71.32668, 0.01402
2900, 74.16087, 0.0134842
2901, 71.11111, 0.0140625
2902, 71.99424, 0.01389
2903, 71.54816, 0.0139766
2904, 71.4592, 0.013994
2905, 72.17194, 0.0138558
2906, 71.77051, 0.0139333
2907, 70.96779, 0.0140909
2908, 72.99483, 0.0136996
2909, 70.75188, 0.0141339
2910, 72.34215, 0.0138232
2911, 71.66096, 0.0139546
2912, 72.34215, 0.0138232
2913, 72.18653, 0.013853
2914, 71.61118, 0.0139643
2915, 71.79782, 0.013928
2916, 71.49036, 0.0139879
2917, 69.64904, 0.0143577
2918, 75.28307, 0.0132832
2919, 71.88142, 0.0139118
2920, 70.95067, 0.0140943
2921, 72.35785, 0.0138202
2922, 71.3944, 0.0140067
2923, 70.88579, 0.0141072
2924, 73.42737, 0.0136189
2925, 71.19262, 0.0140464
2926, 72.43752, 0.013805
2927, 70.70836, 0.0141426
2928, 73.09247, 0.0136813
2929, 71.51899, 0.0139823
2930, 72.23346, 0.013844
2931, 70.87775, 0.0141088
2932, 72.46167, 0.0138004
2933, 71.86645, 0.0139147
2934, 71.58094, 0.0139702
2935, 70.15033, 0.0142551
2936, 73.64692, 0.0135783
2937, 70.69186, 0.0141459
2938, 72.87568, 0.013722
2939, 71.55021, 0.0139762
2940, 71.55686, 0.0139749
2941, 71.3221, 0.0140209
2942, 73.05456, 0.0136884
2943, 71.30023, 0.0140252
2944, 71.47043, 0.0139918
2945, 72.82207, 0.0137321
2946, 71.92537, 0.0139033
2947, 68.97694, 0.0144976
2948, 74.53231, 0.013417
2949, 71.35976, 0.0140135
2950, 72.713, 0.0137527
2951, 71.51183, 0.0139837
2952, 71.6512, 0.0139565
2953, 71.09847, 0.014065
2954, 71.91709, 0.0139049
2955, 72.88577, 0.0137201
2956, 71.74425, 0.0139384
2957, 72.01134, 0.0138867
2958, 71.27634, 0.0140299
2959, 70.84511, 0.0141153
2960, 73.49537, 0.0136063
2961, 72.18184, 0.0138539
2962, 71.47503, 0.0139909
2963, 71.75094, 0.0139371
2964, 71.01869, 0.0140808
2965, 72.46167, 0.0138004
2966, 71.82463, 0.0139228
2967, 72.26687, 0.0138376
2968, 70.71486, 0.0141413
2969, 72.79027, 0.0137381
2970, 71.25095, 0.0140349
2971, 71.39542, 0.0140065
2972, 72.161, 0.0138579
2973, 71.78596, 0.0139303
2974, 71.9673, 0.0138952
2975, 71.13741, 0.0140573
2976, 72.86346, 0.0137243
2977, 70.65141, 0.014154
2978, 72.55683, 0.0137823
2979, 71.60144, 0.0139662
2980, 72.13446, 0.013863
2981, 71.83598, 0.0139206
2982, 72.3139, 0.0138286
2983, 71.12578, 0.0140596
2984, 72.59634, 0.0137748
2985, 71.69589, 0.0139478
2986, 70.24988, 0.0142349
2987, 73.46675, 0.0136116
2988, 71.28549, 0.0140281
2989, 72.18653, 0.013853
2990, 71.62811, 0.013961
2991, 72.22772, 0.0138451
2992, 71.81277, 0.0139251
2993, 70.54325, 0.0141757
2994, 72.73045, 0.0137494
2995, 70.57014, 0.0141703
2996, 73.00602, 0.0136975
2997, 71.45511, 0.0139948
2998, 71.18603, 0.0140477
2999, 73.28423, 0.0136455
3000, 71.75506, 0.0139363
3001, 71.45103, 0.0139956
3002, 72.79345, 0.0137375
3003, 71.40664, 0.0140043
3004, 71.88969, 0.0139102
3005, 70.69186, 0.0141459
3006, 73.24397, 0.013653
3007, 71.3995, 0.0140057
3008, 71.47043, 0.0139918
3009, 72.63641, 0.0137672
3010, 71.29057, 0.0140271
3011, 71.63375, 0.0139599
3012, 72.35262, 0.0138212
3013, 58.71335, 0.0170319
3014, 71.3781, 0.0140099
3015, 71.90985, 0.0139063
3016, 49.70525, 0.0201186
3017, 189.8506, 0.0052673
3018, 76.18874, 0.0131253
3019, 71.00659, 0.0140832
3020, 72.48163, 0.0137966
3021, 71.73859, 0.0139395
3022, 71.64452, 0.0139578
3023, 71.43061, 0.0139996
3024, 72.14174, 0.0138616
3025, 72.10169, 0.0138693
3026, 71.45409, 0.013995
3027, 71.88763, 0.0139106
3028, 72.00772, 0.0138874
3029, 72.00928, 0.0138871
3030, 71.39134, 0.0140073
3031, 71.98232, 0.0138923
3032, 72.05545, 0.0138782
3033, 71.66352, 0.0139541
3034, 71.96056, 0.0138965
3035, 71.23827, 0.0140374
3036, 71.75454, 0.0139364
3037, 72.41707, 0.0138089
3038, 70.57861, 0.0141686
3039, 72.89799, 0.0137178
3040, 71.81689, 0.0139243
3041, 71.96574, 0.0138955
3042, 71.07725, 0.0140692
3043, 72.27209, 0.0138366
3044, 71.6923, 0.0139485
3045, 72.15632, 0.0138588
3046, 71.28143, 0.0140289
3047, 72.37199, 0.0138175
3048, 71.70052, 0.0139469
3049, 71.2403, 0.014037
3050, 71.53793, 0.0139786
3051, 72.35419, 0.0138209
3052, 71.76484, 0.0139344
3053, 71.17033, 0.0140508
3054, 72.88364, 0.0137205
3055, 71.84579, 0.0139187
3056, 70.87976, 0.0141084
3057, 72.68498, 0.013758
3058, 72.38666, 0.0138147
3059, 71.13489, 0.0140578
3060, 71.75352, 0.0139366
3061, 72.54841, 0.0137839
3062, 70.01527, 0.0142826
3063, 73.29121, 0.0136442
3064, 72.29613, 0.013832
3065, 71.05149, 0.0140743
3066, 71.52462, 0.0139812
3067, 73.05989, 0.0136874
3068, 71.07523, 0.0140696
3069, 72.78921, 0.0137383
3070, 71.67226, 0.0139524
3071, 71.58043, 0.0139703
3072, 71.97196, 0.0138943
3073, 72.03988, 0.0138812
3074, 69.4594, 0.0143969
3075, 73.88034, 0.0135354
3076, 71.98647, 0.0138915
3077, 70.72936, 0.0141384
3078, 73.13577, 0.0136732
3079, 70.94916, 0.0140946
3080, 70.80197, 0.0141239
3081, 73.87707, 0.013536
3082, 71.45818, 0.0139942
3083, 71.2403, 0.014037
3084, 72.42546, 0.0138073
3085, 71.16526, 0.0140518
3086, 71.59426, 0.0139676
3087, 72.42913, 0.0138066
3088, 72.33116, 0.0138253
3089, 71.07725, 0.0140692
3090, 72.35942, 0.0138199
3091, 69.29191, 0.0144317
3092, 72.51894, 0.0137895
3093, 73.50779, 0.013604
3094, 72.04559, 0.0138801
3095, 71.16019, 0.0140528
3096, 71.48219, 0.0139895
3097, 72.79928, 0.0137364
3098, 69.86607, 0.0143131
3099, 73.17323, 0.0136662
3100, 71.3221, 0.0140209
3101, 73.25202, 0.0136515
3102, 70.42998, 0.0141985
3103, 73.18073, 0.0136648
3104, 71.18755, 0.0140474
3105, 72.4307, 0.0138063
3106, 71.13589, 0.0140576
3107, 72.44225, 0.0138041
3108, 72.198, 0.0138508
3109, 71.76227, 0.0139349
3110, 70.66838, 0.0141506
3111, 72.21312, 0.0138479
3112, 72.80829, 0.0137347
3113, 71.43674, 0.0139984
3114, 71.60861, 0.0139648
3115, 71.40256, 0.0140051
3116, 70.38685, 0.0142072
3117, 73.67839, 0.0135725
3118, 72.02068, 0.0138849
3119, 72.54788, 0.013784
3120, 71.35009, 0.0140154
3121, 72.11002, 0.0138677
3122, 71.33228, 0.0140189
3123, 72.14903, 0.0138602
3124, 71.99632, 0.0138896
3125, 71.15209, 0.0140544
3126, 71.82205, 0.0139233
3127, 72.44907, 0.0138028
3128, 71.43827, 0.0139981
3129, 71.04038, 0.0140765
3130, 72.52158, 0.013789
3131, 71.78442, 0.0139306
3132, 72.21625, 0.0138473
3133, 71.66148, 0.0139545
3134, 70.98794, 0.0140869
3135, 72.78815, 0.0137385
3136, 72.37461, 0.013817
3137, 71.85457, 0.013917
3138, 71.31548, 0.0140222
3139, 71.95383, 0.0138978
3140, 71.32668, 0.01402
3141, 71.43112, 0.0139995
3142, 72.60741, 0.0137727
3143, 72.03313, 0.0138825
3144, 71.6358, 0.0139595
3145, 71.33736, 0.0140179
3146, 72.31077, 0.0138292
3147, 71.53383, 0.0139794
3148, 71.89538, 0.0139091
3149, 71.79472, 0.0139286
3150, 72.09389, 0.0138708
3151, 70.71786, 0.0141407
3152, 72.7019, 0.0137548
3153, 71.63888, 0.0139589
3154, 23.83387, 0.0419571
3155, 66.82481, 0.0149645
3156, 79.07951, 0.0126455
3157, 71.85767, 0.0139164
3158, 71.45461, 0.0139949
3159, 72.50054, 0.013793
3160, 69.53957, 0.0143803
3161, 62.49648, 0.0160009
3162, 73.50941, 0.0136037
3163, 84.57018, 0.0118245
3164, 73.21502, 0.0136584
3165, 71.53127, 0.0139799
3166, 71.1982, 0.0140453
3167, 72.4811, 0.0137967
3168, 71.82515, 0.0139227
3169, 70.93154, 0.0140981
3170, 72.4811, 0.0137967
3171, 71.50928, 0.0139842
3172, 71.3043, 0.0140244
3173, 71.34856, 0.0140157
3174, 72.18549, 0.0138532
3175, 72.66016, 0.0137627
3176, 72.12822, 0.0138642
3177, 71.82257, 0.0139232
3178, 71.56659, 0.013973
3179, 71.00911, 0.0140827
3180, 72.45012, 0.0138026
3181, 71.84734, 0.0139184
3182, 71.27279, 0.0140306
3183, 70.19218, 0.0142466
3184, 74.24071, 0.0134697
3185, 71.39134, 0.0140073
3186, 72.14122, 0.0138617
3187, 70.90489, 0.0141034
3188, 73.07645, 0.0136843
3189, 71.14146, 0.0140565
3190, 72.07363, 0.0138747
3191, 71.90572, 0.0139071
3192, 71.8205, 0.0139236
3193, 69.17686, 0.0144557
3194, 74.69598, 0.0133876
3195, 72.01601, 0.0138858
3196, 71.718, 0.0139435
3197, 71.91606, 0.0139051
3198, 71.4735, 0.0139912
3199, 71.7067, 0.0139457
3200, 72.50002, 0.0137931
3201, 71.91399, 0.0139055
3202, 71.7566, 0.013936
3203, 70.63544, 0.0141572
3204, 72.81836, 0.0137328
3205, 71.78957, 0.0139296
3206, 72.40762, 0.0138107
3207, 71.62452, 0.0139617
3208, 71.65017, 0.0139567
3209, 71.82618, 0.0139225
3210, 72.00461, 0.013888
3211, 71.23775, 0.0140375
3212, 72.51842, 0.0137896
3213, 71.0081, 0.0140829
3214, 71.5917, 0.0139681
3215, 72.73997, 0.0137476
3216, 71.07573, 0.0140695
3217, 71.15969, 0.0140529
3218, 72.5463, 0.0137843
3219, 72.14018, 0.0138619
3220, 72.21051, 0.0138484
3221, 71.67585, 0.0139517
3222, 72.34686, 0.0138223
3223, 70.58707, 0.0141669
3224, 70.83809, 0.0141167
3225, 74.5957, 0.0134056
3226, 70.43246, 0.014198
3227, 72.6945, 0.0137562
3228, 71.79008, 0.0139295
3229, 71.51797, 0.0139825
3230, 72.27836, 0.0138354
3231, 71.68613, 0.0139497
3232, 72.45012, 0.0138026
3233, 70.92953, 0.0140985
3234, 72.03573, 0.013882
3235, 70.6105, 0.0141622
3236, 73.13416, 0.0136735
3237, 71.83495, 0.0139208
3238, 71.64504, 0.0139577
3239, 71.44541, 0.0139967
3240, 72.56999, 0.0137798
3241, 71.18755, 0.0140474
3242, 72.01913, 0.0138852
3243, 72.52105, 0.0137891
3244, 71.37504, 0.0140105
3245, 72.0835, 0.0138728
3246, 71.3343, 0.0140185
3247, 71.03686, 0.0140772
3248, 72.62376, 0.0137696
3249, 72.21364, 0.0138478
3250, 71.51592, 0.0139829
3251, 72.10378, 0.0138689
3252, 72.0295, 0.0138832
3253, 70.75939, 0.0141324
3254, 73.15878, 0.0136689
3255, 71.59528, 0.0139674
3256, 71.18451, 0.014048
3257, 72.5563, 0.0137824
3258, 71.61324, 0.0139639
3259, 69.89977, 0.0143062
3260, 74.23795, 0.0134702
3261, 71.6394, 0.0139588
3262, 71.4781, 0.0139903
3263, 71.76793, 0.0139338
3264, 71.54457, 0.0139773
3265, 71.33838, 0.0140177
3266, 71.8716, 0.0139137
3267, 71.90262, 0.0139077
3268, 72.85338, 0.0137262
3269, 71.93882, 0.0139007
3270, 71.02676, 0.0140792
3271, 71.71183, 0.0139447
3272, 72.6797, 0.013759
3273, 71.4924, 0.0139875
3274, 71.97766, 0.0138932
3275, 71.81123, 0.0139254
3276, 70.55918, 0.0141725
3277, 72.85125, 0.0137266
3278, 72.82526, 0.0137315
3279, 71.66506, 0.0139538
3280, 71.54919, 0.0139764
3281, 71.60708, 0.0139651
3282, 71.28448, 0.0140283
3283, 71.60759, 0.013965
3284, 71.41735, 0.0140022
3285, 72.53735, 0.013786
3286, 71.66917, 0.013953
3287, 72.10689, 0.0138683
3288, 72.04455, 0.0138803
3289, 71.82102, 0.0139235
3290, 72.17351, 0.0138555
3291, 71.20326, 0.0140443
3292, 71.58196, 0.01397
3293, 72.28254, 0.0138346
3294, 71.12578, 0.0140596
3295, 70.17495, 0.0142501
3296, 74.07846, 0.0134992
3297, 72.75797, 0.0137442
3298, 71.55686, 0.0139749
3299, 71.8773, 0.0139126
3300, 71.40103, 0.0140054
3301, 71.64864, 0.013957
3302, 71.88763, 0.0139106
3303, 71.81999, 0.0139237
3304, 71.97714, 0.0138933
3305, 71.19009, 0.0140469
3306, 71.46584, 0.0139927
3307, 72.68921, 0.0137572
3308, 71.90313, 0.0139076
3309, 72.23763, 0.0138432
3310, 71.50928, 0.0139842
3311, 72.15476, 0.0138591
3312, 71.42041, 0.0140016
3313, 71.9585, 0.0138969
3314, 71.23015, 0.014039
3315, 72.58422, 0.0137771
3316, 71.51337, 0.0139834
3317, 71.1911, 0.0140467
3318, 72.71035, 0.0137532
3319, 71.82773, 0.0139222
3320, 71.79627, 0.0139283
3321, 71.96523, 0.0138956
3322, 71.0071, 0.0140831
3323, 72.68234, 0.0137585
3324, 71.28143, 0.0140289
3325, 71.38013, 0.0140095
3326, 72.29769, 0.0138317
3327, 71.25908, 0.0140333
3328, 73.13791, 0.0136728
3329, 70.82705, 0.0141189
3330, 71.32616, 0.0140201
3331, 73.17645, 0.0136656
3332, 71.8556, 0.0139168
3333, 71.90054, 0.0139081
3334, 71.47043, 0.0139918
3335, 71.06412, 0.0140718
3336, 71.94193, 0.0139001
3337, 72.31181, 0.013829
3338, 70.07905, 0.0142696
3339, 74.44187, 0.0134333
3340, 71.00407, 0.0140837
3341, 72.04195, 0.0138808
3342, 71.58144, 0.0139701
3343, 71.91193, 0.0139059
3344, 70.66938, 0.0141504
3345, 73.78767, 0.0135524
3346, 71.39084, 0.0140074
3347, 71.26974, 0.0140312
3348, 70.80097, 0.0141241
3349, 72.41969, 0.0138084
3350, 71.97351, 0.013894
3351, 73.0023, 0.0136982
3352, 71.5369, 0.0139788
3353, 71.68099, 0.0139507
3354, 71.89124, 0.0139099
3355, 72.03677, 0.0138818
3356, 70.38288, 0.014208
3357, 73.19358, 0.0136624
3358, 71.34754, 0.0140159
3359, 71.27736, 0.0140297
3360, 72.5058, 0.013792
3361, 71.85147, 0.0139176
3362, 70.55321, 0.0141737
3363, 73.76807, 0.013556
3364, 70.70036, 0.0141442
3365, 72.45694, 0.0138013
3366, 71.71132, 0.0139448
3367, 72.02328, 0.0138844
3368, 71.62298, 0.013962
3369, 70.69086, 0.0141461
3370, 73.43276, 0.0136179
3371, 71.33787, 0.0140178
3372, 71.61734, 0.0139631
3373, 72.2392, 0.0138429
3374, 70.75037, 0.0141342
3375, 72.92563, 0.0137126
3376, 71.61221, 0.0139641
3377, 72.08974, 0.0138716
3378, 71.91348, 0.0139056
3379, 71.47452, 0.013991
3380, 70.94714, 0.014095
3381, 72.82473, 0.0137316
3382, 70.28148, 0.0142285
3383, 73.61981, 0.0135833
3384, 72.11261, 0.0138672
3385, 70.78995, 0.0141263
3386, 71.75609, 0.0139361
3387, 72.31704, 0.013828
3388, 72.46587, 0.0137996
3389, 70.14, 0.0142572
3390, 73.11491, 0.0136771
3391, 70.14098, 0.014257
3392, 71.98129, 0.0138925
3393, 73.58459, 0.0135898
3394, 71.72675, 0.0139418
3395, 72.16621, 0.0138569
3396, 71.93417, 0.0139016
3397, 71.35569, 0.0140143
3398, 71.604, 0.0139657
3399, 72.30397, 0.0138305
3400, 71.81329, 0.013925
3401, 71.91917, 0.0139045
3402, 71.02626, 0.0140793
3403, 72.13342, 0.0138632
3404, 71.1101, 0.0140627
3405, 73.50076, 0.0136053
3406, 71.61631, 0.0139633
3407, 71.50519, 0.013985
3408, 72.0565, 0.013878
3409, 71.73241, 0.0139407
3410, 71.39746, 0.0140061
3411, 72.19852, 0.0138507
3412, 71.73344, 0.0139405
3413, 71.44133, 0.0139975
3414, 71.84321, 0.0139192
3415, 71.64248, 0.0139582
3416, 72.22094, 0.0138464
3417, 72.00098, 0.0138887
3418, 72.25642, 0.0138396
3419, 71.59324, 0.0139678
3420, 72.02535, 0.013884
3421, 71.3567, 0.0140141
3422, 70.42056, 0.0142004
3423, 73.44301, 0.013616
3424, 71.29921, 0.0140254
3425, 72.22355, 0.0138459
3426, 72.09389, 0.0138708
3427, 71.87109, 0.0139138
3428, 71.4735, 0.0139912
3429, 72.02535, 0.013884
3430, 71.5497, 0.0139763
3431, 72.21155, 0.0138482
3432, 71.69384, 0.0139482
3433, 71.83598, 0.0139206
3434, 71.48065, 0.0139898
3435, 72.04248, 0.0138807
3436, 72.55367, 0.0137829
3437, 71.425, 0.0140007
3438, 71.73447, 0.0139403
3439, 71.62811, 0.013961
3440, 69.82996, 0.0143205
3441, 72.39924, 0.0138123
3442, 73.07004, 0.0136855
3443, 71.26263, 0.0140326
3444, 73.06096, 0.0136872
3445, 71.31193, 0.0140229
3446, 70.89533, 0.0141053
3447, 71.38778, 0.014008
3448, 73.50509, 0.0136045
3449, 69.92469, 0.0143011
3450, 73.04442, 0.0136903
3451, 72.6945, 0.0137562
3452, 71.67431, 0.013952
3453, 71.52718, 0.0139807
3454, 70.71886, 0.0141405
3455, 73.18179, 0.0136646
3456, 71.74837, 0.0139376
3457, 71.00356, 0.0140838
3458, 70.69986, 0.0141443
3459, 73.32131, 0.0136386
3460, 70.88981, 0.0141064
3461, 73.80346, 0.0135495
3462, 71.604, 0.0139657
3463, 70.90841, 0.0141027
3464, 72.51579, 0.0137901
3465, 72.02016, 0.013885
3466, 71.804, 0.0139268
3467, 72.28777, 0.0138336
3468, 70.60651, 0.014163
3469, 72.65699, 0.0137633
3470, 71.55123, 0.013976
3471, 71.87006, 0.013914
3472, 71.47758, 0.0139904
3473, 72.37671, 0.0138166
3474, 71.47707, 0.0139905
3475, 70.41956, 0.0142006
3476, 74.68092, 0.0133903
3477, 70.73087, 0.0141381
3478, 72.94531, 0.0137089
3479, 71.69538, 0.0139479
3480, 71.87419, 0.0139132
3481, 71.97714, 0.0138933
3482, 71.44797, 0.0139962
3483, 69.43047, 0.0144029
3484, 74.88786, 0.0133533
3485, 71.64709, 0.0139573
3486, 71.63477, 0.0139597
3487, 70.78443, 0.0141274
3488, 72.71775, 0.0137518
3489, 71.89745, 0.0139087
3490, 71.72263, 0.0139426
3491, 72.27418, 0.0138362
3492, 71.66815, 0.0139532
3493, 71.91917, 0.0139045
3494, 71.01517, 0.0140815
3495, 71.11516, 0.0140617
3496, 73.83398, 0.0135439
3497, 71.54765, 0.0139767
3498, 71.25755, 0.0140336
3499, 72.48215, 0.0137965
3500, 71.604, 0.0139657
3501, 71.08735, 0.0140672
3502, 72.31704, 0.013828
3503, 71.86179, 0.0139156
3504, 72.08298, 0.0138729
3505, 71.78905, 0.0139297
3506, 70.01624, 0.0142824
3507, 73.20483, 0.0136603
3508, 72.87939, 0.0137213
3509, 71.67277, 0.0139523
3510, 70.96477, 0.0140915
3511, 72.28828, 0.0138335
3512, 71.42041, 0.0140016
3513, 71.41837, 0.014002
3514, 70.31657, 0.0142214
3515, 71.93779, 0.0139009
3516, 74.66866, 0.0133925
3517, 71.76278, 0.0139348
3518, 71.75042, 0.0139372
3519, 71.21442, 0.0140421
3520, 72.22668, 0.0138453
3521, 71.93003, 0.0139024
3522, 71.61067, 0.0139644
3523, 71.49905, 0.0139862
3524, 71.98388, 0.013892
3525, 70.23409, 0.0142381
3526, 74.14877, 0.0134864
3527, 71.68356, 0.0139502
3528, 71.60913, 0.0139647
3529, 71.58606, 0.0139692
3530, 72.32854, 0.0138258
3531, 70.83607, 0.0141171
3532, 72.47427, 0.013798
3533, 71.76433, 0.0139345
3534, 70.46869, 0.0141907
3535, 72.52, 0.0137893
3536, 72.48163, 0.0137966
3537, 71.24791, 0.0140355
3538, 72.29822, 0.0138316
3539, 72.01653, 0.0138857
3540, 71.53536, 0.0139791
3541, 71.75197, 0.0139369
3542, 72.22929, 0.0138448
3543, 70.74988, 0.0141343
3544, 72.89745, 0.0137179
3545, 69.73112, 0.0143408
3546, 73.95684, 0.0135214
3547, 71.74888, 0.0139375
3548, 71.27329, 0.0140305
3549, 71.48525, 0.0139889
3550, 73.04175, 0.0136908
3551, 71.53434, 0.0139793
3552, 71.604, 0.0139657
3553, 72.33587, 0.0138244
3554, 70.97786, 0.0140889
3555, 70.63744, 0.0141568
3556, 74.2093, 0.0134754
3557, 71.45358, 0.0139951
3558, 72.06013, 0.0138773
3559, 71.21797, 0.0140414
3560, 72.55788, 0.0137821
3561, 71.02374, 0.0140798
3562, 72.58263, 0.0137774
3563, 72.00772, 0.0138874
3564, 71.80142, 0.0139273
3565, 71.36689, 0.0140121
3566, 72.10169, 0.0138693
3567, 70.71285, 0.0141417
3568, 73.44139, 0.0136163
3569, 71.55737, 0.0139748
3570, 70.95621, 0.0140932
3571, 72.60319, 0.0137735
3572, 71.85508, 0.0139169
3573, 71.13287, 0.0140582
3574, 72.09753, 0.0138701
3575, 71.30634, 0.014024
3576, 73.03855, 0.0136914
3577, 71.55891, 0.0139745
3578, 70.9824, 0.014088
3579, 71.73756, 0.0139397
3580, 72.37933, 0.0138161
3581, 72.2079, 0.0138489
3582, 71.624, 0.0139618
3583, 72.09702, 0.0138702
3584, 71.40816, 0.014004
3585, 71.34143, 0.0140171
3586, 72.36832, 0.0138182
3587, 72.5937, 0.0137753
3588, 71.79678, 0.0139282
3589, 71.30481, 0.0140243
3590, 71.85715, 0.0139165
3591, 71.22456, 0.0140401
3592, 72.05961, 0.0138774
3593, 71.98595, 0.0138916
3594, 71.91709, 0.0139049
3595, 72.19226, 0.0138519
3596, 71.02979, 0.0140786
3597, 71.4781, 0.0139903
3598, 72.6628, 0.0137622
3599, 72.77226, 0.0137415
3600, 70.93909, 0.0140966
3601, 71.71081, 0.0139449
3602, 72.02483, 0.0138841
3603, 71.51746, 0.0139826
3604, 71.72315, 0.0139425
3605, 72.70929, 0.0137534
3606, 71.33736, 0.0140179
3607, 72.23033, 0.0138446
3608, 71.47554, 0.0139908
3609, 70.89685, 0.014105
3610, 72.90755, 0.013716
3611, 71.7, 0.013947
3612, 71.79833, 0.0139279
3613, 71.93468, 0.0139015
3614, 71.72263, 0.0139426
3615, 71.25501, 0.0140341
3616, 72.27104, 0.0138368
3617, 72.6496, 0.0137647
3618, 71.40358, 0.0140049
3619, 72.11521, 0.0138667
3620, 71.20834, 0.0140433
3621, 71.81586, 0.0139245
3622, 71.19211, 0.0140465
3623, 71.93054, 0.0139023
3624, 72.37985, 0.013816
3625, 71.60861, 0.0139648
3626, 71.20022, 0.0140449
3627, 72.34372, 0.0138229
3628, 72.06324, 0.0138767
3629, 72.37461, 0.013817
3630, 71.40103, 0.0140054
3631, 71.85921, 0.0139161
3632, 71.9083, 0.0139066
3633, 70.82604, 0.0141191
3634, 72.3699, 0.0138179
3635, 72.1459, 0.0138608
3636, 72.02847, 0.0138834
3637, 71.62605, 0.0139614
3638, 71.95229, 0.0138981
3639, 71.52411, 0.0139813
3640, 72.19331, 0.0138517
3641, 71.92744, 0.0139029
3642, 70.241, 0.0142367
3643, 72.2079, 0.0138489
3644, 71.64248, 0.0139582
3645, 72.92776, 0.0137122
3646, 68.80135, 0.0145346
3647, 74.99175, 0.0133348
3648, 72.34791, 0.0138221
3649, 71.35874, 0.0140137
3650, 71.69332, 0.0139483
3651, 72.16933, 0.0138563
3652, 71.91864, 0.0139046
3653, 71.63991, 0.0139587
3654, 71.95539, 0.0138975
3655, 70.37199, 0.0142102
3656, 71.68665, 0.0139496
3657, 73.87652, 0.0135361
3658, 70.55769, 0.0141728
3659, 72.75902, 0.013744
3660, 72.16413, 0.0138573
3661, 71.45052, 0.0139957
3662, 71.64094, 0.0139585
3663, 72.06065, 0.0138772
3664, 70.62646, 0.014159
3665, 72.91978, 0.0137137
3666, 70.4027, 0.014204
3667, 72.81731, 0.013733
3668, 71.73241, 0.0139407
3669, 71.74219, 0.0139388
3670, 71.02171, 0.0140802
3671, 73.06416, 0.0136866
3672, 70.31756, 0.0142212
3673, 73.31862, 0.0136391
3674, 72.43858, 0.0138048
3675, 71.20782, 0.0140434
3676, 71.73756, 0.0139397
3677, 72.12354, 0.0138651
3678, 71.58298, 0.0139698
3679, 72.58843, 0.0137763
3680, 70.6095, 0.0141624
3681, 71.31091, 0.0140231
3682, 73.04709, 0.0136898
3683, 71.9233, 0.0139037
3684, 72.31547, 0.0138283
3685, 71.49547, 0.0139869
3686, 71.15564, 0.0140537
3687, 72.29037, 0.0138331
3688, 70.52684, 0.014179
3689, 72.6459, 0.0137654
3690, 72.42336, 0.0138077
3691, 71.88814, 0.0139105
3692, 71.44235, 0.0139973
3693, 72.1834, 0.0138536
3694, 71.09393, 0.0140659
3695, 72.66492, 0.0137618
3696, 71.95901, 0.0138968
3697, 71.43011, 0.0139997
3698, 71.13589, 0.0140576
3699, 71.09443, 0.0140658
3700, 73.09674, 0.0136805
3701, 71.92589, 0.0139032
3702, 71.79936, 0.0139277
3703, 71.80813, 0.013926
3704, 71.92175, 0.013904
3705, 72.01031, 0.0138869
3706, 70.93909, 0.0140966
3707, 72.76855, 0.0137422
3708, 71.3939, 0.0140068
3709, 71.96212, 0.0138962
3710, 71.68459, 0.01395
3711, 72.24911, 0.013841
3712, 70.80448, 0.0141234
3713, 73.04069, 0.013691
3714, 71.49547, 0.0139869
3715, 71.48116, 0.0139897
3716, 71.97662, 0.0138934
3717, 72.00357, 0.0138882
3718, 70.44337, 0.0141958
3719, 73.07057, 0.0136854
3720, 72.16361, 0.0138574
3721, 68.91704, 0.0145102
3722, 72.0513, 0.013879
3723, 74.77698, 0.0133731
3724, 71.0424, 0.0140761
3725, 72.24493, 0.0138418
3726, 67.07133, 0.0149095
3727, 74.2396, 0.0134699
3728, 68.85155, 0.014524
3729, 73.89181, 0.0135333
3730, 70.12328, 0.0142606
3731, 75.02888, 0.0133282
3732, 71.76484, 0.0139344
3733, 71.76948, 0.0139335
3734, 71.97403, 0.0138939
3735, 71.14957, 0.0140549
3736, 70.82855, 0.0141186
3737, 70.63094, 0.0141581
3738, 75.07113, 0.0133207
3739, 68.21004, 0.0146606
3740, 75.24059, 0.0132907
3741, 71.62811, 0.013961
3742, 68.66151, 0.0145642
3743, 74.62352, 0.0134006
3744, 72.88205, 0.0137208
3745, 71.67482, 0.0139519
3746, 71.43061, 0.0139996
3747, 71.33228, 0.0140189
3748, 70.95016, 0.0140944
3749, 73.85033, 0.0135409
3750, 71.93831, 0.0139008
3751, 71.61734, 0.0139631
3752, 75.34943, 0.0132715
3753, 71.73705, 0.0139398
3754, 71.06866, 0.0140709
3755, 69.29143, 0.0144318
3756, 72.10169, 0.0138693
3757, 70.80347, 0.0141236
3758, 72.30815, 0.0138297
3759, 71.98077, 0.0138926
3760, 71.57581, 0.0139712
3761, 70.61, 0.0141623
3762, 73.48402, 0.0136084
3763, 71.73962, 0.0139393
3764, 71.66609, 0.0139536
3765, 70.40617, 0.0142033
3766, 70.95168, 0.0140941
3767, 50.13436, 0.0199464
3768, 112.3469, 0.008901
3769, 84.7192, 0.0118037
3770, 70.612, 0.0141619
3771, 71.63426, 0.0139598
3772, 72.40081, 0.013812
3773, 23.23782, 0.0430333
