Frame, FPS, Frame Time
1, 50, 0.02
2, 50, 0.02
3, 3, 0.3333333
4, 5.703026, 0.1753455
5, 71.02122, 0.0140803
6, 112.6253, 0.008879
7, 71.20225, 0.0140445
8, 72.04455, 0.0138803
9, 68.26218, 0.0146494
10, 76.37902, 0.0130926
11, 72.21364, 0.0138478
12, 69.76371, 0.0143341
13, 72.02172, 0.0138847
14, 73.38965, 0.0136259
15, 72.74314, 0.013747
16, 70.37892, 0.0142088
17, 71.45461, 0.0139949
18, 74.07078, 0.0135006
19, 71.16576, 0.0140517
20, 71.10352, 0.014064
21, 72.95329, 0.0137074
22, 71.2921, 0.0140268
23, 71.82515, 0.0139227
24, 71.64606, 0.0139575
25, 71.63683, 0.0139593
26, 71.49854, 0.0139863
27, 72.0965, 0.0138703
28, 71.22406, 0.0140402
29, 72.73891, 0.0137478
30, 71.2794, 0.0140293
31, 17.94114, 0.0557378
32, 73.19948, 0.0136613
33, 71.93572, 0.0139013
34, 71.17438, 0.01405
35, 71.37606, 0.0140103
36, 73.13684, 0.013673
37, 71.17995, 0.0140489
38, 72.53157, 0.0137871
39, 71.21239, 0.0140425
40, 71.57223, 0.0139719
41, 71.5917, 0.0139681
42, 72.19852, 0.0138507
43, 72.3411, 0.0138234
44, 71.34042, 0.0140173
45, 71.68562, 0.0139498
46, 70.84511, 0.0141153
47, 36.08741, 0.0277105
48, 71.67791, 0.0139513
49, 70.90187, 0.014104
50, 72.35838, 0.0138201
51, 72.52526, 0.0137883
52, 71.16323, 0.0140522
53, 71.85973, 0.013916
54, 50.69606, 0.0197254
55, 72.86824, 0.0137234
56, 12.24336, 0.0816769
57, 68.05406, 0.0146942
58, 77.3898, 0.0129216
59, 68.58475, 0.0145805
60, 68.82833, 0.0145289
61, 23.52106, 0.0425151
62, 66.36933, 0.0150672
63, 71.48219, 0.0139895
64, 70.77592, 0.0141291
65, 70.25728, 0.0142334
66, 72.06584, 0.0138762
67, 70.24149, 0.0142366
68, 71.33533, 0.0140183
69, 72.23868, 0.013843
70, 70.95268, 0.0140939
71, 71.75866, 0.0139356
72, 72.26164, 0.0138386
73, 71.36384, 0.0140127
74, 71.48525, 0.0139889
75, 71.46737, 0.0139924
76, 71.08482, 0.0140677
77, 73.36434, 0.0136306
78, 68.66245, 0.014564
79, 75.34602, 0.0132721
80, 70.46869, 0.0141907
81, 72.43804, 0.0138049
82, 70.91293, 0.0141018
83, 71.868, 0.0139144
84, 70.27802, 0.0142292
85, 36.52928, 0.0273753
86, 70.3606, 0.0142125
87, 69.60735, 0.0143663
88, 72.89905, 0.0137176
89, 70.41906, 0.0142007
90, 73.6144, 0.0135843
91, 71.75454, 0.0139364
92, 72.33534, 0.0138245
93, 71.55686, 0.0139749
94, 71.09443, 0.0140658
95, 70.69336, 0.0141456
96, 73.70989, 0.0135667
97, 72.71141, 0.013753
98, 72.64116, 0.0137663
99, 70.80548, 0.0141232
100, 72.23555, 0.0138436
101, 71.91244, 0.0139058
102, 71.90934, 0.0139064
103, 71.8236, 0.013923
104, 68.37233, 0.0146258
105, 72.03832, 0.0138815
106, 74.47569, 0.0134272
107, 70.8421, 0.0141159
108, 72.37042, 0.0138178
109, 72.19539, 0.0138513
110, 71.28701, 0.0140278
111, 72.38561, 0.0138149
112, 71.22507, 0.01404
113, 71.42347, 0.014001
114, 35.99258, 0.0277835
115, 55.49205, 0.0180206
116, 107.6206, 0.0092919
117, 69.68204, 0.0143509
118, 72.90489, 0.0137165
119, 72.30083, 0.0138311
120, 71.39339, 0.0140069
121, 71.48525, 0.0139889
122, 71.18349, 0.0140482
123, 70.97534, 0.0140894
124, 72.53577, 0.0137863
125, 72.17924, 0.0138544
126, 70.98743, 0.014087
127, 70.14, 0.0142572
128, 73.79693, 0.0135507
129, 71.25857, 0.0140334
130, 35.91373, 0.0278445
131, 69.24297, 0.0144419
132, 74.22307, 0.0134729
133, 71.69692, 0.0139476
134, 71.57889, 0.0139706
135, 70.91142, 0.0141021
136, 71.07624, 0.0140694
137, 71.95176, 0.0138982
138, 73.96504, 0.0135199
139, 71.46379, 0.0139931
140, 71.79008, 0.0139295
141, 70.71635, 0.014141
142, 73.02362, 0.0136942
143, 72.60424, 0.0137733
144, 70.90438, 0.0141035
145, 71.83908, 0.01392
146, 71.64401, 0.0139579
147, 70.1843, 0.0142482
148, 4.224614, 0.236708
149, 64.87609, 0.015414
150, 71.93313, 0.0139018
151, 83.50591, 0.0119752
152, 69.94425, 0.0142971
153, 73.59381, 0.0135881
154, 71.76175, 0.013935
155, 71.7391, 0.0139394
156, 70.56764, 0.0141708
157, 72.5742, 0.013779
158, 72.07363, 0.0138747
159, 71.22811, 0.0140394
160, 71.73602, 0.01394
161, 71.56711, 0.0139729
162, 69.74279, 0.0143384
163, 74.14272, 0.0134875
164, 72.31024, 0.0138293
165, 71.973, 0.0138941
166, 71.47452, 0.013991
167, 72.24546, 0.0138417
168, 70.0712, 0.0142712
169, 73.55321, 0.0135956
170, 71.21188, 0.0140426
171, 72.1329, 0.0138633
172, 71.19464, 0.014046
173, 70.86319, 0.0141117
174, 71.41174, 0.0140033
175, 73.55537, 0.0135952
176, 71.27482, 0.0140302
177, 72.2079, 0.0138489
178, 71.44133, 0.0139975
179, 71.23167, 0.0140387
180, 69.31016, 0.0144279
181, 74.77977, 0.0133726
182, 72.37985, 0.013816
183, 70.68137, 0.014148
184, 72.41496, 0.0138093
185, 71.90985, 0.0139063
186, 71.48065, 0.0139898
187, 72.38561, 0.0138149
188, 71.27177, 0.0140308
189, 72.20008, 0.0138504
190, 71.65479, 0.0139558
191, 71.08634, 0.0140674
192, 70.53977, 0.0141764
193, 72.86505, 0.013724
194, 71.57581, 0.0139712
195, 72.30711, 0.0138299
196, 72.63377, 0.0137677
197, 71.20326, 0.0140443
198, 70.74837, 0.0141346
199, 72.96927, 0.0137044
200, 72.37775, 0.0138164
201, 71.99632, 0.0138896
202, 71.76639, 0.0139341
203, 69.57587, 0.0143728
204, 73.94043, 0.0135244
205, 72.15163, 0.0138597
206, 71.17336, 0.0140502
207, 71.80607, 0.0139264
208, 72.12874, 0.0138641
209, 71.0631, 0.014072
210, 71.03887, 0.0140768
211, 73.40582, 0.0136229
212, 71.1187, 0.014061
213, 71.67431, 0.013952
214, 72.22198, 0.0138462
215, 71.76484, 0.0139344
216, 71.66763, 0.0139533
217, 71.6625, 0.0139543
218, 71.97092, 0.0138945
219, 72.20477, 0.0138495
220, 71.07927, 0.0140688
221, 71.79936, 0.0139277
222, 70.80147, 0.014124
223, 72.66597, 0.0137616
224, 70.82404, 0.0141195
225, 73.15931, 0.0136688
226, 70.48161, 0.0141881
227, 73.124, 0.0136754
228, 71.44184, 0.0139974
229, 73.13042, 0.0136742
230, 71.17387, 0.0140501
231, 72.6702, 0.0137608
232, 70.7649, 0.0141313
233, 72.58527, 0.0137769
234, 70.91042, 0.0141023
235, 72.80246, 0.0137358
236, 70.9698, 0.0140905
237, 72.23502, 0.0138437
238, 72.0321, 0.0138827
239, 71.36485, 0.0140125
240, 71.87626, 0.0139128
241, 71.75557, 0.0139362
242, 72.19331, 0.0138517
243, 71.72366, 0.0139424
244, 70.81451, 0.0141214
245, 72.41444, 0.0138094
246, 71.61734, 0.0139631
247, 71.00961, 0.0140826
248, 72.29456, 0.0138323
249, 72.06688, 0.013876
250, 71.7942, 0.0139287
251, 70.97836, 0.0140888
252, 71.25857, 0.0140334
253, 72.33273, 0.013825
254, 70.95319, 0.0140938
255, 74.05213, 0.013504
256, 69.67281, 0.0143528
257, 73.40419, 0.0136232
258, 72.04352, 0.0138805
259, 71.82566, 0.0139226
260, 71.86334, 0.0139153
261, 71.97144, 0.0138944
262, 70.22965, 0.014239
263, 73.0898, 0.0136818
264, 72.06013, 0.0138773
265, 70.38091, 0.0142084
266, 71.34958, 0.0140155
267, 73.3068, 0.0136413
268, 71.81741, 0.0139242
269, 72.40815, 0.0138106
270, 71.90882, 0.0139065
271, 71.36638, 0.0140122
272, 71.76175, 0.013935
273, 72.30031, 0.0138312
274, 72.20113, 0.0138502
275, 70.24396, 0.0142361
276, 72.14174, 0.0138616
277, 71.69795, 0.0139474
278, 72.59792, 0.0137745
279, 72.22302, 0.013846
280, 71.42398, 0.0140009
281, 71.96833, 0.013895
282, 71.71646, 0.0139438
283, 71.0626, 0.0140721
284, 72.59528, 0.013775
285, 71.24385, 0.0140363
286, 72.4092, 0.0138104
287, 70.27851, 0.0142291
288, 72.36466, 0.0138189
289, 71.41939, 0.0140018
290, 73.2118, 0.013659
291, 71.42653, 0.0140004
292, 71.8649, 0.013915
293, 72.22877, 0.0138449
294, 71.00356, 0.0140838
295, 71.34194, 0.014017
296, 72.77702, 0.0137406
297, 70.64392, 0.0141555
298, 71.12022, 0.0140607
299, 74.21811, 0.0134738
300, 71.38676, 0.0140082
301, 71.68922, 0.0139491
302, 72.41864, 0.0138086
303, 71.65582, 0.0139556
304, 71.78596, 0.0139303
305, 71.98854, 0.0138911
306, 70.07316, 0.0142708
307, 72.18079, 0.0138541
308, 73.21019, 0.0136593
309, 71.9818, 0.0138924
310, 71.47707, 0.0139905
311, 72.05338, 0.0138786
312, 71.45766, 0.0139943
313, 71.19211, 0.0140465
314, 73.05563, 0.0136882
315, 71.83959, 0.0139199
316, 70.83356, 0.0141176
317, 72.35629, 0.0138205
318, 71.52564, 0.013981
319, 70.94714, 0.014095
320, 72.77438, 0.0137411
321, 71.74837, 0.0139376
322, 72.03988, 0.0138812
323, 71.03282, 0.014078
324, 71.55021, 0.0139762
325, 71.74064, 0.0139391
326, 72.2272, 0.0138452
327, 71.48219, 0.0139895
328, 72.98098, 0.0137022
329, 71.77669, 0.0139321
330, 71.32261, 0.0140208
331, 70.95419, 0.0140936
332, 73.10316, 0.0136793
333, 71.45358, 0.0139951
334, 72.20581, 0.0138493
335, 71.3511, 0.0140152
336, 71.43367, 0.013999
337, 72.23241, 0.0138442
338, 71.86541, 0.0139149
339, 72.00201, 0.0138885
340, 72.01134, 0.0138867
341, 71.76948, 0.0139335
342, 70.83356, 0.0141176
343, 72.72305, 0.0137508
344, 71.90313, 0.0139076
345, 71.82773, 0.0139222
346, 71.37096, 0.0140113
347, 72.28568, 0.013834
348, 71.71903, 0.0139433
349, 71.83908, 0.01392
350, 72.11937, 0.0138659
351, 71.44695, 0.0139964
352, 71.71081, 0.0139449
353, 71.73138, 0.0139409
354, 71.36434, 0.0140126
355, 72.27418, 0.0138362
356, 71.58862, 0.0139687
357, 70.37942, 0.0142087
358, 73.08766, 0.0136822
359, 71.98543, 0.0138917
360, 71.8773, 0.0139126
361, 71.96782, 0.0138951
362, 71.35619, 0.0140142
363, 71.14653, 0.0140555
364, 71.7355, 0.0139401
365, 72.80087, 0.0137361
366, 71.07674, 0.0140693
367, 71.70875, 0.0139453
368, 72.64644, 0.0137653
369, 72.09597, 0.0138704
370, 71.03584, 0.0140774
371, 71.55123, 0.013976
372, 71.71852, 0.0139434
373, 72.64169, 0.0137662
374, 72.27627, 0.0138358
375, 71.59631, 0.0139672
376, 71.39899, 0.0140058
377, 71.88763, 0.0139106
378, 71.34143, 0.0140171
379, 72.60107, 0.0137739
380, 70.84009, 0.0141163
381, 72.19279, 0.0138518
382, 71.2129, 0.0140424
383, 72.95702, 0.0137067
384, 70.83106, 0.0141181
385, 72.63061, 0.0137683
386, 71.37504, 0.0140105
387, 70.35317, 0.014214
388, 73.88689, 0.0135342
389, 70.71635, 0.014141
390, 72.10689, 0.0138683
391, 72.31495, 0.0138284
392, 71.04997, 0.0140746
393, 72.13238, 0.0138634
394, 72.07519, 0.0138744
395, 71.19262, 0.0140464
396, 72.06272, 0.0138768
397, 71.30379, 0.0140245
398, 71.31905, 0.0140215
399, 73.47755, 0.0136096
400, 71.2672, 0.0140317
401, 71.78957, 0.0139296
402, 71.89331, 0.0139095
403, 70.38833, 0.0142069
404, 72.38561, 0.0138149
405, 72.28671, 0.0138338
406, 72.13081, 0.0138637
407, 71.33787, 0.0140178
408, 71.93727, 0.013901
409, 72.43227, 0.013806
410, 70.99651, 0.0140852
411, 72.71881, 0.0137516
412, 71.01214, 0.0140821
413, 72.90755, 0.013716
414, 71.56915, 0.0139725
415, 71.71492, 0.0139441
416, 71.14045, 0.0140567
417, 34.86337, 0.0286834
418, 77.17716, 0.0129572
419, 71.09291, 0.0140661
420, 71.99994, 0.0138889
421, 66.35216, 0.0150711
422, 76.67888, 0.0130414
423, 64.23392, 0.0155681
424, 74.17462, 0.0134817
425, 81.0813, 0.0123333
426, 71.73344, 0.0139405
427, 70.67338, 0.0141496
428, 73.72674, 0.0135636
429, 71.60297, 0.0139659
430, 70.88729, 0.0141069
431, 72.46849, 0.0137991
432, 71.74579, 0.0139381
433, 69.9888, 0.014288
434, 74.48956, 0.0134247
435, 71.18147, 0.0140486
436, 72.06584, 0.0138762
437, 70.49949, 0.0141845
438, 73.01349, 0.0136961
439, 70.57014, 0.0141703
440, 73.26115, 0.0136498
441, 70.86771, 0.0141108
442, 72.64802, 0.013765
443, 71.15918, 0.014053
444, 71.42092, 0.0140015
445, 70.67138, 0.01415
446, 73.56133, 0.0135941
447, 72.29822, 0.0138316
448, 71.94969, 0.0138986
449, 70.80298, 0.0141237
450, 72.34215, 0.0138232
451, 71.45766, 0.0139943
452, 72.80511, 0.0137353
453, 72.32279, 0.0138269
454, 71.4046, 0.0140047
455, 71.4398, 0.0139978
456, 72.05286, 0.0138787
457, 71.03282, 0.014078
458, 71.99943, 0.013889
459, 72.03988, 0.0138812
460, 72.03937, 0.0138813
461, 71.75352, 0.0139366
462, 71.85198, 0.0139175
463, 71.65736, 0.0139553
464, 71.84528, 0.0139188
465, 72.01757, 0.0138855
466, 71.1106, 0.0140626
467, 72.3411, 0.0138234
468, 71.26009, 0.0140331
469, 71.59273, 0.0139679
470, 73.14754, 0.013671
471, 71.45818, 0.0139942
472, 70.96527, 0.0140914
473, 72.63061, 0.0137683
474, 68.19003, 0.0146649
475, 74.75294, 0.0133774
476, 70.45478, 0.0141935
477, 72.24911, 0.013841
478, 72.40815, 0.0138106
479, 71.32922, 0.0140195
480, 73.70881, 0.0135669
481, 71.35059, 0.0140153
482, 71.5415, 0.0139779
483, 69.92029, 0.014302
484, 72.33378, 0.0138248
485, 36.30423, 0.027545
486, 70.50396, 0.0141836
487, 70.15526, 0.0142541
488, 64.16179, 0.0155856
489, 74.12129, 0.0134914
490, 82.77118, 0.0120815
491, 71.50928, 0.0139842
492, 73.4484, 0.013615
493, 72.0461, 0.01388
494, 70.87424, 0.0141095
495, 72.10169, 0.0138693
496, 71.80091, 0.0139274
497, 70.60052, 0.0141642
498, 72.63641, 0.0137672
499, 72.01291, 0.0138864
500, 71.34449, 0.0140165
501, 71.30938, 0.0140234
502, 73.18501, 0.013664
503, 72.27888, 0.0138353
504, 71.90106, 0.013908
505, 71.0197, 0.0140806
506, 72.01706, 0.0138856
507, 71.42296, 0.0140011
508, 73.02522, 0.0136939
509, 71.19971, 0.014045
510, 71.96056, 0.0138965
511, 72.07363, 0.0138747
512, 71.51439, 0.0139832
513, 71.93158, 0.0139021
514, 71.72932, 0.0139413
515, 71.91244, 0.0139058
516, 71.20631, 0.0140437
517, 72.17299, 0.0138556
518, 71.86128, 0.0139157
519, 71.57991, 0.0139704
520, 71.76175, 0.013935
521, 72.16309, 0.0138575
522, 71.59528, 0.0139674
523, 71.68768, 0.0139494
524, 71.39288, 0.014007
525, 72.57368, 0.0137791
526, 71.77566, 0.0139323
527, 72.04404, 0.0138804
528, 71.48014, 0.0139899
529, 69.88657, 0.0143089
530, 74.12459, 0.0134908
531, 71.61221, 0.0139641
532, 71.55174, 0.0139759
533, 72.11885, 0.013866
534, 71.75866, 0.0139356
535, 71.46022, 0.0139938
536, 72.32645, 0.0138262
537, 72.30187, 0.0138309
538, 71.46124, 0.0139936
539, 70.78493, 0.0141273
540, 73.00496, 0.0136977
541, 71.11971, 0.0140608
542, 72.18027, 0.0138542
543, 72.08974, 0.0138716
544, 71.57172, 0.013972
545, 71.88608, 0.0139109
546, 71.5149, 0.0139831
547, 71.4827, 0.0139894
548, 72.42703, 0.013807
549, 71.07674, 0.0140693
550, 73.76209, 0.0135571
551, 71.48372, 0.0139892
552, 71.89745, 0.0139087
553, 71.41021, 0.0140036
554, 72.38561, 0.0138149
555, 71.49445, 0.0139871
556, 72.22668, 0.0138453
557, 71.57069, 0.0139722
558, 72.18913, 0.0138525
559, 71.45715, 0.0139944
560, 72.55841, 0.013782
561, 71.73035, 0.0139411
562, 71.254, 0.0140343
563, 71.89435, 0.0139093
564, 69.20559, 0.0144497
565, 74.3406, 0.0134516
566, 71.51337, 0.0139834
567, 72.37304, 0.0138173
568, 71.66917, 0.013953
569, 71.6358, 0.0139595
570, 71.34449, 0.0140165
571, 71.49138, 0.0139877
572, 73.69196, 0.01357
573, 71.50007, 0.013986
574, 71.24994, 0.0140351
575, 71.66506, 0.0139538
576, 72.25381, 0.0138401
577, 71.09291, 0.0140661
578, 70.86118, 0.0141121
579, 74.09328, 0.0134965
580, 71.4352, 0.0139987
581, 71.31447, 0.0140224
582, 71.94193, 0.0139001
583, 71.46022, 0.0139938
584, 73.04602, 0.01369
585, 71.42245, 0.0140012
586, 71.46124, 0.0139936
587, 71.91606, 0.0139051
588, 71.81741, 0.0139242
589, 70.97383, 0.0140897
590, 73.15343, 0.0136699
591, 71.36434, 0.0140126
592, 71.34703, 0.014016
593, 72.40186, 0.0138118
594, 71.59016, 0.0139684
595, 71.95021, 0.0138985
596, 72.3432, 0.013823
597, 71.00911, 0.0140827
598, 72.58896, 0.0137762
599, 71.22102, 0.0140408
600, 71.01365, 0.0140818
601, 72.97619, 0.0137031
602, 71.7803, 0.0139314
603, 72.41602, 0.0138091
604, 71.62656, 0.0139613
605, 67.61874, 0.0147888
606, 76.42222, 0.0130852
607, 71.68202, 0.0139505
608, 71.17793, 0.0140493
609, 72.21625, 0.0138473
610, 71.99943, 0.013889
611, 70.67338, 0.0141496
612, 72.30553, 0.0138302
613, 72.26687, 0.0138376
614, 72.33221, 0.0138251
615, 71.81019, 0.0139256
616, 71.18248, 0.0140484
617, 72.6628, 0.0137622
618, 71.25501, 0.0140341
619, 71.53075, 0.01398
620, 72.09857, 0.0138699
621, 72.04404, 0.0138804
622, 70.64143, 0.014156
623, 71.85457, 0.013917
624, 72.76908, 0.0137421
625, 71.76175, 0.013935
626, 72.54367, 0.0137848
627, 71.54713, 0.0139768
628, 71.85818, 0.0139163
629, 72.0809, 0.0138733
630, 71.57581, 0.0139712
631, 72.13029, 0.0138638
632, 70.95822, 0.0140928
633, 71.19312, 0.0140463
634, 73.27886, 0.0136465
635, 71.23116, 0.0140388
636, 72.16778, 0.0138566
637, 72.11209, 0.0138673
638, 71.54816, 0.0139766
639, 70.91293, 0.0141018
640, 72.60846, 0.0137725
641, 71.8071, 0.0139262
642, 71.71081, 0.0139449
643, 71.26314, 0.0140325
644, 72.36571, 0.0138187
645, 72.44382, 0.0138038
646, 71.43112, 0.0139995
647, 72.02172, 0.0138847
648, 71.83856, 0.0139201
649, 72.12926, 0.013864
650, 71.32261, 0.0140208
651, 71.89899, 0.0139084
652, 71.87471, 0.0139131
653, 71.63016, 0.0139606
654, 70.93054, 0.0140983
655, 72.16205, 0.0138577
656, 71.95746, 0.0138971
657, 70.36357, 0.0142119
658, 72.63008, 0.0137684
659, 71.87936, 0.0139122
660, 72.1381, 0.0138623
661, 72.24755, 0.0138413
662, 71.16526, 0.0140518
663, 70.66389, 0.0141515
664, 62.1145, 0.0160993
665, 75.72947, 0.0132049
666, 82.33706, 0.0121452
667, 72.74368, 0.0137469
668, 72.19852, 0.0138507
669, 70.35565, 0.0142135
670, 71.94607, 0.0138993
671, 70.85365, 0.0141136
672, 72.92935, 0.0137119
673, 71.58913, 0.0139686
674, 71.0732, 0.01407
675, 72.54736, 0.0137841
676, 72.21155, 0.0138482
677, 71.80916, 0.0139258
678, 72.96288, 0.0137056
679, 71.55686, 0.0139749
680, 71.19718, 0.0140455
681, 72.35157, 0.0138214
682, 71.45511, 0.0139948
683, 71.73138, 0.0139409
684, 72.37723, 0.0138165
685, 70.90388, 0.0141036
686, 70.3413, 0.0142164
687, 73.67731, 0.0135727
688, 72.51579, 0.0137901
689, 71.77, 0.0139334
690, 72.22772, 0.0138451
691, 71.76124, 0.0139351
692, 71.05704, 0.0140732
693, 72.64854, 0.0137649
694, 71.65736, 0.0139553
695, 71.81432, 0.0139248
696, 70.54773, 0.0141748
697, 73.31808, 0.0136392
698, 71.64042, 0.0139586
699, 72.25799, 0.0138393
700, 71.7463, 0.013938
701, 71.5456, 0.0139771
702, 71.91089, 0.0139061
703, 71.62452, 0.0139617
704, 70.4662, 0.0141912
705, 73.11973, 0.0136762
706, 71.57069, 0.0139722
707, 70.95671, 0.0140931
708, 72.43227, 0.013806
709, 72.61795, 0.0137707
710, 70.65739, 0.0141528
711, 73.3638, 0.0136307
712, 71.17286, 0.0140503
713, 72.19382, 0.0138516
714, 71.05654, 0.0140733
715, 72.29142, 0.0138329
716, 71.24791, 0.0140355
717, 71.90417, 0.0139074
718, 72.52526, 0.0137883
719, 71.91037, 0.0139062
720, 72.01706, 0.0138856
721, 35.72755, 0.0279896
722, 71.60708, 0.0139651
723, 71.75712, 0.0139359
724, 71.72726, 0.0139417
725, 71.03938, 0.0140767
726, 73.29659, 0.0136432
727, 71.35772, 0.0140139
728, 70.38189, 0.0142082
729, 64.54153, 0.0154939
730, 73.63824, 0.0135799
731, 81.16751, 0.0123202
732, 72.25172, 0.0138405
733, 71.12022, 0.0140607
734, 72.25694, 0.0138395
735, 71.89745, 0.0139087
736, 71.28244, 0.0140287
737, 72.13446, 0.013863
738, 72.41602, 0.0138091
739, 68.80418, 0.014534
740, 75.61837, 0.0132243
741, 71.53638, 0.0139789
742, 71.50928, 0.0139842
743, 71.78648, 0.0139302
744, 71.38371, 0.0140088
745, 71.45, 0.0139958
746, 72.20008, 0.0138504
747, 71.62503, 0.0139616
748, 72.45694, 0.0138013
749, 71.61375, 0.0139638
750, 71.01062, 0.0140824
751, 72.10378, 0.0138689
752, 72.60266, 0.0137736
753, 71.34754, 0.0140159
754, 71.90468, 0.0139073
755, 71.42704, 0.0140003
756, 72.23138, 0.0138444
757, 70.75889, 0.0141325
758, 73.33153, 0.0136367
759, 71.59477, 0.0139675
760, 71.94865, 0.0138988
761, 71.57377, 0.0139716
762, 71.82566, 0.0139226
763, 71.93262, 0.0139019
764, 71.86283, 0.0139154
765, 72.07259, 0.0138749
766, 70.54027, 0.0141763
767, 73.21448, 0.0136585
768, 71.61528, 0.0139635
769, 71.63119, 0.0139604
770, 72.28045, 0.013835
771, 71.90365, 0.0139075
772, 70.69336, 0.0141456
773, 72.48005, 0.0137969
774, 72.42598, 0.0138072
775, 71.26974, 0.0140312
776, 71.95229, 0.0138981
777, 72.22459, 0.0138457
778, 72.11521, 0.0138667
779, 71.76793, 0.0139338
780, 71.22304, 0.0140404
781, 72.00305, 0.0138883
782, 71.77721, 0.013932
783, 71.83495, 0.0139208
784, 71.53281, 0.0139796
785, 72.10117, 0.0138694
786, 71.84425, 0.013919
787, 70.6549, 0.0141533
788, 73.49483, 0.0136064
789, 71.868, 0.0139144
790, 71.69384, 0.0139482
791, 71.80658, 0.0139263
792, 71.00861, 0.0140828
793, 72.39662, 0.0138128
794, 71.61682, 0.0139632
795, 71.80091, 0.0139274
796, 72.18393, 0.0138535
797, 71.98232, 0.0138923
798, 70.68137, 0.014148
799, 73.14754, 0.013671
800, 72.3024, 0.0138308
801, 71.31498, 0.0140223
802, 71.90572, 0.0139071
803, 71.88297, 0.0139115
804, 71.73241, 0.0139407
805, 71.28651, 0.0140279
806, 72.15684, 0.0138587
807, 71.27329, 0.0140305
808, 72.15476, 0.0138591
809, 71.15665, 0.0140535
810, 72.08402, 0.0138727
811, 72.16882, 0.0138564
812, 72.2486, 0.0138411
813, 71.55276, 0.0139757
814, 71.41123, 0.0140034
815, 72.06429, 0.0138765
816, 71.31802, 0.0140217
817, 71.92175, 0.013904
818, 72.05026, 0.0138792
819, 72.05545, 0.0138782
820, 72.10169, 0.0138693
821, 70.79044, 0.0141262
822, 72.74473, 0.0137467
823, 71.95021, 0.0138985
824, 72.24181, 0.0138424
825, 71.32668, 0.01402
826, 71.98854, 0.0138911
827, 71.19718, 0.0140455
828, 72.07259, 0.0138749
829, 71.3623, 0.014013
830, 72.74632, 0.0137464
831, 71.91296, 0.0139057
832, 69.6665, 0.0143541
833, 73.38426, 0.0136269
834, 71.39288, 0.014007
835, 71.16475, 0.0140519
836, 68.63747, 0.0145693
837, 75.54068, 0.0132379
838, 70.10706, 0.0142639
839, 63.44171, 0.0157625
840, 71.53638, 0.0139789
841, 85.30967, 0.011722
842, 71.9528, 0.013898
843, 73.63879, 0.0135798
844, 72.09441, 0.0138707
845, 70.86268, 0.0141118
846, 71.74476, 0.0139383
847, 72.56736, 0.0137803
848, 69.69515, 0.0143482
849, 72.71987, 0.0137514
850, 71.71646, 0.0139438
851, 72.77279, 0.0137414
852, 71.15057, 0.0140547
853, 72.79769, 0.0137367
854, 71.4199, 0.0140017
855, 72.61584, 0.0137711
856, 71.36129, 0.0140132
857, 72.45852, 0.013801
858, 71.2545, 0.0140342
859, 71.66969, 0.0139529
860, 68.29575, 0.0146422
861, 77.25587, 0.012944
862, 71.64452, 0.0139578
863, 72.21207, 0.0138481
864, 70.97333, 0.0140898
865, 71.73859, 0.0139395
866, 71.53025, 0.0139801
867, 72.17559, 0.0138551
868, 71.87626, 0.0139128
869, 70.68387, 0.0141475
870, 72.74368, 0.0137469
871, 71.64606, 0.0139575
872, 70.87072, 0.0141102
873, 72.82314, 0.0137319
874, 71.92123, 0.0139041
875, 71.37351, 0.0140108
876, 72.20113, 0.0138502
877, 71.45562, 0.0139947
878, 71.09695, 0.0140653
879, 72.51263, 0.0137907
880, 72.24024, 0.0138427
881, 71.75763, 0.0139358
882, 71.11617, 0.0140615
883, 72.09286, 0.013871
884, 71.86903, 0.0139142
885, 72.49108, 0.0137948
886, 71.83031, 0.0139217
887, 71.14146, 0.0140565
888, 72.21989, 0.0138466
889, 71.54407, 0.0139774
890, 71.75969, 0.0139354
891, 72.44015, 0.0138045
892, 71.50263, 0.0139855
893, 70.20155, 0.0142447
894, 72.89161, 0.013719
895, 71.99061, 0.0138907
896, 69.87388, 0.0143115
897, 73.91256, 0.0135295
898, 71.50774, 0.0139845
899, 71.84476, 0.0139189
900, 72.43333, 0.0138058
901, 71.3995, 0.0140057
902, 70.89333, 0.0141057
903, 73.45002, 0.0136147
904, 70.14295, 0.0142566
905, 64.49491, 0.0155051
906, 73.00175, 0.0136983
907, 82.04185, 0.0121889
908, 71.69384, 0.0139482
909, 71.93779, 0.0139009
910, 71.71955, 0.0139432
911, 72.25956, 0.013839
912, 71.73241, 0.0139407
913, 71.46839, 0.0139922
914, 71.46941, 0.013992
915, 71.40205, 0.0140052
916, 72.63061, 0.0137683
917, 71.41327, 0.014003
918, 71.91244, 0.0139058
919, 71.15665, 0.0140535
920, 71.02575, 0.0140794
921, 73.6339, 0.0135807
922, 71.95694, 0.0138972
923, 71.76587, 0.0139342
924, 72.06429, 0.0138765
925, 71.29921, 0.0140254
926, 71.144, 0.014056
927, 72.55262, 0.0137831
928, 71.74888, 0.0139375
929, 71.77978, 0.0139315
930, 71.29921, 0.0140254
931, 72.94851, 0.0137083
932, 70.02899, 0.0142798
933, 73.60464, 0.0135861
934, 71.72315, 0.0139425
935, 72.11833, 0.0138661
936, 72.11833, 0.0138661
937, 69.95355, 0.0142952
938, 72.95223, 0.0137076
939, 72.07103, 0.0138752
940, 72.19331, 0.0138517
941, 71.67277, 0.0139523
942, 71.8716, 0.0139137
943, 71.56352, 0.0139736
944, 71.51234, 0.0139836
945, 72.04144, 0.0138809
946, 72.48478, 0.013796
947, 71.50314, 0.0139854
948, 71.30836, 0.0140236
949, 71.97144, 0.0138944
950, 69.58507, 0.0143709
951, 74.36161, 0.0134478
952, 72.09441, 0.0138707
953, 71.3939, 0.0140068
954, 72.34476, 0.0138227
955, 71.21797, 0.0140414
956, 72.21625, 0.0138473
957, 72.09493, 0.0138706
958, 71.70772, 0.0139455
959, 58.4833, 0.0170989
960, 72.17559, 0.0138551
961, 71.80194, 0.0139272
962, 80.80417, 0.0123756
963, 82.88232, 0.0120653
964, 71.08685, 0.0140673
965, 71.81226, 0.0139252
966, 72.01342, 0.0138863
967, 71.39695, 0.0140062
968, 71.80658, 0.0139263
969, 71.46839, 0.0139922
970, 71.8334, 0.0139211
971, 72.0674, 0.0138759
972, 71.98025, 0.0138927
973, 71.72932, 0.0139413
974, 71.73498, 0.0139402
975, 71.86541, 0.0139149
976, 71.62298, 0.013962
977, 71.94348, 0.0138998
978, 71.91761, 0.0139048
979, 72.00357, 0.0138882
980, 70.83909, 0.0141165
981, 69.74181, 0.0143386
982, 75.1027, 0.0133151
983, 71.71338, 0.0139444
984, 71.64915, 0.0139569
985, 71.68768, 0.0139494
986, 71.30074, 0.0140251
987, 71.36842, 0.0140118
988, 72.93361, 0.0137111
989, 71.28448, 0.0140283
990, 71.7494, 0.0139374
991, 71.86748, 0.0139145
992, 72.07935, 0.0138736
993, 71.5497, 0.0139763
994, 72.21625, 0.0138473
995, 71.89279, 0.0139096
996, 71.50774, 0.0139845
997, 71.70875, 0.0139453
998, 71.46992, 0.0139919
999, 72.2079, 0.0138489
1000, 71.77154, 0.0139331
1001, 71.60708, 0.0139651
1002, 72.69925, 0.0137553
1003, 71.08634, 0.0140674
1004, 72.3898, 0.0138141
1005, 70.20943, 0.0142431
1006, 72.63958, 0.0137666
1007, 71.95539, 0.0138975
1008, 71.71183, 0.0139447
1009, 72.10897, 0.0138679
1010, 71.62349, 0.0139619
1011, 71.13792, 0.0140572
1012, 71.57889, 0.0139706
1013, 73.03268, 0.0136925
1014, 69.95698, 0.0142945
1015, 64.79748, 0.0154327
1016, 72.94265, 0.0137094
1017, 80.56849, 0.0124118
1018, 73.50185, 0.0136051
1019, 71.27431, 0.0140303
1020, 71.33482, 0.0140184
1021, 72.5721, 0.0137794
1022, 71.6923, 0.0139485
1023, 70.88227, 0.0141079
1024, 73.13149, 0.013674
1025, 71.41327, 0.014003
1026, 71.91554, 0.0139052
1027, 72.02328, 0.0138844
1028, 71.76793, 0.0139338
1029, 70.5791, 0.0141685
1030, 73.15343, 0.0136699
1031, 71.76175, 0.013935
1032, 72.05441, 0.0138784
1033, 70.56366, 0.0141716
1034, 73.33691, 0.0136357
1035, 70.59106, 0.0141661
1036, 72.32122, 0.0138272
1037, 72.29195, 0.0138328
1038, 72.15528, 0.013859
1039, 71.69692, 0.0139476
1040, 70.82103, 0.0141201
1041, 71.23674, 0.0140377
1042, 73.32883, 0.0136372
1043, 71.61682, 0.0139632
1044, 71.4046, 0.0140047
1045, 71.96989, 0.0138947
1046, 72.49792, 0.0137935
1047, 71.01617, 0.0140813
1048, 72.4454, 0.0138035
1049, 71.84992, 0.0139179
1050, 72.02431, 0.0138842
1051, 71.7355, 0.0139401
1052, 71.1187, 0.014061
1053, 69.66796, 0.0143538
1054, 74.55342, 0.0134132
1055, 71.21493, 0.014042
1056, 72.6496, 0.0137647
1057, 71.64145, 0.0139584
1058, 71.25857, 0.0140334
1059, 71.34499, 0.0140164
1060, 72.92882, 0.013712
1061, 71.90054, 0.0139081
1062, 70.49154, 0.0141861
1063, 72.3809, 0.0138158
1064, 70.96577, 0.0140913
1065, 71.3944, 0.0140067
1066, 73.65126, 0.0135775
1067, 66.51589, 0.015034
1068, 79.24935, 0.0126184
1069, 71.21899, 0.0140412
1070, 71.65531, 0.0139557
1071, 68.31581, 0.0146379
1072, 79.10704, 0.0126411
1073, 71.286, 0.014028
1074, 70.94614, 0.0140952
1075, 71.86593, 0.0139148
1076, 71.52718, 0.0139807
1077, 70.9824, 0.014088
1078, 72.77385, 0.0137412
1079, 71.7973, 0.0139281
1080, 69.54829, 0.0143785
1081, 64.53653, 0.0154951
1082, 73.37942, 0.0136278
1083, 81.66866, 0.0122446
1084, 71.94711, 0.0138991
1085, 71.75403, 0.0139365
1086, 71.05099, 0.0140744
1087, 73.04121, 0.0136909
1088, 71.57581, 0.0139712
1089, 71.61169, 0.0139642
1090, 71.9958, 0.0138897
1091, 71.18806, 0.0140473
1092, 72.15632, 0.0138588
1093, 71.56506, 0.0139733
1094, 72.12926, 0.013864
1095, 70.65839, 0.0141526
1096, 72.58896, 0.0137762
1097, 71.6081, 0.0139649
1098, 71.73756, 0.0139397
1099, 72.14174, 0.0138616
1100, 70.9829, 0.0140879
1101, 72.59634, 0.0137748
1102, 71.74888, 0.0139375
1103, 72.19695, 0.013851
1104, 71.3221, 0.0140209
1105, 70.63744, 0.0141568
1106, 73.76046, 0.0135574
1107, 70.98391, 0.0140877
1108, 72.24076, 0.0138426
1109, 72.37356, 0.0138172
1110, 71.08584, 0.0140675
1111, 72.24911, 0.013841
1112, 71.89227, 0.0139097
1113, 71.53485, 0.0139792
1114, 72.36728, 0.0138184
1115, 71.1526, 0.0140543
1116, 72.24598, 0.0138416
1117, 72.06429, 0.0138765
1118, 71.19566, 0.0140458
1119, 71.88142, 0.0139118
1120, 72.17351, 0.0138555
1121, 70.61798, 0.0141607
1122, 71.95383, 0.0138978
1123, 72.01031, 0.0138869
1124, 71.86748, 0.0139145
1125, 71.99113, 0.0138906
1126, 72.78127, 0.0137398
1127, 71.91709, 0.0139049
1128, 71.50314, 0.0139854
1129, 71.73087, 0.013941
1130, 71.56966, 0.0139724
1131, 72.34947, 0.0138218
1132, 71.28041, 0.0140291
1133, 71.91089, 0.0139061
1134, 71.9352, 0.0139014
1135, 71.80555, 0.0139265
1136, 71.09139, 0.0140664
1137, 72.51106, 0.013791
1138, 72.58527, 0.0137769
1139, 71.52001, 0.0139821
1140, 71.96108, 0.0138964
1141, 71.60452, 0.0139656
1142, 71.90158, 0.0139079
1143, 71.92744, 0.0139029
1144, 70.82504, 0.0141193
1145, 72.65646, 0.0137634
1146, 70.70235, 0.0141438
1147, 72.2841, 0.0138343
1148, 71.86696, 0.0139146
1149, 71.58657, 0.0139691
1150, 71.8587, 0.0139162
1151, 72.39714, 0.0138127
1152, 71.71132, 0.0139448
1153, 71.76175, 0.013935
1154, 71.79678, 0.0139282
1155, 71.81895, 0.0139239
1156, 71.55737, 0.0139748
1157, 70.90237, 0.0141039
1158, 73.41335, 0.0136215
1159, 71.49189, 0.0139876
1160, 72.33901, 0.0138238
1161, 71.69487, 0.013948
1162, 70.94966, 0.0140945
1163, 72.20477, 0.0138495
1164, 72.1355, 0.0138628
1165, 71.8138, 0.0139249
1166, 71.67431, 0.013952
1167, 72.18705, 0.0138529
1168, 71.28752, 0.0140277
1169, 72.55578, 0.0137825
1170, 71.64812, 0.0139571
1171, 71.84837, 0.0139182
1172, 71.35823, 0.0140138
1173, 71.90003, 0.0139082
1174, 71.68922, 0.0139491
1175, 72.15476, 0.0138591
1176, 71.48627, 0.0139887
1177, 72.0991, 0.0138698
1178, 71.66609, 0.0139536
1179, 71.81947, 0.0139238
1180, 71.6435, 0.013958
1181, 72.2319, 0.0138443
1182, 71.90882, 0.0139065
1183, 71.76381, 0.0139346
1184, 72.03728, 0.0138817
1185, 71.68459, 0.01395
1186, 70.1779, 0.0142495
1187, 74.33176, 0.0134532
1188, 71.81123, 0.0139254
1189, 71.20225, 0.0140445
1190, 71.56813, 0.0139727
1191, 71.0919, 0.0140663
1192, 71.7633, 0.0139347
1193, 72.43333, 0.0138058
1194, 72.0461, 0.01388
1195, 71.06815, 0.014071
1196, 72.59106, 0.0137758
1197, 70.6529, 0.0141537
1198, 71.98802, 0.0138912
1199, 73.32292, 0.0136383
1200, 71.75969, 0.0139354
1201, 70.82002, 0.0141203
1202, 73.26115, 0.0136498
1203, 70.39725, 0.0142051
1204, 71.19059, 0.0140468
1205, 73.86834, 0.0135376
1206, 71.43163, 0.0139994
1207, 71.71338, 0.0139444
1208, 71.00105, 0.0140843
1209, 72.42126, 0.0138081
1210, 70.79245, 0.0141258
1211, 73.9727, 0.0135185
1212, 70.81902, 0.0141205
1213, 72.69661, 0.0137558
1214, 71.53075, 0.01398
1215, 72.10169, 0.0138693
1216, 67.71214, 0.0147684
1217, 76.62835, 0.01305
1218, 70.57063, 0.0141702
1219, 73.56998, 0.0135925
1220, 71.43929, 0.0139979
1221, 72.12874, 0.0138641
1222, 70.50744, 0.0141829
1223, 72.85656, 0.0137256
1224, 71.54407, 0.0139774
1225, 71.75403, 0.0139365
1226, 72.16882, 0.0138564
1227, 71.54713, 0.0139768
1228, 71.06512, 0.0140716
1229, 71.60246, 0.013966
1230, 72.95808, 0.0137065
1231, 71.38574, 0.0140084
1232, 70.77091, 0.0141301
1233, 73.21609, 0.0136582
1234, 70.97081, 0.0140903
1235, 72.40029, 0.0138121
1236, 72.59212, 0.0137756
1237, 71.41735, 0.0140022
1238, 71.08584, 0.0140675
1239, 72.54104, 0.0137853
1240, 71.64042, 0.0139586
1241, 72.01757, 0.0138855
1242, 71.67688, 0.0139515
1243, 71.93986, 0.0139005
1244, 71.09948, 0.0140648
1245, 72.01291, 0.0138864
1246, 70.73787, 0.0141367
1247, 73.01455, 0.0136959
1248, 70.2262, 0.0142397
1249, 72.37252, 0.0138174
1250, 72.47795, 0.0137973
1251, 71.47452, 0.013991
1252, 72.20737, 0.013849
1253, 71.48729, 0.0139885
1254, 72.0861, 0.0138723
1255, 71.78905, 0.0139297
1256, 69.70682, 0.0143458
1257, 61.44129, 0.0162757
1258, 78.28646, 0.0127736
1259, 83.39101, 0.0119917
1260, 71.42908, 0.0139999
1261, 71.04947, 0.0140747
1262, 72.55788, 0.0137821
1263, 71.47758, 0.0139904
1264, 72.12249, 0.0138653
1265, 71.49496, 0.013987
1266, 72.37304, 0.0138173
1267, 71.37911, 0.0140097
1268, 71.79885, 0.0139278
1269, 71.7463, 0.013938
1270, 72.75532, 0.0137447
1271, 71.51337, 0.0139834
1272, 71.86593, 0.0139148
1273, 71.56096, 0.0139741
1274, 71.98284, 0.0138922
1275, 71.80916, 0.0139258
1276, 70.39577, 0.0142054
1277, 73.78168, 0.0135535
1278, 71.08028, 0.0140686
1279, 71.7973, 0.0139281
1280, 72.02068, 0.0138849
1281, 71.67791, 0.0139513
1282, 71.69692, 0.0139476
1283, 72.27157, 0.0138367
1284, 71.55072, 0.0139761
1285, 71.88194, 0.0139117
1286, 71.56301, 0.0139737
1287, 72.0212, 0.0138848
1288, 71.69743, 0.0139475
1289, 71.68716, 0.0139495
1290, 72.20581, 0.0138493
1291, 71.82876, 0.013922
1292, 71.61272, 0.013964
1293, 71.51848, 0.0139824
1294, 72.22616, 0.0138454
1295, 71.6666, 0.0139535
1296, 72.04715, 0.0138798
1297, 71.40052, 0.0140055
1298, 71.95694, 0.0138972
1299, 72.28881, 0.0138334
1300, 71.37199, 0.0140111
1301, 71.37351, 0.0140108
1302, 72.88948, 0.0137194
1303, 71.40052, 0.0140055
1304, 72.07467, 0.0138745
1305, 71.47503, 0.0139909
1306, 72.03625, 0.0138819
1307, 71.10808, 0.0140631
1308, 72.10429, 0.0138688
1309, 72.00357, 0.0138882
1310, 71.84166, 0.0139195
1311, 71.71389, 0.0139443
1312, 71.50058, 0.0139859
1313, 70.47166, 0.0141901
1314, 72.80935, 0.0137345
1315, 72.29822, 0.0138316
1316, 71.21696, 0.0140416
1317, 72.26217, 0.0138385
1318, 71.72315, 0.0139425
1319, 69.76858, 0.0143331
1320, 73.90929, 0.0135301
1321, 72.51842, 0.0137896
1322, 70.01968, 0.0142817
1323, 64.46373, 0.0155126
1324, 72.91074, 0.0137154
1325, 81.41267, 0.0122831
1326, 72.12405, 0.013865
1327, 71.62656, 0.0139613
1328, 72.29507, 0.0138322
1329, 71.07573, 0.0140695
1330, 72.74368, 0.0137469
1331, 70.39527, 0.0142055
1332, 74.01048, 0.0135116
1333, 71.18451, 0.014048
1334, 72.0861, 0.0138723
1335, 71.4643, 0.013993
1336, 72.09234, 0.0138711
1337, 70.52833, 0.0141787
1338, 72.11885, 0.013866
1339, 72.49581, 0.0137939
1340, 72.56367, 0.013781
1341, 71.60349, 0.0139658
1342, 72.08247, 0.013873
1343, 69.44686, 0.0143995
1344, 72.99963, 0.0136987
1345, 72.64908, 0.0137648
1346, 71.81586, 0.0139245
1347, 71.44235, 0.0139973
1348, 70.99197, 0.0140861
1349, 71.15057, 0.0140547
1350, 72.95489, 0.0137071
1351, 72.2392, 0.0138429
1352, 72.70454, 0.0137543
1353, 71.93675, 0.0139011
1354, 70.79947, 0.0141244
1355, 71.72778, 0.0139416
1356, 72.68974, 0.0137571
1357, 71.88814, 0.0139105
1358, 70.0712, 0.0142712
1359, 73.26598, 0.0136489
1360, 71.62093, 0.0139624
1361, 71.77875, 0.0139317
1362, 72.35366, 0.013821
1363, 71.80761, 0.0139261
1364, 71.55328, 0.0139756
1365, 70.75739, 0.0141328
1366, 72.83374, 0.0137299
1367, 71.98958, 0.0138909
1368, 72.14799, 0.0138604
1369, 71.65223, 0.0139563
1370, 72.14018, 0.0138619
1371, 71.61272, 0.013964
1372, 71.54407, 0.0139774
1373, 71.02222, 0.0140801
1374, 72.94957, 0.0137081
1375, 72.15997, 0.0138581
1376, 71.69589, 0.0139478
1377, 70.73486, 0.0141373
1378, 72.6533, 0.013764
1379, 70.59953, 0.0141644
1380, 72.74738, 0.0137462
1381, 71.77772, 0.0139319
1382, 71.97817, 0.0138931
1383, 71.38879, 0.0140078
1384, 72.12197, 0.0138654
1385, 71.80452, 0.0139267
1386, 72.33378, 0.0138248
1387, 71.32769, 0.0140198
1388, 71.31193, 0.0140229
1389, 72.67706, 0.0137595
1390, 71.59119, 0.0139682
1391, 71.46532, 0.0139928
1392, 72.74685, 0.0137463
1393, 71.54765, 0.0139767
1394, 71.90417, 0.0139074
1395, 72.00461, 0.013888
1396, 71.5149, 0.0139831
1397, 71.36179, 0.0140131
1398, 72.99163, 0.0137002
1399, 71.40919, 0.0140038
1400, 70.28889, 0.014227
1401, 73.25417, 0.0136511
1402, 71.57069, 0.0139722
1403, 71.64915, 0.0139569
1404, 72.45326, 0.013802
1405, 69.73743, 0.0143395
1406, 73.59055, 0.0135887
1407, 71.40103, 0.0140054
1408, 72.619, 0.0137705
1409, 71.45818, 0.0139942
1410, 71.91037, 0.0139062
1411, 70.56117, 0.0141721
1412, 72.75055, 0.0137456
1413, 72.18653, 0.013853
1414, 71.76484, 0.0139344
1415, 72.51421, 0.0137904
1416, 71.96212, 0.0138962
1417, 71.79266, 0.013929
1418, 71.70875, 0.0139453
1419, 71.81329, 0.013925
1420, 70.0599, 0.0142735
1421, 72.36518, 0.0138188
1422, 73.30196, 0.0136422
1423, 71.59939, 0.0139666
1424, 72.10689, 0.0138683
1425, 71.70875, 0.0139453
1426, 71.55635, 0.013975
1427, 71.34754, 0.0140159
1428, 72.51736, 0.0137898
1429, 70.58707, 0.0141669
1430, 72.30397, 0.0138305
1431, 72.4454, 0.0138035
1432, 70.74688, 0.0141349
1433, 71.36129, 0.0140132
1434, 73.61115, 0.0135849
1435, 71.20276, 0.0140444
1436, 72.38613, 0.0138148
1437, 71.34347, 0.0140167
1438, 72.13029, 0.0138638
1439, 71.70309, 0.0139464
1440, 72.20842, 0.0138488
1441, 71.23471, 0.0140381
1442, 72.04248, 0.0138807
1443, 71.99839, 0.0138892
1444, 72.31756, 0.0138279
1445, 71.68613, 0.0139497
1446, 71.70515, 0.013946
1447, 71.66045, 0.0139547
1448, 71.43775, 0.0139982
1449, 72.07207, 0.013875
1450, 71.77102, 0.0139332
1451, 72.21155, 0.0138482
1452, 71.08988, 0.0140667
1453, 71.53587, 0.013979
1454, 70.69686, 0.0141449
1455, 73.81544, 0.0135473
1456, 71.51132, 0.0139838
1457, 72.1834, 0.0138536
1458, 71.10606, 0.0140635
1459, 72.64749, 0.0137651
1460, 71.70927, 0.0139452
1461, 71.68973, 0.013949
1462, 71.48116, 0.0139897
1463, 72.11417, 0.0138669
1464, 69.16299, 0.0144586
1465, 73.94535, 0.0135235
1466, 72.03625, 0.0138819
1467, 72.70242, 0.0137547
1468, 71.57018, 0.0139723
1469, 72.05701, 0.0138779
1470, 68.94412, 0.0145045
1471, 74.97713, 0.0133374
1472, 71.71955, 0.0139432
1473, 71.33278, 0.0140188
1474, 71.29464, 0.0140263
1475, 71.63375, 0.0139599
1476, 71.94038, 0.0139004
1477, 72.88364, 0.0137205
1478, 71.56966, 0.0139724
1479, 71.70464, 0.0139461
1480, 72.18132, 0.013854
1481, 71.99268, 0.0138903
1482, 71.24587, 0.0140359
1483, 71.84373, 0.0139191
1484, 35.82868, 0.0279106
1485, 71.91193, 0.0139059
1486, 71.74013, 0.0139392
1487, 71.67585, 0.0139517
1488, 72.75055, 0.0137456
1489, 71.97247, 0.0138942
1490, 71.76793, 0.0139338
1491, 71.36027, 0.0140134
1492, 72.02328, 0.0138844
1493, 70.86921, 0.0141105
1494, 73.32991, 0.013637
1495, 71.07018, 0.0140706
1496, 70.53529, 0.0141773
1497, 73.59705, 0.0135875
1498, 71.83495, 0.0139208
1499, 70.61349, 0.0141616
1500, 72.93307, 0.0137112
1501, 71.91761, 0.0139048
1502, 72.05909, 0.0138775
1503, 71.88659, 0.0139108
1504, 70.95621, 0.0140932
1505, 71.79833, 0.0139279
1506, 71.51541, 0.013983
1507, 73.13631, 0.0136731
1508, 71.57172, 0.013972
1509, 72.12041, 0.0138657
1510, 70.96376, 0.0140917
1511, 71.92175, 0.013904
1512, 72.47112, 0.0137986
1513, 72.08454, 0.0138726
1514, 71.62195, 0.0139622
1515, 71.85147, 0.0139176
1516, 70.97635, 0.0140892
1517, 71.99943, 0.013889
1518, 72.16726, 0.0138567
1519, 71.69949, 0.0139471
1520, 72.29456, 0.0138323
1521, 71.93986, 0.0139005
1522, 71.48831, 0.0139883
1523, 69.68156, 0.014351
1524, 74.39259, 0.0134422
1525, 71.82308, 0.0139231
1526, 71.31091, 0.0140231
1527, 72.61057, 0.0137721
1528, 71.67277, 0.0139523
1529, 71.16323, 0.0140522
1530, 72.10326, 0.013869
1531, 72.00461, 0.013888
1532, 71.90417, 0.0139074
1533, 71.33075, 0.0140192
1534, 72.32645, 0.0138262
1535, 71.09493, 0.0140657
1536, 72.42703, 0.013807
1537, 72.03313, 0.0138825
1538, 71.45306, 0.0139952
1539, 71.30481, 0.0140243
1540, 72.52105, 0.0137891
1541, 71.54048, 0.0139781
1542, 72.3678, 0.0138183
1543, 71.69281, 0.0139484
1544, 71.98077, 0.0138926
1545, 71.5149, 0.0139831
1546, 70.31854, 0.014221
1547, 72.33221, 0.0138251
1548, 72.43962, 0.0138046
1549, 72.62639, 0.0137691
1550, 70.48656, 0.0141871
1551, 72.08506, 0.0138725
1552, 67.16774, 0.0148881
1553, 78.39018, 0.0127567
1554, 71.81638, 0.0139244
1555, 72.00409, 0.0138881
1556, 70.10754, 0.0142638
1557, 73.45325, 0.0136141
1558, 70.98794, 0.0140869
1559, 68.55184, 0.0145875
1560, 73.22949, 0.0136557
1561, 75.63152, 0.013222
1562, 71.99787, 0.0138893
1563, 70.63094, 0.0141581
1564, 69.61461, 0.0143648
1565, 75.02551, 0.0133288
1566, 69.65971, 0.0143555
1567, 73.16467, 0.0136678
1568, 70.63544, 0.0141572
1569, 71.8525, 0.0139174
1570, 71.13589, 0.0140576
1571, 72.0674, 0.0138759
1572, 72.73732, 0.0137481
1573, 72.30187, 0.0138309
1574, 70.609, 0.0141625
1575, 72.52105, 0.0137891
1576, 70.78493, 0.0141273
1577, 74.85086, 0.0133599
1578, 71.89693, 0.0139088
1579, 71.70515, 0.013946
1580, 71.51643, 0.0139828
1581, 72.5642, 0.0137809
1582, 71.50723, 0.0139846
1583, 71.99165, 0.0138905
1584, 71.62914, 0.0139608
1585, 71.38523, 0.0140085
1586, 70.4985, 0.0141847
1587, 72.94851, 0.0137083
1588, 72.18653, 0.013853
1589, 72.0212, 0.0138848
1590, 71.67431, 0.013952
1591, 71.85353, 0.0139172
1592, 71.71183, 0.0139447
1593, 71.31142, 0.014023
1594, 71.29464, 0.0140263
1595, 72.1584, 0.0138584
1596, 71.9989, 0.0138891
1597, 72.34791, 0.0138221
1598, 71.06715, 0.0140712
1599, 71.96471, 0.0138957
1600, 71.84785, 0.0139183
1601, 72.15945, 0.0138582
1602, 71.20479, 0.014044
1603, 72.42021, 0.0138083
1604, 70.78193, 0.0141279
1605, 72.07675, 0.0138741
1606, 72.82897, 0.0137308
1607, 71.41071, 0.0140035
1608, 72.14487, 0.013861
1609, 72.0648, 0.0138764
1610, 71.50774, 0.0139845
1611, 72.05753, 0.0138778
1612, 71.88039, 0.013912
1613, 71.25755, 0.0140336
1614, 71.52922, 0.0139803
1615, 72.32907, 0.0138257
1616, 70.3606, 0.0142125
1617, 72.72462, 0.0137505
1618, 71.80813, 0.013926
1619, 72.54788, 0.013784
1620, 71.52001, 0.0139821
1621, 72.23138, 0.0138444
1622, 71.68048, 0.0139508
1623, 71.34907, 0.0140156
1624, 72.22824, 0.013845
1625, 71.804, 0.0139268
1626, 70.7654, 0.0141312
1627, 72.16257, 0.0138576
1628, 73.03855, 0.0136914
1629, 71.58196, 0.01397
1630, 71.83805, 0.0139202
1631, 72.20686, 0.0138491
1632, 70.91444, 0.0141015
1633, 72.84489, 0.0137278
1634, 71.75969, 0.0139354
1635, 71.9052, 0.0139072
1636, 71.5016, 0.0139857
1637, 71.28143, 0.0140289
1638, 71.98129, 0.0138925
1639, 72.40762, 0.0138107
1640, 71.41735, 0.0140022
1641, 71.6851, 0.0139499
1642, 72.25851, 0.0138392
1643, 71.69846, 0.0139473
1644, 70.7719, 0.0141299
1645, 73.45218, 0.0136143
1646, 71.57427, 0.0139715
1647, 70.55122, 0.0141741
1648, 73.08713, 0.0136823
1649, 71.75815, 0.0139357
1650, 71.41479, 0.0140027
1651, 72.41811, 0.0138087
1652, 71.57632, 0.0139711
1653, 71.20276, 0.0140444
1654, 72.49739, 0.0137936
1655, 71.35772, 0.0140139
1656, 71.68099, 0.0139507
1657, 72.88895, 0.0137195
1658, 71.74425, 0.0139384
1659, 71.83186, 0.0139214
1660, 71.7216, 0.0139428
1661, 71.41582, 0.0140025
1662, 70.75539, 0.0141332
1663, 73.147, 0.0136711
1664, 71.62298, 0.013962
1665, 71.88608, 0.0139109
1666, 72.12249, 0.0138653
1667, 69.75495, 0.0143359
1668, 73.15664, 0.0136693
1669, 71.70978, 0.0139451
1670, 72.45117, 0.0138024
1671, 72.37147, 0.0138176
1672, 71.44286, 0.0139972
1673, 71.56045, 0.0139742
1674, 71.80091, 0.0139274
1675, 72.39452, 0.0138132
1676, 71.55225, 0.0139758
1677, 71.51439, 0.0139832
1678, 72.14747, 0.0138605
1679, 71.86128, 0.0139157
1680, 71.07775, 0.0140691
1681, 72.4874, 0.0137955
1682, 72.18184, 0.0138539
1683, 70.6569, 0.0141529
1684, 71.88039, 0.013912
1685, 72.6248, 0.0137694
1686, 69.41745, 0.0144056
1687, 74.1158, 0.0134924
1688, 72.01447, 0.0138861
1689, 71.69332, 0.0139483
1690, 72.18132, 0.013854
1691, 71.08382, 0.0140679
1692, 71.94504, 0.0138995
1693, 72.70454, 0.0137543
1694, 71.67996, 0.0139509
1695, 70.40865, 0.0142028
1696, 72.54683, 0.0137842
1697, 71.39899, 0.0140058
1698, 72.17976, 0.0138543
1699, 72.17872, 0.0138545
1700, 72.06168, 0.013877
1701, 71.38421, 0.0140087
1702, 72.27, 0.013837
1703, 71.38166, 0.0140092
1704, 71.14501, 0.0140558
1705, 71.56864, 0.0139726
1706, 72.15424, 0.0138592
1707, 71.65839, 0.0139551
1708, 72.96181, 0.0137058
1709, 71.24638, 0.0140358
1710, 72.44802, 0.013803
1711, 71.86954, 0.0139141
1712, 71.22203, 0.0140406
1713, 72.30187, 0.0138309
1714, 71.51081, 0.0139839
1715, 72.03625, 0.0138819
1716, 70.42849, 0.0141988
1717, 73.14487, 0.0136715
1718, 72.08142, 0.0138732
1719, 71.68922, 0.0139491
1720, 71.83701, 0.0139204
1721, 71.87574, 0.0139129
1722, 71.77463, 0.0139325
1723, 71.55225, 0.0139758
1724, 72.27261, 0.0138365
1725, 71.68304, 0.0139503
1726, 71.30786, 0.0140237
1727, 71.69898, 0.0139472
1728, 71.83031, 0.0139217
1729, 73.01508, 0.0136958
1730, 70.67837, 0.0141486
1731, 72.26896, 0.0138372
1732, 71.81535, 0.0139246
1733, 72.14071, 0.0138618
1734, 71.69743, 0.0139475
1735, 70.37991, 0.0142086
1736, 73.46297, 0.0136123
1737, 69.50864, 0.0143867
1738, 73.61602, 0.013584
1739, 72.07311, 0.0138748
1740, 71.6851, 0.0139499
1741, 72.0809, 0.0138733
1742, 72.13394, 0.0138631
1743, 71.38931, 0.0140077
1744, 71.95642, 0.0138973
1745, 72.09857, 0.0138699
1746, 70.30173, 0.0142244
1747, 73.79311, 0.0135514
1748, 71.32973, 0.0140194
1749, 72.02898, 0.0138833
1750, 71.1916, 0.0140466
1751, 72.7442, 0.0137468
1752, 71.68613, 0.0139497
1753, 71.75815, 0.0139357
1754, 71.23624, 0.0140378
1755, 73.03535, 0.013692
1756, 70.42601, 0.0141993
1757, 72.55104, 0.0137834
1758, 72.31704, 0.013828
1759, 72.01757, 0.0138855
1760, 71.2134, 0.0140423
1761, 70.79195, 0.0141259
1762, 72.79769, 0.0137367
1763, 72.6591, 0.0137629
1764, 71.26568, 0.014032
1765, 71.96004, 0.0138966
1766, 72.37985, 0.013816
1767, 70.72186, 0.0141399
1768, 72.2606, 0.0138388
1769, 71.93675, 0.0139011
1770, 71.94193, 0.0139001
1771, 71.13641, 0.0140575
1772, 72.07156, 0.0138751
1773, 71.96989, 0.0138947
1774, 71.8525, 0.0139174
1775, 71.81947, 0.0139238
1776, 71.64452, 0.0139578
1777, 71.30786, 0.0140237
1778, 72.99217, 0.0137001
1779, 71.69795, 0.0139474
1780, 71.49292, 0.0139874
1781, 72.16309, 0.0138575
1782, 72.05545, 0.0138782
1783, 70.5542, 0.0141735
1784, 72.8555, 0.0137258
1785, 71.97662, 0.0138934
1786, 71.31955, 0.0140214
1787, 72.05286, 0.0138787
1788, 71.70361, 0.0139463
1789, 71.89176, 0.0139098
1790, 72.394, 0.0138133
1791, 71.50979, 0.0139841
1792, 71.76742, 0.0139339
1793, 71.16121, 0.0140526
1794, 71.17033, 0.0140508
1795, 72.21677, 0.0138472
1796, 72.32122, 0.0138272
1797, 71.02424, 0.0140797
1798, 72.55104, 0.0137834
1799, 72.4706, 0.0137987
1800, 70.96527, 0.0140914
1801, 70.56964, 0.0141704
1802, 74.47403, 0.0134275
1803, 71.40205, 0.0140052
1804, 71.72417, 0.0139423
1805, 71.99787, 0.0138893
1806, 70.01331, 0.014283
1807, 72.713, 0.0137527
1808, 73.2692, 0.0136483
1809, 71.42704, 0.0140003
1810, 72.13446, 0.013863
1811, 71.9202, 0.0139043
1812, 71.41327, 0.014003
1813, 71.02323, 0.0140799
1814, 72.9368, 0.0137105
1815, 71.12022, 0.0140607
1816, 71.88245, 0.0139116
1817, 71.36638, 0.0140122
1818, 72.36309, 0.0138192
1819, 71.35162, 0.0140151
1820, 72.78815, 0.0137385
1821, 72.13186, 0.0138635
1822, 71.41225, 0.0140032
1823, 71.53741, 0.0139787
1824, 70.52087, 0.0141802
1825, 72.96075, 0.013706
1826, 72.58422, 0.0137771
1827, 70.20352, 0.0142443
1828, 73.03001, 0.013693
1829, 72.30031, 0.0138312
1830, 71.41276, 0.0140031
1831, 71.67175, 0.0139525
1832, 72.30605, 0.0138301
1833, 71.88763, 0.0139106
1834, 71.32311, 0.0140207
1835, 72.37618, 0.0138167
1836, 70.81651, 0.014121
1837, 71.27888, 0.0140294
1838, 73.0946, 0.0136809
1839, 71.67842, 0.0139512
1840, 72.07778, 0.0138739
1841, 71.89072, 0.01391
1842, 71.02676, 0.0140792
1843, 71.48627, 0.0139887
1844, 73.14594, 0.0136713
1845, 71.89072, 0.01391
1846, 71.41888, 0.0140019
1847, 71.90365, 0.0139075
1848, 70.8421, 0.0141159
1849, 72.37671, 0.0138166
1850, 72.60846, 0.0137725
1851, 71.48525, 0.0139889
1852, 71.43877, 0.013998
1853, 71.70875, 0.0139453
1854, 72.40762, 0.0138107
1855, 71.1283, 0.0140591
1856, 70.44138, 0.0141962
1857, 73.97982, 0.0135172
1858, 71.83031, 0.0139217
1859, 71.83546, 0.0139207
1860, 71.12932, 0.0140589
1861, 72.68128, 0.0137587
1862, 71.78133, 0.0139312
1863, 71.98129, 0.0138925
1864, 71.43571, 0.0139986
1865, 71.44847, 0.0139961
1866, 71.90003, 0.0139082
1867, 71.10656, 0.0140634
1868, 72.3809, 0.0138158
1869, 72.78497, 0.0137391
1870, 71.26771, 0.0140316
1871, 71.373, 0.0140109
1872, 72.26635, 0.0138377
1873, 72.01134, 0.0138867
1874, 71.98077, 0.0138926
1875, 71.66404, 0.013954
1876, 71.88763, 0.0139106
1877, 71.22253, 0.0140405
1878, 71.94038, 0.0139004
1879, 72.53946, 0.0137856
1880, 71.84269, 0.0139193
1881, 71.5103, 0.013984
1882, 71.30328, 0.0140246
1883, 72.38247, 0.0138155
1884, 71.32616, 0.0140201
1885, 72.47217, 0.0137984
1886, 71.624, 0.0139618
1887, 71.56403, 0.0139735
1888, 71.66558, 0.0139537
1889, 71.70567, 0.0139459
1890, 71.97041, 0.0138946
1891, 72.41025, 0.0138102
1892, 71.50263, 0.0139855
1893, 71.58811, 0.0139688
1894, 71.44949, 0.0139959
1895, 72.71775, 0.0137518
1896, 71.80194, 0.0139272
1897, 71.74785, 0.0139377
1898, 71.60964, 0.0139646
1899, 72.34058, 0.0138235
1900, 71.6815, 0.0139506
1901, 71.87574, 0.0139129
1902, 71.20326, 0.0140443
1903, 72.41025, 0.0138102
1904, 70.87725, 0.0141089
1905, 72.59106, 0.0137758
1906, 71.49393, 0.0139872
1907, 72.09389, 0.0138708
1908, 71.09342, 0.014066
1909, 71.94814, 0.0138989
1910, 70.94614, 0.0140952
1911, 72.50423, 0.0137923
1912, 71.59016, 0.0139684
1913, 72.85338, 0.0137262
1914, 70.86419, 0.0141115
1915, 71.50928, 0.0139842
1916, 72.30919, 0.0138295
1917, 71.96108, 0.0138964
1918, 70.56715, 0.0141709
1919, 72.4307, 0.0138063
1920, 72.99856, 0.0136989
1921, 72.17559, 0.0138551
1922, 71.81586, 0.0139245
1923, 71.61887, 0.0139628
1924, 71.86283, 0.0139154
1925, 70.62746, 0.0141588
1926, 70.87524, 0.0141093
1927, 73.79638, 0.0135508
1928, 70.65939, 0.0141524
1929, 73.56133, 0.0135941
1930, 70.81551, 0.0141212
1931, 72.86983, 0.0137231
1932, 71.53281, 0.0139796
1933, 71.69743, 0.0139475
1934, 70.27259, 0.0142303
1935, 73.45002, 0.0136147
1936, 71.65788, 0.0139552
1937, 69.21421, 0.0144479
1938, 74.40643, 0.0134397
1939, 72.97725, 0.0137029
1940, 71.03686, 0.0140772
1941, 72.44697, 0.0138032
1942, 71.07674, 0.0140693
1943, 72.3898, 0.0138141
1944, 71.47963, 0.01399
1945, 72.28828, 0.0138335
1946, 70.62147, 0.01416
1947, 72.15528, 0.013859
1948, 71.3511, 0.0140152
1949, 73.13309, 0.0136737
1950, 71.15716, 0.0140534
1951, 71.74785, 0.0139377
1952, 71.72984, 0.0139412
1953, 72.5463, 0.0137843
1954, 71.51848, 0.0139824
1955, 71.52666, 0.0139808
1956, 72.3024, 0.0138308
1957, 69.70293, 0.0143466
1958, 73.49753, 0.0136059
1959, 72.6285, 0.0137687
1960, 71.63734, 0.0139592
1961, 59.19086, 0.0168945
1962, 70.97031, 0.0140904
1963, 72.26112, 0.0138387
1964, 52.69648, 0.0189766
1965, 176.6597, 0.0056606
1966, 71.19921, 0.0140451
1967, 71.13944, 0.0140569
1968, 71.86179, 0.0139156
1969, 71.90468, 0.0139073
1970, 70.65191, 0.0141539
1971, 73.83179, 0.0135443
1972, 71.42296, 0.0140011
1973, 72.0295, 0.0138832
1974, 71.33075, 0.0140192
1975, 71.83289, 0.0139212
1976, 70.6544, 0.0141534
1977, 72.32593, 0.0138263
1978, 72.41129, 0.01381
1979, 72.22824, 0.013845
1980, 71.41123, 0.0140034
1981, 72.16673, 0.0138568
1982, 72.26478, 0.013838
1983, 72.2956, 0.0138321
1984, 71.00003, 0.0140845
1985, 72.84966, 0.0137269
1986, 71.62708, 0.0139612
1987, 71.40511, 0.0140046
1988, 69.34332, 0.014421
1989, 75.16706, 0.0133037
1990, 71.80349, 0.0139269
1991, 71.50365, 0.0139853
1992, 71.55276, 0.0139757
1993, 71.73498, 0.0139402
1994, 71.66045, 0.0139547
1995, 72.89161, 0.013719
1996, 69.48836, 0.0143909
1997, 72.08402, 0.0138727
1998, 72.79292, 0.0137376
1999, 73.05135, 0.013689
2000, 70.89484, 0.0141054
2001, 72.73574, 0.0137484
2002, 71.79678, 0.0139282
2003, 71.2982, 0.0140256
2004, 71.84631, 0.0139186
2005, 71.94348, 0.0138998
2006, 71.93158, 0.0139021
2007, 71.87885, 0.0139123
2008, 71.75609, 0.0139361
2009, 70.61648, 0.014161
2010, 72.98471, 0.0137015
2011, 71.01869, 0.0140808
2012, 72.59159, 0.0137757
2013, 71.88194, 0.0139117
2014, 70.80448, 0.0141234
2015, 72.62217, 0.0137699
2016, 72.23607, 0.0138435
2017, 71.66045, 0.0139547
2018, 70.5562, 0.0141731
2019, 72.59739, 0.0137746
2020, 70.31013, 0.0142227
2021, 73.75447, 0.0135585
2022, 71.14906, 0.014055
2023, 72.00565, 0.0138878
2024, 71.62862, 0.0139609
2025, 72.4349, 0.0138055
2026, 71.23521, 0.014038
2027, 73.28584, 0.0136452
2028, 71.69332, 0.0139483
2029, 71.66609, 0.0139536
2030, 71.01264, 0.014082
2031, 72.90702, 0.0137161
2032, 71.19566, 0.0140458
2033, 71.64042, 0.0139586
2034, 71.74374, 0.0139385
2035, 71.84734, 0.0139184
2036, 26.58719, 0.0376121
2037, 54.90795, 0.0182123
2038, 71.11162, 0.0140624
2039, 72.95649, 0.0137068
2040, 22.76711, 0.043923
