Frame, FPS, Frame Time
1, 50, 0.02
2, 50, 0.02
3, 3, 0.3333333
4, 14.7697, 0.0677062
5, 117.4122, 0.008517
6, 241.0917, 0.0041478
7, 247.7394, 0.0040365
8, 222.6477, 0.0044914
9, 233.345, 0.0042855
10, 250.3066, 0.0039951
11, 229.0846, 0.0043652
12, 202.4824, 0.0049387
13, 192.341, 0.0051991
14, 201.5235, 0.0049622
15, 229.1108, 0.0043647
16, 248.3238, 0.004027
17, 220.0172, 0.0045451
18, 212.6302, 0.004703
19, 215.5498, 0.0046393
20, 248.4472, 0.004025
21, 214.832, 0.0046548
22, 204.6161, 0.0048872
23, 198.6847, 0.0050331
24, 195.4385, 0.0051167
25, 220.114, 0.0045431
26, 194.8786, 0.0051314
27, 239.2802, 0.0041792
28, 235.1226, 0.0042531
29, 202.4046, 0.0049406
30, 191.19, 0.0052304
31, 193.836, 0.005159
32, 208.2162, 0.0048027
33, 195.71, 0.0051096
34, 218.9429, 0.0045674
35, 212.7388, 0.0047006
36, 243.2912, 0.0041103
37, 207.6843, 0.004815
38, 232.0401, 0.0043096
39, 205.2166, 0.0048729
40, 211.2066, 0.0047347
41, 229.2001, 0.004363
42, 217.6089, 0.0045954
43, 227.3761, 0.004398
44, 232.9753, 0.0042923
45, 223.9592, 0.0044651
46, 211.8869, 0.0047195
47, 192.9608, 0.0051824
48, 188.8467, 0.0052953
49, 195.2134, 0.0051226
50, 220.0898, 0.0045436
51, 195.0763, 0.0051262
52, 184.9318, 0.0054074
53, 193.5022, 0.0051679
54, 172.7384, 0.0057891
55, 192.8045, 0.0051866
56, 181.9406, 0.0054963
57, 156.3551, 0.0063957
58, 176.9724, 0.0056506
59, 207.2367, 0.0048254
60, 192.7562, 0.0051879
61, 200.453, 0.0049887
62, 224.3008, 0.0044583
63, 154.2234, 0.0064841
64, 179.5816, 0.0055685
65, 167.6699, 0.0059641
66, 158.1528, 0.006323
67, 174.3649, 0.0057351
68, 170.3752, 0.0058694
69, 160.9813, 0.0062119
70, 181.6992, 0.0055036
71, 154.1378, 0.0064877
72, 172.3336, 0.0058027
73, 159.5507, 0.0062676
74, 168.6711, 0.0059287
75, 160.1204, 0.0062453
76, 26.19509, 0.0381751
77, 188.3878, 0.0053082
78, 188.2247, 0.0053128
79, 195.9132, 0.0051043
80, 208.2379, 0.0048022
81, 191.9349, 0.0052101
82, 192.0565, 0.0052068
83, 217.4575, 0.0045986
84, 189.3437, 0.0052814
85, 214.3944, 0.0046643
86, 208.3854, 0.0047988
87, 184.7951, 0.0054114
88, 227.0921, 0.0044035
89, 199.7044, 0.0050074
90, 182.9291, 0.0054666
91, 190.096, 0.0052605
92, 216.4081, 0.0046209
93, 191.9017, 0.005211
94, 188.4659, 0.005306
95, 205.0399, 0.0048771
96, 217.3157, 0.0046016
97, 206.6927, 0.0048381
98, 103.9209, 0.0096227
99, 194.4088, 0.0051438
100, 208.355, 0.0047995
101, 183.8134, 0.0054403
102, 197.4373, 0.0050649
103, 206.0539, 0.0048531
104, 260.0577, 0.0038453
105, 234.2414, 0.0042691
106, 244.3793, 0.004092
107, 200.052, 0.0049987
108, 259.3159, 0.0038563
109, 225.6878, 0.0044309
110, 251.2247, 0.0039805
111, 257.334, 0.003886
112, 269.9711, 0.0037041
113, 236.6528, 0.0042256
114, 241.7561, 0.0041364
115, 224.1499, 0.0044613
116, 275.141, 0.0036345
117, 217.2119, 0.0046038
118, 232.8289, 0.004295
119, 202.737, 0.0049325
120, 227.6763, 0.0043922
121, 179.701, 0.0055648
122, 195.2934, 0.0051205
123, 178.9165, 0.0055892
124, 215.1324, 0.0046483
125, 209.7403, 0.0047678
126, 169.0246, 0.0059163
127, 49.40297, 0.0202417
128, 110.7542, 0.009029
129, 150.8136, 0.0066307
130, 188.0866, 0.0053167
131, 144.9149, 0.0069006
132, 161.2825, 0.0062003
133, 185.2023, 0.0053995
134, 172.3781, 0.0058012
135, 197.1764, 0.0050716
136, 171.0513, 0.0058462
137, 180.9922, 0.0055251
138, 207.0822, 0.004829
139, 204.7125, 0.0048849
140, 188.7433, 0.0052982
141, 200.088, 0.0049978
142, 169.3107, 0.0059063
143, 202.2899, 0.0049434
144, 194.3333, 0.0051458
145, 199.0208, 0.0050246
146, 201.3044, 0.0049676
147, 186.1158, 0.005373
148, 203.1034, 0.0049236
149, 194.5525, 0.00514
150, 182.6151, 0.005476
151, 181.0282, 0.005524
152, 211.3986, 0.0047304
153, 175.1559, 0.0057092
154, 187.575, 0.0053312
155, 206.2366, 0.0048488
156, 184.2978, 0.005426
157, 177.6293, 0.0056297
158, 224.4971, 0.0044544
159, 192.9571, 0.0051825
160, 177.7936, 0.0056245
161, 181.3631, 0.0055138
162, 168.3899, 0.0059386
163, 205.6386, 0.0048629
164, 188.0159, 0.0053187
165, 190.3022, 0.0052548
166, 162.8983, 0.0061388
167, 204.3485, 0.0048936
168, 190.7196, 0.0052433
169, 178.069, 0.0056158
170, 218.3883, 0.004579
171, 154.758, 0.0064617
172, 151.2516, 0.0066115
173, 120.5197, 0.0082974
174, 116.1764, 0.0086076
175, 128.3812, 0.0077893
176, 126.1957, 0.0079242
177, 159.747, 0.0062599
178, 127.4291, 0.0078475
179, 136.4089, 0.0073309
180, 185.0036, 0.0054053
181, 135.5087, 0.0073796
182, 193.3226, 0.0051727
183, 129.0772, 0.0077473
184, 222.9803, 0.0044847
185, 201.0656, 0.0049735
186, 165.0982, 0.006057
187, 154.9787, 0.0064525
188, 250.4006, 0.0039936
189, 247.5554, 0.0040395
190, 232.0401, 0.0043096
191, 223.2342, 0.0044796
192, 263.2549, 0.0037986
193, 249.0722, 0.0040149
194, 250.4822, 0.0039923
195, 251.9526, 0.003969
196, 207.9824, 0.0048081
197, 257.2943, 0.0038866
198, 245.2664, 0.0040772
199, 271.135, 0.0036882
200, 234.5766, 0.004263
201, 205.774, 0.0048597
202, 235.189, 0.0042519
203, 215.2065, 0.0046467
204, 259.3428, 0.0038559
205, 230.8722, 0.0043314
206, 241.1789, 0.0041463
207, 267.5013, 0.0037383
208, 224.4467, 0.0044554
209, 261.9859, 0.003817
210, 239.3891, 0.0041773
211, 226.4441, 0.0044161
212, 267.5156, 0.0037381
213, 262.6464, 0.0038074
214, 230.5263, 0.0043379
215, 248.33, 0.0040269
216, 261.8144, 0.0038195
217, 236.3005, 0.0042319
218, 228.6864, 0.0043728
219, 217.7511, 0.0045924
220, 214.6706, 0.0046583
221, 237.8065, 0.0042051
222, 231.8249, 0.0043136
223, 263.463, 0.0037956
224, 229.6317, 0.0043548
225, 271.0909, 0.0036888
226, 244.4151, 0.0040914
227, 261.8007, 0.0038197
228, 238.7205, 0.004189
229, 244.864, 0.0040839
230, 246.439, 0.0040578
231, 253.0621, 0.0039516
232, 245.465, 0.0040739
233, 245.3326, 0.0040761
234, 196.9085, 0.0050785
235, 230.5157, 0.0043381
236, 234.3677, 0.0042668
237, 266.0353, 0.0037589
238, 253.6848, 0.0039419
239, 226.7162, 0.0044108
240, 256.5616, 0.0038977
241, 220.512, 0.0045349
242, 258.9801, 0.0038613
243, 218.0597, 0.0045859
244, 241.0684, 0.0041482
245, 258.6318, 0.0038665
246, 255.1086, 0.0039199
247, 259.0674, 0.00386
248, 245.08, 0.0040803
249, 263.1302, 0.0038004
250, 216.5158, 0.0046186
251, 218.7227, 0.004572
252, 253.2543, 0.0039486
253, 249.0164, 0.0040158
254, 210.837, 0.004743
255, 263.3381, 0.0037974
256, 255.024, 0.0039212
257, 246.4268, 0.004058
258, 220.6434, 0.0045322
259, 276.9009, 0.0036114
260, 257.9447, 0.0038768
261, 222.0249, 0.004504
262, 243.8786, 0.0041004
263, 229.6106, 0.0043552
264, 222.4001, 0.0044964
265, 246.7065, 0.0040534
266, 221.8426, 0.0045077
267, 229.0741, 0.0043654
268, 247.1394, 0.0040463
269, 244.7921, 0.0040851
270, 236.7592, 0.0042237
271, 264.0961, 0.0037865
272, 255.5845, 0.0039126
273, 257.1223, 0.0038892
274, 231.278, 0.0043238
275, 241.3651, 0.0041431
276, 214.1373, 0.0046699
277, 236.7536, 0.0042238
278, 257.2877, 0.0038867
279, 269.0559, 0.0037167
280, 245.026, 0.0040812
281, 257.9913, 0.0038761
282, 227.6193, 0.0043933
283, 273.5903, 0.0036551
284, 249.4885, 0.0040082
285, 267.5514, 0.0037376
286, 254.3364, 0.0039318
287, 241.2487, 0.0041451
288, 240.0442, 0.0041659
289, 254.5047, 0.0039292
290, 235.5213, 0.0042459
291, 248.1574, 0.0040297
292, 207.7231, 0.0048141
293, 263.6853, 0.0037924
294, 264.5853, 0.0037795
295, 259.6189, 0.0038518
296, 233.5466, 0.0042818
297, 254.6473, 0.003927
298, 253.7105, 0.0039415
299, 236.5408, 0.0042276
300, 208.8555, 0.004788
301, 264.9568, 0.0037742
302, 243.5994, 0.0041051
303, 234.4886, 0.0042646
304, 253.1902, 0.0039496
305, 254.2395, 0.0039333
306, 257.4997, 0.0038835
307, 221.2585, 0.0045196
308, 246.9563, 0.0040493
309, 208.2682, 0.0048015
310, 257.978, 0.0038763
311, 187.797, 0.0053249
312, 194.254, 0.0051479
313, 184.3352, 0.0054249
314, 184.2028, 0.0054288
315, 180.4142, 0.0055428
316, 197.5309, 0.0050625
317, 182.555, 0.0054778
318, 190.9782, 0.0052362
319, 186.3377, 0.0053666
320, 181.7158, 0.0055031
321, 185.1029, 0.0054024
322, 193.2442, 0.0051748
323, 169.4542, 0.0059013
324, 196.5602, 0.0050875
325, 193.2292, 0.0051752
326, 174.1038, 0.0057437
327, 194.7534, 0.0051347
328, 193.806, 0.0051598
329, 160.4338, 0.0062331
330, 53.16887, 0.018808
331, 158.5992, 0.0063052
332, 188.0229, 0.0053185
333, 201.0454, 0.004974
334, 206.744, 0.0048369
335, 237.9876, 0.0042019
336, 292.5602, 0.0034181
337, 269.5563, 0.0037098
338, 293.0661, 0.0034122
339, 269.7454, 0.0037072
340, 276.924, 0.0036111
341, 269.6653, 0.0037083
342, 288.7169, 0.0034636
343, 274.2807, 0.0036459
344, 264.9077, 0.0037749
345, 282.9174, 0.0035346
346, 259.4976, 0.0038536
347, 291.3583, 0.0034322
348, 278.474, 0.003591
349, 294.083, 0.0034004
350, 293.6685, 0.0034052
351, 259.0137, 0.0038608
352, 266.7165, 0.0037493
353, 218.6653, 0.0045732
354, 236.608, 0.0042264
355, 226.2648, 0.0044196
356, 208.5897, 0.0047941
357, 238.8402, 0.0041869
358, 225.7846, 0.004429
359, 223.1197, 0.0044819
360, 242.8127, 0.0041184
361, 231.0002, 0.004329
362, 227.3968, 0.0043976
363, 222.4496, 0.0044954
364, 225.2049, 0.0044404
365, 226.7471, 0.0044102
366, 137.9615, 0.0072484
367, 206.0963, 0.0048521
368, 242.037, 0.0041316
369, 205.3304, 0.0048702
370, 240.9581, 0.0041501
371, 229.8481, 0.0043507
372, 203.7158, 0.0049088
373, 233.2525, 0.0042872
374, 213.7437, 0.0046785
375, 252.086, 0.0039669
376, 228.3679, 0.0043789
377, 241.8672, 0.0041345
378, 204.0233, 0.0049014
379, 129.8887, 0.0076989
380, 119.2179, 0.008388
381, 227.8631, 0.0043886
382, 222.613, 0.0044921
383, 218.3931, 0.0045789
384, 217.4055, 0.0045997
385, 217.7606, 0.0045922
386, 221.5379, 0.0045139
387, 233.4267, 0.004284
388, 211.7926, 0.0047216
389, 237.5015, 0.0042105
390, 207.978, 0.0048082
391, 217.6326, 0.0045949
392, 213.5931, 0.0046818
393, 219.9784, 0.0045459
394, 209.6304, 0.0047703
395, 212.3052, 0.0047102
396, 255.3496, 0.0039162
397, 211.3986, 0.0047304
398, 223.6586, 0.0044711
399, 205.7782, 0.0048596
400, 253.1261, 0.0039506
401, 228.2532, 0.0043811
402, 242.0428, 0.0041315
403, 230.6645, 0.0043353
404, 245.2543, 0.0040774
405, 250.5136, 0.0039918
406, 179.6009, 0.0055679
407, 293.9361, 0.0034021
408, 272.9109, 0.0036642
409, 241.8848, 0.0041342
410, 257.2083, 0.0038879
411, 255.8854, 0.003908
412, 259.1681, 0.0038585
413, 221.5674, 0.0045133
414, 260.0848, 0.0038449
415, 258.418, 0.0038697
416, 253.0813, 0.0039513
417, 260.7766, 0.0038347
418, 281.8887, 0.0035475
419, 294.109, 0.0034001
420, 301.8594, 0.0033128
421, 274.0402, 0.0036491
422, 276.74, 0.0036135
423, 277.0544, 0.0036094
424, 279.5561, 0.0035771
425, 261.3764, 0.0038259
426, 287.9936, 0.0034723
427, 277.2694, 0.0036066
428, 305.8665, 0.0032694
429, 264.0194, 0.0037876
430, 294.0657, 0.0034006
431, 287.6291, 0.0034767
432, 285.3881, 0.003504
433, 284.4141, 0.003516
434, 269.8764, 0.0037054
435, 275.748, 0.0036265
436, 281.6901, 0.00355
437, 294.9156, 0.0033908
438, 258.9533, 0.0038617
439, 256.6076, 0.003897
440, 224.1449, 0.0044614
441, 271.6874, 0.0036807
442, 260.8106, 0.0038342
443, 259.4236, 0.0038547
444, 268.1181, 0.0037297
445, 232.8289, 0.004295
446, 236.1889, 0.0042339
447, 265.245, 0.0037701
448, 261.5952, 0.0038227
449, 254.0909, 0.0039356
450, 253.0365, 0.003952
451, 270.4603, 0.0036974
452, 270.7826, 0.003693
453, 253.3313, 0.0039474
454, 250.1626, 0.0039974
455, 267.5299, 0.0037379
456, 250.6014, 0.0039904
457, 250.1501, 0.0039976
458, 229.0688, 0.0043655
459, 263.7061, 0.0037921
460, 270.9733, 0.0036904
461, 251.4395, 0.0039771
462, 237.5692, 0.0042093
463, 277.2079, 0.0036074
464, 233.1383, 0.0042893
465, 234.4721, 0.0042649
466, 215.0861, 0.0046493
467, 213.0515, 0.0046937
468, 216.68, 0.0046151
469, 225.8866, 0.004427
470, 218.1406, 0.0045842
471, 251.9844, 0.0039685
472, 275.1637, 0.0036342
473, 225.7132, 0.0044304
474, 286.5494, 0.0034898
475, 276.7094, 0.0036139
476, 280.0258, 0.0035711
477, 263.6505, 0.0037929
478, 275.558, 0.003629
479, 296.6391, 0.0033711
480, 268.9329, 0.0037184
481, 272.2867, 0.0036726
482, 283.8087, 0.0035235
483, 287.1006, 0.0034831
484, 298.3026, 0.0033523
485, 278.7767, 0.0035871
486, 257.6058, 0.0038819
487, 283.0937, 0.0035324
488, 302.398, 0.0033069
489, 244.1883, 0.0040952
490, 268.9256, 0.0037185
491, 238.8516, 0.0041867
492, 237.0792, 0.004218
493, 278.0713, 0.0035962
494, 270.9219, 0.0036911
495, 282.8214, 0.0035358
496, 253.6848, 0.0039419
497, 255.3039, 0.0039169
498, 227.4951, 0.0043957
499, 292.5516, 0.0034182
500, 279.9239, 0.0035724
501, 285.8204, 0.0034987
502, 249.5819, 0.0040067
503, 283.4467, 0.003528
504, 283.7845, 0.0035238
505, 273.7626, 0.0036528
506, 269.237, 0.0037142
507, 272.2718, 0.0036728
508, 286.7877, 0.0034869
509, 301.2411, 0.0033196
510, 252.6975, 0.0039573
511, 291.5537, 0.0034299
512, 277.2079, 0.0036074
513, 275.748, 0.0036265
514, 259.1076, 0.0038594
515, 280.3319, 0.0035672
516, 295.4297, 0.0033849
517, 287.6456, 0.0034765
518, 308.3279, 0.0032433
519, 244.7202, 0.0040863
520, 294.6289, 0.0033941
521, 251.3826, 0.003978
522, 279.7046, 0.0035752
523, 279.0957, 0.003583
524, 244.2838, 0.0040936
525, 282.5657, 0.003539
526, 295.1071, 0.0033886
527, 258.3178, 0.0038712
528, 263.3173, 0.0037977
529, 271.3115, 0.0036858
530, 249.3703, 0.0040101
531, 289.4356, 0.003455
532, 230.8562, 0.0043317
533, 281.714, 0.0035497
534, 275.2925, 0.0036325
535, 273.0674, 0.0036621
536, 238.8231, 0.0041872
537, 232.9373, 0.004293
538, 276.5334, 0.0036162
539, 279.8612, 0.0035732
540, 259.5987, 0.0038521
541, 257.2744, 0.0038869
542, 275.5732, 0.0036288
543, 284.495, 0.003515
544, 270.4823, 0.0036971
545, 287.4389, 0.003479
546, 267.5943, 0.003737
547, 294.3427, 0.0033974
548, 257.7519, 0.0038797
549, 295.3599, 0.0033857
550, 249.246, 0.0040121
551, 274.6197, 0.0036414
552, 252.787, 0.0039559
553, 293.1864, 0.0034108
554, 294.1523, 0.0033996
555, 279.4701, 0.0035782
556, 286.4591, 0.0034909
557, 278.4662, 0.0035911
558, 292.3293, 0.0034208
559, 290.2842, 0.0034449
560, 285.9512, 0.0034971
561, 283.3503, 0.0035292
562, 272.8811, 0.0036646
563, 300.6795, 0.0033258
564, 285.0627, 0.003508
565, 291.5027, 0.0034305
566, 274.4087, 0.0036442
567, 291.4348, 0.0034313
568, 279.6577, 0.0035758
569, 278.5826, 0.0035896
570, 266.3683, 0.0037542
571, 297.956, 0.0033562
572, 297.3535, 0.003363
573, 275.7556, 0.0036264
574, 260.1118, 0.0038445
575, 275.6264, 0.0036281
576, 267.9744, 0.0037317
577, 290.1326, 0.0034467
578, 274.4237, 0.003644
579, 267.5442, 0.0037377
580, 297.7963, 0.003358
581, 289.8971, 0.0034495
582, 292.526, 0.0034185
583, 242.8717, 0.0041174
584, 278.5903, 0.0035895
585, 284.2444, 0.0035181
586, 297.3624, 0.0033629
587, 289.31, 0.0034565
588, 262.6119, 0.0038079
589, 283.7121, 0.0035247
590, 264.8516, 0.0037757
591, 277.7624, 0.0036002
592, 256.1869, 0.0039034
593, 289.1511, 0.0034584
594, 282.8774, 0.0035351
595, 276.8856, 0.0036116
596, 277.6929, 0.0036011
597, 261.6705, 0.0038216
598, 291.5197, 0.0034303
599, 288.9088, 0.0034613
600, 274.1228, 0.003648
601, 276.6022, 0.0036153
602, 277.7855, 0.0035999
603, 287.7367, 0.0034754
604, 289.6368, 0.0034526
605, 285.38, 0.0035041
606, 281.6664, 0.0035503
607, 271.9978, 0.0036765
608, 284.949, 0.0035094
609, 264.6483, 0.0037786
610, 288.6669, 0.0034642
611, 280.9541, 0.0035593
612, 275.2622, 0.0036329
613, 279.9552, 0.003572
614, 281.6108, 0.003551
615, 279.5639, 0.003577
616, 286.3524, 0.0034922
617, 294.8983, 0.003391
618, 233.122, 0.0042896
619, 265.6254, 0.0037647
620, 255.1541, 0.0039192
621, 286.8864, 0.0034857
622, 276.4951, 0.0036167
623, 276.4951, 0.0036167
624, 289.7207, 0.0034516
625, 277.2079, 0.0036074
626, 284.1555, 0.0035192
627, 277.2771, 0.0036065
628, 295.8317, 0.0033803
629, 260.8242, 0.003834
630, 292.7486, 0.0034159
631, 274.3334, 0.0036452
632, 286.4919, 0.0034905
633, 288.9923, 0.0034603
634, 272.487, 0.0036699
635, 274.4087, 0.0036442
636, 297.2122, 0.0033646
637, 299.3833, 0.0033402
638, 256.1147, 0.0039045
639, 275.6644, 0.0036276
640, 230.4785, 0.0043388
641, 229.0636, 0.0043656
642, 276.0753, 0.0036222
643, 223.0848, 0.0044826
644, 235.5158, 0.004246
645, 231.6102, 0.0043176
646, 240.1364, 0.0041643
647, 217.519, 0.0045973
648, 242.854, 0.0041177
649, 231.1925, 0.0043254
650, 229.4999, 0.0043573
651, 241.5809, 0.0041394
652, 265.0622, 0.0037727
653, 245.9661, 0.0040656
654, 262.6878, 0.0038068
655, 221.6361, 0.0045119
656, 282.3025, 0.0035423
657, 262.4879, 0.0038097
658, 242.1777, 0.0041292
659, 267.537, 0.0037378
660, 299.0788, 0.0033436
661, 249.5259, 0.0040076
662, 238.7718, 0.0041881
663, 266.2478, 0.0037559
664, 293.4186, 0.0034081
665, 273.4407, 0.0036571
666, 279.275, 0.0035807
667, 295.963, 0.0033788
668, 262.1438, 0.0038147
669, 293.3239, 0.0034092
670, 267.1154, 0.0037437
671, 264.3684, 0.0037826
672, 276.9776, 0.0036104
673, 282.8454, 0.0035355
674, 299.2131, 0.0033421
675, 256.779, 0.0038944
676, 17.82903, 0.0560883
677, 270.7239, 0.0036938
678, 266.3045, 0.0037551
679, 291.4517, 0.0034311
680, 303.8498, 0.0032911
681, 283.4789, 0.0035276
682, 285.9839, 0.0034967
683, 300.3544, 0.0033294
684, 267.3154, 0.0037409
685, 293.367, 0.0034087
686, 277.1695, 0.0036079
687, 270.7239, 0.0036938
688, 289.3016, 0.0034566
689, 276.121, 0.0036216
690, 293.2896, 0.0034096
691, 265.9362, 0.0037603
692, 294.2561, 0.0033984
693, 290.816, 0.0034386
694, 291.5367, 0.0034301
695, 238.903, 0.0041858
696, 276.2278, 0.0036202
697, 290.5879, 0.0034413
698, 294.655, 0.0033938
699, 299.3385, 0.0033407
700, 240.4077, 0.0041596
701, 290.3179, 0.0034445
702, 293.8411, 0.0034032
703, 294.4554, 0.0033961
704, 285.1765, 0.0035066
705, 285.8123, 0.0034988
706, 273.0301, 0.0036626
707, 292.167, 0.0034227
708, 295.5607, 0.0033834
709, 71.19769, 0.0140454
710, 111.2298, 0.0089904
711, 272.0422, 0.0036759
712, 282.8934, 0.0035349
713, 204.09, 0.0048998
714, 249.6256, 0.004006
715, 275.961, 0.0036237
716, 275.2925, 0.0036325
717, 268.81, 0.0037201
718, 276.4034, 0.0036179
719, 286.8371, 0.0034863
720, 308.9757, 0.0032365
721, 284.5841, 0.0035139
722, 287.7118, 0.0034757
723, 277.1004, 0.0036088
724, 280.6309, 0.0035634
725, 286.5412, 0.0034899
726, 274.2957, 0.0036457
727, 286.1721, 0.0034944
728, 288.5753, 0.0034653
729, 279.2594, 0.0035809
730, 259.693, 0.0038507
731, 100.1733, 0.0099827
732, 297.5305, 0.003361
733, 273.4332, 0.0036572
734, 255.3691, 0.0039159
735, 269.942, 0.0037045
736, 267.8954, 0.0037328
737, 267.795, 0.0037342
738, 270.0367, 0.0037032
739, 274.7253, 0.00364
740, 263.2341, 0.0037989
741, 102.2861, 0.0097765
742, 144.5755, 0.0069168
743, 140.0227, 0.0071417
744, 148.9736, 0.0067126
745, 80.34258, 0.0124467
746, 71.20782, 0.0140434
747, 274.0552, 0.0036489
748, 267.8308, 0.0037337
749, 246.1114, 0.0040632
750, 263.7339, 0.0037917
751, 279.5482, 0.0035772
752, 282.1034, 0.0035448
753, 274.0777, 0.0036486
754, 285.5185, 0.0035024
755, 286.3442, 0.0034923
756, 284.3413, 0.0035169
757, 287.6787, 0.0034761
758, 278.0095, 0.003597
759, 295.5519, 0.0033835
760, 295.517, 0.0033839
761, 270.0659, 0.0037028
762, 263.1648, 0.0037999
763, 283.2942, 0.0035299
764, 296.9738, 0.0033673
765, 293.7202, 0.0034046
766, 274.5669, 0.0036421
767, 258.5449, 0.0038678
768, 289.5948, 0.0034531
769, 293.1949, 0.0034107
770, 271.9165, 0.0036776
771, 294.3167, 0.0033977
772, 277.6004, 0.0036023
773, 268.6222, 0.0037227
774, 265.3787, 0.0037682
775, 285.6408, 0.0035009
776, 275.1486, 0.0036344
777, 284.6084, 0.0035136
778, 281.992, 0.0035462
779, 263.7966, 0.0037908
780, 292.1158, 0.0034233
781, 275.9153, 0.0036243
782, 287.6291, 0.0034767
783, 283.6799, 0.0035251
784, 283.2861, 0.00353
785, 291.8004, 0.003427
786, 284.1636, 0.0035191
787, 259.3294, 0.0038561
788, 271.6727, 0.0036809
789, 295.7005, 0.0033818
790, 257.5527, 0.0038827
791, 271.3778, 0.0036849
792, 295.7442, 0.0033813
793, 285.8858, 0.0034979
794, 281.3494, 0.0035543
795, 275.4897, 0.0036299
796, 281.6505, 0.0035505
797, 271.2527, 0.0036866
798, 288.1346, 0.0034706
799, 242.0253, 0.0041318
800, 260.7834, 0.0038346
801, 265.9928, 0.0037595
802, 279.7594, 0.0035745
803, 298.1959, 0.0033535
804, 266.5885, 0.0037511
805, 299.8231, 0.0033353
806, 281.7298, 0.0035495
807, 295.2117, 0.0033874
808, 273.3734, 0.003658
809, 274.2055, 0.0036469
810, 296.0857, 0.0033774
811, 296.7271, 0.0033701
812, 274.1078, 0.0036482
813, 281.6425, 0.0035506
814, 285.9349, 0.0034973
815, 302.0236, 0.003311
816, 292.5944, 0.0034177
817, 296.4368, 0.0033734
818, 268.3483, 0.0037265
819, 280.5915, 0.0035639
820, 271.4441, 0.003684
821, 266.5956, 0.003751
822, 215.8009, 0.0046339
823, 243.309, 0.00411
824, 281.9363, 0.0035469
825, 277.0851, 0.003609
826, 260.0645, 0.0038452
827, 272.6876, 0.0036672
828, 283.5351, 0.0035269
829, 296.6655, 0.0033708
830, 279.0334, 0.0035838
831, 296.868, 0.0033685
832, 280.442, 0.0035658
833, 295.6306, 0.0033826
834, 267.4083, 0.0037396
835, 289.8047, 0.0034506
836, 288.5254, 0.0034659
837, 274.3183, 0.0036454
838, 304.5252, 0.0032838
839, 286.9605, 0.0034848
840, 280.3476, 0.003567
841, 298.6055, 0.0033489
842, 282.5417, 0.0035393
843, 281.8172, 0.0035484
844, 288.8838, 0.0034616
845, 291.3583, 0.0034322
846, 258.3712, 0.0038704
847, 286.8947, 0.0034856
848, 287.5133, 0.0034781
849, 282.5897, 0.0035387
850, 302.0601, 0.0033106
851, 261.4174, 0.0038253
852, 272.0644, 0.0036756
853, 286.2951, 0.0034929
854, 293.7375, 0.0034044
855, 303.2416, 0.0032977
856, 272.1014, 0.0036751
857, 271.0615, 0.0036892
858, 284.9328, 0.0035096
859, 303.1589, 0.0032986
860, 267.5872, 0.0037371
861, 280.8279, 0.0035609
862, 290.1578, 0.0034464
863, 286.2131, 0.0034939
864, 300.1741, 0.0033314
865, 264.3545, 0.0037828
866, 288.9672, 0.0034606
867, 296.7271, 0.0033701
868, 282.2706, 0.0035427
869, 261.8144, 0.0038195
870, 253.9038, 0.0039385
871, 268.9691, 0.0037179
872, 285.323, 0.0035048
873, 307.5409, 0.0032516
874, 247.0661, 0.0040475
875, 275.5352, 0.0036293
876, 290.9175, 0.0034374
877, 281.4761, 0.0035527
878, 282.6296, 0.0035382
879, 268.2116, 0.0037284
880, 294.2994, 0.0033979
881, 303.4809, 0.0032951
882, 259.6121, 0.0038519
883, 297.752, 0.0033585
884, 271.8869, 0.003678
885, 270.4603, 0.0036974
886, 296.4808, 0.0033729
887, 269.993, 0.0037038
888, 276.9009, 0.0036114
889, 300.553, 0.0033272
890, 272.5761, 0.0036687
891, 274.6876, 0.0036405
892, 306.1943, 0.0032659
893, 289.377, 0.0034557
894, 293.5823, 0.0034062
895, 285.8123, 0.0034988
896, 262.2401, 0.0038133
897, 272.6876, 0.0036672
898, 275.194, 0.0036338
899, 289.8887, 0.0034496
900, 274.8536, 0.0036383
901, 289.8551, 0.00345
902, 266.5742, 0.0037513
903, 274.5744, 0.003642
904, 283.7684, 0.003524
905, 279.2828, 0.0035806
906, 298.8822, 0.0033458
907, 267.4154, 0.0037395
908, 289.0508, 0.0034596
909, 284.949, 0.0035094
910, 292.603, 0.0034176
911, 295.963, 0.0033788
912, 286.1885, 0.0034942
913, 257.1024, 0.0038895
914, 293.7289, 0.0034045
915, 297.168, 0.0033651
916, 290.3095, 0.0034446
917, 276.3805, 0.0036182
918, 287.282, 0.0034809
919, 273.6802, 0.0036539
920, 285.437, 0.0035034
921, 290.2, 0.0034459
922, 278.9945, 0.0035843
923, 295.4646, 0.0033845
924, 275.4138, 0.0036309
925, 286.763, 0.0034872
926, 257.8383, 0.0038784
927, 298.5431, 0.0033496
928, 288.2426, 0.0034693
929, 283.978, 0.0035214
930, 279.4779, 0.0035781
931, 267.7735, 0.0037345
932, 287.8361, 0.0034742
933, 286.6562, 0.0034885
934, 306.8143, 0.0032593
935, 283.3664, 0.003529
936, 253.6526, 0.0039424
937, 305.3249, 0.0032752
938, 293.2207, 0.0034104
939, 282.5098, 0.0035397
940, 278.474, 0.003591
941, 270.6873, 0.0036943
942, 280.2848, 0.0035678
943, 287.2078, 0.0034818
944, 272.5167, 0.0036695
945, 275.8316, 0.0036254
946, 303.1405, 0.0032988
947, 280.0885, 0.0035703
948, 288.767, 0.003463
949, 293.5478, 0.0034066
950, 273.8151, 0.0036521
951, 281.7775, 0.0035489
952, 287.3068, 0.0034806
953, 265.3998, 0.0037679
954, 277.2617, 0.0036067
955, 291.1208, 0.003435
956, 293.6771, 0.0034051
957, 285.6979, 0.0035002
958, 278.11, 0.0035957
959, 276.6558, 0.0036146
960, 296.8857, 0.0033683
961, 273.2912, 0.0036591
962, 273.9726, 0.00365
963, 293.7289, 0.0034045
964, 253.171, 0.0039499
965, 295.753, 0.0033812
966, 280.2141, 0.0035687
967, 289.3184, 0.0034564
968, 295.0462, 0.0033893
969, 287.282, 0.0034809
970, 270.9733, 0.0036904
971, 283.8329, 0.0035232
972, 295.4297, 0.0033849
973, 284.8678, 0.0035104
974, 291.5622, 0.0034298
975, 267.9457, 0.0037321
976, 286.0494, 0.0034959
977, 301.9688, 0.0033116
978, 285.2416, 0.0035058
979, 257.076, 0.0038899
980, 268.075, 0.0037303
981, 271.4588, 0.0036838
982, 299.6075, 0.0033377
983, 254.2459, 0.0039332
984, 280.8594, 0.0035605
985, 293.962, 0.0034018
986, 284.811, 0.0035111
987, 280.8515, 0.0035606
988, 285.8858, 0.0034979
989, 227.7749, 0.0043903
990, 285.894, 0.0034978
991, 294.2475, 0.0033985
992, 242.2422, 0.0041281
993, 271.4735, 0.0036836
994, 278.2802, 0.0035935
995, 292.8258, 0.003415
996, 288.2592, 0.0034691
997, 265.816, 0.003762
998, 281.2227, 0.0035559
999, 279.5014, 0.0035778
1000, 294.8809, 0.0033912
1001, 267.5728, 0.0037373
1002, 300.3093, 0.0033299
1003, 282.446, 0.0035405
1004, 287.687, 0.003476
1005, 263.901, 0.0037893
1006, 280.9778, 0.003559
1007, 292.3891, 0.0034201
1008, 299.5626, 0.0033382
1009, 261.8692, 0.0038187
1010, 281.0568, 0.003558
1011, 290.0232, 0.003448
1012, 288.1429, 0.0034705
1013, 296.1121, 0.0033771
1014, 247.1882, 0.0040455
1015, 266.9443, 0.0037461
1016, 287.7036, 0.0034758
1017, 296.0331, 0.003378
1018, 263.6088, 0.0037935
1019, 301.5318, 0.0033164
1020, 273.1793, 0.0036606
1021, 302.398, 0.0033069
1022, 270.9219, 0.0036911
1023, 260.6678, 0.0038363
1024, 261.3013, 0.003827
1025, 270.7752, 0.0036931
1026, 305.1851, 0.0032767
1027, 265.8655, 0.0037613
1028, 292.5431, 0.0034183
1029, 279.6421, 0.003576
1030, 303.7298, 0.0032924
1031, 256.713, 0.0038954
1032, 288.8921, 0.0034615
1033, 290.6639, 0.0034404
1034, 277.1311, 0.0036084
1035, 272.3979, 0.0036711
1036, 290.8414, 0.0034383
1037, 274.1153, 0.0036481
1038, 301.4318, 0.0033175
1039, 267.2725, 0.0037415
1040, 282.7415, 0.0035368
1041, 293.6512, 0.0034054
1042, 285.494, 0.0035027
1043, 283.986, 0.0035213
1044, 263.1925, 0.0037995
1045, 267.0227, 0.003745
1046, 281.2465, 0.0035556
1047, 287.8526, 0.003474
1048, 252.7231, 0.0039569
1049, 299.7872, 0.0033357
1050, 289.4272, 0.0034551
1051, 294.36, 0.0033972
1052, 295.753, 0.0033812
1053, 261.1716, 0.0038289
1054, 286.3688, 0.003492
1055, 292.7743, 0.0034156
1056, 283.6638, 0.0035253
1057, 274.9217, 0.0036374
1058, 290.2505, 0.0034453
1059, 279.8534, 0.0035733
1060, 285.1928, 0.0035064
1061, 282.6616, 0.0035378
1062, 281.1595, 0.0035567
1063, 290.7906, 0.0034389
1064, 296.8592, 0.0033686
1065, 268.3987, 0.0037258
1066, 267.5084, 0.0037382
1067, 270.6287, 0.0036951
1068, 294.8896, 0.0033911
1069, 292.5688, 0.003418
1070, 262.7223, 0.0038063
1071, 284.0022, 0.0035211
1072, 290.9683, 0.0034368
1073, 286.2787, 0.0034931
1074, 274.7026, 0.0036403
1075, 295.6131, 0.0033828
1076, 267.9744, 0.0037317
1077, 299.6973, 0.0033367
1078, 304.1085, 0.0032883
1079, 273.4557, 0.0036569
1080, 281.3573, 0.0035542
1081, 264.8375, 0.0037759
1082, 278.288, 0.0035934
1083, 289.4859, 0.0034544
1084, 297.1503, 0.0033653
1085, 298.2671, 0.0033527
1086, 278.6524, 0.0035887
1087, 267.9313, 0.0037323
1088, 275.8925, 0.0036246
1089, 302.7093, 0.0033035
1090, 289.4356, 0.003455
1091, 294.8287, 0.0033918
1092, 281.8172, 0.0035484
1093, 275.9991, 0.0036232
1094, 287.1748, 0.0034822
1095, 264.9077, 0.0037749
1096, 269.4764, 0.0037109
1097, 299.2131, 0.0033421
1098, 304.4789, 0.0032843
1099, 277.6235, 0.003602
1100, 255.6826, 0.0039111
1101, 256.9703, 0.0038915
1102, 281.0726, 0.0035578
1103, 291.0954, 0.0034353
1104, 242.1835, 0.0041291
1105, 291.1632, 0.0034345
1106, 290.4697, 0.0034427
1107, 294.5768, 0.0033947
1108, 298.0715, 0.0033549
1109, 253.5883, 0.0039434
1110, 282.3184, 0.0035421
1111, 290.2084, 0.0034458
1112, 296.4632, 0.0033731
1113, 279.1347, 0.0035825
1114, 275.6188, 0.0036282
1115, 277.4849, 0.0036038
1116, 283.3263, 0.0035295
1117, 308.0525, 0.0032462
1118, 286.2459, 0.0034935
1119, 287.8195, 0.0034744
1120, 300.3995, 0.0033289
1121, 277.5234, 0.0036033
1122, 277.039, 0.0036096
1123, 278.0868, 0.003596
1124, 291.1717, 0.0034344
1125, 305.0734, 0.0032779
1126, 284.9815, 0.003509
1127, 272.5093, 0.0036696
1128, 277.6852, 0.0036012
1129, 294.5421, 0.0033951
1130, 285.8204, 0.0034987
1131, 268.3843, 0.003726
1132, 298.4184, 0.003351
1133, 262.3088, 0.0038123
1134, 289.4859, 0.0034544
1135, 281.9443, 0.0035468
1136, 285.7469, 0.0034996
1137, 296.7095, 0.0033703
1138, 273.5005, 0.0036563
1139, 282.3104, 0.0035422
1140, 284.7056, 0.0035124
1141, 275.2395, 0.0036332
1142, 276.6635, 0.0036145
1143, 297.8673, 0.0033572
1144, 272.1088, 0.003675
1145, 275.6948, 0.0036272
1146, 292.7572, 0.0034158
1147, 284.3009, 0.0035174
1148, 282.3503, 0.0035417
1149, 279.7437, 0.0035747
1150, 288.8587, 0.0034619
1151, 300.2642, 0.0033304
1152, 290.4106, 0.0034434
1153, 270.8192, 0.0036925
1154, 287.1913, 0.003482
1155, 280.442, 0.0035658
1156, 281.4127, 0.0035535
1157, 278.7845, 0.003587
1158, 292.278, 0.0034214
1159, 294.0398, 0.0034009
1160, 300.4356, 0.0033285
1161, 248.4349, 0.0040252
1162, 260.5659, 0.0038378
1163, 285.3637, 0.0035043
1164, 280.3869, 0.0035665
1165, 291.4517, 0.0034311
1166, 257.8383, 0.0038784
1167, 299.2399, 0.0033418
1168, 297.8495, 0.0033574
1169, 293.4186, 0.0034081
1170, 272.6058, 0.0036683
1171, 291.9623, 0.0034251
1172, 284.8354, 0.0035108
1173, 292.1585, 0.0034228
1174, 305.269, 0.0032758
1175, 259.7943, 0.0038492
1176, 286.2131, 0.0034939
1177, 300.048, 0.0033328
1178, 269.4183, 0.0037117
1179, 275.7556, 0.0036264
1180, 284.4788, 0.0035152
1181, 299.931, 0.0033341
1182, 302.5078, 0.0033057
1183, 285.3637, 0.0035043
1184, 265.4914, 0.0037666
1185, 268.5501, 0.0037237
1186, 297.7254, 0.0033588
1187, 282.8614, 0.0035353
1188, 270.336, 0.0036991
1189, 261.65, 0.0038219
1190, 286.2459, 0.0034935
1191, 305.4928, 0.0032734
1192, 281.484, 0.0035526
1193, 297.0179, 0.0033668
1194, 289.1761, 0.0034581
1195, 278.3499, 0.0035926
1196, 268.514, 0.0037242
1197, 290.7653, 0.0034392
1198, 294.36, 0.0033972
1199, 282.4779, 0.0035401
1200, 296.7447, 0.0033699
1201, 276.7017, 0.003614
1202, 292.5003, 0.0034188
1203, 304.3306, 0.0032859
1204, 278.474, 0.003591
1205, 268.3699, 0.0037262
1206, 221.3712, 0.0045173
1207, 275.5732, 0.0036288
1208, 227.5831, 0.004394
1209, 246.2872, 0.0040603
1210, 286.0739, 0.0034956
1211, 278.2415, 0.003594
1212, 276.0829, 0.0036221
1213, 292.0305, 0.0034243
1214, 294.3081, 0.0033978
1215, 292.9716, 0.0034133
1216, 285.7796, 0.0034992
1217, 256.7196, 0.0038953
1218, 273.86, 0.0036515
1219, 297.8939, 0.0033569
1220, 282.7255, 0.003537
1221, 301.3591, 0.0033183
1222, 262.3295, 0.003812
1223, 281.4365, 0.0035532
1224, 297.0974, 0.0033659
1225, 300.6253, 0.0033264
1226, 282.9254, 0.0035345
1227, 277.8781, 0.0035987
1228, 277.3617, 0.0036054
1229, 288.6836, 0.003464
1230, 279.3999, 0.0035791
1231, 259.2957, 0.0038566
1232, 295.0375, 0.0033894
1233, 311.2841, 0.0032125
1234, 275.2167, 0.0036335
1235, 246.3418, 0.0040594
1236, 239.9578, 0.0041674
1237, 233.4485, 0.0042836
1238, 258.4113, 0.0038698
1239, 237.2873, 0.0042143
1240, 256.9703, 0.0038915
1241, 261.4584, 0.0038247
1242, 262.978, 0.0038026
1243, 236.2782, 0.0042323
1244, 211.694, 0.0047238
1245, 232.5581, 0.0043
1246, 209.5865, 0.0047713
1247, 217.6231, 0.0045951
1248, 206.9708, 0.0048316
1249, 220.3857, 0.0045375
1250, 216.7787, 0.004613
1251, 193.7234, 0.005162
1252, 199.8601, 0.0050035
1253, 201.7349, 0.004957
1254, 213.5657, 0.0046824
1255, 219.2742, 0.0045605
1256, 185.6355, 0.0053869
1257, 161.9984, 0.0061729
1258, 196.8039, 0.0050812
1259, 193.7046, 0.0051625
1260, 165.8457, 0.0060297
1261, 184.9386, 0.0054072
1262, 184.9386, 0.0054072
1263, 191.095, 0.005233
1264, 165.7001, 0.006035
1265, 159.7955, 0.006258
1266, 203.4464, 0.0049153
1267, 171.0454, 0.0058464
1268, 159.9565, 0.0062517
1269, 190.8761, 0.005239
1270, 166.1461, 0.0060188
1271, 169.7995, 0.0058893
1272, 176.314, 0.0056717
1273, 184.0028, 0.0054347
1274, 158.466, 0.0063105
1275, 189.8975, 0.005266
1276, 182.7586, 0.0054717
1277, 193.8773, 0.0051579
1278, 160.5008, 0.0062305
1279, 85.49858, 0.0116961
1280, 167.2073, 0.0059806
1281, 191.3363, 0.0052264
1282, 176.5225, 0.005665
1283, 102.9824, 0.0097104
1284, 169.6065, 0.005896
1285, 181.5673, 0.0055076
1286, 184.5733, 0.0054179
1287, 136.7671, 0.0073117
1288, 169.9871, 0.0058828
1289, 188.4162, 0.0053074
1290, 146.385, 0.0068313
1291, 152.0358, 0.0065774
1292, 159.0482, 0.0062874
1293, 177.7778, 0.005625
1294, 198.9179, 0.0050272
1295, 203.4836, 0.0049144
1296, 195.2019, 0.0051229
1297, 185.9358, 0.0053782
1298, 190.0743, 0.0052611
1299, 194.7041, 0.005136
1300, 204.3277, 0.0048941
1301, 210.8148, 0.0047435
1302, 194.2125, 0.005149
1303, 219.5968, 0.0045538
1304, 196.769, 0.0050821
1305, 174.9873, 0.0057147
1306, 234.0934, 0.0042718
1307, 179.3722, 0.005575
1308, 215.5312, 0.0046397
1309, 186.9333, 0.0053495
1310, 183.5671, 0.0054476
1311, 190.5887, 0.0052469
1312, 232.3474, 0.0043039
1313, 204.6036, 0.0048875
1314, 236.4066, 0.00423
1315, 245.9299, 0.0040662
1316, 218.0549, 0.004586
1317, 203.2768, 0.0049194
1318, 263.3381, 0.0037974
1319, 232.3366, 0.0043041
1320, 214.7121, 0.0046574
1321, 226.4288, 0.0044164
1322, 229.7583, 0.0043524
1323, 212.5444, 0.0047049
1324, 239.2802, 0.0041792
1325, 229.1056, 0.0043648
1326, 221.102, 0.0045228
1327, 220.6775, 0.0045315
1328, 241.0859, 0.0041479
1329, 228.2219, 0.0043817
1330, 230.6645, 0.0043353
1331, 222.0692, 0.0045031
1332, 247.7026, 0.0040371
1333, 230.0649, 0.0043466
1334, 242.9071, 0.0041168
1335, 276.7936, 0.0036128
1336, 236.6024, 0.0042265
1337, 253.5368, 0.0039442
1338, 269.0125, 0.0037173
1339, 289.0591, 0.0034595
1340, 285.5837, 0.0035016
1341, 260.8174, 0.0038341
1342, 273.2539, 0.0036596
1343, 298.4184, 0.003351
1344, 295.5432, 0.0033836
1345, 298.9536, 0.003345
1346, 279.1892, 0.0035818
1347, 277.7932, 0.0035998
1348, 293.3153, 0.0034093
1349, 282.3423, 0.0035418
1350, 290.3179, 0.0034445
1351, 229.3578, 0.00436
1352, 279.275, 0.0035807
1353, 290.36, 0.003444
1354, 296.5511, 0.0033721
1355, 263.5602, 0.0037942
1356, 238.0159, 0.0042014
1357, 280.9699, 0.0035591
1358, 241.7795, 0.004136
1359, 278.7146, 0.0035879
1360, 224.1198, 0.0044619
1361, 274.1829, 0.0036472
1362, 283.8893, 0.0035225
1363, 274.4915, 0.0036431
1364, 213.9495, 0.004674
1365, 242.1308, 0.00413
1366, 278.8234, 0.0035865
1367, 265.6889, 0.0037638
1368, 243.2972, 0.0041102
1369, 276.4264, 0.0036176
1370, 260.6407, 0.0038367
1371, 274.6423, 0.0036411
1372, 274.7479, 0.0036397
1373, 205.969, 0.0048551
1374, 194.9774, 0.0051288
1375, 220.6726, 0.0045316
1376, 220.9408, 0.0045261
1377, 237.023, 0.004219
1378, 209.5382, 0.0047724
1379, 239.9405, 0.0041677
1380, 223.5836, 0.0044726
1381, 254.2136, 0.0039337
1382, 205.7698, 0.0048598
1383, 254.0392, 0.0039364
1384, 234.6647, 0.0042614
1385, 246.4572, 0.0040575
1386, 232.1047, 0.0043084
1387, 241.0742, 0.0041481
1388, 236.5017, 0.0042283
1389, 227.915, 0.0043876
1390, 223.894, 0.0044664
1391, 238.0159, 0.0042014
1392, 240.813, 0.0041526
1393, 209.0388, 0.0047838
1394, 257.3274, 0.0038861
1395, 235.538, 0.0042456
1396, 209.3452, 0.0047768
1397, 249.1342, 0.0040139
1398, 241.6101, 0.0041389
1399, 233.443, 0.0042837
1400, 202.7945, 0.0049311
1401, 218.8806, 0.0045687
1402, 239.9405, 0.0041677
1403, 238.3109, 0.0041962
1404, 243.2143, 0.0041116
1405, 228.9482, 0.0043678
1406, 294.9679, 0.0033902
1407, 264.1659, 0.0037855
1408, 241.1789, 0.0041463
1409, 297.5305, 0.003361
1410, 278.1177, 0.0035956
1411, 280.962, 0.0035592
1412, 250.7271, 0.0039884
1413, 287.6374, 0.0034766
1414, 292.6115, 0.0034175
1415, 286.7877, 0.0034869
1416, 247.2738, 0.0040441
1417, 291.3243, 0.0034326
1418, 307.9861, 0.0032469
1419, 297.6545, 0.0033596
1420, 275.7328, 0.0036267
1421, 220.8432, 0.0045281
1422, 259.9834, 0.0038464
1423, 290.7061, 0.0034399
1424, 275.7404, 0.0036266
1425, 281.6981, 0.0035499
1426, 281.4285, 0.0035533
1427, 277.3233, 0.0036059
1428, 290.4866, 0.0034425
1429, 278.7612, 0.0035873
1430, 279.1425, 0.0035824
1431, 300.951, 0.0033228
1432, 291.86, 0.0034263
1433, 264.3545, 0.0037828
1434, 288.3506, 0.003468
1435, 285.266, 0.0035055
1436, 286.8206, 0.0034865
1437, 301.459, 0.0033172
1438, 257.387, 0.0038852
1439, 282.6376, 0.0035381
1440, 274.4312, 0.0036439
1441, 285.323, 0.0035048
1442, 243.2143, 0.0041116
1443, 283.2701, 0.0035302
1444, 243.1966, 0.0041119
1445, 288.3257, 0.0034683
1446, 231.0429, 0.0043282
1447, 292.8086, 0.0034152
1448, 297.1238, 0.0033656
1449, 257.938, 0.0038769
1450, 283.5834, 0.0035263
1451, 288.4921, 0.0034663
1452, 291.053, 0.0034358
1453, 285.2497, 0.0035057
1454, 290.5625, 0.0034416
1455, 273.1196, 0.0036614
1456, 292.9974, 0.003413
1457, 297.1768, 0.003365
1458, 267.9744, 0.0037317
1459, 280.56, 0.0035643
1460, 279.1892, 0.0035818
1461, 290.571, 0.0034415
1462, 303.3981, 0.003296
1463, 279.7046, 0.0035752
1464, 290.2673, 0.0034451
1465, 299.6794, 0.0033369
1466, 271.8425, 0.0036786
1467, 296.3314, 0.0033746
1468, 258.5717, 0.0038674
1469, 293.4531, 0.0034077
1470, 285.8858, 0.0034979
1471, 289.9139, 0.0034493
1472, 246.269, 0.0040606
1473, 284.4707, 0.0035153
1474, 298.365, 0.0033516
1475, 284.3575, 0.0035167
1476, 299.6614, 0.0033371
1477, 259.0271, 0.0038606
1478, 286.7548, 0.0034873
1479, 106.8136, 0.0093621
1480, 113.7139, 0.008794
1481, 270.7606, 0.0036933
1482, 257.0959, 0.0038896
1483, 269.8473, 0.0037058
1484, 278.8778, 0.0035858
1485, 280.6939, 0.0035626
1486, 284.9571, 0.0035093
1487, 250.3818, 0.0039939
1488, 259.882, 0.0038479
1489, 296.2612, 0.0033754
1490, 301.4045, 0.0033178
1491, 271.9535, 0.0036771
1492, 121.8977, 0.0082036
1493, 143.5936, 0.0069641
1494, 271.4809, 0.0036835
1495, 237.6878, 0.0042072
1496, 289.3435, 0.0034561
1497, 276.5334, 0.0036162
1498, 291.2989, 0.0034329
1499, 289.8971, 0.0034495
1500, 270.7606, 0.0036933
1501, 296.3578, 0.0033743
1502, 275.5504, 0.0036291
1503, 289.2263, 0.0034575
1504, 273.6353, 0.0036545
1505, 290.9599, 0.0034369
1506, 188.2885, 0.005311
1507, 282.1432, 0.0035443
1508, 263.6019, 0.0037936
1509, 250.1626, 0.0039974
1510, 234.9127, 0.0042569
1511, 287.8361, 0.0034742
1512, 296.7007, 0.0033704
1513, 280.9778, 0.003559
1514, 280.9225, 0.0035597
1515, 289.0006, 0.0034602
1516, 276.9086, 0.0036113
1517, 286.7877, 0.0034869
1518, 242.2129, 0.0041286
1519, 287.0099, 0.0034842
1520, 288.2094, 0.0034697
1521, 282.3662, 0.0035415
1522, 276.6405, 0.0036148
1523, 271.5694, 0.0036823
1524, 276.2965, 0.0036193
1525, 292.5944, 0.0034177
1526, 296.7535, 0.0033698
1527, 245.4771, 0.0040737
1528, 296.1822, 0.0033763
1529, 301.9688, 0.0033116
1530, 284.6894, 0.0035126
1531, 279.5482, 0.0035772
1532, 291.0107, 0.0034363
1533, 274.2957, 0.0036457
1534, 288.1678, 0.0034702
1535, 288.5919, 0.0034651
1536, 244.3673, 0.0040922
1537, 291.9708, 0.003425
1538, 274.7857, 0.0036392
1539, 298.1426, 0.0033541
1540, 281.5474, 0.0035518
1541, 278.7456, 0.0035875
1542, 295.6568, 0.0033823
1543, 294.2648, 0.0033983
1544, 272.8885, 0.0036645
1545, 241.9784, 0.0041326
1546, 281.7933, 0.0035487
1547, 291.0361, 0.003436
1548, 288.2509, 0.0034692
1549, 265.6042, 0.003765
1550, 264.9709, 0.003774
1551, 306.8803, 0.0032586
1552, 294.2561, 0.0033984
1553, 276.35, 0.0036186
1554, 288.7253, 0.0034635
1555, 255.6629, 0.0039114
1556, 286.377, 0.0034919
1557, 283.6316, 0.0035257
1558, 290.0064, 0.0034482
1559, 269.0486, 0.0037168
1560, 292.6544, 0.003417
1561, 281.8489, 0.003548
1562, 280.7963, 0.0035613
1563, 292.278, 0.0034214
1564, 273.1643, 0.0036608
1565, 294.5334, 0.0033952
1566, 277.7007, 0.003601
1567, 267.5442, 0.0037377
1568, 299.4909, 0.003339
1569, 259.801, 0.0038491
1570, 286.9852, 0.0034845
1571, 267.8524, 0.0037334
1572, 268.2116, 0.0037284
1573, 278.1409, 0.0035953
1574, 277.0083, 0.00361
1575, 264.2078, 0.0037849
1576, 293.0317, 0.0034126
1577, 273.9726, 0.00365
1578, 228.0606, 0.0043848
1579, 240.0096, 0.0041665
1580, 250.6266, 0.00399
1581, 289.7543, 0.0034512
1582, 235.1281, 0.004253
1583, 245.652, 0.0040708
1584, 287.6125, 0.0034769
1585, 296.077, 0.0033775
1586, 297.5128, 0.0033612
1587, 248.102, 0.0040306
1588, 271.6727, 0.0036809
1589, 285.9022, 0.0034977
1590, 297.2475, 0.0033642
1591, 284.8678, 0.0035104
1592, 264.8305, 0.003776
1593, 271.1129, 0.0036885
1594, 292.1414, 0.003423
1595, 295.0287, 0.0033895
1596, 261.5952, 0.0038227
1597, 295.9368, 0.0033791
1598, 287.9438, 0.0034729
1599, 279.1269, 0.0035826
1600, 283.254, 0.0035304
1601, 261.1921, 0.0038286
1602, 280.8437, 0.0035607
1603, 297.1857, 0.0033649
1604, 280.7175, 0.0035623
1605, 250.1876, 0.003997
1606, 293.3412, 0.003409
1607, 237.2648, 0.0042147
1608, 287.3976, 0.0034795
1609, 218.8423, 0.0045695
1610, 265.7807, 0.0037625
1611, 285.3556, 0.0035044
1612, 291.5282, 0.0034302
1613, 284.6813, 0.0035127
1614, 283.9457, 0.0035218
1615, 286.6151, 0.003489
1616, 296.7359, 0.00337
1617, 263.7687, 0.0037912
1618, 291.6983, 0.0034282
1619, 220.8773, 0.0045274
1620, 279.392, 0.0035792
1621, 268.0822, 0.0037302
1622, 278.7068, 0.003588
1623, 282.6535, 0.0035379
1624, 250.7648, 0.0039878
1625, 294.5768, 0.0033947
1626, 213.1196, 0.0046922
1627, 284.0667, 0.0035203
1628, 230.139, 0.0043452
1629, 264.4453, 0.0037815
1630, 274.9141, 0.0036375
1631, 232.5798, 0.0042996
1632, 265.4773, 0.0037668
1633, 274.8159, 0.0036388
1634, 232.1155, 0.0043082
1635, 251.9399, 0.0039692
1636, 265.421, 0.0037676
1637, 232.3312, 0.0043042
1638, 272.8736, 0.0036647
1639, 287.8278, 0.0034743
1640, 229.3894, 0.0043594
1641, 212.8248, 0.0046987
1642, 248.3546, 0.0040265
1643, 292.5944, 0.0034177
1644, 224.477, 0.0044548
1645, 267.7305, 0.0037351
1646, 232.8451, 0.0042947
1647, 281.6425, 0.0035506
1648, 247.0173, 0.0040483
1649, 275.3986, 0.0036311
1650, 247.6106, 0.0040386
1651, 285.543, 0.0035021
1652, 251.9399, 0.0039692
1653, 235.106, 0.0042534
1654, 286.9605, 0.0034848
1655, 244.0751, 0.0040971
1656, 286.977, 0.0034846
1657, 253.1325, 0.0039505
1658, 298.1426, 0.0033541
1659, 288.4921, 0.0034663
1660, 296.0156, 0.0033782
1661, 280.1984, 0.0035689
1662, 241.08, 0.004148
1663, 287.2738, 0.003481
1664, 279.0334, 0.0035838
1665, 283.9941, 0.0035212
1666, 284.3898, 0.0035163
1667, 267.6516, 0.0037362
1668, 274.1153, 0.0036481
1669, 302.8926, 0.0033015
1670, 272.3905, 0.0036712
1671, 272.2867, 0.0036726
1672, 292.7572, 0.0034158
1673, 272.0126, 0.0036763
1674, 254.576, 0.0039281
1675, 268.2547, 0.0037278
1676, 274.6951, 0.0036404
1677, 286.4016, 0.0034916
1678, 283.6477, 0.0035255
1679, 266.2123, 0.0037564
1680, 278.9634, 0.0035847
1681, 285.4778, 0.0035029
1682, 298.1603, 0.0033539
1683, 275.2698, 0.0036328
1684, 271.8943, 0.0036779
1685, 274.3258, 0.0036453
1686, 298.6947, 0.0033479
1687, 288.6669, 0.0034642
1688, 299.5716, 0.0033381
1689, 302.6726, 0.0033039
1690, 272.4573, 0.0036703
1691, 282.0238, 0.0035458
1692, 286.4509, 0.003491
1693, 250.3317, 0.0039947
1694, 301.2956, 0.003319
1695, 260.4777, 0.0038391
1696, 282.0636, 0.0035453
1697, 251.9336, 0.0039693
1698, 298.5342, 0.0033497
1699, 275.2773, 0.0036327
1700, 297.442, 0.003362
1701, 291.6898, 0.0034283
1702, 275.2167, 0.0036335
1703, 289.4691, 0.0034546
1704, 264.3195, 0.0037833
1705, 271.4514, 0.0036839
1706, 287.4968, 0.0034783
1707, 267.5013, 0.0037383
1708, 281.7933, 0.0035487
1709, 283.6558, 0.0035254
1710, 294.6636, 0.0033937
1711, 245.1942, 0.0040784
1712, 282.183, 0.0035438
1713, 269.0704, 0.0037165
1714, 302.4895, 0.0033059
1715, 291.1293, 0.0034349
1716, 293.867, 0.0034029
1717, 242.6537, 0.0041211
1718, 276.7477, 0.0036134
1719, 288.8504, 0.003462
1720, 297.5305, 0.003361
1721, 276.0753, 0.0036222
1722, 289.2682, 0.003457
1723, 284.3898, 0.0035163
1724, 283.0856, 0.0035325
1725, 287.8609, 0.0034739
1726, 257.2678, 0.003887
1727, 258.7456, 0.0038648
1728, 296.4193, 0.0033736
1729, 280.9068, 0.0035599
1730, 286.4591, 0.0034909
1731, 293.7202, 0.0034046
1732, 268.3483, 0.0037265
1733, 293.4014, 0.0034083
1734, 267.917, 0.0037325
1735, 276.6787, 0.0036143
1736, 288.9422, 0.0034609
1737, 281.8648, 0.0035478
1738, 289.0173, 0.00346
1739, 292.4661, 0.0034192
1740, 262.9572, 0.0038029
1741, 277.2925, 0.0036063
1742, 293.6599, 0.0034053
1743, 285.7224, 0.0034999
1744, 290.9599, 0.0034369
1745, 308.3374, 0.0032432
1746, 267.8452, 0.0037335
1747, 283.8409, 0.0035231
1748, 294.1436, 0.0033997
1749, 277.7315, 0.0036006
1750, 296.2173, 0.0033759
1751, 89.66599, 0.0111525
1752, 234.9845, 0.0042556
1753, 274.4162, 0.0036441
1754, 267.3297, 0.0037407
1755, 279.4701, 0.0035782
1756, 294.6636, 0.0033937
1757, 283.4547, 0.0035279
1758, 268.3555, 0.0037264
1759, 295.4646, 0.0033845
1760, 293.0145, 0.0034128
1761, 268.7161, 0.0037214
1762, 279.6577, 0.0035758
1763, 269.3603, 0.0037125
1764, 298.2137, 0.0033533
1765, 280.1199, 0.0035699
1766, 278.0017, 0.0035971
1767, 265.1184, 0.0037719
1768, 299.2937, 0.0033412
1769, 285.323, 0.0035048
1770, 291.2141, 0.0034339
1771, 277.5542, 0.0036029
1772, 236.3061, 0.0042318
1773, 293.9188, 0.0034023
1774, 283.1177, 0.0035321
1775, 267.8308, 0.0037337
1776, 289.511, 0.0034541
1777, 279.4233, 0.0035788
1778, 285.9921, 0.0034966
1779, 291.7919, 0.0034271
1780, 278.5981, 0.0035894
1781, 282.7654, 0.0035365
1782, 302.4438, 0.0033064
1783, 272.6058, 0.0036683
1784, 251.2121, 0.0039807
1785, 278.5128, 0.0035905
1786, 286.6479, 0.0034886
1787, 273.9201, 0.0036507
1788, 283.1898, 0.0035312
1789, 13.41171, 0.0745617
1790, 139.7214, 0.0071571
1791, 16.51045, 0.0605677
1792, 191.6296, 0.0052184
1793, 218.9142, 0.004568
1794, 257.9913, 0.0038761
1795, 267.8093, 0.003734
1796, 272.695, 0.0036671
1797, 286.4181, 0.0034914
1798, 289.0675, 0.0034594
1799, 270.7386, 0.0036936
1800, 267.6588, 0.0037361
1801, 267.6731, 0.0037359
1802, 286.377, 0.0034919
1803, 280.442, 0.0035658
1804, 260.3963, 0.0038403
1805, 274.0176, 0.0036494
1806, 286.3935, 0.0034917
1807, 241.3768, 0.0041429
1808, 283.7684, 0.003524
1809, 271.135, 0.0036882
1810, 294.7244, 0.003393
1811, 272.0422, 0.0036759
1812, 274.9745, 0.0036367
1813, 259.6391, 0.0038515
1814, 261.3491, 0.0038263
1815, 263.463, 0.0037956
1816, 292.903, 0.0034141
1817, 282.3343, 0.0035419
1818, 264.3614, 0.0037827
1819, 285.0302, 0.0035084
1820, 279.4311, 0.0035787
1821, 247.5493, 0.0040396
1822, 270.2995, 0.0036996
1823, 267.3868, 0.0037399
1824, 278.0636, 0.0035963
1825, 292.0049, 0.0034246
1826, 284.0264, 0.0035208
1827, 272.02, 0.0036762
1828, 272.1533, 0.0036744
1829, 270.1024, 0.0037023
1830, 278.7923, 0.0035869
1831, 234.8575, 0.0042579
1832, 280.7333, 0.0035621
1833, 287.9936, 0.0034723
1834, 270.0221, 0.0037034
1835, 294.3774, 0.003397
1836, 262.1713, 0.0038143
1837, 258.9131, 0.0038623
1838, 276.6941, 0.0036141
1839, 266.418, 0.0037535
1840, 96.40134, 0.0103733
1841, 125.5319, 0.0079661
1842, 237.9649, 0.0042023
1843, 290.2926, 0.0034448
1844, 289.2096, 0.0034577
1845, 281.8172, 0.0035484
1846, 256.713, 0.0038954
1847, 269.1573, 0.0037153
1848, 274.4915, 0.0036431
1849, 286.6397, 0.0034887
1850, 259.9631, 0.0038467
1851, 265.3153, 0.0037691
1852, 291.3413, 0.0034324
1853, 270.117, 0.0037021
1854, 263.8731, 0.0037897
1855, 283.3343, 0.0035294
1856, 278.6835, 0.0035883
1857, 281.3494, 0.0035543
1858, 260.4845, 0.003839
1859, 285.3474, 0.0035045
1860, 269.6799, 0.0037081
1861, 283.978, 0.0035214
1862, 294.8983, 0.003391
1863, 271.2453, 0.0036867
1864, 271.2527, 0.0036866
1865, 262.7016, 0.0038066
1866, 285.6245, 0.0035011
1867, 275.7024, 0.0036271
1868, 284.1797, 0.0035189
1869, 259.8888, 0.0038478
1870, 273.5903, 0.0036551
1871, 278.9634, 0.0035847
1872, 276.6405, 0.0036148
1873, 297.3712, 0.0033628
1874, 282.0795, 0.0035451
1875, 260.1795, 0.0038435
1876, 271.6136, 0.0036817
1877, 290.0569, 0.0034476
1878, 285.3881, 0.003504
1879, 126.3408, 0.0079151
1880, 224.4014, 0.0044563
1881, 296.6391, 0.0033711
1882, 276.0067, 0.0036231
1883, 268.9691, 0.0037179
1884, 265.1535, 0.0037714
1885, 285.6408, 0.0035009
1886, 183.53, 0.0054487
1887, 203.1818, 0.0049217
1888, 286.2377, 0.0034936
1889, 274.1003, 0.0036483
1890, 242.2422, 0.0041281
1891, 277.9013, 0.0035984
1892, 280.4892, 0.0035652
1893, 294.412, 0.0033966
1894, 296.9827, 0.0033672
1895, 229.4999, 0.0043573
1896, 260.8174, 0.0038341
1897, 251.7243, 0.0039726
1898, 253.6719, 0.0039421
1899, 262.7983, 0.0038052
1900, 256.9835, 0.0038913
1901, 275.5732, 0.0036288
1902, 213.9999, 0.0046729
1903, 220.7359, 0.0045303
1904, 229.827, 0.0043511
1905, 189.6202, 0.0052737
1906, 241.1556, 0.0041467
1907, 203.0828, 0.0049241
1908, 228.4305, 0.0043777
1909, 181.6992, 0.0055036
1910, 236.4681, 0.0042289
1911, 227.8475, 0.0043889
1912, 210.3979, 0.0047529
1913, 195.0915, 0.0051258
1914, 218.5554, 0.0045755
1915, 237.3831, 0.0042126
1916, 226.05, 0.0044238
1917, 248.1082, 0.0040305
1918, 260.3489, 0.003841
1919, 214.8966, 0.0046534
1920, 248.367, 0.0040263
1921, 239.8254, 0.0041697
1922, 224.2957, 0.0044584
1923, 212.8656, 0.0046978
1924, 239.4923, 0.0041755
1925, 243.0961, 0.0041136
1926, 281.8569, 0.0035479
1927, 204.7586, 0.0048838
1928, 276.7936, 0.0036128
1929, 284.4707, 0.0035153
1930, 270.8779, 0.0036917
1931, 230.9096, 0.0043307
1932, 266.8232, 0.0037478
1933, 290.0148, 0.0034481
1934, 233.2525, 0.0042872
1935, 235.0342, 0.0042547
1936, 279.517, 0.0035776
1937, 91.59355, 0.0109178
1938, 140.6509, 0.0071098
1939, 141.9467, 0.0070449
1940, 80.95527, 0.0123525
1941, 206.1771, 0.0048502
1942, 265.428, 0.0037675
1943, 279.3686, 0.0035795
1944, 283.0696, 0.0035327
1945, 258.1311, 0.003874
1946, 281.7298, 0.0035495
1947, 266.8232, 0.0037478
1948, 277.9245, 0.0035981
1949, 253.7234, 0.0039413
1950, 213.2014, 0.0046904
1951, 263.2549, 0.0037986
1952, 228.9692, 0.0043674
1953, 235.6323, 0.0042439
1954, 245.1161, 0.0040797
1955, 249.3703, 0.0040101
1956, 242.3537, 0.0041262
1957, 245.9661, 0.0040656
1958, 259.4303, 0.0038546
1959, 288.2924, 0.0034687
1960, 288.5919, 0.0034651
1961, 287.8443, 0.0034741
1962, 270.168, 0.0037014
1963, 281.3177, 0.0035547
1964, 254.868, 0.0039236
1965, 260.7902, 0.0038345
1966, 282.4939, 0.0035399
1967, 256.8515, 0.0038933
1968, 271.0247, 0.0036897
1969, 250.1438, 0.0039977
1970, 272.057, 0.0036757
1971, 292.7829, 0.0034155
1972, 273.5679, 0.0036554
1973, 230.803, 0.0043327
1974, 282.9735, 0.0035339
1975, 290.0064, 0.0034482
1976, 272.1162, 0.0036749
1977, 227.0766, 0.0044038
1978, 257.5859, 0.0038822
1979, 247.537, 0.0040398
1980, 234.5381, 0.0042637
1981, 223.5786, 0.0044727
1982, 240.1018, 0.0041649
1983, 231.3102, 0.0043232
1984, 257.2877, 0.0038867
1985, 234.0988, 0.0042717
1986, 225.7897, 0.0044289
1987, 238.6065, 0.004191
1988, 211.1754, 0.0047354
1989, 234.6481, 0.0042617
1990, 231.0803, 0.0043275
1991, 250.7963, 0.0039873
1992, 215.5869, 0.0046385
1993, 234.7308, 0.0042602
1994, 219.9978, 0.0045455
1995, 235.2886, 0.0042501
1996, 239.0857, 0.0041826
1997, 233.2035, 0.0042881
1998, 274.4538, 0.0036436
1999, 242.1132, 0.0041303
2000, 214.2061, 0.0046684
2001, 278.2415, 0.003594
2002, 262.543, 0.0038089
2003, 281.2465, 0.0035556
2004, 268.0606, 0.0037305
2005, 283.5995, 0.0035261
2006, 274.7781, 0.0036393
2007, 259.3294, 0.0038561
2008, 284.4626, 0.0035154
2009, 283.3664, 0.003529
2010, 283.6236, 0.0035258
2011, 284.1232, 0.0035196
2012, 276.4569, 0.0036172
2013, 259.9969, 0.0038462
2014, 292.8258, 0.003415
2015, 290.5034, 0.0034423
2016, 266.9799, 0.0037456
2017, 277.2387, 0.003607
2018, 226.6443, 0.0044122
2019, 209.6304, 0.0047703
2020, 211.6492, 0.0047248
2021, 244.9539, 0.0040824
2022, 230.2821, 0.0043425
2023, 195.3354, 0.0051194
2024, 200.2643, 0.0049934
2025, 216.868, 0.0046111
2026, 221.7, 0.0045106
2027, 222.1334, 0.0045018
2028, 234.6922, 0.0042609
2029, 232.1371, 0.0043078
2030, 210.5706, 0.004749
2031, 210.8948, 0.0047417
2032, 189.9155, 0.0052655
2033, 216.6612, 0.0046155
2034, 26.26575, 0.0380724
2035, 243.9798, 0.0040987
2036, 236.4849, 0.0042286
2037, 239.8427, 0.0041694
2038, 250.2377, 0.0039962
2039, 272.3089, 0.0036723
2040, 236.9612, 0.0042201
2041, 242.207, 0.0041287
2042, 242.7479, 0.0041195
2043, 254.7446, 0.0039255
2044, 258.6988, 0.0038655
2045, 262.8328, 0.0038047
2046, 266.6738, 0.0037499
2047, 240.3673, 0.0041603
2048, 267.2154, 0.0037423
2049, 239.0972, 0.0041824
2050, 237.8234, 0.0042048
2051, 255.5976, 0.0039124
2052, 248.7624, 0.0040199
2053, 255.3626, 0.003916
2054, 284.6408, 0.0035132
2055, 272.8215, 0.0036654
2056, 290.2421, 0.0034454
2057, 272.2422, 0.0036732
2058, 261.0012, 0.0038314
2059, 296.2787, 0.0033752
2060, 272.3683, 0.0036715
2061, 275.4518, 0.0036304
2062, 277.0927, 0.0036089
2063, 281.0884, 0.0035576
2064, 263.2826, 0.0037982
2065, 261.3423, 0.0038264
2066, 277.6852, 0.0036012
2067, 288.6336, 0.0034646
2068, 267.8811, 0.003733
2069, 269.3893, 0.0037121
2070, 282.4141, 0.0035409
2071, 264.131, 0.003786
2072, 286.9276, 0.0034852
2073, 268.8172, 0.00372
2074, 264.9638, 0.0037741
2075, 281.4523, 0.003553
2076, 269.3893, 0.0037121
2077, 271.2379, 0.0036868
2078, 287.1088, 0.003483
2079, 290.6977, 0.00344
2080, 257.2149, 0.0038878
2081, 284.0748, 0.0035202
2082, 285.2986, 0.0035051
2083, 282.5737, 0.0035389
2084, 291.1039, 0.0034352
2085, 244.93, 0.0040828
2086, 274.7781, 0.0036393
2087, 283.7765, 0.0035239
2088, 284.9815, 0.003509
2089, 268.1468, 0.0037293
2090, 282.5338, 0.0035394
2091, 277.5927, 0.0036024
2092, 281.7457, 0.0035493
2093, 292.6372, 0.0034172
2094, 255.5845, 0.0039126
2095, 293.8756, 0.0034028
2096, 235.2664, 0.0042505
2097, 279.1503, 0.0035823
2098, 222.4595, 0.0044952
2099, 271.6063, 0.0036818
2100, 228.9954, 0.0043669
2101, 232.1317, 0.0043079
2102, 198.3065, 0.0050427
2103, 273.523, 0.003656
2104, 232.477, 0.0043015
2105, 229.4262, 0.0043587
2106, 218.7801, 0.0045708
2107, 281.7457, 0.0035493
2108, 245.7787, 0.0040687
2109, 230.139, 0.0043452
2110, 266.4393, 0.0037532
2111, 236.8938, 0.0042213
2112, 248.8491, 0.0040185
2113, 274.4237, 0.003644
2114, 277.1388, 0.0036083
2115, 232.9482, 0.0042928
2116, 273.9951, 0.0036497
2117, 283.5753, 0.0035264
2118, 293.109, 0.0034117
2119, 258.6185, 0.0038667
2120, 284.8435, 0.0035107
2121, 250.3881, 0.0039938
2122, 127.0648, 0.00787
2123, 137.6122, 0.0072668
2124, 278.4507, 0.0035913
2125, 257.2413, 0.0038874
2126, 271.4514, 0.0036839
2127, 276.5028, 0.0036166
2128, 281.2623, 0.0035554
2129, 278.288, 0.0035934
2130, 264.2986, 0.0037836
2131, 263.3866, 0.0037967
2132, 259.4438, 0.0038544
2133, 286.1967, 0.0034941
2134, 294.2734, 0.0033982
2135, 273.4557, 0.0036569
2136, 257.9979, 0.003876
2137, 292.5859, 0.0034178
2138, 277.8241, 0.0035994
2139, 289.3853, 0.0034556
2140, 261.6158, 0.0038224
2141, 277.9476, 0.0035978
2142, 130.5756, 0.0076584
2143, 135.4775, 0.0073813
2144, 271.341, 0.0036854
2145, 265.8726, 0.0037612
2146, 290.6723, 0.0034403
2147, 256.4366, 0.0038996
2148, 283.5914, 0.0035262
2149, 287.2078, 0.0034818
2150, 262.9503, 0.003803
2151, 263.0402, 0.0038017
2152, 286.8453, 0.0034862
2153, 289.4272, 0.0034551
2154, 283.6236, 0.0035258
2155, 260.7018, 0.0038358
2156, 256.5418, 0.003898
2157, 282.2068, 0.0035435
2158, 279.1191, 0.0035827
2159, 285.5919, 0.0035015
2160, 247.1149, 0.0040467
2161, 246.7186, 0.0040532
2162, 285.9103, 0.0034976
2163, 284.8272, 0.0035109
2164, 279.1503, 0.0035823
2165, 186.2405, 0.0053694
2166, 223.0848, 0.0044826
2167, 273.4631, 0.0036568
2168, 260.9876, 0.0038316
2169, 260.5252, 0.0038384
2170, 285.266, 0.0035055
2171, 254.6733, 0.0039266
2172, 289.6703, 0.0034522
2173, 263.0887, 0.003801
2174, 271.7244, 0.0036802
2175, 266.3045, 0.0037551
2176, 263.9776, 0.0037882
2177, 287.0511, 0.0034837
2178, 268.0462, 0.0037307
2179, 269.0052, 0.0037174
2180, 286.9111, 0.0034854
2181, 299.2668, 0.0033415
2182, 256.4695, 0.0038991
2183, 268.8028, 0.0037202
2184, 270.1754, 0.0037013
2185, 274.1378, 0.0036478
2186, 294.0139, 0.0034012
2187, 256.9637, 0.0038916
2188, 259.1949, 0.0038581
2189, 285.2904, 0.0035052
2190, 274.9065, 0.0036376
2191, 271.7834, 0.0036794
2192, 245.6339, 0.0040711
2193, 259.8482, 0.0038484
2194, 286.0494, 0.0034959
2195, 294.6637, 0.0033937
2196, 261.0898, 0.0038301
2197, 280.2455, 0.0035683
2198, 272.22, 0.0036735
2199, 287.6539, 0.0034764
2200, 293.006, 0.0034129
2201, 258.1911, 0.0038731
2202, 262.5016, 0.0038095
2203, 104.9935, 0.0095244
2204, 125.8241, 0.0079476
2205, 269.6144, 0.003709
2206, 265.1816, 0.003771
2207, 259.801, 0.0038491
2208, 284.4788, 0.0035152
2209, 283.9538, 0.0035217
2210, 284.1474, 0.0035193
2211, 284.4141, 0.003516
2212, 260.5931, 0.0038374
2213, 290.04, 0.0034478
2214, 277.2156, 0.0036073
2215, 266.3754, 0.0037541
2216, 265.7737, 0.0037626
2217, 266.8517, 0.0037474
2218, 271.2527, 0.0036866
2219, 286.3935, 0.0034917
2220, 291.5792, 0.0034296
2221, 276.434, 0.0036175
2222, 297.5305, 0.003361
2223, 256.1672, 0.0039037
2224, 293.4961, 0.0034072
2225, 278.6059, 0.0035893
2226, 273.6502, 0.0036543
2227, 294.82, 0.0033919
2228, 256.9043, 0.0038925
2229, 278.4895, 0.0035908
2230, 276.2584, 0.0036198
2231, 288.1512, 0.0034704
2232, 230.7497, 0.0043337
2233, 291.9879, 0.0034248
2234, 249.9625, 0.0040006
2235, 260.4031, 0.0038402
2236, 278.2493, 0.0035939
2237, 279.5014, 0.0035778
2238, 288.0267, 0.0034719
2239, 254.959, 0.0039222
2240, 273.4706, 0.0036567
2241, 284.0586, 0.0035204
2242, 290.8245, 0.0034385
2243, 291.1971, 0.0034341
2244, 126.0208, 0.0079352
2245, 228.3939, 0.0043784
2246, 292.2011, 0.0034223
2247, 243.6113, 0.0041049
2248, 281.8728, 0.0035477
2249, 263.6227, 0.0037933
2250, 288.4255, 0.0034671
2251, 280.4577, 0.0035656
2252, 274.6197, 0.0036414
2253, 288.3091, 0.0034685
2254, 274.371, 0.0036447
2255, 293.772, 0.003404
2256, 242.9957, 0.0041153
2257, 291.053, 0.0034358
2258, 286.4919, 0.0034905
2259, 275.9991, 0.0036232
2260, 249.925, 0.0040012
2261, 244.834, 0.0040844
2262, 254.9394, 0.0039225
2263, 282.4619, 0.0035403
2264, 273.5454, 0.0036557
2265, 250.6517, 0.0039896
2266, 270.3433, 0.003699
2267, 289.1929, 0.0034579
2268, 278.7379, 0.0035876
2269, 288.6336, 0.0034646
2270, 271.4957, 0.0036833
2271, 264.4453, 0.0037815
2272, 283.7684, 0.003524
2273, 243.1315, 0.004113
2274, 228.097, 0.0043841
2275, 296.5159, 0.0033725
2276, 271.0835, 0.0036889
2277, 279.7124, 0.0035751
2278, 271.2232, 0.003687
2279, 280.6387, 0.0035633
2280, 284.2686, 0.0035178
2281, 248.2129, 0.0040288
2282, 221.5723, 0.0045132
2283, 265.0341, 0.0037731
2284, 287.8029, 0.0034746
2285, 251.1553, 0.0039816
2286, 289.4021, 0.0034554
2287, 250.1689, 0.0039973
2288, 282.2467, 0.003543
2289, 275.5428, 0.0036292
2290, 279.2438, 0.0035811
2291, 297.221, 0.0033645
2292, 251.9971, 0.0039683
2293, 291.8004, 0.003427
2294, 282.2945, 0.0035424
2295, 294.2128, 0.0033989
2296, 284.2767, 0.0035177
2297, 278.4352, 0.0035915
2298, 263.456, 0.0037957
2299, 287.1748, 0.0034822
2300, 285.8776, 0.003498
2301, 268.8895, 0.003719
2302, 264.6483, 0.0037786
2303, 272.4647, 0.0036702
2304, 233.6722, 0.0042795
2305, 281.8251, 0.0035483
2306, 266.1273, 0.0037576
2307, 287.3398, 0.0034802
2308, 281.1753, 0.0035565
2309, 272.5687, 0.0036688
2310, 276.2202, 0.0036203
2311, 262.7016, 0.0038066
2312, 277.1158, 0.0036086
2313, 284.6408, 0.0035132
2314, 227.3864, 0.0043978
2315, 269.4183, 0.0037117
2316, 296.5071, 0.0033726
2317, 284.2524, 0.003518
2318, 298.4986, 0.0033501
2319, 231.9002, 0.0043122
2320, 286.8617, 0.003486
2321, 282.1352, 0.0035444
2322, 242.7951, 0.0041187
2323, 273.8676, 0.0036514
2324, 263.5741, 0.003794
2325, 274.0777, 0.0036486
2326, 279.9709, 0.0035718
2327, 278.4352, 0.0035915
2328, 273.1046, 0.0036616
2329, 302.7367, 0.0033032
2330, 242.7479, 0.0041195
2331, 243.1493, 0.0041127
2332, 275.9458, 0.0036239
2333, 256.3117, 0.0039015
2334, 280.8831, 0.0035602
2335, 191.795, 0.0052139
2336, 287.8609, 0.0034739
2337, 262.6533, 0.0038073
2338, 289.4021, 0.0034554
2339, 244.4809, 0.0040903
2340, 246.0085, 0.0040649
2341, 227.5624, 0.0043944
2342, 297.4774, 0.0033616
2343, 274.5518, 0.0036423
2344, 274.0251, 0.0036493
2345, 297.2475, 0.0033642
2346, 244.0632, 0.0040973
2347, 272.4796, 0.00367
2348, 281.0173, 0.0035585
2349, 232.6177, 0.0042989
2350, 277.3387, 0.0036057
2351, 265.1676, 0.0037712
2352, 269.0559, 0.0037167
2353, 281.4285, 0.0035533
2354, 267.752, 0.0037348
2355, 290.6639, 0.0034404
2356, 262.7223, 0.0038063
2357, 283.8973, 0.0035224
2358, 286.9193, 0.0034853
2359, 214.892, 0.0046535
2360, 276.2584, 0.0036198
2361, 285.6898, 0.0035003
2362, 277.8395, 0.0035992
2363, 291.0446, 0.0034359
2364, 266.6169, 0.0037507
2365, 301.2865, 0.0033191
2366, 282.446, 0.0035405
2367, 274.1754, 0.0036473
2368, 276.2202, 0.0036203
2369, 290.5119, 0.0034422
2370, 291.2734, 0.0034332
2371, 281.9761, 0.0035464
2372, 283.0215, 0.0035333
2373, 247.4329, 0.0040415
2374, 297.752, 0.0033585
2375, 289.444, 0.0034549
2376, 289.5278, 0.0034539
2377, 270.5994, 0.0036955
2378, 253.8393, 0.0039395
2379, 274.899, 0.0036377
2380, 283.519, 0.0035271
2381, 263.2687, 0.0037984
2382, 195.6105, 0.0051122
2383, 293.2121, 0.0034105
2384, 273.1046, 0.0036616
2385, 271.4662, 0.0036837
2386, 274.2506, 0.0036463
2387, 286.8617, 0.003486
2388, 295.325, 0.0033861
2389, 258.5783, 0.0038673
2390, 271.9608, 0.003677
2391, 278.0017, 0.0035971
2392, 277.7007, 0.003601
2393, 275.9001, 0.0036245
2394, 276.3423, 0.0036187
2395, 262.6947, 0.0038067
2396, 276.763, 0.0036132
2397, 271.2968, 0.003686
2398, 228.3105, 0.00438
2399, 236.3787, 0.0042305
2400, 225.1289, 0.0044419
2401, 227.7489, 0.0043908
2402, 210.4023, 0.0047528
2403, 254.6538, 0.0039269
2404, 270.9293, 0.003691
2405, 203.9276, 0.0049037
2406, 246.8648, 0.0040508
2407, 225.9274, 0.0044262
2408, 225.4537, 0.0044355
2409, 234.6591, 0.0042615
2410, 238.3847, 0.0041949
2411, 207.3484, 0.0048228
2412, 227.0302, 0.0044047
2413, 225.0732, 0.004443
2414, 211.9902, 0.0047172
2415, 210.7082, 0.0047459
2416, 216.1274, 0.0046269
2417, 236.0606, 0.0042362
2418, 226.5006, 0.004415
2419, 185.6769, 0.0053857
2420, 103.8583, 0.0096285
2421, 133.1647, 0.0075095
2422, 226.4954, 0.0044151
2423, 84.30708, 0.0118614
2424, 114.3484, 0.0087452
2425, 160.3978, 0.0062345
2426, 226.05, 0.0044238
2427, 216.9715, 0.0046089
2428, 186.7937, 0.0053535
2429, 241.651, 0.0041382
2430, 218.9621, 0.004567
2431, 128.238, 0.007798
2432, 155.2458, 0.0064414
2433, 223.1844, 0.0044806
2434, 209.3233, 0.0047773
2435, 224.6181, 0.004452
2436, 202.737, 0.0049325
2437, 219.8237, 0.0045491
2438, 200.4731, 0.0049882
2439, 231.2353, 0.0043246
2440, 224.6585, 0.0044512
2441, 215.3873, 0.0046428
2442, 207.6757, 0.0048152
2443, 236.0606, 0.0042362
2444, 232.2665, 0.0043054
2445, 226.1318, 0.0044222
2446, 226.0245, 0.0044243
2447, 160.1255, 0.0062451
2448, 195.042, 0.0051271
2449, 189.136, 0.0052872
2450, 198.6058, 0.0050351
2451, 195.8289, 0.0051065
2452, 220.1092, 0.0045432
2453, 93.95406, 0.0106435
2454, 197.9414, 0.005052
2455, 242.5183, 0.0041234
2456, 238.4927, 0.004193
2457, 213.3197, 0.0046878
2458, 222.5883, 0.0044926
2459, 251.1805, 0.0039812
2460, 246.6456, 0.0040544
2461, 258.8394, 0.0038634
2462, 213.5657, 0.0046824
2463, 207.6671, 0.0048154
2464, 231.6155, 0.0043175
2465, 173.3132, 0.0057699
2466, 115.3163, 0.0086718
2467, 142.7817, 0.0070037
2468, 149.5349, 0.0066874
2469, 168.8134, 0.0059237
2470, 172.813, 0.0057866
2471, 144.9738, 0.0068978
2472, 171.9691, 0.005815
2473, 150.5276, 0.0066433
2474, 122.489, 0.008164
2475, 166.5279, 0.006005
2476, 178.4471, 0.0056039
2477, 126.3871, 0.0079122
2478, 164.1605, 0.0060916
2479, 177.3395, 0.0056389
2480, 153.426, 0.0065178
2481, 180.4761, 0.0055409
2482, 188.7255, 0.0052987
2483, 199.4376, 0.0050141
2484, 184.3454, 0.0054246
2485, 211.412, 0.0047301
2486, 204.1275, 0.0048989
2487, 236.877, 0.0042216
2488, 199.936, 0.0050016
2489, 225.0529, 0.0044434
2490, 228.7231, 0.0043721
2491, 228.9692, 0.0043674
2492, 246.7917, 0.004052
2493, 242.4242, 0.004125
2494, 256.2132, 0.003903
2495, 217.3252, 0.0046014
2496, 253.28, 0.0039482
2497, 239.3948, 0.0041772
2498, 256.6274, 0.0038967
2499, 196.1861, 0.0050972
2500, 218.737, 0.0045717
2501, 232.7422, 0.0042966
2502, 213.5064, 0.0046837
2503, 244.6663, 0.0040872
2504, 244.87, 0.0040838
2505, 239.0343, 0.0041835
2506, 227.3968, 0.0043976
2507, 246.0085, 0.0040649
2508, 269.0269, 0.0037171
2509, 224.5274, 0.0044538
2510, 225.6521, 0.0044316
2511, 211.1932, 0.004735
2512, 203.0374, 0.0049252
2513, 172.0874, 0.005811
2514, 208.5245, 0.0047956
2515, 213.2878, 0.0046885
2516, 207.6886, 0.0048149
2517, 190.6069, 0.0052464
2518, 222.5635, 0.0044931
2519, 188.754, 0.0052979
2520, 154.3353, 0.0064794
2521, 169.641, 0.0058948
2522, 204.1775, 0.0048977
2523, 165.0356, 0.0060593
2524, 177.7272, 0.0056266
2525, 207.1852, 0.0048266
2526, 229.5737, 0.0043559
2527, 230.6433, 0.0043357
2528, 262.7085, 0.0038065
2529, 265.7384, 0.0037631
2530, 237.6482, 0.0042079
2531, 267.8022, 0.0037341
2532, 218.1025, 0.004585
2533, 271.0688, 0.0036891
2534, 231.5136, 0.0043194
2535, 226.6649, 0.0044118
2536, 239.0857, 0.0041826
2537, 276.6328, 0.0036149
2538, 248.2622, 0.004028
2539, 218.1168, 0.0045847
2540, 279.1113, 0.0035828
2541, 237.1579, 0.0042166
2542, 236.8321, 0.0042224
2543, 221.2585, 0.0045196
2544, 241.3011, 0.0041442
2545, 235.0784, 0.0042539
2546, 240.8594, 0.0041518
2547, 267.0726, 0.0037443
2548, 231.9217, 0.0043118
2549, 212.0036, 0.0047169
2550, 171.1274, 0.0058436
2551, 263.9637, 0.0037884
2552, 279.3999, 0.0035791
2553, 217.9219, 0.0045888
2554, 173.0822, 0.0057776
2555, 241.6101, 0.0041389
2556, 280.3476, 0.003567
2557, 242.4772, 0.0041241
2558, 259.8482, 0.0038484
2559, 279.8925, 0.0035728
2560, 285.0058, 0.0035087
2561, 273.5529, 0.0036556
2562, 289.1929, 0.0034579
2563, 248.9792, 0.0040164
2564, 294.0485, 0.0034008
2565, 263.0333, 0.0038018
2566, 279.0568, 0.0035835
2567, 281.6029, 0.0035511
2568, 268.0822, 0.0037302
2569, 284.1878, 0.0035188
2570, 288.3922, 0.0034675
2571, 289.9391, 0.003449
2572, 280.9699, 0.0035591
2573, 245.9117, 0.0040665
2574, 256.9637, 0.0038916
2575, 281.1911, 0.0035563
2576, 292.6972, 0.0034165
2577, 225.9887, 0.004425
2578, 280.497, 0.0035651
2579, 259.9631, 0.0038467
2580, 222.9704, 0.0044849
2581, 165.1064, 0.0060567
2582, 238.9715, 0.0041846
2583, 224.341, 0.0044575
2584, 203.4547, 0.0049151
2585, 248.7686, 0.0040198
2586, 280.2848, 0.0035678
2587, 288.1429, 0.0034705
2588, 190.7159, 0.0052434
2589, 250.658, 0.0039895
2590, 290.0064, 0.0034482
2591, 245.2122, 0.0040781
2592, 277.1465, 0.0036082
2593, 263.8592, 0.0037899
2594, 263.4907, 0.0037952
2595, 285.6164, 0.0035012
2596, 293.1348, 0.0034114
2597, 250.2753, 0.0039956
2598, 283.6236, 0.0035258
2599, 269.9711, 0.0037041
2600, 281.8489, 0.003548
2601, 265.2028, 0.0037707
2602, 78.86186, 0.0126804
2603, 93.11767, 0.0107391
2604, 204.2317, 0.0048964
2605, 263.4491, 0.0037958
2606, 235.7545, 0.0042417
2607, 280.9541, 0.0035593
2608, 266.2052, 0.0037565
2609, 265.4421, 0.0037673
2610, 253.6268, 0.0039428
2611, 281.2386, 0.0035557
2612, 294.9853, 0.00339
2613, 270.8926, 0.0036915
2614, 196.1169, 0.005099
2615, 262.3983, 0.003811
2616, 284.4707, 0.0035153
2617, 271.1644, 0.0036878
2618, 285.1359, 0.0035071
2619, 271.6801, 0.0036808
2620, 31.97657, 0.0312729
