Frame, FPS, Frame Time
1, 50, 0.02
2, 50, 0.02
3, 3, 0.3333333
4, 4.546982, 0.2199261
5, 73.42683, 0.013619
6, 116.832, 0.0085593
7, 70.41509, 0.0142015
8, 73.6822, 0.0135718
9, 71.26771, 0.0140316
10, 73.04495, 0.0136902
11, 70.21929, 0.0142411
12, 72.65277, 0.0137641
13, 71.02575, 0.0140794
14, 72.64539, 0.0137655
15, 71.11768, 0.0140612
16, 70.20648, 0.0142437
17, 72.90702, 0.0137161
18, 72.9267, 0.0137124
19, 72.08298, 0.0138729
20, 71.96833, 0.013895
21, 70.9819, 0.0140881
22, 72.62006, 0.0137703
23, 72.05493, 0.0138783
24, 71.68407, 0.0139501
25, 11.92195, 0.0838789
26, 72.38247, 0.0138155
27, 72.00201, 0.0138885
28, 71.40409, 0.0140048
29, 72.05493, 0.0138783
30, 71.6851, 0.0139499
31, 71.63324, 0.01396
32, 71.12426, 0.0140599
33, 72.03158, 0.0138828
34, 71.88659, 0.0139108
35, 71.55737, 0.0139748
36, 70.54823, 0.0141747
37, 72.66492, 0.0137618
38, 71.44847, 0.0139961
39, 52.16811, 0.0191688
40, 108.2251, 0.00924
41, 75.04972, 0.0133245
42, 67.91633, 0.014724
43, 77.10635, 0.0129691
44, 66.57834, 0.0150199
45, 77.43354, 0.0129143
46, 68.36158, 0.0146281
47, 71.86645, 0.0139147
48, 76.11856, 0.0131374
49, 68.14914, 0.0146737
50, 71.53895, 0.0139784
51, 76.4602, 0.0130787
52, 73.29229, 0.013644
53, 71.20985, 0.014043
54, 4.778543, 0.2092688
55, 71.36078, 0.0140133
56, 72.64011, 0.0137665
57, 70.38437, 0.0142077
58, 70.51391, 0.0141816
59, 72.42178, 0.013808
60, 21.93141, 0.0455967
61, 36.4571, 0.0274295
62, 71.28498, 0.0140282
63, 34.36403, 0.0291002
64, 26.78926, 0.0373284
65, 70.50793, 0.0141828
66, 73.43923, 0.0136167
67, 75.69507, 0.0132109
68, 72.07623, 0.0138742
69, 71.29464, 0.0140263
70, 73.07645, 0.0136843
71, 71.54765, 0.0139767
72, 70.15378, 0.0142544
73, 70.38338, 0.0142079
74, 68.2361, 0.014655
75, 73.39557, 0.0136248
76, 77.08674, 0.0129724
77, 71.37606, 0.0140103
78, 69.14816, 0.0144617
79, 29.13083, 0.0343279
80, 35.2367, 0.0283795
81, 14.51564, 0.0688912
82, 69.16969, 0.0144572
83, 87.87115, 0.0113803
84, 70.07217, 0.014271
85, 68.82123, 0.0145304
86, 62.04475, 0.0161174
87, 79.21671, 0.0126236
88, 70.02016, 0.0142816
89, 63.09347, 0.0158495
90, 68.23703, 0.0146548
91, 82.76159, 0.0120829
92, 63.5094, 0.0157457
93, 80.04034, 0.0124937
94, 63.60716, 0.0157215
95, 80.60031, 0.0124069
96, 62.00974, 0.0161265
97, 87.45387, 0.0114346
98, 64.02458, 0.015619
99, 81.52418, 0.0122663
100, 71.3104, 0.0140232
101, 72.26478, 0.013838
102, 70.72586, 0.0141391
103, 72.02172, 0.0138847
104, 75.20437, 0.0132971
105, 70.75088, 0.0141341
106, 71.54457, 0.0139773
107, 72.70242, 0.0137547
108, 71.01617, 0.0140813
109, 72.03365, 0.0138824
110, 72.09545, 0.0138705
111, 71.57478, 0.0139714
112, 71.09089, 0.0140665
113, 72.22198, 0.0138462
114, 70.42353, 0.0141998
115, 72.57052, 0.0137797
116, 68.66434, 0.0145636
117, 72.23346, 0.013844
118, 72.49686, 0.0137937
119, 63.40551, 0.0157715
120, 83.53521, 0.011971
121, 70.20648, 0.0142437
122, 72.24129, 0.0138425
123, 71.01566, 0.0140814
124, 71.48116, 0.0139897
125, 72.65646, 0.0137634
126, 71.52206, 0.0139817
127, 71.1192, 0.0140609
128, 75.25587, 0.013288
129, 72.51053, 0.0137911
130, 68.84729, 0.0145249
131, 73.7012, 0.0135683
132, 71.78957, 0.0139296
133, 68.75498, 0.0145444
134, 75.02945, 0.0133281
135, 70.14442, 0.0142563
136, 73.52023, 0.0136017
137, 71.80916, 0.0139258
138, 70.68787, 0.0141467
139, 73.49483, 0.0136064
140, 70.87172, 0.01411
141, 71.71749, 0.0139436
142, 70.45032, 0.0141944
143, 73.7561, 0.0135582
144, 71.93623, 0.0139012
145, 70.44089, 0.0141963
146, 69.82411, 0.0143217
147, 71.89848, 0.0139085
148, 70.13114, 0.014259
149, 72.16413, 0.0138573
150, 72.64169, 0.0137662
151, 74.20765, 0.0134757
152, 70.08298, 0.0142688
153, 70.75739, 0.0141328
154, 72.7802, 0.01374
155, 62.56491, 0.0159834
156, 83.72124, 0.0119444
157, 68.74789, 0.0145459
158, 70.99147, 0.0140862
159, 78.0013, 0.0128203
160, 71.55994, 0.0139743
161, 73.61602, 0.013584
162, 71.02273, 0.01408
163, 73.20483, 0.0136603
164, 72.17663, 0.0138549
165, 68.47439, 0.014604
166, 74.44742, 0.0134323
167, 72.25956, 0.013839
168, 70.88931, 0.0141065
169, 71.99683, 0.0138895
170, 72.25694, 0.0138395
171, 71.65428, 0.0139559
172, 71.47146, 0.0139916
173, 72.30658, 0.01383
174, 71.884, 0.0139113
175, 69.43288, 0.0144024
176, 74.50177, 0.0134225
177, 71.75197, 0.0139369
178, 71.53485, 0.0139792
179, 68.5415, 0.0145897
180, 72.16205, 0.0138577
181, 74.3406, 0.0134516
182, 72.97459, 0.0137034
183, 68.52882, 0.0145924
184, 74.74735, 0.0133784
185, 71.45766, 0.0139943
186, 72.34476, 0.0138227
187, 70.28593, 0.0142276
188, 73.73326, 0.0135624
189, 71.87471, 0.0139131
190, 71.28143, 0.0140289
191, 70.14787, 0.0142556
192, 74.4186, 0.0134375
193, 68.08928, 0.0146866
194, 75.03564, 0.013327
195, 69.08892, 0.0144741
196, 72.27627, 0.0138358
197, 71.61631, 0.0139633
198, 71.14855, 0.0140551
199, 62.72817, 0.0159418
200, 85.30312, 0.0117229
201, 74.12349, 0.013491
202, 71.82876, 0.013922
203, 72.54525, 0.0137845
204, 70.83106, 0.0141181
205, 71.31498, 0.0140223
206, 72.75055, 0.0137456
207, 72.22824, 0.013845
208, 71.42857, 0.014
209, 71.72212, 0.0139427
210, 71.38879, 0.0140078
211, 70.70486, 0.0141433
212, 73.04816, 0.0136896
213, 72.07778, 0.0138739
214, 71.97092, 0.0138945
215, 72.04507, 0.0138802
216, 71.77051, 0.0139333
217, 70.49998, 0.0141844
218, 73.324, 0.0136381
219, 71.45511, 0.0139948
220, 71.96471, 0.0138957
221, 71.25603, 0.0140339
222, 70.91645, 0.0141011
223, 70.33833, 0.014217
224, 74.55621, 0.0134127
225, 72.04092, 0.013881
226, 71.98077, 0.0138926
227, 71.6738, 0.0139521
228, 70.60651, 0.014163
229, 72.25329, 0.0138402
230, 71.93313, 0.0139018
231, 71.8716, 0.0139137
232, 70.90991, 0.0141024
233, 71.22406, 0.0140402
234, 71.23521, 0.014038
235, 65.91306, 0.0151715
236, 79.93158, 0.0125107
237, 70.26765, 0.0142313
238, 70.52584, 0.0141792
239, 71.96626, 0.0138954
240, 64.67259, 0.0154625
241, 85.21227, 0.0117354
242, 71.93313, 0.0139018
243, 68.88713, 0.0145165
244, 72.3898, 0.0138141
245, 70.62945, 0.0141584
246, 73.20805, 0.0136597
247, 70.55869, 0.0141726
248, 72.53262, 0.0137869
249, 73.58244, 0.0135902
250, 72.64433, 0.0137657
251, 69.41408, 0.0144063
252, 74.58624, 0.0134073
253, 69.59911, 0.014368
254, 74.43134, 0.0134352
255, 70.69586, 0.0141451
256, 72.88789, 0.0137197
257, 71.35212, 0.014015
258, 70.91344, 0.0141017
259, 72.66122, 0.0137625
260, 69.37555, 0.0144143
261, 71.38217, 0.0140091
262, 72.57526, 0.0137788
263, 74.10098, 0.0134951
264, 71.85043, 0.0139178
265, 71.11414, 0.0140619
266, 70.07905, 0.0142696
267, 74.06145, 0.0135023
268, 70.58109, 0.0141681
269, 71.59682, 0.0139671
270, 72.50369, 0.0137924
271, 72.20269, 0.0138499
272, 71.01819, 0.0140809
273, 72.28358, 0.0138344
274, 70.81551, 0.0141212
275, 71.20276, 0.0140444
276, 70.92149, 0.0141001
277, 74.29917, 0.0134591
278, 72.78391, 0.0137393
279, 71.09039, 0.0140666
280, 71.7942, 0.0139287
281, 72.64908, 0.0137648
282, 70.68237, 0.0141478
283, 72.14071, 0.0138618
284, 72.11885, 0.013866
285, 72.3788, 0.0138162
286, 70.8421, 0.0141159
287, 72.08662, 0.0138722
288, 73.06149, 0.0136871
289, 71.3104, 0.0140232
290, 71.0076, 0.014083
291, 71.95539, 0.0138975
292, 71.62914, 0.0139608
293, 71.23775, 0.0140375
294, 73.0663, 0.0136862
295, 70.75138, 0.014134
296, 71.23521, 0.014038
297, 71.64555, 0.0139576
298, 72.60319, 0.0137735
299, 72.14955, 0.0138601
300, 71.30531, 0.0140242
301, 72.16673, 0.0138568
302, 70.35862, 0.0142129
303, 73.51212, 0.0136032
304, 71.54407, 0.0139774
305, 70.45826, 0.0141928
306, 73.45541, 0.0136137
307, 69.93301, 0.0142994
308, 72.80193, 0.0137359
309, 71.65274, 0.0139562
310, 72.51894, 0.0137895
311, 71.89331, 0.0139095
312, 71.81432, 0.0139248
313, 71.52666, 0.0139808
314, 71.45205, 0.0139954
315, 72.60213, 0.0137737
316, 70.90489, 0.0141034
317, 72.9991, 0.0136988
318, 68.15797, 0.0146718
319, 69.31736, 0.0144264
320, 63.88184, 0.0156539
321, 88.04755, 0.0113575
322, 73.74577, 0.0135601
323, 68.79235, 0.0145365
324, 74.95914, 0.0133406
325, 71.68099, 0.0139507
326, 67.76629, 0.0147566
327, 73.41066, 0.013622
328, 71.55174, 0.0139759
329, 73.88034, 0.0135354
330, 72.23972, 0.0138428
331, 69.65389, 0.0143567
332, 69.69807, 0.0143476
333, 73.03001, 0.013693
334, 63.09069, 0.0158502
335, 84.50014, 0.0118343
336, 71.75454, 0.0139364
337, 73.85197, 0.0135406
338, 71.89538, 0.0139091
339, 72.5221, 0.0137889
340, 69.11328, 0.014469
341, 70.73987, 0.0141363
342, 72.83905, 0.0137289
343, 63.10621, 0.0158463
344, 82.20236, 0.0121651
345, 71.79214, 0.0139291
346, 71.43469, 0.0139988
347, 70.11492, 0.0142623
348, 75.08578, 0.0133181
349, 72.01706, 0.0138856
350, 70.47961, 0.0141885
351, 74.52287, 0.0134187
352, 72.97353, 0.0137036
353, 71.26009, 0.0140331
354, 72.30501, 0.0138303
355, 71.41837, 0.014002
356, 70.75838, 0.0141326
357, 73.18233, 0.0136645
358, 71.63375, 0.0139599
359, 71.08938, 0.0140668
360, 68.93652, 0.0145061
361, 75.1422, 0.0133081
362, 71.68459, 0.01395
363, 72.01031, 0.0138869
364, 71.9352, 0.0139014
365, 71.6815, 0.0139506
366, 71.2738, 0.0140304
367, 71.65377, 0.013956
368, 72.76485, 0.0137429
369, 68.30927, 0.0146393
370, 72.86983, 0.0137231
371, 71.19617, 0.0140457
372, 72.31077, 0.0138292
373, 63.17718, 0.0158285
374, 82.58252, 0.0121091
375, 71.01617, 0.0140813
376, 70.05499, 0.0142745
377, 67.10014, 0.0149031
378, 79.15275, 0.0126338
379, 73.11224, 0.0136776
380, 71.8267, 0.0139224
381, 71.05452, 0.0140737
382, 75.59208, 0.0132289
383, 70.91645, 0.0141011
384, 71.88194, 0.0139117
385, 72.54209, 0.0137851
386, 71.37096, 0.0140113
387, 71.39033, 0.0140075
388, 72.20634, 0.0138492
389, 72.4307, 0.0138063
390, 71.74322, 0.0139386
391, 71.60605, 0.0139653
392, 71.99683, 0.0138895
393, 71.00155, 0.0140842
394, 72.81624, 0.0137332
395, 71.42041, 0.0140016
396, 72.04715, 0.0138798
397, 71.01012, 0.0140825
398, 71.95487, 0.0138976
399, 72.30658, 0.01383
400, 71.98129, 0.0138925
401, 71.69743, 0.0139475
402, 70.99298, 0.0140859
403, 72.74208, 0.0137472
404, 71.97817, 0.0138931
405, 70.67338, 0.0141496
406, 72.54736, 0.0137841
407, 71.64709, 0.0139573
408, 70.58558, 0.0141672
409, 72.78233, 0.0137396
410, 72.51685, 0.0137899
411, 70.79947, 0.0141244
412, 72.79716, 0.0137368
413, 71.62605, 0.0139614
414, 72.24024, 0.0138427
415, 71.64812, 0.0139571
416, 72.07935, 0.0138736
417, 70.17249, 0.0142506
418, 67.3968, 0.0148375
419, 79.25061, 0.0126182
420, 70.72686, 0.0141389
421, 72.49213, 0.0137946
422, 71.85353, 0.0139172
423, 68.7068, 0.0145546
424, 72.29089, 0.013833
425, 74.38483, 0.0134436
426, 69.17064, 0.014457
427, 75.23945, 0.0132909
428, 71.00105, 0.0140843
429, 70.84561, 0.0141152
430, 73.61277, 0.0135846
431, 71.50774, 0.0139845
432, 72.0965, 0.0138703
433, 71.27583, 0.01403
434, 71.90779, 0.0139067
435, 71.43725, 0.0139983
436, 72.5079, 0.0137916
437, 72.00668, 0.0138876
438, 71.62914, 0.0139608
439, 69.98635, 0.0142885
440, 73.93114, 0.0135261
441, 71.14045, 0.0140567
442, 71.98854, 0.0138911
443, 72.0991, 0.0138698
444, 71.98854, 0.0138911
445, 71.96626, 0.0138954
446, 71.81019, 0.0139256
447, 68.86104, 0.014522
448, 75.34489, 0.0132723
449, 70.30965, 0.0142228
450, 72.81995, 0.0137325
451, 71.65736, 0.0139553
452, 69.81095, 0.0143244
453, 70.28296, 0.0142282
454, 62.2235, 0.0160711
455, 85.71918, 0.011666
456, 72.95649, 0.0137068
457, 69.5962, 0.0143686
458, 73.49969, 0.0136055
459, 69.24824, 0.0144408
460, 63.24871, 0.0158106
461, 87.21818, 0.0114655
462, 74.34889, 0.0134501
463, 71.6512, 0.0139565
464, 71.90623, 0.013907
465, 71.19971, 0.014045
466, 70.87875, 0.0141086
467, 74.67368, 0.0133916
468, 71.47554, 0.0139908
469, 71.18755, 0.0140474
470, 72.68657, 0.0137577
471, 70.87976, 0.0141084
472, 71.76639, 0.0139341
473, 72.04455, 0.0138803
474, 72.05545, 0.0138782
475, 71.62708, 0.0139612
476, 72.01447, 0.0138861
477, 71.425, 0.0140007
478, 71.21138, 0.0140427
479, 73.63445, 0.0135806
480, 71.81947, 0.0139238
481, 70.84662, 0.014115
482, 72.42284, 0.0138078
483, 70.69236, 0.0141458
484, 72.383, 0.0138154
485, 72.21886, 0.0138468
486, 72.02328, 0.0138844
487, 71.73344, 0.0139405
488, 69.95355, 0.0142952
489, 73.20805, 0.0136597
490, 72.74155, 0.0137473
491, 70.38288, 0.014208
492, 71.81741, 0.0139242
493, 72.10326, 0.013869
494, 70.97836, 0.0140888
495, 69.74328, 0.0143383
496, 74.67702, 0.013391
497, 71.93003, 0.0139024
498, 71.11718, 0.0140613
499, 72.34843, 0.013822
500, 71.23674, 0.0140377
501, 73.13309, 0.0136737
502, 70.52833, 0.0141787
503, 73.16895, 0.013667
504, 72.18132, 0.013854
505, 71.86386, 0.0139152
506, 72.69661, 0.0137558
507, 69.1917, 0.0144526
508, 73.48025, 0.0136091
509, 72.5858, 0.0137768
510, 71.82515, 0.0139227
511, 71.23725, 0.0140376
512, 72.51369, 0.0137905
513, 70.94865, 0.0140947
514, 72.01394, 0.0138862
515, 71.82102, 0.0139235
516, 71.45154, 0.0139955
517, 71.59734, 0.013967
518, 71.42704, 0.0140003
519, 73.38264, 0.0136272
520, 71.9901, 0.0138908
521, 68.40507, 0.0146188
522, 75.01144, 0.0133313
523, 69.31689, 0.0144265
524, 74.50954, 0.0134211
525, 71.35722, 0.014014
526, 71.25857, 0.0140334
527, 69.97313, 0.0142912
528, 74.68707, 0.0133892
529, 68.5448, 0.014589
530, 74.29586, 0.0134597
531, 72.98577, 0.0137013
532, 71.92434, 0.0139035
533, 71.5497, 0.0139763
534, 71.26466, 0.0140322
535, 69.14673, 0.014462
536, 71.12022, 0.0140607
537, 72.61057, 0.0137721
538, 59.20102, 0.0168916
539, 96.27234, 0.0103872
540, 69.6835, 0.0143506
541, 71.96212, 0.0138962
542, 71.75712, 0.0139359
543, 74.16307, 0.0134838
544, 70.85867, 0.0141126
545, 72.85921, 0.0137251
546, 71.79214, 0.0139291
547, 71.4398, 0.0139978
548, 70.84311, 0.0141157
549, 72.71934, 0.0137515
550, 70.99097, 0.0140863
551, 72.91978, 0.0137137
552, 71.67893, 0.0139511
553, 71.66763, 0.0139533
554, 72.08818, 0.0138719
555, 71.80503, 0.0139266
556, 68.03647, 0.014698
557, 72.9682, 0.0137046
558, 70.54027, 0.0141763
559, 73.80128, 0.0135499
560, 63.55946, 0.0157333
561, 82.06542, 0.0121854
562, 71.0192, 0.0140807
563, 72.97885, 0.0137026
564, 71.56711, 0.0139729
565, 71.88814, 0.0139105
566, 71.98958, 0.0138909
567, 74.45406, 0.0134311
568, 70.02605, 0.0142804
569, 73.39019, 0.0136258
570, 72.27104, 0.0138368
571, 71.85612, 0.0139167
572, 71.41174, 0.0140033
573, 72.22772, 0.0138451
574, 70.8878, 0.0141068
575, 70.57063, 0.0141702
576, 73.86015, 0.0135391
577, 71.17793, 0.0140493
578, 72.19904, 0.0138506
579, 72.80723, 0.0137349
580, 70.14492, 0.0142562
581, 73.0023, 0.0136982
582, 72.2794, 0.0138352
583, 68.74317, 0.0145469
584, 74.8363, 0.0133625
585, 69.28567, 0.014433
586, 68.24168, 0.0146538
587, 77.798, 0.0128538
588, 73.25202, 0.0136515
589, 71.53946, 0.0139783
590, 71.31854, 0.0140216
591, 71.79318, 0.0139289
592, 71.53587, 0.013979
593, 72.87461, 0.0137222
594, 71.44643, 0.0139965
595, 71.99165, 0.0138905
596, 72.05026, 0.0138792
597, 70.79646, 0.014125
598, 68.29762, 0.0146418
599, 73.85361, 0.0135403
600, 74.02034, 0.0135098
601, 69.46905, 0.0143949
602, 74.46016, 0.01343
603, 71.53075, 0.01398
604, 68.54668, 0.0145886
605, 74.62019, 0.0134012
606, 70.6579, 0.0141527
607, 71.20479, 0.014044
608, 70.72986, 0.0141383
609, 75.84779, 0.0131843
610, 71.54457, 0.0139773
611, 71.87936, 0.0139122
612, 72.08558, 0.0138724
613, 72.2606, 0.0138388
614, 69.07795, 0.0144764
615, 74.37598, 0.0134452
616, 71.10403, 0.0140639
617, 72.01394, 0.0138862
618, 72.78285, 0.0137395
619, 71.70464, 0.0139461
620, 71.13185, 0.0140584
621, 71.76484, 0.0139344
622, 72.34738, 0.0138222
623, 71.19566, 0.0140458
624, 72.46797, 0.0137992
625, 71.75248, 0.0139368
626, 72.01291, 0.0138864
627, 70.84461, 0.0141154
628, 72.74896, 0.0137459
629, 72.37408, 0.0138171
630, 72.08922, 0.0138717
631, 71.39186, 0.0140072
632, 71.43469, 0.0139988
633, 71.83083, 0.0139216
634, 72.21207, 0.0138481
635, 71.5999, 0.0139665
636, 71.10656, 0.0140634
637, 72.88948, 0.0137194
638, 71.35467, 0.0140145
639, 72.34215, 0.0138232
640, 71.96626, 0.0138954
641, 71.09898, 0.0140649
642, 71.56966, 0.0139724
643, 71.68768, 0.0139494
644, 71.3674, 0.014012
645, 72.60951, 0.0137723
646, 70.71535, 0.0141412
647, 72.44015, 0.0138045
648, 73.05509, 0.0136883
649, 70.94815, 0.0140948
650, 71.05654, 0.0140733
651, 72.95436, 0.0137072
652, 69.60735, 0.0143663
653, 73.89454, 0.0135328
654, 72.34267, 0.0138231
655, 71.25501, 0.0140341
656, 71.45409, 0.013995
657, 72.64908, 0.0137648
658, 71.0414, 0.0140763
659, 72.96394, 0.0137054
660, 70.03341, 0.0142789
661, 73.05669, 0.013688
662, 72.31547, 0.0138283
663, 71.79627, 0.0139283
664, 71.11212, 0.0140623
665, 70.93859, 0.0140967
666, 72.68551, 0.0137579
667, 72.90012, 0.0137174
668, 71.42704, 0.0140003
669, 71.6199, 0.0139626
670, 72.51527, 0.0137902
671, 71.74528, 0.0139382
672, 72.37933, 0.0138161
673, 71.45154, 0.0139955
674, 71.74425, 0.0139384
675, 70.63294, 0.0141577
676, 69.85582, 0.0143152
677, 74.12733, 0.0134903
678, 72.8624, 0.0137245
679, 71.88142, 0.0139118
680, 71.39186, 0.0140072
681, 71.9528, 0.013898
682, 70.27308, 0.0142302
683, 70.82354, 0.0141196
684, 73.4565, 0.0136135
685, 72.24442, 0.0138419
686, 71.1987, 0.0140452
687, 71.94659, 0.0138992
688, 72.57526, 0.0137788
689, 70.42353, 0.0141998
690, 72.54736, 0.0137841
691, 72.9991, 0.0136988
692, 69.39384, 0.0144105
693, 74.25669, 0.0134668
694, 71.77051, 0.0139333
695, 71.75197, 0.0139369
696, 72.21364, 0.0138478
697, 71.68613, 0.0139497
698, 71.82257, 0.0139232
699, 72.29769, 0.0138317
700, 71.54457, 0.0139773
701, 71.43775, 0.0139982
702, 72.22563, 0.0138455
703, 71.70927, 0.0139452
704, 71.13641, 0.0140575
705, 72.45537, 0.0138016
706, 72.13966, 0.013862
707, 68.81792, 0.0145311
708, 75.12978, 0.0133103
709, 71.68819, 0.0139493
710, 71.86645, 0.0139147
711, 71.75352, 0.0139366
712, 71.83908, 0.01392
713, 70.09428, 0.0142665
714, 71.37759, 0.01401
715, 71.29108, 0.014027
716, 70.82655, 0.014119
717, 72.0321, 0.0138827
718, 70.49651, 0.0141851
719, 71.73653, 0.0139399
720, 74.17242, 0.0134821
721, 71.89745, 0.0139087
722, 73.42737, 0.0136189
723, 72.43227, 0.013806
724, 71.8267, 0.0139224
725, 70.42303, 0.0141999
726, 69.47484, 0.0143937
727, 72.33012, 0.0138255
728, 69.36063, 0.0144174
729, 75.52813, 0.0132401
730, 70.95117, 0.0140942
731, 70.5149, 0.0141814
732, 73.58189, 0.0135903
733, 62.78331, 0.0159278
734, 84.29358, 0.0118633
735, 62.84012, 0.0159134
736, 83.80544, 0.0119324
737, 69.76907, 0.014333
738, 73.124, 0.0136754
739, 65.58366, 0.0152477
740, 83.61623, 0.0119594
741, 72.0887, 0.0138718
742, 70.42154, 0.0142002
743, 68.67613, 0.0145611
744, 62.3663, 0.0160343
745, 81.88466, 0.0122123
746, 75.9411, 0.0131681
747, 63.6671, 0.0157067
748, 81.7334, 0.0122349
749, 60.52499, 0.0165221
750, 88.90153, 0.0112484
751, 71.84734, 0.0139184
752, 70.02802, 0.01428
753, 71.69076, 0.0139488
754, 73.01988, 0.0136949
755, 69.02026, 0.0144885
756, 75.15237, 0.0133063
757, 67.10509, 0.014902
758, 68.24821, 0.0146524
759, 81.00314, 0.0123452
760, 72.43962, 0.0138046
761, 71.71543, 0.013944
762, 72.56104, 0.0137815
763, 72.51685, 0.0137899
764, 73.88853, 0.0135339
765, 71.75763, 0.0139358
766, 71.70103, 0.0139468
767, 71.7494, 0.0139374
768, 71.61324, 0.0139639
769, 65.83755, 0.0151889
770, 75.99766, 0.0131583
771, 74.38428, 0.0134437
772, 71.86179, 0.0139156
773, 71.04594, 0.0140754
774, 71.1187, 0.014061
775, 72.72092, 0.0137512
776, 72.07778, 0.0138739
777, 71.89641, 0.0139089
778, 69.99958, 0.0142858
779, 72.21833, 0.0138469
780, 72.9927, 0.0137
781, 72.13238, 0.0138634
782, 71.91813, 0.0139047
783, 72.42651, 0.0138071
784, 71.24892, 0.0140353
785, 70.72486, 0.0141393
786, 71.85612, 0.0139167
787, 73.72076, 0.0135647
788, 71.35925, 0.0140136
789, 71.45103, 0.0139956
790, 71.6887, 0.0139492
791, 72.46535, 0.0137997
792, 72.17663, 0.0138549
793, 71.26872, 0.0140314
794, 71.86954, 0.0139141
795, 72.29717, 0.0138318
796, 71.69641, 0.0139477
797, 70.74287, 0.0141357
798, 72.62058, 0.0137702
799, 72.87727, 0.0137217
800, 71.6081, 0.0139649
801, 71.90417, 0.0139074
802, 71.70721, 0.0139456
803, 70.79996, 0.0141243
804, 72.85072, 0.0137267
805, 71.26771, 0.0140316
806, 72.62534, 0.0137693
807, 71.36994, 0.0140115
808, 71.81947, 0.0139238
809, 71.12477, 0.0140598
810, 72.60371, 0.0137734
811, 70.47663, 0.0141891
812, 71.77721, 0.013932
813, 72.2559, 0.0138397
814, 71.75145, 0.013937
815, 71.19566, 0.0140458
816, 72.59212, 0.0137756
817, 71.37402, 0.0140107
818, 71.71235, 0.0139446
819, 72.83958, 0.0137288
820, 71.52155, 0.0139818
821, 71.41225, 0.0140032
822, 70.06923, 0.0142716
823, 73.07057, 0.0136854
824, 71.58247, 0.0139699
825, 70.05254, 0.014275
826, 74.04062, 0.0135061
827, 71.64094, 0.0139585
828, 70.53032, 0.0141783
829, 72.9235, 0.013713
830, 71.74219, 0.0139388
831, 72.21625, 0.0138473
832, 71.27736, 0.0140297
833, 72.72305, 0.0137508
834, 71.23827, 0.0140374
835, 74.39259, 0.0134422
836, 72.07467, 0.0138745
837, 69.23577, 0.0144434
838, 71.7736, 0.0139327
839, 70.02507, 0.0142806
840, 73.48348, 0.0136085
841, 71.91399, 0.0139055
842, 70.97887, 0.0140887
843, 68.99121, 0.0144946
844, 75.2689, 0.0132857
845, 72.06584, 0.0138762
846, 70.79245, 0.0141258
847, 73.28692, 0.013645
848, 72.00047, 0.0138888
849, 71.31802, 0.0140217
850, 72.89108, 0.0137191
851, 70.11394, 0.0142625
852, 69.6801, 0.0143513
853, 74.43799, 0.013434
854, 70.15919, 0.0142533
855, 72.37147, 0.0138176
856, 72.49949, 0.0137932
857, 72.71141, 0.013753
858, 65.32788, 0.0153074
859, 68.33215, 0.0146344
860, 89.44944, 0.0111795
861, 69.57345, 0.0143733
862, 73.83452, 0.0135438
863, 72.64116, 0.0137663
864, 71.26619, 0.0140319
865, 72.13134, 0.0138636
866, 70.3705, 0.0142105
867, 68.32188, 0.0146366
868, 73.1085, 0.0136783
869, 68.77201, 0.0145408
870, 74.84917, 0.0133602
871, 60.64833, 0.0164885
872, 89.44785, 0.0111797
873, 71.2672, 0.0140317
874, 72.64539, 0.0137655
875, 71.82566, 0.0139226
876, 69.60928, 0.0143659
877, 72.92882, 0.013712
878, 72.52263, 0.0137888
879, 72.33901, 0.0138238
880, 72.75267, 0.0137452
881, 71.16779, 0.0140513
882, 71.05704, 0.0140732
883, 66.5974, 0.0150156
884, 83.09237, 0.0120348
885, 70.24544, 0.0142358
886, 73.24129, 0.0136535
887, 71.93623, 0.0139012
888, 71.12932, 0.0140589
889, 72.04299, 0.0138806
890, 68.43737, 0.0146119
891, 73.33797, 0.0136355
892, 71.70309, 0.0139464
893, 71.24334, 0.0140364
894, 72.68234, 0.0137585
895, 71.86076, 0.0139158
896, 74.36216, 0.0134477
897, 71.47758, 0.0139904
898, 71.6394, 0.0139588
899, 69.30103, 0.0144298
900, 70.64591, 0.0141551
901, 72.43123, 0.0138062
902, 71.53332, 0.0139795
903, 72.78127, 0.0137398
904, 74.4103, 0.013439
905, 71.66712, 0.0139534
906, 70.25679, 0.0142335
907, 73.4085, 0.0136224
908, 71.63786, 0.0139591
909, 71.92744, 0.0139029
910, 70.96477, 0.0140915
911, 72.20529, 0.0138494
912, 70.90891, 0.0141026
913, 73.41335, 0.0136215
914, 71.69949, 0.0139471
915, 71.47196, 0.0139915
916, 73.39988, 0.013624
917, 71.14045, 0.0140567
918, 70.43096, 0.0141983
919, 73.6041, 0.0135862
920, 72.02068, 0.0138849
921, 70.65939, 0.0141524
922, 73.25041, 0.0136518
923, 71.31905, 0.0140215
924, 70.83206, 0.0141179
925, 73.13363, 0.0136736
926, 72.10533, 0.0138686
927, 71.8236, 0.013923
928, 71.40613, 0.0140044
929, 69.41745, 0.0144056
930, 72.1433, 0.0138613
931, 74.66253, 0.0133936
932, 71.60861, 0.0139648
933, 70.74487, 0.0141353
934, 72.03469, 0.0138822
935, 71.79833, 0.0139279
936, 71.9673, 0.0138952
937, 71.03484, 0.0140776
938, 72.88311, 0.0137206
939, 71.77617, 0.0139322
940, 70.5338, 0.0141776
941, 70.13557, 0.0142581
942, 73.04762, 0.0136897
943, 73.97216, 0.0135186
944, 71.81895, 0.0139239
945, 70.24889, 0.0142351
946, 72.67442, 0.01376
947, 72.53157, 0.0137871
948, 71.34296, 0.0140168
949, 71.60554, 0.0139654
950, 72.35157, 0.0138214
951, 68.75971, 0.0145434
952, 69.33707, 0.0144223
953, 74.4585, 0.0134303
954, 63.64603, 0.0157119
955, 67.75526, 0.014759
956, 89.22357, 0.0112078
957, 62.74746, 0.0159369
958, 87.66393, 0.0114072
959, 71.71955, 0.0139432
960, 71.10959, 0.0140628
961, 72.29874, 0.0138315
962, 72.71141, 0.013753
963, 71.31599, 0.0140221
964, 72.30187, 0.0138309
965, 71.41327, 0.014003
966, 72.2956, 0.0138321
967, 72.05441, 0.0138784
968, 71.33329, 0.0140187
969, 71.81174, 0.0139253
970, 72.14799, 0.0138604
971, 71.94762, 0.013899
972, 71.05654, 0.0140733
973, 72.87355, 0.0137224
974, 71.21493, 0.014042
975, 71.69898, 0.0139472
976, 72.37671, 0.0138166
977, 71.34143, 0.0140171
978, 71.71594, 0.0139439
979, 71.62708, 0.0139612
980, 72.24233, 0.0138423
981, 71.56045, 0.0139742
982, 71.27329, 0.0140305
983, 72.16621, 0.0138569
984, 71.85664, 0.0139166
985, 72.10013, 0.0138696
986, 71.75557, 0.0139362
987, 71.81844, 0.013924
988, 71.52974, 0.0139802
989, 71.97662, 0.0138934
990, 71.75712, 0.0139359
991, 71.77154, 0.0139331
992, 70.63793, 0.0141567
993, 73.35519, 0.0136323
994, 71.62195, 0.0139622
995, 50.79933, 0.0196853
996, 74.84862, 0.0133603
997, 61.16844, 0.0163483
998, 110.0619, 0.0090858
999, 67.1894, 0.0148833
1000, 65.27927, 0.0153188
1001, 65.77174, 0.0152041
1002, 67.15781, 0.0148903
1003, 67.02054, 0.0149208
1004, 69.02883, 0.0144867
1005, 67.95186, 0.0147163
1006, 69.57393, 0.0143732
1007, 69.71507, 0.0143441
1008, 69.3871, 0.0144119
1009, 69.60395, 0.014367
1010, 70.71086, 0.0141421
1011, 71.40205, 0.0140052
1012, 70.78443, 0.0141274
1013, 69.28662, 0.0144328
1014, 73.13096, 0.0136741
1015, 70.47763, 0.0141889
1016, 71.47298, 0.0139913
1017, 70.73637, 0.014137
1018, 71.7216, 0.0139428
1019, 71.49854, 0.0139863
1020, 71.21544, 0.0140419
1021, 70.48409, 0.0141876
1022, 73.3025, 0.0136421
1023, 71.20377, 0.0140442
1024, 71.41786, 0.0140021
1025, 71.96523, 0.0138956
1026, 71.85405, 0.0139171
1027, 71.12628, 0.0140595
1028, 71.91606, 0.0139051
1029, 71.4398, 0.0139978
1030, 72.30187, 0.0138309
1031, 70.78343, 0.0141276
1032, 72.76537, 0.0137428
1033, 71.24486, 0.0140361
1034, 72.09234, 0.0138711
1035, 71.40613, 0.0140044
1036, 72.47585, 0.0137977
1037, 70.59853, 0.0141646
1038, 72.40291, 0.0138116
1039, 72.49266, 0.0137945
1040, 72.03262, 0.0138826
1041, 71.26212, 0.0140327
1042, 72.20998, 0.0138485
1043, 71.83959, 0.0139199
1044, 71.08735, 0.0140672
1045, 71.72984, 0.0139412
1046, 72.6248, 0.0137694
1047, 71.91813, 0.0139047
1048, 71.00961, 0.0140826
1049, 72.05545, 0.0138782
1050, 70.55022, 0.0141743
1051, 73.48186, 0.0136088
1052, 71.53383, 0.0139794
1053, 72.26843, 0.0138373
1054, 71.65479, 0.0139558
1055, 71.93468, 0.0139015
1056, 70.12475, 0.0142603
1057, 73.50455, 0.0136046
1058, 71.31498, 0.0140223
1059, 72.20737, 0.013849
1060, 71.81483, 0.0139247
1061, 70.34872, 0.0142149
1062, 72.38666, 0.0138147
1063, 72.68076, 0.0137588
1064, 71.16171, 0.0140525
1065, 71.66404, 0.013954
1066, 72.54472, 0.0137846
1067, 71.29972, 0.0140253
1068, 70.47564, 0.0141893
1069, 73.7893, 0.0135521
1070, 71.28194, 0.0140288
1071, 72.48688, 0.0137956
1072, 71.64197, 0.0139583
1073, 71.43571, 0.0139986
1074, 71.41939, 0.0140018
1075, 72.84647, 0.0137275
1076, 71.62349, 0.0139619
1077, 71.49087, 0.0139878
1078, 71.47554, 0.0139908
1079, 72.66597, 0.0137616
1080, 70.17002, 0.0142511
1081, 72.20477, 0.0138495
1082, 73.34658, 0.0136339
1083, 71.77772, 0.0139319
1084, 71.63067, 0.0139605
1085, 71.59119, 0.0139682
1086, 70.58607, 0.0141671
1087, 73.34067, 0.013635
1088, 71.91451, 0.0139054
1089, 70.10066, 0.0142652
1090, 73.67514, 0.0135731
1091, 69.96922, 0.014292
1092, 72.82366, 0.0137318
1093, 72.67759, 0.0137594
1094, 71.41582, 0.0140025
1095, 71.58453, 0.0139695
1096, 71.90934, 0.0139064
1097, 71.54713, 0.0139768
1098, 71.22304, 0.0140404
1099, 72.60266, 0.0137736
1100, 70.95168, 0.0140941
1101, 72.59739, 0.0137746
1102, 71.68819, 0.0139493
1103, 72.01965, 0.0138851
1104, 71.83289, 0.0139212
1105, 71.87781, 0.0139125
1106, 71.7633, 0.0139347
1107, 70.58109, 0.0141681
1108, 72.98791, 0.0137009
1109, 71.9052, 0.0139072
1110, 70.87122, 0.0141101
1111, 72.37356, 0.0138172
1112, 72.59265, 0.0137755
1113, 71.47043, 0.0139918
1114, 72.383, 0.0138154
1115, 71.8267, 0.0139224
1116, 71.58555, 0.0139693
1117, 71.46278, 0.0139933
1118, 72.42231, 0.0138079
1119, 71.62656, 0.0139613
1120, 71.5369, 0.0139788
1121, 71.61579, 0.0139634
1122, 72.24702, 0.0138414
1123, 72.02483, 0.0138841
1124, 72.04767, 0.0138797
1125, 71.29769, 0.0140257
1126, 71.02676, 0.0140792
1127, 71.94038, 0.0139004
1128, 71.87936, 0.0139122
1129, 72.1433, 0.0138613
1130, 71.10707, 0.0140633
1131, 71.08938, 0.0140668
1132, 72.76855, 0.0137422
1133, 71.5011, 0.0139858
1134, 71.74991, 0.0139373
1135, 72.437, 0.0138051
1136, 71.63683, 0.0139593
1137, 71.94504, 0.0138995
1138, 71.02676, 0.0140792
1139, 73.09087, 0.0136816
1140, 72.29822, 0.0138316
1141, 70.5552, 0.0141733
1142, 72.52052, 0.0137892
1143, 71.78648, 0.0139302
1144, 71.58708, 0.013969
1145, 72.22355, 0.0138459
1146, 71.70155, 0.0139467
1147, 71.24841, 0.0140354
1148, 72.6496, 0.0137647
1149, 71.72417, 0.0139423
1150, 71.36893, 0.0140117
1151, 72.437, 0.0138051
1152, 71.47248, 0.0139914
1153, 72.10273, 0.0138691
1154, 71.71183, 0.0139447
1155, 71.40307, 0.014005
1156, 72.52789, 0.0137878
1157, 71.47503, 0.0139909
1158, 71.38319, 0.0140089
1159, 72.37199, 0.0138175
1160, 71.76536, 0.0139343
1161, 70.36951, 0.0142107
1162, 73.29713, 0.0136431
1163, 72.01861, 0.0138853
1164, 71.7391, 0.0139394
1165, 70.43543, 0.0141974
1166, 72.98684, 0.0137011
1167, 71.57478, 0.0139714
1168, 71.43623, 0.0139985
1169, 71.86128, 0.0139157
1170, 71.58298, 0.0139698
1171, 71.04341, 0.0140759
1172, 73.72565, 0.0135638
1173, 71.72932, 0.0139413
1174, 71.54765, 0.0139767
1175, 71.32413, 0.0140205
1176, 72.25016, 0.0138408
1177, 70.66988, 0.0141503
1178, 73.08766, 0.0136822
1179, 71.94969, 0.0138986
1180, 70.57761, 0.0141688
1181, 73.1968, 0.0136618
1182, 71.79266, 0.013929
1183, 70.48756, 0.0141869
1184, 72.52631, 0.0137881
1185, 72.38404, 0.0138152
1186, 72.12302, 0.0138652
1187, 71.30328, 0.0140246
1188, 71.48933, 0.0139881
1189, 71.61324, 0.0139639
1190, 72.44015, 0.0138045
1191, 72.41602, 0.0138091
1192, 71.07877, 0.0140689
1193, 72.60266, 0.0137736
1194, 71.92899, 0.0139026
1195, 70.97282, 0.0140899
1196, 71.96937, 0.0138948
1197, 72.16621, 0.0138569
1198, 71.95229, 0.0138981
1199, 71.08685, 0.0140673
1200, 70.72886, 0.0141385
1201, 72.18393, 0.0138535
1202, 73.66428, 0.0135751
1203, 71.62093, 0.0139624
1204, 71.44389, 0.013997
1205, 71.7216, 0.0139428
1206, 71.80555, 0.0139265
1207, 70.34724, 0.0142152
1208, 73.37135, 0.0136293
1209, 71.50723, 0.0139846
1210, 71.15816, 0.0140532
1211, 70.87976, 0.0141084
1212, 73.83561, 0.0135436
1213, 70.44883, 0.0141947
1214, 72.52841, 0.0137877
1215, 71.58247, 0.0139699
1216, 70.75689, 0.0141329
1217, 72.77014, 0.0137419
1218, 72.9017, 0.0137171
1219, 69.29143, 0.0144318
1220, 73.05936, 0.0136875
1221, 72.89745, 0.0137179
1222, 72.36937, 0.013818
1223, 72.2956, 0.0138321
1224, 71.67637, 0.0139516
1225, 70.24692, 0.0142355
1226, 73.73815, 0.0135615
1227, 71.34347, 0.0140167
1228, 72.30815, 0.0138297
1229, 70.82655, 0.014119
1230, 72.05961, 0.0138774
1231, 70.20648, 0.0142437
1232, 73.93442, 0.0135255
1233, 72.00616, 0.0138877
1234, 71.31802, 0.0140217
1235, 70.73936, 0.0141364
1236, 73.22199, 0.0136571
1237, 70.50496, 0.0141834
1238, 72.86346, 0.0137243
1239, 72.7765, 0.0137407
1240, 71.55891, 0.0139745
1241, 72.00513, 0.0138879
1242, 71.62914, 0.0139608
1243, 70.69586, 0.0141451
1244, 73.17269, 0.0136663
1245, 71.36638, 0.0140122
1246, 71.51337, 0.0139834
1247, 71.70824, 0.0139454
1248, 72.17142, 0.0138559
1249, 69.91344, 0.0143034
1250, 73.67405, 0.0135733
1251, 72.16361, 0.0138574
1252, 71.4643, 0.013993
1253, 71.70464, 0.0139461
1254, 71.42296, 0.0140011
1255, 72.09234, 0.0138711
1256, 72.15372, 0.0138593
1257, 71.66917, 0.013953
1258, 71.92641, 0.0139031
1259, 70.82153, 0.01412
1260, 72.11625, 0.0138665
1261, 71.81638, 0.0139244
1262, 72.63377, 0.0137677
1263, 71.53946, 0.0139783
1264, 71.70309, 0.0139464
1265, 71.15007, 0.0140548
1266, 72.47847, 0.0137972
1267, 71.53536, 0.0139791
1268, 72.4811, 0.0137967
1269, 71.16425, 0.014052
1270, 72.16933, 0.0138563
1271, 71.38778, 0.014008
1272, 71.88245, 0.0139116
1273, 72.0887, 0.0138718
1274, 72.16882, 0.0138564
1275, 71.73035, 0.0139411
1276, 71.26162, 0.0140328
1277, 72.2272, 0.0138452
1278, 71.58196, 0.01397
1279, 70.81351, 0.0141216
1280, 71.44439, 0.0139969
1281, 73.76426, 0.0135567
1282, 71.75815, 0.0139357
1283, 71.74271, 0.0139387
1284, 71.44541, 0.0139967
1285, 72.20581, 0.0138493
1286, 72.00668, 0.0138876
1287, 71.52718, 0.0139807
1288, 71.79111, 0.0139293
1289, 70.45231, 0.014194
1290, 73.03375, 0.0136923
1291, 72.54367, 0.0137848
1292, 71.37504, 0.0140105
1293, 71.87316, 0.0139134
1294, 71.97403, 0.0138939
1295, 72.03988, 0.0138812
1296, 71.2403, 0.014037
1297, 72.09286, 0.013871
1298, 70.06973, 0.0142715
1299, 73.73164, 0.0135627
1300, 71.84476, 0.0139189
1301, 71.42603, 0.0140005
1302, 72.22772, 0.0138451
1303, 71.73138, 0.0139409
1304, 71.63683, 0.0139593
1305, 71.77308, 0.0139328
1306, 72.15163, 0.0138597
1307, 71.08938, 0.0140668
1308, 71.87471, 0.0139131
1309, 72.26843, 0.0138373
1310, 71.3781, 0.0140099
1311, 72.07935, 0.0138736
1312, 72.28254, 0.0138346
1313, 71.85198, 0.0139175
1314, 71.64555, 0.0139576
1315, 71.76433, 0.0139345
1316, 71.52871, 0.0139804
1317, 72.44067, 0.0138044
1318, 71.54407, 0.0139774
1319, 71.83289, 0.0139212
1320, 71.87574, 0.0139129
1321, 71.59016, 0.0139684
1322, 71.99217, 0.0138904
1323, 72.40186, 0.0138118
1324, 71.53895, 0.0139784
1325, 72.50896, 0.0137914
1326, 70.40518, 0.0142035
1327, 72.60529, 0.0137731
1328, 69.30775, 0.0144284
1329, 74.44299, 0.0134331
1330, 72.77226, 0.0137415
1331, 71.78493, 0.0139305
1332, 71.81638, 0.0139244
1333, 71.48985, 0.013988
1334, 70.69486, 0.0141453
1335, 73.28853, 0.0136447
1336, 71.81277, 0.0139251
1337, 71.43674, 0.0139984
1338, 71.7144, 0.0139442
1339, 71.32719, 0.0140199
1340, 71.72572, 0.013942
1341, 72.74368, 0.0137469
1342, 71.39288, 0.014007
1343, 72.28619, 0.0138339
1344, 71.77463, 0.0139325
1345, 70.95369, 0.0140937
1346, 70.6105, 0.0141622
1347, 74.11525, 0.0134925
1348, 71.43571, 0.0139986
1349, 70.10116, 0.0142651
1350, 73.98091, 0.013517
1351, 71.31091, 0.0140231
1352, 71.68459, 0.01395
1353, 72.05338, 0.0138786
1354, 72.21677, 0.0138472
1355, 71.19515, 0.0140459
1356, 71.47043, 0.0139918
1357, 71.44643, 0.0139965
1358, 71.80297, 0.013927
1359, 71.39288, 0.014007
1360, 72.7532, 0.0137451
1361, 72.69555, 0.013756
1362, 71.82618, 0.0139225
1363, 71.54509, 0.0139772
1364, 70.77391, 0.0141295
1365, 73.81327, 0.0135477
1366, 71.75763, 0.0139358
1367, 71.91502, 0.0139053
1368, 70.54873, 0.0141746
1369, 72.91447, 0.0137147
1370, 71.46175, 0.0139935
1371, 72.58263, 0.0137774
1372, 70.80899, 0.0141225
1373, 72.05234, 0.0138788
1374, 72.12614, 0.0138646
1375, 71.42296, 0.0140011
1376, 71.02676, 0.0140792
1377, 71.94659, 0.0138992
1378, 71.8959, 0.013909
1379, 71.11971, 0.0140608
1380, 74.22031, 0.0134734
1381, 71.2408, 0.0140369
1382, 71.02575, 0.0140794
1383, 71.3282, 0.0140197
1384, 72.9991, 0.0136988
1385, 71.82154, 0.0139234
1386, 71.58965, 0.0139685
1387, 70.88981, 0.0141064
1388, 71.32616, 0.0140201
1389, 73.57864, 0.0135909
1390, 72.25329, 0.0138402
1391, 71.31396, 0.0140225
1392, 72.00409, 0.0138881
1393, 71.73087, 0.013941
1394, 71.22152, 0.0140407
1395, 72.58158, 0.0137776
1396, 71.45715, 0.0139944
1397, 71.44031, 0.0139977
1398, 71.67072, 0.0139527
1399, 71.36994, 0.0140115
1400, 72.64063, 0.0137664
1401, 72.46324, 0.0138001
1402, 72.01757, 0.0138855
1403, 71.8365, 0.0139205
1404, 71.6887, 0.0139492
1405, 71.41174, 0.0140033
1406, 71.79369, 0.0139288
1407, 72.36571, 0.0138187
1408, 71.43112, 0.0139995
1409, 71.6666, 0.0139535
1410, 71.26872, 0.0140314
1411, 72.54893, 0.0137838
1412, 71.9761, 0.0138935
1413, 71.42092, 0.0140015
1414, 72.2392, 0.0138429
1415, 71.52564, 0.013981
1416, 72.14278, 0.0138614
1417, 71.33176, 0.014019
1418, 71.8138, 0.0139249
1419, 71.83031, 0.0139217
1420, 71.32769, 0.0140198
1421, 71.75145, 0.013937
1422, 72.81041, 0.0137343
1423, 71.35925, 0.0140136
1424, 71.81483, 0.0139247
1425, 71.20428, 0.0140441
1426, 72.51053, 0.0137911
1427, 72.30187, 0.0138309
1428, 71.04997, 0.0140746
1429, 71.7252, 0.0139421
1430, 72.21625, 0.0138473
1431, 72.43858, 0.0138048
1432, 71.66815, 0.0139532
1433, 71.46737, 0.0139924
1434, 72.21781, 0.013847
1435, 71.54765, 0.0139767
1436, 71.53536, 0.0139791
1437, 72.60003, 0.0137741
1438, 71.46788, 0.0139923
1439, 71.21949, 0.0140411
1440, 72.44329, 0.0138039
1441, 71.88814, 0.0139105
1442, 71.50877, 0.0139843
1443, 72.7622, 0.0137434
1444, 71.44082, 0.0139976
1445, 71.77257, 0.0139329
1446, 71.47963, 0.01399
1447, 72.3411, 0.0138234
1448, 70.36703, 0.0142112
1449, 73.72891, 0.0135632
1450, 71.71543, 0.013944
1451, 71.12376, 0.01406
1452, 71.65531, 0.0139557
1453, 72.08247, 0.013873
1454, 71.28244, 0.0140287
1455, 71.83598, 0.0139206
1456, 72.29717, 0.0138318
1457, 70.92149, 0.0141001
1458, 72.98737, 0.013701
1459, 70.62097, 0.0141601
1460, 72.85709, 0.0137255
1461, 71.12376, 0.01406
1462, 72.30919, 0.0138295
1463, 71.7736, 0.0139327
1464, 72.31129, 0.0138291
1465, 71.37453, 0.0140106
1466, 71.91141, 0.013906
1467, 70.5154, 0.0141813
1468, 72.38456, 0.0138151
1469, 73.05029, 0.0136892
1470, 71.73962, 0.0139393
1471, 71.69127, 0.0139487
1472, 71.43725, 0.0139983
1473, 71.09544, 0.0140656
1474, 72.38928, 0.0138142
1475, 73.0647, 0.0136865
1476, 71.31651, 0.014022
1477, 71.84063, 0.0139197
1478, 70.72436, 0.0141394
1479, 72.98897, 0.0137007
1480, 72.31966, 0.0138275
1481, 71.46379, 0.0139931
1482, 71.40715, 0.0140042
1483, 72.39243, 0.0138136
1484, 71.26466, 0.0140322
1485, 71.62605, 0.0139614
1486, 72.44697, 0.0138032
1487, 71.70567, 0.0139459
1488, 70.24445, 0.014236
1489, 73.20805, 0.0136597
1490, 72.16309, 0.0138575
1491, 70.76039, 0.0141322
1492, 72.61004, 0.0137722
1493, 71.61272, 0.013964
1494, 71.53332, 0.0139795
1495, 72.46692, 0.0137994
1496, 71.04645, 0.0140753
1497, 71.74425, 0.0139384
1498, 72.8242, 0.0137317
1499, 71.12274, 0.0140602
1500, 72.20008, 0.0138504
1501, 71.99061, 0.0138907
1502, 71.87626, 0.0139128
1503, 70.41064, 0.0142024
1504, 73.12133, 0.0136759
1505, 71.81535, 0.0139246
1506, 72.31338, 0.0138287
1507, 71.14855, 0.0140551
1508, 71.89848, 0.0139085
1509, 70.82955, 0.0141184
1510, 73.18287, 0.0136644
1511, 72.19279, 0.0138518
1512, 71.76536, 0.0139343
1513, 71.27025, 0.0140311
1514, 72.26269, 0.0138384
1515, 71.04291, 0.014076
1516, 72.41182, 0.0138099
1517, 71.7319, 0.0139408
1518, 72.08922, 0.0138717
1519, 70.96678, 0.0140911
1520, 72.78285, 0.0137395
1521, 70.85666, 0.014113
1522, 73.44247, 0.0136161
1523, 71.72417, 0.0139423
1524, 71.54356, 0.0139775
1525, 71.52001, 0.0139821
1526, 72.29142, 0.0138329
1527, 70.25037, 0.0142348
1528, 73.67785, 0.0135726
1529, 69.618, 0.0143641
1530, 73.13256, 0.0136738
1531, 71.85612, 0.0139167
1532, 72.32018, 0.0138274
1533, 70.10804, 0.0142637
1534, 73.91474, 0.0135291
1535, 71.22761, 0.0140395
1536, 71.29414, 0.0140264
1537, 72.25225, 0.0138404
1538, 71.45613, 0.0139946
1539, 70.06039, 0.0142734
1540, 73.40257, 0.0136235
1541, 72.95329, 0.0137074
1542, 71.99632, 0.0138896
1543, 71.38013, 0.0140095
1544, 71.95332, 0.0138979
1545, 70.73337, 0.0141376
1546, 73.08286, 0.0136831
1547, 71.5236, 0.0139814
1548, 71.84218, 0.0139194
1549, 70.95268, 0.0140939
1550, 72.66228, 0.0137623
1551, 71.11516, 0.0140617
1552, 72.74473, 0.0137467
1553, 71.9787, 0.013893
1554, 71.62965, 0.0139607
1555, 70.82755, 0.0141188
1556, 73.04228, 0.0136907
1557, 70.7634, 0.0141316
1558, 72.67918, 0.0137591
1559, 71.0419, 0.0140762
1560, 72.50948, 0.0137913
1561, 71.68562, 0.0139498
1562, 71.86179, 0.0139156
1563, 72.00616, 0.0138877
1564, 71.75352, 0.0139366
1565, 71.42142, 0.0140014
1566, 72.2345, 0.0138438
1567, 72.15528, 0.013859
1568, 71.41888, 0.0140019
1569, 70.7614, 0.014132
1570, 72.71352, 0.0137526
1571, 71.95798, 0.013897
1572, 71.38116, 0.0140093
1573, 70.87373, 0.0141096
1574, 73.02308, 0.0136943
1575, 72.12769, 0.0138643
1576, 71.37045, 0.0140114
1577, 71.48883, 0.0139882
1578, 71.73807, 0.0139396
1579, 71.07421, 0.0140698
1580, 72.86877, 0.0137233
1581, 71.41021, 0.0140036
1582, 71.69076, 0.0139488
1583, 72.91447, 0.0137147
1584, 72.07156, 0.0138751
1585, 70.83307, 0.0141177
1586, 71.69538, 0.0139479
1587, 71.70567, 0.0139459
1588, 69.84898, 0.0143166
1589, 74.6642, 0.0133933
1590, 71.94452, 0.0138996
1591, 72.7765, 0.0137407
1592, 71.99632, 0.0138896
1593, 70.80247, 0.0141238
1594, 72.2392, 0.0138429
1595, 71.17995, 0.0140489
1596, 72.36623, 0.0138186
1597, 70.78443, 0.0141274
1598, 72.16673, 0.0138568
1599, 73.50996, 0.0136036
1600, 71.88711, 0.0139107
1601, 71.00507, 0.0140835
1602, 72.46167, 0.0138004
1603, 71.25146, 0.0140348
1604, 72.20529, 0.0138494
1605, 71.49342, 0.0139873
1606, 71.52001, 0.0139821
1607, 72.37775, 0.0138164
1608, 71.77, 0.0139334
1609, 71.68099, 0.0139507
1610, 72.02224, 0.0138846
1611, 72.01187, 0.0138866
1612, 71.69795, 0.0139474
1613, 71.69178, 0.0139486
1614, 72.11625, 0.0138665
1615, 70.92349, 0.0140997
1616, 72.59106, 0.0137758
1617, 70.66539, 0.0141512
1618, 72.74208, 0.0137472
1619, 23.97656, 0.0417074
1620, 71.2982, 0.0140256
1621, 71.75815, 0.0139357
1622, 71.80452, 0.0139267
1623, 72.28724, 0.0138337
1624, 71.51848, 0.0139824
1625, 71.73602, 0.01394
1626, 71.41479, 0.0140027
1627, 71.76742, 0.0139339
1628, 71.45715, 0.0139944
1629, 72.98631, 0.0137012
1630, 71.24385, 0.0140363
1631, 72.39294, 0.0138135
1632, 70.8416, 0.014116
1633, 72.1459, 0.0138608
1634, 71.91554, 0.0139052
1635, 71.39339, 0.0140069
1636, 72.68657, 0.0137577
1637, 71.63273, 0.0139601
1638, 72.32803, 0.0138259
1639, 71.70464, 0.0139461
1640, 70.25086, 0.0142347
1641, 73.23057, 0.0136555
1642, 72.02483, 0.0138841
1643, 71.66917, 0.013953
1644, 71.79472, 0.0139286
1645, 71.6666, 0.0139535
1646, 71.59939, 0.0139666
1647, 72.46849, 0.0137991
1648, 71.69795, 0.0139474
1649, 72.17246, 0.0138557
1650, 71.34194, 0.014017
1651, 72.27418, 0.0138362
1652, 70.77592, 0.0141291
1653, 73.04015, 0.0136911
1654, 72.23711, 0.0138433
1655, 71.21493, 0.014042
1656, 71.89899, 0.0139084
1657, 71.79782, 0.013928
1658, 70.46521, 0.0141914
1659, 73.19519, 0.0136621
1660, 72.24702, 0.0138414
1661, 71.56711, 0.0139729
1662, 72.09338, 0.0138709
1663, 71.46379, 0.0139931
1664, 71.18248, 0.0140484
1665, 70.63943, 0.0141564
1666, 73.87598, 0.0135362
1667, 71.62554, 0.0139615
1668, 71.6923, 0.0139485
1669, 71.73705, 0.0139398
1670, 69.70876, 0.0143454
1671, 74.34392, 0.013451
1672, 71.25298, 0.0140345
1673, 71.93262, 0.0139019
1674, 71.09544, 0.0140656
1675, 72.91021, 0.0137155
1676, 70.35565, 0.0142135
1677, 73.99514, 0.0135144
1678, 71.63375, 0.0139599
1679, 71.6358, 0.0139595
1680, 71.73653, 0.0139399
1681, 71.74837, 0.0139376
1682, 70.73586, 0.0141371
1683, 73.63824, 0.0135799
1684, 71.83546, 0.0139207
1685, 71.6666, 0.0139535
1686, 72.01238, 0.0138865
1687, 70.50844, 0.0141827
1688, 71.79111, 0.0139293
1689, 73.62415, 0.0135825
1690, 71.46992, 0.0139919
1691, 71.74991, 0.0139373
1692, 71.18806, 0.0140473
1693, 71.9989, 0.0138891
1694, 69.51444, 0.0143855
1695, 74.76636, 0.013375
1696, 71.32261, 0.0140208
1697, 72.52999, 0.0137874
1698, 71.19312, 0.0140463
1699, 72.14383, 0.0138612
1700, 71.26872, 0.0140314
1701, 72.19382, 0.0138516
1702, 71.61118, 0.0139643
1703, 70.6544, 0.0141534
1704, 73.12186, 0.0136758
1705, 71.15868, 0.0140531
1706, 71.37911, 0.0140097
1707, 73.08392, 0.0136829
1708, 70.2114, 0.0142427
1709, 73.90874, 0.0135302
1710, 71.51234, 0.0139836
1711, 71.07624, 0.0140694
1712, 70.18726, 0.0142476
1713, 73.79747, 0.0135506
1714, 71.32362, 0.0140206
1715, 72.06792, 0.0138758
1716, 72.42808, 0.0138068
1717, 71.53025, 0.0139801
1718, 70.0442, 0.0142767
1719, 70.9552, 0.0140934
1720, 76.21603, 0.0131206
1721, 71.77102, 0.0139332
1722, 71.22304, 0.0140404
1723, 71.94296, 0.0138999
1724, 71.3623, 0.014013
1725, 72.32488, 0.0138265
1726, 71.86593, 0.0139148
1727, 71.51643, 0.0139828
1728, 71.48065, 0.0139898
1729, 72.46954, 0.0137989
1730, 71.21138, 0.0140427
1731, 72.20529, 0.0138494
1732, 71.99994, 0.0138889
1733, 71.34042, 0.0140173
1734, 72.02483, 0.0138841
1735, 71.51694, 0.0139827
1736, 72.24493, 0.0138418
1737, 71.79678, 0.0139282
1738, 71.83546, 0.0139207
1739, 71.79318, 0.0139289
1740, 71.95229, 0.0138981
1741, 71.99839, 0.0138892
1742, 71.54816, 0.0139766
1743, 72.02795, 0.0138835
1744, 71.66506, 0.0139538
1745, 71.83495, 0.0139208
1746, 71.57735, 0.0139709
1747, 70.86218, 0.0141119
1748, 72.56631, 0.0137805
1749, 70.35614, 0.0142134
1750, 73.49158, 0.013607
1751, 71.98698, 0.0138914
1752, 71.83392, 0.013921
1753, 71.64966, 0.0139568
1754, 71.38676, 0.0140082
1755, 72.25642, 0.0138396
1756, 70.78043, 0.0141282
1757, 73.00389, 0.0136979
1758, 70.12082, 0.0142611
1759, 73.34927, 0.0136334
1760, 71.83546, 0.0139207
1761, 72.6702, 0.0137608
1762, 71.5236, 0.0139814
1763, 71.52206, 0.0139817
1764, 71.65685, 0.0139554
1765, 72.34738, 0.0138222
1766, 71.67739, 0.0139514
1767, 71.87522, 0.013913
1768, 70.13655, 0.0142579
1769, 73.4592, 0.013613
1770, 72.51053, 0.0137911
1771, 71.1987, 0.0140452
1772, 72.0991, 0.0138698
1773, 70.93104, 0.0140982
1774, 72.39347, 0.0138134
1775, 72.05701, 0.0138779
1776, 72.00098, 0.0138887
1777, 70.72736, 0.0141388
1778, 73.33636, 0.0136358
1779, 71.29921, 0.0140254
1780, 71.5753, 0.0139713
1781, 72.28201, 0.0138347
1782, 71.55943, 0.0139744
1783, 71.88091, 0.0139119
1784, 71.16627, 0.0140516
1785, 71.7355, 0.0139401
1786, 72.68815, 0.0137574
1787, 70.96577, 0.0140913
1788, 72.60688, 0.0137728
1789, 71.40715, 0.0140042
1790, 71.70103, 0.0139468
1791, 70.54027, 0.0141763
1792, 70.18726, 0.0142476
1793, 70.71185, 0.0141419
1794, 73.68328, 0.0135716
1795, 74.57066, 0.0134101
1796, 71.84373, 0.0139191
1797, 69.84118, 0.0143182
1798, 74.48901, 0.0134248
1799, 71.2982, 0.0140256
1800, 72.07778, 0.0138739
1801, 71.96108, 0.0138964
1802, 71.40307, 0.014005
1803, 71.2337, 0.0140383
1804, 71.83856, 0.0139201
1805, 71.38879, 0.0140078
1806, 72.94265, 0.0137094
1807, 71.5415, 0.0139779
1808, 69.88462, 0.0143093
1809, 70.01183, 0.0142833
1810, 72.44592, 0.0138034
1811, 70.60801, 0.0141627
1812, 73.9842, 0.0135164
1813, 70.58358, 0.0141676
1814, 71.4827, 0.0139894
1815, 72.76114, 0.0137436
1816, 70.07659, 0.0142701
1817, 74.86375, 0.0133576
1818, 69.03884, 0.0144846
1819, 61.4802, 0.0162654
1820, 90.71611, 0.0110234
1821, 70.19563, 0.0142459
1822, 74.29973, 0.013459
1823, 71.10959, 0.0140628
1824, 71.2205, 0.0140409
1825, 72.79663, 0.0137369
1826, 71.61579, 0.0139634
1827, 70.12918, 0.0142594
1828, 74.11305, 0.0134929
1829, 71.28244, 0.0140287
1830, 71.60144, 0.0139662
1831, 71.99943, 0.013889
1832, 72.15528, 0.013859
1833, 70.84561, 0.0141152
1834, 75.03508, 0.0133271
1835, 71.33889, 0.0140176
1836, 72.99856, 0.0136989
1837, 71.57274, 0.0139718
1838, 71.20732, 0.0140435
1839, 70.96577, 0.0140913
1840, 73.96614, 0.0135197
1841, 70.7654, 0.0141312
1842, 72.52421, 0.0137885
1843, 71.70875, 0.0139453
1844, 71.57991, 0.0139704
1845, 70.74287, 0.0141357
1846, 72.95596, 0.0137069
1847, 71.95487, 0.0138976
1848, 71.49905, 0.0139862
1849, 71.5917, 0.0139681
1850, 72.75638, 0.0137445
1851, 70.30371, 0.014224
1852, 73.29605, 0.0136433
1853, 71.71132, 0.0139448
1854, 71.57377, 0.0139716
1855, 71.8138, 0.0139249
1856, 71.34754, 0.0140159
1857, 72.40134, 0.0138119
1858, 71.48678, 0.0139886
1859, 72.09597, 0.0138704
1860, 71.77154, 0.0139331
1861, 72.04507, 0.0138802
1862, 72.01653, 0.0138857
1863, 70.90087, 0.0141042
1864, 72.21833, 0.0138469
1865, 72.06895, 0.0138756
1866, 71.78596, 0.0139303
1867, 71.52411, 0.0139813
1868, 71.78596, 0.0139303
1869, 71.29617, 0.014026
1870, 72.50843, 0.0137915
1871, 71.15918, 0.014053
1872, 72.37933, 0.0138161
1873, 72.01653, 0.0138857
1874, 71.82825, 0.0139221
1875, 71.26416, 0.0140323
1876, 72.75108, 0.0137455
1877, 71.21138, 0.0140427
1878, 72.14278, 0.0138614
1879, 71.11162, 0.0140624
1880, 72.86824, 0.0137234
1881, 71.43419, 0.0139989
1882, 71.86179, 0.0139156
1883, 72.16673, 0.0138568
1884, 71.93158, 0.0139021
1885, 71.84785, 0.0139183
1886, 71.02879, 0.0140788
1887, 72.48373, 0.0137962
1888, 71.57632, 0.0139711
1889, 36.0189, 0.0277632
1890, 71.3623, 0.014013
1891, 71.72109, 0.0139429
1892, 72.09545, 0.0138705
1893, 72.21468, 0.0138476
1894, 71.48474, 0.013989
1895, 72.06168, 0.013877
1896, 70.84962, 0.0141144
1897, 72.99004, 0.0137005
1898, 71.44235, 0.0139973
1899, 72.10481, 0.0138687
1900, 71.5794, 0.0139705
1901, 71.81329, 0.013925
1902, 71.36536, 0.0140124
1903, 72.02328, 0.0138844
1904, 70.82755, 0.0141188
1905, 72.99803, 0.013699
1906, 71.14197, 0.0140564
1907, 68.63795, 0.0145692
1908, 72.73362, 0.0137488
1909, 62.52423, 0.0159938
1910, 72.97672, 0.013703
1911, 81.89136, 0.0122113
1912, 63.90389, 0.0156485
1913, 83.97363, 0.0119085
1914, 73.76971, 0.0135557
1915, 69.68156, 0.014351
1916, 71.0071, 0.0140831
1917, 71.89899, 0.0139084
1918, 72.51474, 0.0137903
1919, 72.40343, 0.0138115
1920, 70.37199, 0.0142102
1921, 73.00655, 0.0136974
1922, 70.2479, 0.0142353
1923, 72.00772, 0.0138874
1924, 73.40311, 0.0136234
1925, 62.85078, 0.0159107
1926, 83.32014, 0.0120019
1927, 71.75609, 0.0139361
1928, 74.38318, 0.0134439
1929, 68.17329, 0.0146685
1930, 71.68665, 0.0139496
1931, 72.38928, 0.0138142
1932, 73.41766, 0.0136207
1933, 69.30343, 0.0144293
1934, 75.93937, 0.0131684
1935, 71.46788, 0.0139923
1936, 69.69612, 0.014348
1937, 70.67038, 0.0141502
1938, 72.33796, 0.013824
1939, 72.95116, 0.0137078
1940, 71.33125, 0.0140191
1941, 68.0448, 0.0146962
1942, 77.40057, 0.0129198
1943, 61.31283, 0.0163098
1944, 89.16709, 0.0112149
1945, 69.40781, 0.0144076
1946, 72.50317, 0.0137925
1947, 69.73112, 0.0143408
1948, 73.98365, 0.0135165
1949, 71.91761, 0.0139048
1950, 61.71849, 0.0162026
1951, 88.46348, 0.0113041
1952, 72.92722, 0.0137123
1953, 70.45528, 0.0141934
1954, 68.90944, 0.0145118
1955, 73.28316, 0.0136457
1956, 71.34602, 0.0140162
1957, 70.68387, 0.0141475
1958, 74.77195, 0.013374
1959, 69.67573, 0.0143522
1960, 73.72565, 0.0135638
1961, 71.16576, 0.0140517
1962, 72.11157, 0.0138674
1963, 63.06721, 0.0158561
1964, 83.03992, 0.0120424
1965, 70.10754, 0.0142638
1966, 73.12347, 0.0136755
1967, 71.65274, 0.0139562
1968, 72.41864, 0.0138086
1969, 72.4811, 0.0137967
1970, 73.75665, 0.0135581
1971, 71.36638, 0.0140122
1972, 73.16413, 0.0136679
1973, 71.74579, 0.0139381
1974, 71.68099, 0.0139507
1975, 71.66301, 0.0139542
1976, 71.50672, 0.0139847
1977, 69.7642, 0.014334
1978, 74.6263, 0.0134001
1979, 71.68613, 0.0139497
1980, 70.70836, 0.0141426
1981, 69.61849, 0.014364
1982, 71.67329, 0.0139522
1983, 60.94068, 0.0164094
1984, 92.30372, 0.0108338
1985, 68.92559, 0.0145084
1986, 72.44225, 0.0138041
1987, 69.83533, 0.0143194
1988, 72.88577, 0.0137201
1989, 58.87825, 0.0169842
1990, 62.46994, 0.0160077
1991, 86.83118, 0.0115166
1992, 53.19092, 0.0188002
1993, 162.0562, 0.0061707
1994, 72.16517, 0.0138571
1995, 69.97068, 0.0142917
1996, 73.16199, 0.0136683
1997, 72.37828, 0.0138163
1998, 74.86207, 0.0133579
1999, 71.0732, 0.01407
2000, 72.46114, 0.0138005
2001, 71.28752, 0.0140277
2002, 72.34267, 0.0138231
2003, 71.77463, 0.0139325
2004, 69.04885, 0.0144825
2005, 74.12569, 0.0134906
2006, 71.42194, 0.0140013
2007, 72.15007, 0.01386
2008, 73.13898, 0.0136726
2009, 68.73939, 0.0145477
2010, 62.97665, 0.0158789
2011, 83.21406, 0.0120172
2012, 71.95073, 0.0138984
2013, 71.35518, 0.0140144
2014, 72.83003, 0.0137306
2015, 71.47401, 0.0139911
2016, 70.9557, 0.0140933
2017, 73.28638, 0.0136451
2018, 71.16779, 0.0140513
2019, 72.66333, 0.0137621
2020, 71.7252, 0.0139421
2021, 62.71991, 0.0159439
2022, 82.65488, 0.0120985
2023, 70.09133, 0.0142671
2024, 73.39719, 0.0136245
2025, 71.28143, 0.0140289
2026, 73.37457, 0.0136287
2027, 71.02879, 0.0140788
2028, 75.05367, 0.0133238
2029, 71.15159, 0.0140545
2030, 72.32018, 0.0138274
2031, 71.04543, 0.0140755
2032, 72.65541, 0.0137636
2033, 71.9321, 0.013902
2034, 71.58401, 0.0139696
2035, 71.52001, 0.0139821
2036, 73.22359, 0.0136568
2037, 71.70206, 0.0139466
2038, 71.69538, 0.0139479
2039, 72.12197, 0.0138654
2040, 71.46839, 0.0139922
2041, 72.02276, 0.0138845
2042, 71.56762, 0.0139728
2043, 71.70927, 0.0139452
2044, 71.66763, 0.0139533
2045, 70.06776, 0.0142719
2046, 71.72212, 0.0139427
2047, 74.00446, 0.0135127
2048, 71.38371, 0.0140088
2049, 71.47707, 0.0139905
2050, 72.27627, 0.0138358
2051, 72.18237, 0.0138538
2052, 70.94815, 0.0140948
2053, 71.68613, 0.0139497
2054, 72.34215, 0.0138232
2055, 72.01342, 0.0138863
2056, 71.54099, 0.013978
2057, 72.35, 0.0138217
2058, 71.96316, 0.013896
2059, 71.83753, 0.0139203
2060, 71.19211, 0.0140465
2061, 71.53638, 0.0139789
2062, 71.90882, 0.0139065
2063, 72.46587, 0.0137996
2064, 71.30227, 0.0140248
2065, 71.28854, 0.0140275
2066, 72.74155, 0.0137473
2067, 71.93882, 0.0139007
2068, 72.04195, 0.0138808
2069, 72.00876, 0.0138872
2070, 71.01466, 0.0140816
2071, 71.84734, 0.0139184
2072, 72.10481, 0.0138687
2073, 71.79524, 0.0139285
2074, 71.05604, 0.0140734
2075, 72.0622, 0.0138769
2076, 72.26008, 0.0138389
2077, 72.22616, 0.0138454
2078, 71.64145, 0.0139584
2079, 71.38523, 0.0140085
2080, 72.54578, 0.0137844
2081, 72.06584, 0.0138762
2082, 68.81318, 0.0145321
2083, 72.11937, 0.0138659
2084, 71.0823, 0.0140682
2085, 63.63874, 0.0157137
2086, 75.48252, 0.0132481
2087, 76.4339, 0.0130832
2088, 72.34843, 0.013822
2089, 72.67125, 0.0137606
2090, 71.24638, 0.0140358
2091, 72.20425, 0.0138496
2092, 70.6115, 0.014162
2093, 74.43411, 0.0134347
2094, 70.33338, 0.014218
2095, 71.77875, 0.0139317
2096, 70.82304, 0.0141197
2097, 73.02362, 0.0136942
2098, 68.01935, 0.0147017
2099, 76.77248, 0.0130255
2100, 71.6435, 0.013958
2101, 71.38879, 0.0140078
2102, 70.74738, 0.0141348
2103, 64.71822, 0.0154516
2104, 81.3928, 0.0122861
2105, 72.21781, 0.013847
2106, 73.12721, 0.0136748
2107, 71.81432, 0.0139248
2108, 72.0295, 0.0138832
2109, 71.42041, 0.0140016
2110, 70.10017, 0.0142653
2111, 74.0187, 0.0135101
2112, 71.286, 0.014028
2113, 72.29195, 0.0138328
2114, 71.31294, 0.0140227
2115, 69.05029, 0.0144822
2116, 73.06416, 0.0136866
2117, 74.58624, 0.0134073
2118, 71.01768, 0.014081
2119, 75.22813, 0.0132929
2120, 71.11263, 0.0140622
2121, 70.33239, 0.0142182
2122, 69.10133, 0.0144715
2123, 74.17738, 0.0134812
2124, 71.13589, 0.0140576
2125, 68.74695, 0.0145461
2126, 73.71533, 0.0135657
2127, 74.04884, 0.0135046
2128, 70.3408, 0.0142165
2129, 76.02886, 0.0131529
2130, 71.1526, 0.0140543
2131, 71.8649, 0.013915
2132, 71.7566, 0.013936
2133, 71.51337, 0.0139834
2134, 70.99046, 0.0140864
2135, 73.19251, 0.0136626
2136, 72.89693, 0.013718
2137, 71.14703, 0.0140554
2138, 71.96574, 0.0138955
2139, 71.71081, 0.0139449
2140, 70.81751, 0.0141208
2141, 73.28853, 0.0136447
2142, 71.22761, 0.0140395
2143, 72.33325, 0.0138249
2144, 71.30379, 0.0140245
2145, 72.55315, 0.013783
2146, 66.76325, 0.0149783
2147, 74.76747, 0.0133748
2148, 71.93158, 0.0139021
2149, 39.8327, 0.025105
2150, 53.0997, 0.0188325
2151, 86.16307, 0.0116059
2152, 72.62217, 0.0137699
2153, 71.79472, 0.0139286
2154, 70.70486, 0.0141433
2155, 72.9991, 0.0136988
2156, 71.7494, 0.0139374
2157, 71.24841, 0.0140354
2158, 42.77032, 0.0233807
2159, 49.72824, 0.0201093
2160, 84.43592, 0.0118433
2161, 71.68562, 0.0139498
2162, 71.36944, 0.0140116
2163, 72.01809, 0.0138854
2164, 73.00655, 0.0136974
2165, 70.59355, 0.0141656
2166, 72.91659, 0.0137143
2167, 71.88711, 0.0139107
2168, 70.95621, 0.0140932
2169, 72.93307, 0.0137112
2170, 71.19363, 0.0140462
2171, 72.51579, 0.0137901
2172, 71.49138, 0.0139877
2173, 71.84425, 0.013919
2174, 71.73962, 0.0139393
2175, 70.73637, 0.014137
2176, 72.98098, 0.0137022
2177, 72.394, 0.0138133
2178, 71.61887, 0.0139628
2179, 71.49036, 0.0139879
2180, 70.53231, 0.0141779
2181, 71.73705, 0.0139398
2182, 70.16215, 0.0142527
2183, 71.96316, 0.013896
2184, 74.24071, 0.0134697
2185, 71.99061, 0.0138907
2186, 71.88608, 0.0139109
2187, 72.20008, 0.0138504
2188, 71.62914, 0.0139608
2189, 64.1552, 0.0155872
2190, 70.11639, 0.014262
2191, 83.40562, 0.0119896
2192, 72.48951, 0.0137951
2193, 71.99113, 0.0138906
2194, 70.74538, 0.0141352
2195, 56.95345, 0.0175582
2196, 72.46902, 0.013799
2197, 82.37708, 0.0121393
2198, 70.22669, 0.0142396
2199, 85.32714, 0.0117196
2200, 71.74888, 0.0139375
2201, 72.09181, 0.0138712
2202, 72.15893, 0.0138583
2203, 71.67482, 0.0139519
2204, 71.9528, 0.013898
2205, 72.20061, 0.0138503
2206, 71.86024, 0.0139159
2207, 71.18096, 0.0140487
2208, 71.82205, 0.0139233
2209, 72.40501, 0.0138112
2210, 71.13287, 0.0140582
2211, 72.11833, 0.0138661
2212, 71.67482, 0.0139519
2213, 71.76278, 0.0139348
2214, 71.91864, 0.0139046
2215, 71.70309, 0.0139464
2216, 71.87574, 0.0139129
2217, 72.09389, 0.0138708
2218, 71.42448, 0.0140008
2219, 71.90106, 0.013908
2220, 71.59221, 0.013968
2221, 72.17351, 0.0138555
2222, 70.66189, 0.0141519
2223, 73.37888, 0.0136279
2224, 71.90365, 0.0139075
2225, 71.34042, 0.0140173
2226, 71.99735, 0.0138894
2227, 71.99787, 0.0138893
2228, 71.77978, 0.0139315
2229, 71.15868, 0.0140531
2230, 72.63747, 0.013767
2231, 71.69846, 0.0139473
2232, 71.76433, 0.0139345
2233, 70.95923, 0.0140926
2234, 72.86665, 0.0137237
2235, 72.1459, 0.0138608
2236, 71.15361, 0.0140541
2237, 72.6628, 0.0137622
2238, 71.55891, 0.0139745
2239, 71.70309, 0.0139464
2240, 70.97433, 0.0140896
2241, 72.65224, 0.0137642
2242, 72.09545, 0.0138705
2243, 71.12527, 0.0140597
2244, 72.4307, 0.0138063
2245, 71.77102, 0.0139332
2246, 72.10481, 0.0138687
2247, 71.38727, 0.0140081
2248, 71.27686, 0.0140298
2249, 71.57069, 0.0139722
2250, 70.73537, 0.0141372
2251, 69.34669, 0.0144203
2252, 73.29121, 0.0136442
2253, 69.96236, 0.0142934
2254, 73.88034, 0.0135354
2255, 71.98025, 0.0138927
2256, 71.08331, 0.014068
2257, 68.58758, 0.0145799
2258, 76.07513, 0.0131449
2259, 68.86578, 0.014521
2260, 64.75552, 0.0154427
2261, 85.80009, 0.011655
2262, 71.14855, 0.0140551
2263, 74.35, 0.0134499
2264, 72.09026, 0.0138715
2265, 72.56631, 0.0137805
2266, 72.60424, 0.0137733
2267, 64.49324, 0.0155055
2268, 66.94157, 0.0149384
2269, 74.87945, 0.0133548
2270, 83.55405, 0.0119683
2271, 71.13893, 0.014057
2272, 72.49371, 0.0137943
2273, 70.87172, 0.01411
2274, 72.52421, 0.0137885
2275, 17.29168, 0.0578313
2276, 7.880525, 0.1268951
2277, 40.20699, 0.0248713
2278, 70.73837, 0.0141366
2279, 71.38829, 0.0140079
2280, 72.6438, 0.0137658
2281, 61.34856, 0.0163003
2282, 84.93291, 0.011774
2283, 71.91296, 0.0139057
2284, 71.50723, 0.0139846
2285, 79.07139, 0.0126468
2286, 70.73337, 0.0141376
2287, 72.07935, 0.0138736
2288, 72.12822, 0.0138642
2289, 69.99517, 0.0142867
2290, 73.90765, 0.0135304
2291, 70.3502, 0.0142146
2292, 72.42336, 0.0138077
2293, 71.92692, 0.013903
2294, 71.84682, 0.0139185
2295, 70.10116, 0.0142651
2296, 73.83834, 0.0135431
2297, 71.36027, 0.0140134
2298, 72.38404, 0.0138152
2299, 72.03988, 0.0138812
2300, 71.5236, 0.0139814
2301, 71.62041, 0.0139625
2302, 70.97333, 0.0140898
2303, 74.23574, 0.0134706
2304, 71.92692, 0.013903
2305, 71.14957, 0.0140549
2306, 71.80555, 0.0139265
2307, 70.46273, 0.0141919
2308, 73.67188, 0.0135737
2309, 71.18704, 0.0140475
2310, 72.3788, 0.0138162
2311, 70.93406, 0.0140976
2312, 70.97987, 0.0140885
2313, 72.59686, 0.0137747
2314, 72.4832, 0.0137963
2315, 71.77566, 0.0139323
2316, 72.1381, 0.0138623
2317, 71.65479, 0.0139558
2318, 71.84269, 0.0139193
2319, 70.68487, 0.0141473
2320, 70.49998, 0.0141844
2321, 74.67647, 0.0133911
2322, 70.20303, 0.0142444
2323, 72.8693, 0.0137232
2324, 72.57052, 0.0137797
2325, 70.75838, 0.0141326
2326, 72.14435, 0.0138611
2327, 71.40307, 0.014005
2328, 72.65171, 0.0137643
2329, 71.05351, 0.0140739
2330, 71.97092, 0.0138945
2331, 71.18451, 0.014048
2332, 73.0695, 0.0136856
2333, 71.57274, 0.0139718
2334, 72.23607, 0.0138435
2335, 71.3511, 0.0140152
2336, 71.6435, 0.013958
2337, 71.36078, 0.0140133
2338, 72.95914, 0.0137063
2339, 71.36333, 0.0140128
2340, 72.0835, 0.0138728
2341, 71.4924, 0.0139875
2342, 71.43725, 0.0139983
2343, 71.98906, 0.013891
2344, 72.94637, 0.0137087
2345, 71.38166, 0.0140092
2346, 71.43877, 0.013998
2347, 71.5794, 0.0139705
2348, 71.89899, 0.0139084
2349, 72.03158, 0.0138828
2350, 71.8716, 0.0139137
2351, 71.23015, 0.014039
2352, 71.6851, 0.0139499
2353, 72.16726, 0.0138567
2354, 70.54475, 0.0141754
2355, 72.68287, 0.0137584
2356, 72.72251, 0.0137509
2357, 71.95798, 0.013897
2358, 71.93727, 0.013901
2359, 71.18755, 0.0140474
2360, 72.21625, 0.0138473
2361, 72.01238, 0.0138865
2362, 70.78944, 0.0141264
2363, 72.83798, 0.0137291
2364, 69.97705, 0.0142904
2365, 73.29121, 0.0136442
2366, 72.56473, 0.0137808
2367, 71.0081, 0.0140829
2368, 72.65752, 0.0137632
2369, 71.29007, 0.0140272
2370, 71.5011, 0.0139858
2371, 72.20529, 0.0138494
2372, 71.88039, 0.013912
2373, 71.56096, 0.0139741
2374, 70.67138, 0.01415
2375, 73.22306, 0.0136569
2376, 72.0321, 0.0138827
2377, 72.12614, 0.0138646
2378, 71.52309, 0.0139815
2379, 71.85664, 0.0139166
2380, 71.21848, 0.0140413
2381, 72.01447, 0.0138861
2382, 72.20895, 0.0138487
2383, 71.22811, 0.0140394
2384, 72.1355, 0.0138628
2385, 72.1459, 0.0138608
2386, 71.79936, 0.0139277
2387, 72.28045, 0.013835
2388, 71.69846, 0.0139473
2389, 71.71543, 0.013944
2390, 71.8334, 0.0139211
2391, 71.70464, 0.0139461
2392, 71.88297, 0.0139115
2393, 71.42041, 0.0140016
2394, 71.64299, 0.0139581
2395, 71.58043, 0.0139703
2396, 72.65594, 0.0137635
2397, 71.14298, 0.0140562
2398, 71.71543, 0.013944
2399, 72.32436, 0.0138266
2400, 71.5016, 0.0139857
2401, 72.07571, 0.0138743
2402, 72.29299, 0.0138326
2403, 71.0192, 0.0140807
2404, 71.93934, 0.0139006
2405, 70.67138, 0.01415
2406, 74.02966, 0.0135081
2407, 71.27736, 0.0140297
2408, 71.67329, 0.0139522
2409, 72.38771, 0.0138145
2410, 70.69286, 0.0141457
2411, 72.4748, 0.0137979
2412, 72.38194, 0.0138156
2413, 71.78854, 0.0139298
2414, 71.2799, 0.0140292
2415, 70.83056, 0.0141182
2416, 73.6144, 0.0135843
2417, 71.56096, 0.0139741
2418, 72.01706, 0.0138856
2419, 70.62147, 0.01416
2420, 73.09674, 0.0136805
2421, 71.91968, 0.0139044
2422, 70.58259, 0.0141678
2423, 72.72675, 0.0137501
2424, 71.98958, 0.0138909
2425, 71.50519, 0.013985
2426, 71.88918, 0.0139103
2427, 72.13446, 0.013863
2428, 70.74337, 0.0141356
2429, 65.22392, 0.0153318
2430, 69.43143, 0.0144027
2431, 84.65107, 0.0118132
2432, 71.36893, 0.0140117
2433, 71.51081, 0.0139839
2434, 71.39594, 0.0140064
2435, 72.26896, 0.0138372
2436, 72.63852, 0.0137668
2437, 56.42099, 0.0177239
2438, 82.30724, 0.0121496
2439, 85.11218, 0.0117492
2440, 70.69836, 0.0141446
2441, 72.99537, 0.0136995
2442, 72.30031, 0.0138312
2443, 71.39236, 0.0140071
2444, 71.98543, 0.0138917
2445, 71.89641, 0.0139089
2446, 70.25136, 0.0142346
2447, 73.86343, 0.0135385
2448, 71.88039, 0.013912
2449, 71.64761, 0.0139572
2450, 71.66866, 0.0139531
2451, 71.06866, 0.0140709
2452, 70.9819, 0.0140881
2453, 71.71646, 0.0139438
2454, 73.44894, 0.0136149
2455, 69.22427, 0.0144458
2456, 71.44031, 0.0139977
2457, 70.02065, 0.0142815
2458, 71.50519, 0.013985
2459, 74.30415, 0.0134582
2460, 75.38124, 0.0132659
2461, 68.6568, 0.0145652
2462, 64.56487, 0.0154883
2463, 84.15879, 0.0118823
2464, 70.78995, 0.0141263
2465, 72.73627, 0.0137483
2466, 72.17611, 0.013855
2467, 71.61734, 0.0139631
2468, 72.89055, 0.0137192
2469, 71.82721, 0.0139223
2470, 69.93301, 0.0142994
2471, 73.9541, 0.0135219
2472, 72.30605, 0.0138301
2473, 71.58504, 0.0139694
2474, 71.12628, 0.0140595
2475, 72.4811, 0.0137967
2476, 71.13387, 0.014058
2477, 72.79133, 0.0137379
2478, 71.62093, 0.0139624
2479, 71.76484, 0.0139344
2480, 71.42142, 0.0140014
2481, 71.84579, 0.0139187
2482, 71.29769, 0.0140257
2483, 72.2559, 0.0138397
2484, 70.72886, 0.0141385
2485, 72.81783, 0.0137329
2486, 70.94262, 0.0140959
2487, 72.7019, 0.0137548
2488, 71.60093, 0.0139663
2489, 72.28201, 0.0138347
2490, 71.84218, 0.0139194
2491, 71.75866, 0.0139356
2492, 71.73859, 0.0139395
2493, 72.04559, 0.0138801
2494, 70.45528, 0.0141934
2495, 73.06363, 0.0136867
2496, 70.48011, 0.0141884
2497, 73.50076, 0.0136053
2498, 71.79008, 0.0139295
2499, 71.45971, 0.0139939
2500, 71.27279, 0.0140306
2501, 72.73838, 0.0137479
2502, 71.72263, 0.0139426
2503, 71.77, 0.0139334
2504, 71.65788, 0.0139552
2505, 72.00979, 0.013887
2506, 70.93658, 0.0140971
2507, 72.87461, 0.0137222
2508, 71.79008, 0.0139295
2509, 71.87885, 0.0139123
2510, 72.29874, 0.0138315
2511, 71.49956, 0.0139861
2512, 70.97685, 0.0140891
2513, 72.81731, 0.013733
2514, 71.91864, 0.0139046
2515, 71.41684, 0.0140023
2516, 71.4735, 0.0139912
2517, 72.11157, 0.0138674
2518, 71.79782, 0.013928
2519, 71.95332, 0.0138979
2520, 71.19009, 0.0140469
2521, 71.85664, 0.0139166
2522, 72.0155, 0.0138859
2523, 71.84734, 0.0139184
2524, 70.92149, 0.0141001
2525, 72.96873, 0.0137045
2526, 71.94193, 0.0139001
2527, 71.48781, 0.0139884
2528, 70.94714, 0.014095
2529, 73.02895, 0.0136932
2530, 71.79111, 0.0139293
2531, 71.74888, 0.0139375
2532, 71.79575, 0.0139284
2533, 71.89435, 0.0139093
2534, 71.7906, 0.0139294
2535, 70.60202, 0.0141639
2536, 72.82632, 0.0137313
2537, 72.50212, 0.0137927
2538, 71.50877, 0.0139843
2539, 71.20732, 0.0140435
2540, 72.22616, 0.0138454
2541, 71.81844, 0.013924
2542, 71.78133, 0.0139312
2543, 71.89693, 0.0139088
2544, 72.07883, 0.0138737
2545, 71.14805, 0.0140552
2546, 72.48951, 0.0137951
2547, 71.7391, 0.0139394
2548, 71.92589, 0.0139032
2549, 71.61015, 0.0139645
2550, 71.35722, 0.014014
2551, 71.84992, 0.0139179
2552, 72.53683, 0.0137861
2553, 71.35263, 0.0140149
2554, 71.53178, 0.0139798
2555, 72.55999, 0.0137817
2556, 71.31345, 0.0140226
2557, 72.64063, 0.0137664
2558, 71.42603, 0.0140005
2559, 72.0887, 0.0138718
2560, 71.59939, 0.0139666
2561, 71.9083, 0.0139066
2562, 70.29729, 0.0142253
2563, 73.56241, 0.0135939
2564, 72.04559, 0.0138801
2565, 70.80448, 0.0141234
2566, 72.97033, 0.0137042
2567, 71.88453, 0.0139112
2568, 71.80091, 0.0139274
2569, 71.67431, 0.013952
2570, 72.01083, 0.0138868
2571, 71.40511, 0.0140046
2572, 72.05805, 0.0138777
2573, 70.9688, 0.0140907
2574, 72.72198, 0.013751
2575, 71.29464, 0.0140263
2576, 72.15476, 0.0138591
2577, 71.5958, 0.0139673
2578, 72.18237, 0.0138538
2579, 71.34093, 0.0140172
2580, 71.55533, 0.0139752
2581, 72.60107, 0.0137739
2582, 71.604, 0.0139657
2583, 71.45103, 0.0139956
2584, 71.88297, 0.0139115
2585, 71.24791, 0.0140355
2586, 72.76008, 0.0137438
2587, 71.62298, 0.013962
2588, 72.00098, 0.0138887
2589, 71.95383, 0.0138978
2590, 71.54253, 0.0139777
2591, 70.9557, 0.0140933
2592, 72.8693, 0.0137232
2593, 71.8071, 0.0139262
2594, 71.46686, 0.0139925
2595, 71.99165, 0.0138905
2596, 72.1433, 0.0138613
2597, 70.9693, 0.0140906
2598, 72.82207, 0.0137321
2599, 71.45154, 0.0139955
2600, 72.24911, 0.013841
2601, 71.56454, 0.0139734
2602, 72.63905, 0.0137667
2603, 69.85582, 0.0143152
2604, 74.0176, 0.0135103
2605, 70.68736, 0.0141468
2606, 72.45274, 0.0138021
2607, 72.0015, 0.0138886
2608, 72.18132, 0.013854
2609, 70.77592, 0.0141291
2610, 73.16145, 0.0136684
2611, 71.49598, 0.0139868
2612, 71.5917, 0.0139681
2613, 71.96264, 0.0138961
2614, 71.48321, 0.0139893
2615, 70.33635, 0.0142174
2616, 73.6041, 0.0135862
2617, 71.63119, 0.0139604
2618, 71.86541, 0.0139149
2619, 71.5195, 0.0139822
2620, 72.45747, 0.0138012
2621, 70.89584, 0.0141052
2622, 72.40501, 0.0138112
2623, 71.66609, 0.0139536
2624, 71.90003, 0.0139082
2625, 71.70721, 0.0139456
2626, 71.2408, 0.0140369
2627, 71.83753, 0.0139203
2628, 72.71511, 0.0137523
2629, 71.98595, 0.0138916
2630, 71.4592, 0.013994
2631, 71.91864, 0.0139046
2632, 70.9819, 0.0140881
2633, 70.41509, 0.0142015
2634, 73.39611, 0.0136247
2635, 72.16309, 0.0138575
2636, 72.74632, 0.0137464
2637, 71.72058, 0.013943
2638, 71.01415, 0.0140817
2639, 70.49651, 0.0141851
2640, 74.28317, 0.013462
2641, 71.03786, 0.014077
2642, 70.91394, 0.0141016
2643, 74.00117, 0.0135133
2644, 71.75197, 0.0139369
2645, 70.72385, 0.0141395
2646, 72.87514, 0.0137221
2647, 71.98595, 0.0138916
2648, 71.20225, 0.0140445
2649, 72.36623, 0.0138186
2650, 70.48806, 0.0141868
2651, 70.90438, 0.0141035
2652, 73.32131, 0.0136386
2653, 72.186, 0.0138531
2654, 71.48321, 0.0139893
2655, 71.44949, 0.0139959
2656, 72.16257, 0.0138576
2657, 71.3343, 0.0140185
2658, 71.82412, 0.0139229
2659, 71.89641, 0.0139089
2660, 73.20216, 0.0136608
2661, 71.37656, 0.0140102
2662, 71.58144, 0.0139701
2663, 71.92641, 0.0139031
2664, 72.3186, 0.0138277
2665, 71.62195, 0.0139622
2666, 71.17539, 0.0140498
2667, 72.34843, 0.013822
2668, 71.63734, 0.0139592
2669, 71.72263, 0.0139426
2670, 72.31442, 0.0138285
2671, 71.42603, 0.0140005
2672, 71.45869, 0.0139941
2673, 71.87212, 0.0139136
2674, 71.78391, 0.0139307
2675, 70.27654, 0.0142295
2676, 74.87159, 0.0133562
2677, 71.4046, 0.0140047
2678, 71.59221, 0.013968
2679, 71.79266, 0.013929
2680, 72.31338, 0.0138287
2681, 71.05301, 0.014074
2682, 72.23033, 0.0138446
2683, 71.22609, 0.0140398
2684, 72.12041, 0.0138657
2685, 70.19415, 0.0142462
2686, 73.67893, 0.0135724
2687, 71.46379, 0.0139931
2688, 71.0313, 0.0140783
2689, 71.97766, 0.0138932
2690, 72.03158, 0.0138828
2691, 71.41684, 0.0140023
2692, 72.50002, 0.0137931
2693, 71.9295, 0.0139025
2694, 70.74638, 0.014135
2695, 72.5642, 0.0137809
2696, 72.03988, 0.0138812
2697, 72.70982, 0.0137533
2698, 71.43112, 0.0139995
2699, 71.83031, 0.0139217
2700, 72.00928, 0.0138871
2701, 71.4449, 0.0139968
2702, 72.11625, 0.0138665
2703, 71.35569, 0.0140143
2704, 72.1355, 0.0138628
2705, 70.89333, 0.0141057
2706, 71.33075, 0.0140192
2707, 73.62523, 0.0135823
2708, 71.68048, 0.0139508
2709, 71.92847, 0.0139027
2710, 71.79163, 0.0139292
2711, 71.36485, 0.0140125
2712, 72.01031, 0.0138869
2713, 71.93417, 0.0139016
2714, 71.77412, 0.0139326
2715, 71.90262, 0.0139077
2716, 71.66763, 0.0139533
2717, 72.13029, 0.0138638
2718, 71.09544, 0.0140656
2719, 72.43962, 0.0138046
2720, 71.92641, 0.0139031
2721, 71.7067, 0.0139457
2722, 71.35874, 0.0140137
2723, 72.23294, 0.0138441
2724, 71.49445, 0.0139871
2725, 72.44749, 0.0138031
2726, 71.04038, 0.0140765
2727, 70.53231, 0.0141779
2728, 72.99537, 0.0136995
2729, 72.5721, 0.0137794
2730, 71.08584, 0.0140675
2731, 72.54156, 0.0137852
2732, 71.46328, 0.0139932
2733, 71.65069, 0.0139566
2734, 72.02276, 0.0138845
2735, 71.58913, 0.0139686
2736, 70.99852, 0.0140848
2737, 73.1545, 0.0136697
2738, 70.88177, 0.014108
2739, 72.65224, 0.0137642
2740, 71.72984, 0.0139412
2741, 71.44643, 0.0139965
2742, 71.0621, 0.0140722
2743, 73.10743, 0.0136785
2744, 71.94607, 0.0138993
2745, 71.01617, 0.0140813
2746, 72.4412, 0.0138043
2747, 71.5011, 0.0139858
2748, 72.04404, 0.0138804
2749, 71.93106, 0.0139022
2750, 71.86438, 0.0139151
2751, 71.80761, 0.0139261
2752, 72.10221, 0.0138692
2753, 71.55379, 0.0139755
2754, 70.63045, 0.0141582
2755, 73.02841, 0.0136933
2756, 71.68973, 0.013949
2757, 71.5011, 0.0139858
2758, 72.62639, 0.0137691
2759, 70.90942, 0.0141025
2760, 70.22866, 0.0142392
2761, 74.3511, 0.0134497
2762, 71.67585, 0.0139517
2763, 71.29464, 0.0140263
2764, 71.41378, 0.0140029
2765, 72.01291, 0.0138864
2766, 71.15108, 0.0140546
2767, 72.24233, 0.0138423
2768, 72.40343, 0.0138115
2769, 71.77102, 0.0139332
2770, 71.57735, 0.0139709
2771, 71.49547, 0.0139869
2772, 70.77642, 0.014129
2773, 73.79366, 0.0135513
2774, 71.40511, 0.0140046
2775, 71.67893, 0.0139511
2776, 68.81981, 0.0145307
2777, 75.49847, 0.0132453
2778, 70.71635, 0.014141
2779, 72.51526, 0.0137902
2780, 72.32279, 0.0138269
2781, 71.53741, 0.0139787
2782, 71.60297, 0.0139659
2783, 72.4622, 0.0138003
2784, 69.71556, 0.014344
2785, 74.0631, 0.013502
2786, 70.80247, 0.0141238
2787, 72.76537, 0.0137428
2788, 71.40613, 0.0140044
2789, 72.0861, 0.0138723
2790, 71.0727, 0.0140701
2791, 71.90572, 0.0139071
2792, 71.92485, 0.0139034
2793, 70.9406, 0.0140963
2794, 72.66228, 0.0137623
2795, 70.80197, 0.0141239
2796, 72.57316, 0.0137792
2797, 72.64222, 0.0137661
2798, 71.71132, 0.0139448
2799, 71.01869, 0.0140808
2800, 72.7765, 0.0137407
2801, 71.50979, 0.0139841
2802, 71.67482, 0.0139519
2803, 71.34296, 0.0140168
2804, 71.60913, 0.0139647
2805, 72.2486, 0.0138411
2806, 70.07267, 0.0142709
2807, 73.01881, 0.0136951
2808, 72.33064, 0.0138254
2809, 72.23399, 0.0138439
2810, 71.75866, 0.0139356
2811, 36.15146, 0.0276614
2812, 70.80899, 0.0141225
2813, 72.06999, 0.0138754
2814, 71.53127, 0.0139799
2815, 71.78133, 0.0139312
2816, 70.97987, 0.0140885
2817, 73.84815, 0.0135413
2818, 71.54919, 0.0139764
2819, 71.70824, 0.0139454
2820, 71.87522, 0.013913
2821, 71.60297, 0.0139659
2822, 71.97455, 0.0138938
2823, 71.67739, 0.0139514
2824, 72.00409, 0.0138881
2825, 71.73705, 0.0139398
2826, 72.40658, 0.0138109
2827, 70.30223, 0.0142243
2828, 72.94904, 0.0137082
2829, 71.97973, 0.0138928
2830, 71.95487, 0.0138976
2831, 71.27837, 0.0140295
2832, 72.64275, 0.013766
2833, 71.33482, 0.0140184
2834, 72.04871, 0.0138795
2835, 71.56711, 0.0139729
2836, 70.83607, 0.0141171
2837, 73.03215, 0.0136926
2838, 70.62147, 0.01416
2839, 73.09087, 0.0136816
2840, 71.74476, 0.0139383
2841, 71.33482, 0.0140184
2842, 71.48933, 0.0139881
2843, 71.21696, 0.0140416
2844, 73.28101, 0.0136461
2845, 71.75969, 0.0139354
2846, 71.46124, 0.0139936
2847, 69.19601, 0.0144517
2848, 75.00356, 0.0133327
2849, 72.01757, 0.0138855
2850, 71.43367, 0.013999
2851, 71.79163, 0.0139292
2852, 71.76536, 0.0139343
2853, 71.61631, 0.0139633
2854, 71.753, 0.0139367
2855, 70.97534, 0.0140894
2856, 73.49644, 0.0136061
2857, 70.95721, 0.014093
2858, 71.75454, 0.0139364
2859, 72.54156, 0.0137852
2860, 72.03002, 0.0138831
2861, 71.8773, 0.0139126
2862, 71.64401, 0.0139579
2863, 71.78442, 0.0139306
2864, 72.03262, 0.0138826
2865, 72.15632, 0.0138588
2866, 71.17387, 0.0140501
2867, 69.98978, 0.0142878
2868, 74.16747, 0.013483
2869, 71.18907, 0.0140471
2870, 72.60055, 0.013774
2871, 71.93831, 0.0139008
2872, 71.50263, 0.0139855
2873, 71.21391, 0.0140422
2874, 69.78416, 0.0143299
2875, 73.63824, 0.0135799
2876, 71.10909, 0.0140629
2877, 73.01242, 0.0136963
2878, 72.1329, 0.0138633
2879, 71.57684, 0.013971
2880, 71.31396, 0.0140225
2881, 71.44745, 0.0139963
2882, 71.83186, 0.0139214
2883, 72.43962, 0.0138046
2884, 70.93003, 0.0140984
2885, 72.81094, 0.0137342
2886, 71.51337, 0.0139834
2887, 71.75042, 0.0139372
2888, 72.5058, 0.013792
2889, 71.75248, 0.0139368
2890, 71.91244, 0.0139058
2891, 68.31021, 0.0146391
2892, 74.18893, 0.0134791
2893, 74.01815, 0.0135102
2894, 72.619, 0.0137705
2895, 71.14653, 0.0140555
2896, 71.7973, 0.0139281
2897, 72.16673, 0.0138568
2898, 70.90237, 0.0141039
2899, 72.96394, 0.0137054
2900, 71.40562, 0.0140045
2901, 71.54713, 0.0139768
2902, 71.97092, 0.0138945
2903, 72.06844, 0.0138757
2904, 71.32973, 0.0140194
2905, 72.63061, 0.0137683
2906, 71.54919, 0.0139764
2907, 70.5816, 0.014168
2908, 72.41025, 0.0138102
2909, 72.51316, 0.0137906
2910, 70.36308, 0.014212
2911, 72.90012, 0.0137174
2912, 70.82404, 0.0141195
2913, 70.72486, 0.0141393
2914, 73.91038, 0.0135299
2915, 71.32159, 0.014021
2916, 68.09392, 0.0146856
2917, 75.60294, 0.013227
2918, 72.70348, 0.0137545
2919, 70.00742, 0.0142842
2920, 72.68287, 0.0137584
2921, 72.57316, 0.0137792
2922, 71.04543, 0.0140755
2923, 72.7606, 0.0137437
2924, 70.0285, 0.0142799
2925, 73.30303, 0.013642
2926, 72.92829, 0.0137121
2927, 71.05654, 0.0140733
2928, 71.753, 0.0139367
2929, 71.75763, 0.0139358
2930, 72.5463, 0.0137843
2931, 70.30618, 0.0142235
2932, 73.2043, 0.0136604
2933, 72.10065, 0.0138695
2934, 71.16323, 0.0140522
2935, 72.46797, 0.0137992
2936, 71.85457, 0.013917
2937, 72.0404, 0.0138811
2938, 72.08818, 0.0138719
2939, 71.49189, 0.0139876
2940, 71.06007, 0.0140726
2941, 72.73309, 0.0137489
2942, 71.8494, 0.013918
2943, 71.44745, 0.0139963
2944, 71.15766, 0.0140533
2945, 72.63958, 0.0137666
2946, 69.20607, 0.0144496
2947, 74.17682, 0.0134813
2948, 71.10757, 0.0140632
2949, 59.2175, 0.0168869
2950, 72.186, 0.0138531
2951, 71.94038, 0.0139004
2952, 50.33802, 0.0198657
2953, 199.1873, 0.0050204
2954, 72.17455, 0.0138553
2955, 71.20681, 0.0140436
2956, 72.16465, 0.0138572
2957, 71.02374, 0.0140798
2958, 71.91193, 0.0139059
2959, 72.7855, 0.013739
2960, 71.89279, 0.0139096
2961, 71.22152, 0.0140407
2962, 72.33169, 0.0138252
2963, 71.36689, 0.0140121
2964, 72.07935, 0.0138736
2965, 71.69795, 0.0139474
2966, 71.27583, 0.01403
2967, 71.94038, 0.0139004
2968, 70.84612, 0.0141151
2969, 72.28619, 0.0138339
2970, 72.15215, 0.0138596
2971, 72.96927, 0.0137044
2972, 71.58913, 0.0139686
2973, 71.69178, 0.0139486
2974, 71.61426, 0.0139637
2975, 72.04922, 0.0138794
2976, 70.81251, 0.0141218
2977, 73.42413, 0.0136195
2978, 70.04714, 0.0142761
2979, 72.90755, 0.013716
2980, 72.26373, 0.0138382
2981, 71.2134, 0.0140423
2982, 72.56473, 0.0137808
2983, 71.95901, 0.0138968
2984, 71.20782, 0.0140434
2985, 71.77824, 0.0139318
2986, 72.5463, 0.0137843
2987, 71.2403, 0.014037
2988, 70.72986, 0.0141383
2989, 74.07462, 0.0134999
2990, 70.83006, 0.0141183
2991, 70.59804, 0.0141647
2992, 72.90649, 0.0137162
2993, 71.604, 0.0139657
2994, 72.38037, 0.0138159
2995, 72.00824, 0.0138873
2996, 70.30074, 0.0142246
2997, 72.5937, 0.0137753
2998, 71.37861, 0.0140098
2999, 71.52871, 0.0139804
3000, 72.03677, 0.0138818
3001, 71.14805, 0.0140552
3002, 70.61948, 0.0141604
3003, 74.43799, 0.013434
3004, 71.30023, 0.0140252
3005, 72.22772, 0.0138451
3006, 72.24598, 0.0138416
3007, 73.46027, 0.0136128
3008, 69.90807, 0.0143045
3009, 72.7998, 0.0137363
3010, 71.79111, 0.0139293
3011, 71.30836, 0.0140236
3012, 71.4046, 0.0140047
3013, 73.30035, 0.0136425
3014, 71.66609, 0.0139536
3015, 71.92434, 0.0139035
3016, 70.95016, 0.0140944
3017, 71.85508, 0.0139169
3018, 73.20269, 0.0136607
3019, 71.63734, 0.0139592
3020, 70.10312, 0.0142647
3021, 71.45256, 0.0139953
3022, 75.00076, 0.0133332
3023, 71.05402, 0.0140738
3024, 71.86231, 0.0139155
3025, 71.64452, 0.0139578
3026, 70.5552, 0.0141733
3027, 73.09247, 0.0136813
3028, 70.77341, 0.0141296
3029, 72.44067, 0.0138044
3030, 71.21493, 0.014042
3031, 71.93313, 0.0139018
3032, 72.0965, 0.0138703
3033, 71.63324, 0.01396
3034, 71.59682, 0.0139671
3035, 71.64812, 0.0139571
3036, 71.75815, 0.0139357
3037, 71.63888, 0.0139589
3038, 72.74208, 0.0137472
3039, 70.97081, 0.0140903
3040, 69.10993, 0.0144697
3041, 72.25538, 0.0138398
3042, 69.58264, 0.0143714
3043, 69.72237, 0.0143426
3044, 64.68933, 0.0154585
3045, 71.82721, 0.0139223
3046, 71.9673, 0.0138952
3047, 83.54428, 0.0119697
3048, 73.6974, 0.013569
3049, 70.85013, 0.0141143
3050, 75.75585, 0.0132003
3051, 72.41077, 0.0138101
3052, 71.83134, 0.0139215
3053, 71.86076, 0.0139158
3054, 71.38472, 0.0140086
3055, 70.97182, 0.0140901
3056, 72.91978, 0.0137137
3057, 71.45664, 0.0139945
3058, 72.59317, 0.0137754
3059, 66.61693, 0.0150112
3060, 73.73978, 0.0135612
3061, 58.20755, 0.0171799
3062, 72.88683, 0.0137199
3063, 78.40555, 0.0127542
3064, 81.71069, 0.0122383
3065, 70.07316, 0.0142708
3066, 72.6459, 0.0137654
3067, 73.30465, 0.0136417
3068, 67.50736, 0.0148132
3069, 76.49763, 0.0130723
3070, 73.51373, 0.0136029
3071, 71.82825, 0.0139221
3072, 71.41939, 0.0140018
3073, 71.286, 0.014028
3074, 76.56733, 0.0130604
3075, 69.12857, 0.0144658
3076, 71.35569, 0.0140143
3077, 71.81535, 0.0139246
3078, 73.44517, 0.0136156
3079, 70.97081, 0.0140903
3080, 73.48834, 0.0136076
3081, 70.10165, 0.014265
3082, 70.79947, 0.0141244
3083, 71.64555, 0.0139576
3084, 72.41969, 0.0138084
3085, 70.59155, 0.014166
3086, 73.50023, 0.0136054
3087, 71.60657, 0.0139652
3088, 71.99476, 0.0138899
3089, 70.32151, 0.0142204
3090, 73.46891, 0.0136112
3091, 68.2701, 0.0146477
3092, 75.28249, 0.0132833
3093, 71.63734, 0.0139592
3094, 71.42603, 0.0140005
3095, 65.36546, 0.0152986
3096, 80.14169, 0.0124779
3097, 70.26666, 0.0142315
3098, 72.93414, 0.013711
3099, 76.35686, 0.0130964
3100, 70.82053, 0.0141202
3101, 72.3788, 0.0138162
3102, 71.53536, 0.0139791
3103, 64.96755, 0.0153923
3104, 77.82404, 0.0128495
3105, 71.76381, 0.0139346
3106, 71.9021, 0.0139078
3107, 71.79111, 0.0139293
3108, 69.76176, 0.0143345
3109, 72.74368, 0.0137469
3110, 66.9474, 0.0149371
3111, 70.68387, 0.0141475
3112, 76.83383, 0.0130151
3113, 74.4818, 0.0134261
3114, 70.06776, 0.0142719
3115, 72.33901, 0.0138238
3116, 72.63799, 0.0137669
3117, 70.56764, 0.0141708
3118, 77.08258, 0.0129731
3119, 70.91042, 0.0141023
3120, 72.46272, 0.0138002
3121, 71.28549, 0.0140281
3122, 71.37606, 0.0140103
3123, 72.21833, 0.0138469
3124, 71.63016, 0.0139606
3125, 72.39557, 0.013813
3126, 71.89021, 0.0139101
3127, 50.6809, 0.0197313
3128, 94.36099, 0.0105976
3129, 86.75209, 0.0115271
3130, 72.30501, 0.0138303
3131, 70.57412, 0.0141695
3132, 71.91709, 0.0139049
3133, 23.75686, 0.0420931
