Frame, FPS, Frame Time
1, 50, 0.02
2, 50, 0.02
3, 3, 0.3333333
4, 5.304547, 0.1885175
5, 20.52533, 0.0487203
6, 132.6946, 0.0075361
7, 73.44463, 0.0136157
8, 71.99632, 0.0138896
9, 73.66374, 0.0135752
10, 71.79111, 0.0139293
11, 72.24702, 0.0138414
12, 71.06765, 0.0140711
13, 69.47436, 0.0143938
14, 73.51698, 0.0136023
15, 73.04709, 0.0136898
16, 71.868, 0.0139144
17, 73.03055, 0.0136929
18, 73.13203, 0.0136739
19, 71.75145, 0.013937
20, 71.66096, 0.0139546
21, 71.8071, 0.0139262
22, 71.80761, 0.0139261
23, 72.18288, 0.0138537
24, 23.83495, 0.0419552
25, 70.97887, 0.0140887
26, 73.48618, 0.013608
27, 71.94711, 0.0138991
28, 70.69886, 0.0141445
29, 72.34425, 0.0138228
30, 71.45205, 0.0139954
31, 72.72516, 0.0137504
32, 71.13792, 0.0140572
33, 72.44749, 0.0138031
34, 71.74734, 0.0139378
35, 71.2403, 0.014037
36, 72.28306, 0.0138345
37, 72.21155, 0.0138482
38, 71.28041, 0.0140291
39, 72.43018, 0.0138064
40, 35.74876, 0.027973
41, 72.30449, 0.0138304
42, 71.69178, 0.0139486
43, 71.26872, 0.0140314
44, 72.51947, 0.0137894
45, 71.00558, 0.0140834
46, 72.36047, 0.0138197
47, 71.92537, 0.0139033
48, 54.57592, 0.0183231
49, 67.73508, 0.0147634
50, 14.69221, 0.0680633
51, 65.58022, 0.0152485
52, 75.28419, 0.013283
53, 67.42315, 0.0148317
54, 23.89715, 0.041846
55, 57.59639, 0.0173622
56, 83.63092, 0.0119573
57, 68.45049, 0.0146091
58, 72.38456, 0.0138151
59, 70.89182, 0.014106
60, 71.68613, 0.0139497
61, 69.36497, 0.0144165
62, 73.24022, 0.0136537
63, 69.42516, 0.014404
64, 72.14227, 0.0138615
65, 71.89331, 0.0139095
66, 72.24911, 0.013841
67, 71.47861, 0.0139902
68, 71.02575, 0.0140794
69, 71.31193, 0.0140229
70, 63.39747, 0.0157735
71, 81.67866, 0.0122431
72, 72.27522, 0.013836
73, 71.20123, 0.0140447
74, 72.28358, 0.0138344
75, 71.93054, 0.0139023
76, 71.63734, 0.0139592
77, 70.87072, 0.0141102
78, 36.1465, 0.0276652
79, 71.49547, 0.0139869
80, 71.83908, 0.01392
81, 71.67534, 0.0139518
82, 70.32151, 0.0142204
83, 72.74844, 0.013746
84, 63.04972, 0.0158605
85, 83.60995, 0.0119603
86, 71.30634, 0.014024
87, 72.4412, 0.0138043
88, 70.76189, 0.0141319
89, 71.5016, 0.0139857
90, 71.41837, 0.014002
91, 71.24537, 0.014036
92, 72.96181, 0.0137058
93, 71.2403, 0.014037
94, 71.20681, 0.0140436
95, 73.31325, 0.0136401
96, 71.27075, 0.014031
97, 71.77772, 0.0139319
98, 59.11493, 0.0169162
99, 57.24098, 0.01747
100, 133.833, 0.007472
101, 72.04352, 0.0138805
102, 71.36689, 0.0140121
103, 72.69978, 0.0137552
104, 71.03786, 0.014077
105, 72.04974, 0.0138793
106, 36.05098, 0.0277385
107, 70.89333, 0.0141057
108, 71.82308, 0.0139231
109, 71.98854, 0.0138911
110, 71.28701, 0.0140278
111, 71.42551, 0.0140006
112, 71.19009, 0.0140469
113, 73.44463, 0.0136157
114, 69.78854, 0.014329
115, 73.34874, 0.0136335
116, 71.38574, 0.0140084
117, 72.02691, 0.0138837
118, 71.65531, 0.0139557
119, 72.29299, 0.0138326
120, 71.40562, 0.0140045
121, 71.20377, 0.0140442
122, 71.78854, 0.0139298
123, 36.25369, 0.0275834
124, 70.37149, 0.0142103
125, 72.43909, 0.0138047
126, 71.52462, 0.0139812
127, 63.19515, 0.015824
128, 83.58897, 0.0119633
129, 71.98491, 0.0138918
130, 71.46481, 0.0139929
131, 71.61067, 0.0139644
132, 69.91882, 0.0143023
133, 74.35165, 0.0134496
134, 71.35467, 0.0140145
135, 70.76089, 0.0141321
136, 73.05456, 0.0136884
137, 71.63426, 0.0139598
138, 72.66333, 0.0137621
139, 72.08247, 0.013873
140, 72.0991, 0.0138698
141, 4.728251, 0.2114947
142, 26.73639, 0.0374022
143, 36.95382, 0.0270608
144, 49.10458, 0.0203647
145, 217.0798, 0.0046066
146, 226.0398, 0.004424
147, 229.5473, 0.0043564
148, 252.4934, 0.0039605
149, 229.9961, 0.0043479
150, 241.8555, 0.0041347
151, 226.6186, 0.0044127
152, 260.2946, 0.0038418
153, 241.6802, 0.0041377
154, 238.2768, 0.0041968
155, 255.6891, 0.003911
156, 236.877, 0.0042216
157, 239.4808, 0.0041757
158, 253.2607, 0.0039485
159, 204.5157, 0.0048896
160, 58.97583, 0.0169561
161, 14.22194, 0.0703139
162, 22.61886, 0.0442109
163, 19.23181, 0.0519972
164, 13.71983, 0.0728872
165, 96.67814, 0.0103436
166, 84.32983, 0.0118582
167, 72.30658, 0.01383
168, 72.20686, 0.0138491
169, 73.68382, 0.0135715
170, 71.07927, 0.0140688
171, 73.36703, 0.0136301
172, 72.75743, 0.0137443
173, 70.65041, 0.0141542
174, 73.48834, 0.0136076
175, 72.58685, 0.0137766
176, 72.75478, 0.0137448
177, 72.01913, 0.0138852
178, 72.03002, 0.0138831
179, 72.60688, 0.0137728
180, 70.71036, 0.0141422
181, 72.09286, 0.013871
182, 72.89905, 0.0137176
183, 72.32122, 0.0138272
184, 71.05704, 0.0140732
185, 72.68128, 0.0137587
186, 70.71185, 0.0141419
187, 73.33099, 0.0136368
188, 71.43623, 0.0139985
189, 72.14955, 0.0138601
190, 71.30735, 0.0140238
191, 72.25799, 0.0138393
192, 69.74814, 0.0143373
193, 73.00016, 0.0136986
194, 72.36047, 0.0138197
195, 71.56096, 0.0139741
196, 72.15372, 0.0138593
197, 71.23319, 0.0140384
198, 71.47043, 0.0139918
199, 72.40395, 0.0138114
200, 71.9233, 0.0139037
201, 70.41113, 0.0142023
202, 72.48425, 0.0137961
203, 71.08281, 0.0140681
204, 70.99298, 0.0140859
205, 73.59055, 0.0135887
206, 71.50058, 0.0139859
207, 71.09241, 0.0140662
208, 72.01498, 0.013886
209, 71.95176, 0.0138982
210, 70.85114, 0.0141141
211, 72.56841, 0.0137801
212, 71.59734, 0.013967
213, 70.37595, 0.0142094
214, 72.0212, 0.0138848
215, 71.16425, 0.014052
216, 72.18497, 0.0138533
217, 73.21609, 0.0136582
218, 71.25501, 0.0140341
219, 71.33685, 0.014018
220, 72.45064, 0.0138025
221, 71.5195, 0.0139822
222, 71.54099, 0.013978
223, 70.84762, 0.0141148
224, 72.0887, 0.0138718
225, 70.52584, 0.0141792
226, 73.06096, 0.0136872
227, 71.87988, 0.0139121
228, 71.28651, 0.0140279
229, 70.33783, 0.0142171
230, 71.49445, 0.0139871
231, 71.9932, 0.0138902
232, 72.63008, 0.0137684
233, 72.11053, 0.0138676
234, 71.48167, 0.0139896
235, 71.22102, 0.0140408
236, 71.56813, 0.0139727
237, 72.59159, 0.0137757
238, 71.04291, 0.014076
239, 72.2956, 0.0138321
240, 71.53895, 0.0139784
241, 70.1646, 0.0142522
242, 73.6003, 0.0135869
243, 70.40469, 0.0142036
244, 72.713, 0.0137527
245, 71.64606, 0.0139575
246, 71.38268, 0.014009
247, 71.43419, 0.0139989
248, 72.81412, 0.0137336
249, 71.62349, 0.0139619
250, 71.0525, 0.0140741
251, 71.96989, 0.0138947
252, 71.59631, 0.0139672
253, 70.4538, 0.0141937
254, 72.96873, 0.0137045
255, 71.88245, 0.0139116
256, 71.20479, 0.014044
257, 70.47366, 0.0141897
258, 72.80882, 0.0137346
259, 71.07725, 0.0140692
260, 73.24934, 0.013652
261, 70.97635, 0.0140892
262, 72.19904, 0.0138506
263, 71.42806, 0.0140001
264, 71.11718, 0.0140613
265, 70.39031, 0.0142065
266, 72.63166, 0.0137681
267, 73.09354, 0.0136811
268, 70.82955, 0.0141184
269, 71.11516, 0.0140617
270, 72.87939, 0.0137213
271, 71.06815, 0.014071
272, 72.69978, 0.0137552
273, 71.71903, 0.0139433
274, 71.13337, 0.0140581
275, 72.21677, 0.0138472
276, 71.99217, 0.0138904
277, 69.25016, 0.0144404
278, 73.01722, 0.0136954
279, 73.15717, 0.0136692
280, 70.99147, 0.0140862
281, 72.46324, 0.0138001
282, 71.60349, 0.0139658
283, 71.03584, 0.0140774
284, 71.88194, 0.0139117
285, 71.7736, 0.0139327
286, 71.21899, 0.0140412
287, 72.07675, 0.0138741
288, 71.13135, 0.0140585
289, 72.01913, 0.0138852
290, 71.95332, 0.0138979
291, 71.05755, 0.0140731
292, 71.8334, 0.0139211
293, 72.01706, 0.0138856
294, 72.05545, 0.0138782
295, 70.40965, 0.0142026
296, 72.64854, 0.0137649
297, 71.87316, 0.0139134
298, 69.52217, 0.0143839
299, 56.71861, 0.0176309
300, 110.1904, 0.0090752
301, 71.12072, 0.0140606
302, 70.37546, 0.0142095
303, 72.55946, 0.0137818
304, 71.40205, 0.0140052
305, 71.7566, 0.013936
306, 71.24892, 0.0140353
307, 72.1433, 0.0138613
308, 71.28549, 0.0140281
309, 71.84888, 0.0139181
310, 71.40868, 0.0140039
311, 72.05493, 0.0138783
312, 71.37504, 0.0140105
313, 70.92299, 0.0140998
314, 71.38013, 0.0140095
315, 72.69502, 0.0137561
316, 71.53946, 0.0139783
317, 71.61528, 0.0139635
318, 71.13589, 0.0140576
319, 72.6591, 0.0137629
320, 70.96175, 0.0140921
321, 72.65646, 0.0137634
322, 71.62554, 0.0139615
323, 71.59631, 0.0139672
324, 71.30379, 0.0140245
325, 70.73887, 0.0141365
326, 72.09389, 0.0138708
327, 72.82579, 0.0137314
328, 71.64555, 0.0139576
329, 71.02374, 0.0140798
330, 72.41864, 0.0138086
331, 71.53485, 0.0139792
332, 70.89685, 0.014105
333, 72.76591, 0.0137427
334, 71.1106, 0.0140626
335, 71.15057, 0.0140547
336, 72.84382, 0.013728
337, 71.73293, 0.0139406
338, 70.19366, 0.0142463
339, 72.75426, 0.0137449
340, 72.61163, 0.0137719
341, 71.34398, 0.0140166
342, 71.32464, 0.0140204
343, 72.15893, 0.0138583
344, 70.63793, 0.0141567
345, 72.64749, 0.0137651
346, 71.62452, 0.0139617
347, 72.35629, 0.0138205
348, 71.45664, 0.0139945
349, 70.51689, 0.014181
350, 72.54683, 0.0137842
351, 72.47585, 0.0137977
352, 71.35365, 0.0140147
353, 72.11053, 0.0138676
354, 71.82928, 0.0139219
355, 71.64606, 0.0139575
356, 70.7679, 0.0141307
357, 71.43317, 0.0139991
358, 72.94425, 0.0137091
359, 70.4146, 0.0142016
360, 72.73627, 0.0137483
361, 71.56301, 0.0139737
362, 72.05701, 0.0138779
363, 72.1584, 0.0138584
364, 71.13893, 0.014057
365, 72.30972, 0.0138294
366, 71.08685, 0.0140673
367, 72.08038, 0.0138734
368, 70.80499, 0.0141233
369, 73.18287, 0.0136644
370, 71.77308, 0.0139328
371, 71.49445, 0.0139871
372, 71.97766, 0.0138932
373, 71.77875, 0.0139317
374, 70.94463, 0.0140955
375, 72.79504, 0.0137372
376, 71.19971, 0.014045
377, 71.68048, 0.0139508
378, 71.84425, 0.013919
379, 71.54509, 0.0139772
380, 72.04559, 0.0138801
381, 72.50107, 0.0137929
382, 31.75773, 0.0314884
383, 67.33145, 0.0148519
384, 103.262, 0.0096841
385, 72.1584, 0.0138584
386, 63.81784, 0.0156696
387, 82.22535, 0.0121617
388, 72.26582, 0.0138378
389, 69.99909, 0.0142859
390, 30.13373, 0.0331854
391, 99.43323, 0.010057
392, 83.20021, 0.0120192
393, 71.49854, 0.0139863
394, 71.81689, 0.0139243
395, 71.05907, 0.0140728
396, 72.42546, 0.0138073
397, 71.29261, 0.0140267
398, 72.14695, 0.0138606
399, 70.93356, 0.0140977
400, 30.32003, 0.0329815
401, 116.3535, 0.0085945
402, 71.44949, 0.0139959
403, 71.36893, 0.0140117
404, 72.6871, 0.0137576
405, 71.90623, 0.013907
406, 70.63194, 0.0141579
407, 72.2486, 0.0138411
408, 71.12426, 0.0140599
409, 72.05856, 0.0138776
410, 30.90607, 0.0323561
411, 108.955, 0.0091781
412, 71.13185, 0.0140584
413, 70.15279, 0.0142546
414, 73.71478, 0.0135658
415, 71.82979, 0.0139218
416, 71.77669, 0.0139321
417, 71.34398, 0.0140166
418, 71.84166, 0.0139195
419, 69.27798, 0.0144346
420, 32.30861, 0.0309515
421, 97.52673, 0.0102536
422, 71.55328, 0.0139756
423, 71.68253, 0.0139504
424, 70.10853, 0.0142636
425, 73.46675, 0.0136116
426, 72.09234, 0.0138711
427, 71.43061, 0.0139996
428, 70.26271, 0.0142323
429, 71.74476, 0.0139383
430, 28.83506, 0.03468
431, 149.1113, 0.0067064
432, 70.47514, 0.0141894
433, 72.09597, 0.0138704
434, 71.82308, 0.0139231
435, 69.73355, 0.0143403
436, 74.5968, 0.0134054
437, 71.03938, 0.0140767
438, 71.52411, 0.0139813
439, 70.80247, 0.0141238
440, 30.8642, 0.0324
441, 111.0359, 0.0090061
442, 71.0414, 0.0140763
443, 72.33169, 0.0138252
444, 71.86231, 0.0139155
445, 71.8525, 0.0139174
446, 71.2982, 0.0140256
447, 69.98978, 0.0142878
448, 74.44852, 0.0134321
449, 70.35416, 0.0142138
450, 32.47966, 0.0307885
451, 90.19979, 0.0110865
452, 73.58677, 0.0135894
453, 71.90262, 0.0139077
454, 71.08685, 0.0140673
455, 72.49161, 0.0137947
456, 70.70436, 0.0141434
457, 72.40291, 0.0138116
458, 72.55473, 0.0137827
459, 70.47166, 0.0141901
460, 32.37, 0.0308928
461, 93.72511, 0.0106695
462, 68.53399, 0.0145913
463, 75.56009, 0.0132345
464, 71.42653, 0.0140004
465, 70.82253, 0.0141198
466, 72.40762, 0.0138107
467, 72.11365, 0.013867
468, 71.89124, 0.0139099
469, 71.07018, 0.0140706
470, 32.16934, 0.0310855
471, 94.50724, 0.0105812
472, 71.58453, 0.0139695
473, 70.0987, 0.0142656
474, 73.95957, 0.0135209
475, 71.77257, 0.0139329
476, 71.68253, 0.0139504
477, 71.23624, 0.0140378
478, 72.25329, 0.0138402
479, 70.93154, 0.0140981
480, 31.58949, 0.0316561
481, 100.9469, 0.0099062
482, 71.5584, 0.0139746
483, 71.80555, 0.0139265
484, 71.90468, 0.0139073
485, 71.40919, 0.0140038
486, 71.87781, 0.0139125
487, 72.13862, 0.0138622
488, 71.3455, 0.0140163
489, 69.55167, 0.0143778
490, 33.06255, 0.0302457
491, 91.47708, 0.0109317
492, 71.76639, 0.0139341
493, 71.88711, 0.0139107
494, 71.71594, 0.0139439
495, 71.81895, 0.0139239
496, 71.01264, 0.014082
497, 72.19226, 0.0138519
498, 72.23399, 0.0138439
499, 70.90438, 0.0141035
500, 32.18684, 0.0310686
501, 94.35387, 0.0105984
502, 72.0321, 0.0138827
503, 70.70286, 0.0141437
504, 71.29108, 0.014027
505, 72.70031, 0.0137551
506, 71.69332, 0.0139483
507, 70.52534, 0.0141793
508, 73.31432, 0.0136399
509, 68.88902, 0.0145161
510, 31.39028, 0.031857
511, 91.44111, 0.010936
512, 81.08656, 0.0123325
513, 72.46062, 0.0138006
514, 71.80968, 0.0139257
515, 71.60144, 0.0139662
516, 72.35471, 0.0138208
517, 72.12041, 0.0138657
518, 69.3092, 0.0144281
519, 72.93893, 0.0137101
520, 32.24839, 0.0310093
521, 94.5251, 0.0105792
522, 71.80194, 0.0139272
523, 70.82454, 0.0141194
524, 72.72462, 0.0137505
525, 72.46062, 0.0138006
526, 71.31447, 0.0140224
527, 70.61299, 0.0141617
528, 71.7144, 0.0139442
529, 71.89435, 0.0139093
530, 31.2993, 0.0319496
531, 104.7878, 0.0095431
532, 71.72572, 0.013942
533, 71.4827, 0.0139894
534, 68.91846, 0.0145099
535, 75.07281, 0.0133204
536, 68.66811, 0.0145628
537, 74.86487, 0.0133574
538, 70.81802, 0.0141207
539, 72.97619, 0.0137031
540, 31.07607, 0.0321791
541, 106.218, 0.0094146
542, 71.63067, 0.0139605
543, 72.15372, 0.0138593
544, 71.91813, 0.0139047
545, 70.51291, 0.0141818
546, 73.12935, 0.0136744
547, 72.0887, 0.0138718
548, 71.38523, 0.0140085
549, 71.00961, 0.0140826
550, 30.85401, 0.0324107
551, 110.005, 0.0090905
552, 71.37911, 0.0140097
553, 71.8071, 0.0139262
554, 69.9467, 0.0142966
555, 73.15717, 0.0136692
556, 69.36304, 0.0144169
557, 75.16254, 0.0133045
558, 72.15997, 0.0138581
559, 70.77742, 0.0141288
560, 31.84673, 0.0314004
561, 95.1982, 0.0105044
562, 73.89345, 0.013533
563, 71.84114, 0.0139196
564, 70.77592, 0.0141291
565, 72.6496, 0.0137647
566, 71.89796, 0.0139086
567, 70.52634, 0.0141791
568, 73.0663, 0.0136862
569, 35.75208, 0.0279704
570, 32.34048, 0.030921
571, 90.54198, 0.0110446
572, 72.54314, 0.0137849
573, 71.25045, 0.014035
574, 73.22789, 0.013656
575, 71.69487, 0.013948
576, 71.94918, 0.0138987
577, 70.99953, 0.0140846
578, 72.50159, 0.0137928
579, 70.89131, 0.0141061
580, 32.39181, 0.030872
581, 92.73341, 0.0107836
582, 70.07365, 0.0142707
583, 74.35773, 0.0134485
584, 71.85818, 0.0139163
585, 71.44643, 0.0139965
586, 71.40766, 0.0140041
587, 72.09181, 0.0138712
588, 71.55021, 0.0139762
589, 71.57838, 0.0139707
590, 30.7697, 0.0324995
591, 108.8637, 0.0091858
592, 71.52718, 0.0139807
593, 70.96477, 0.0140915
594, 71.88659, 0.0139108
595, 73.17001, 0.0136668
596, 71.58453, 0.0139695
597, 71.35314, 0.0140148
598, 72.17976, 0.0138543
599, 70.80899, 0.0141225
600, 72.0991, 0.0138698
601, 73.29444, 0.0136436
602, 71.47196, 0.0139915
603, 72.01083, 0.0138868
604, 71.73602, 0.01394
605, 69.67815, 0.0143517
606, 74.744, 0.013379
607, 72.00616, 0.0138877
608, 71.10302, 0.0140641
609, 70.9401, 0.0140964
610, 71.70103, 0.0139468
611, 71.99839, 0.0138892
612, 71.70618, 0.0139458
613, 73.65018, 0.0135777
614, 71.61015, 0.0139645
615, 71.67072, 0.0139527
616, 71.01264, 0.014082
617, 70.67088, 0.0141501
618, 73.90546, 0.0135308
619, 71.72469, 0.0139422
620, 70.88528, 0.0141073
621, 70.93456, 0.0140975
622, 73.68165, 0.0135719
623, 71.62914, 0.0139608
624, 71.59375, 0.0139677
625, 71.81844, 0.013924
626, 71.90572, 0.0139071
627, 71.29972, 0.0140253
628, 72.46535, 0.0137997
629, 70.08887, 0.0142676
630, 73.24344, 0.0136531
631, 71.41071, 0.0140035
632, 72.30292, 0.0138307
633, 71.52769, 0.0139806
634, 72.73944, 0.0137477
635, 71.20732, 0.0140435
636, 72.26373, 0.0138382
637, 71.64401, 0.0139579
638, 72.03158, 0.0138828
639, 72.19643, 0.0138511
640, 71.59939, 0.0139666
641, 70.73236, 0.0141378
642, 72.85125, 0.0137266
643, 71.56915, 0.0139725
644, 71.05099, 0.0140744
645, 68.87384, 0.0145193
646, 73.94481, 0.0135236
647, 72.46324, 0.0138001
648, 70.53231, 0.0141779
649, 72.96394, 0.0137054
650, 71.5149, 0.0139831
651, 72.6591, 0.0137629
652, 58.6734, 0.0170435
653, 59.28631, 0.0168673
654, 107.7633, 0.0092796
655, 29.54245, 0.0338496
656, 123.7838, 0.0080786
657, 82.43684, 0.0121305
658, 70.93456, 0.0140975
659, 71.21188, 0.0140426
660, 73.69957, 0.0135686
661, 71.22761, 0.0140395
662, 72.4307, 0.0138063
663, 71.69384, 0.0139482
664, 69.73841, 0.0143393
665, 31.85596, 0.0313913
666, 101.0785, 0.0098933
667, 70.69036, 0.0141462
668, 72.42178, 0.013808
669, 71.89072, 0.01391
670, 70.78844, 0.0141266
671, 71.96212, 0.0138962
672, 72.90383, 0.0137167
673, 71.75042, 0.0139372
674, 71.10403, 0.0140639
675, 32.00748, 0.0312427
676, 96.16864, 0.0103984
677, 71.58453, 0.0139695
678, 71.83753, 0.0139203
679, 70.81501, 0.0141213
680, 72.95542, 0.013707
681, 70.77992, 0.0141283
682, 72.88364, 0.0137205
683, 71.7494, 0.0139374
684, 71.28752, 0.0140277
685, 31.14731, 0.0321055
686, 102.9527, 0.0097132
687, 72.51158, 0.0137909
688, 71.39899, 0.0140058
689, 72.91606, 0.0137144
690, 71.66815, 0.0139532
691, 71.98439, 0.0138919
692, 69.96432, 0.014293
693, 72.31338, 0.0138287
694, 72.62376, 0.0137696
695, 30.6489, 0.0326276
696, 107.8528, 0.0092719
697, 71.64812, 0.0139571
698, 73.10049, 0.0136798
699, 72.22146, 0.0138463
700, 71.55482, 0.0139753
701, 71.33838, 0.0140177
702, 72.31913, 0.0138276
703, 70.81501, 0.0141213
704, 71.86541, 0.0139149
705, 32.59952, 0.0306753
706, 91.05064, 0.0109829
707, 71.1987, 0.0140452
708, 71.59631, 0.0139672
709, 72.41759, 0.0138088
710, 71.66045, 0.0139547
711, 72.2079, 0.0138489
712, 71.67791, 0.0139513
713, 71.49751, 0.0139865
714, 69.00454, 0.0144918
715, 30.8063, 0.0324609
716, 93.96642, 0.0106421
717, 84.99787, 0.011765
718, 70.44982, 0.0141945
719, 71.57377, 0.0139716
720, 73.1208, 0.013676
721, 72.56262, 0.0137812
722, 71.61477, 0.0139636
723, 71.80761, 0.0139261
724, 70.96225, 0.014092
725, 32.0042, 0.0312459
726, 97.04592, 0.0103044
727, 71.31447, 0.0140224
728, 71.87057, 0.0139139
729, 71.34907, 0.0140156
730, 70.62646, 0.014159
731, 73.82744, 0.0135451
732, 71.53127, 0.0139799
733, 71.87212, 0.0139136
734, 71.23319, 0.0140384
735, 32.23862, 0.0310187
736, 94.05656, 0.0106319
737, 71.68202, 0.0139505
738, 71.80194, 0.0139272
739, 71.61221, 0.0139641
740, 71.48729, 0.0139885
741, 70.66738, 0.0141508
742, 73.86452, 0.0135383
743, 71.60041, 0.0139664
744, 71.26009, 0.0140331
745, 31.04954, 0.0322066
746, 106.0862, 0.0094263
747, 70.9074, 0.0141029
748, 72.76167, 0.0137435
749, 71.77772, 0.0139319
750, 70.5333, 0.0141777
751, 73.48511, 0.0136082
752, 71.18806, 0.0140473
753, 72.58316, 0.0137773
754, 70.79797, 0.0141247
755, 31.91727, 0.031331
756, 97.16284, 0.010292
757, 71.21594, 0.0140418
758, 71.34398, 0.0140166
759, 72.60266, 0.0137736
760, 72.14071, 0.0138618
761, 71.76742, 0.0139339
762, 72.01809, 0.0138854
763, 71.24537, 0.014036
764, 71.73447, 0.0139403
765, 72.22355, 0.0138459
766, 72.14071, 0.0138618
767, 71.65891, 0.013955
768, 71.35823, 0.0140138
769, 71.18654, 0.0140476
770, 72.80882, 0.0137346
771, 71.49547, 0.0139869
772, 71.81123, 0.0139254
773, 72.42755, 0.0138069
774, 71.53895, 0.0139784
775, 71.44337, 0.0139971
776, 71.9761, 0.0138935
777, 72.0809, 0.0138733
778, 71.91917, 0.0139045
779, 71.14248, 0.0140563
780, 72.02898, 0.0138833
781, 72.07467, 0.0138745
782, 71.45766, 0.0139943
783, 71.67226, 0.0139524
784, 72.1834, 0.0138536
785, 71.69641, 0.0139477
786, 70.83758, 0.0141168
787, 72.63588, 0.0137673
788, 70.58259, 0.0141678
789, 73.48727, 0.0136078
790, 71.65788, 0.0139552
791, 71.72006, 0.0139431
792, 71.95487, 0.0138976
793, 71.73035, 0.0139411
794, 71.05755, 0.0140731
795, 72.85338, 0.0137262
796, 71.57889, 0.0139706
797, 71.45562, 0.0139947
798, 71.53536, 0.0139791
799, 72.13238, 0.0138634
800, 71.94348, 0.0138998
801, 72.64644, 0.0137653
802, 71.76124, 0.0139351
803, 71.3995, 0.0140057
804, 72.31442, 0.0138285
805, 71.16121, 0.0140526
806, 70.90187, 0.014104
807, 73.40096, 0.0136238
808, 71.10858, 0.014063
809, 71.55328, 0.0139756
810, 72.43858, 0.0138048
811, 71.69076, 0.0139488
812, 71.2794, 0.0140293
813, 72.89799, 0.0137178
814, 71.80658, 0.0139263
815, 71.4449, 0.0139968
816, 72.3568, 0.0138204
817, 71.0202, 0.0140805
818, 71.31142, 0.014023
819, 70.47912, 0.0141886
820, 74.28483, 0.0134617
821, 71.01466, 0.0140816
822, 72.61004, 0.0137722
823, 71.69127, 0.0139487
824, 71.01819, 0.0140809
825, 72.34006, 0.0138236
826, 72.61373, 0.0137715
827, 71.00659, 0.0140832
828, 71.85921, 0.0139161
829, 71.31142, 0.014023
830, 71.1987, 0.0140452
831, 73.3025, 0.0136421
832, 71.60246, 0.013966
833, 71.9321, 0.013902
834, 71.70567, 0.0139459
835, 71.99839, 0.0138892
836, 71.0414, 0.0140763
837, 72.71669, 0.013752
838, 71.97662, 0.0138934
839, 70.70786, 0.0141427
840, 72.79716, 0.0137368
841, 71.20073, 0.0140448
842, 72.10117, 0.0138694
843, 72.18861, 0.0138526
844, 71.59324, 0.0139678
845, 71.80297, 0.013927
846, 71.5999, 0.0139665
847, 72.40291, 0.0138116
848, 70.56068, 0.0141722
849, 72.88736, 0.0137198
850, 71.7669, 0.013934
851, 72.15424, 0.0138592
852, 70.8426, 0.0141158
853, 72.70348, 0.0137545
854, 71.0303, 0.0140785
855, 72.60899, 0.0137724
856, 71.86593, 0.0139148
857, 71.54816, 0.0139766
858, 70.13213, 0.0142588
859, 73.72837, 0.0135633
860, 71.02374, 0.0140798
861, 72.5937, 0.0137753
862, 71.8494, 0.013918
863, 71.15716, 0.0140534
864, 72.97513, 0.0137033
865, 70.62047, 0.0141602
866, 70.48259, 0.0141879
867, 73.65234, 0.0135773
868, 72.00047, 0.0138888
869, 70.77141, 0.01413
870, 71.11465, 0.0140618
871, 73.05296, 0.0136887
872, 71.52206, 0.0139817
873, 72.72305, 0.0137508
874, 71.42142, 0.0140014
875, 72.68446, 0.0137581
876, 71.42448, 0.0140008
877, 72.29404, 0.0138324
878, 69.88218, 0.0143098
879, 73.37727, 0.0136282
880, 72.37671, 0.0138166
881, 71.42398, 0.0140009
882, 72.7056, 0.0137541
883, 71.5236, 0.0139814
884, 71.68099, 0.0139507
885, 71.43469, 0.0139988
886, 71.85767, 0.0139164
887, 72.96927, 0.0137044
888, 71.69692, 0.0139476
889, 70.28889, 0.014227
890, 73.13898, 0.0136726
891, 72.6459, 0.0137654
892, 72.24337, 0.0138421
893, 71.19971, 0.014045
894, 71.9202, 0.0139043
895, 71.57069, 0.0139722
896, 71.50211, 0.0139856
897, 71.51388, 0.0139833
898, 72.49424, 0.0137942
899, 70.34971, 0.0142147
900, 73.49213, 0.0136069
901, 72.31181, 0.013829
902, 71.3781, 0.0140099
903, 72.46639, 0.0137995
904, 71.18349, 0.0140482
905, 72.20947, 0.0138486
906, 71.90468, 0.0139073
907, 70.89333, 0.0141057
908, 72.31285, 0.0138288
909, 71.01365, 0.0140818
910, 73.58459, 0.0135898
911, 71.17387, 0.0140501
912, 71.91709, 0.0139049
913, 72.16153, 0.0138578
914, 71.49598, 0.0139868
915, 72.21989, 0.0138466
916, 71.27279, 0.0140306
917, 71.55123, 0.013976
918, 71.6666, 0.0139535
919, 71.37402, 0.0140107
920, 72.96288, 0.0137056
921, 72.05961, 0.0138774
922, 71.85302, 0.0139173
923, 71.53587, 0.013979
924, 71.77154, 0.0139331
925, 71.65223, 0.0139563
926, 70.5542, 0.0141735
927, 73.38264, 0.0136272
928, 70.9552, 0.0140934
929, 70.68736, 0.0141468
930, 73.79311, 0.0135514
931, 71.69692, 0.0139476
932, 71.78648, 0.0139302
933, 71.80813, 0.013926
934, 71.97714, 0.0138933
935, 71.52001, 0.0139821
936, 72.25694, 0.0138395
937, 71.10707, 0.0140633
938, 72.26112, 0.0138387
939, 71.62656, 0.0139613
940, 71.38829, 0.0140079
941, 72.85338, 0.0137262
942, 70.7669, 0.0141309
943, 72.36832, 0.0138182
944, 71.77205, 0.013933
945, 72.44015, 0.0138045
946, 71.10707, 0.0140633
947, 72.79186, 0.0137378
948, 71.29007, 0.0140272
949, 71.26314, 0.0140325
950, 72.90809, 0.0137159
951, 71.38676, 0.0140082
952, 72.6169, 0.0137709
953, 71.72263, 0.0139426
954, 71.9875, 0.0138913
955, 72.0072, 0.0138875
956, 71.64452, 0.0139578
957, 70.77241, 0.0141298
958, 72.94904, 0.0137082
959, 69.68835, 0.0143496
960, 73.89727, 0.0135323
961, 71.70309, 0.0139464
962, 70.995, 0.0140855
963, 71.55533, 0.0139752
964, 72.80193, 0.0137359
965, 71.944, 0.0138997
966, 59.41312, 0.0168313
967, 63.83454, 0.0156655
968, 107.7795, 0.0092782
969, 70.08936, 0.0142675
970, 73.33959, 0.0136352
971, 73.06149, 0.0136871
972, 71.21797, 0.0140414
973, 71.41837, 0.014002
974, 72.37723, 0.0138165
975, 70.07463, 0.0142705
976, 73.64475, 0.0135787
977, 71.54816, 0.0139766
978, 72.12249, 0.0138653
979, 71.50417, 0.0139852
980, 72.33849, 0.0138239
981, 69.48787, 0.014391
982, 74.74288, 0.0133792
983, 71.38319, 0.0140089
984, 71.0313, 0.0140783
985, 72.73627, 0.0137483
986, 71.96368, 0.0138959
987, 70.32745, 0.0142192
988, 73.49644, 0.0136061
989, 71.43571, 0.0139986
990, 70.77391, 0.0141295
991, 72.97033, 0.0137042
992, 72.13081, 0.0138637
993, 70.93154, 0.0140981
994, 72.46482, 0.0137998
995, 71.63375, 0.0139599
996, 72.32384, 0.0138267
997, 71.52666, 0.0139808
998, 71.68613, 0.0139497
999, 71.5103, 0.013984
1000, 71.61015, 0.0139645
1001, 72.60583, 0.013773
1002, 71.42551, 0.0140006
1003, 71.53075, 0.01398
1004, 72.36832, 0.0138182
1005, 70.21683, 0.0142416
1006, 72.27731, 0.0138356
1007, 73.2429, 0.0136532
1008, 71.79214, 0.0139291
1009, 71.26974, 0.0140312
1010, 71.53281, 0.0139796
1011, 72.26896, 0.0138372
1012, 72.25851, 0.0138392
1013, 71.59682, 0.0139671
1014, 71.78648, 0.0139302
1015, 71.90572, 0.0139071
1016, 71.78648, 0.0139302
1017, 69.36977, 0.0144155
1018, 74.85758, 0.0133587
1019, 71.68819, 0.0139493
1020, 71.37963, 0.0140096
1021, 71.79678, 0.0139282
1022, 72.5937, 0.0137753
1023, 71.09039, 0.0140666
1024, 72.99643, 0.0136993
1025, 71.28651, 0.0140279
1026, 71.83908, 0.01392
1027, 71.82308, 0.0139231
1028, 70.59953, 0.0141644
1029, 72.41235, 0.0138098
1030, 72.52, 0.0137893
1031, 70.32299, 0.0142201
1032, 73.51643, 0.0136024
1033, 71.48167, 0.0139896
1034, 71.91864, 0.0139046
1035, 70.31162, 0.0142224
1036, 72.24807, 0.0138412
1037, 73.13898, 0.0136726
1038, 71.56915, 0.0139725
1039, 70.98995, 0.0140865
1040, 72.83958, 0.0137288
1041, 69.88804, 0.0143086
1042, 73.85525, 0.01354
1043, 72.00098, 0.0138887
1044, 71.6394, 0.0139588
1045, 71.63529, 0.0139596
1046, 71.85353, 0.0139172
1047, 71.0626, 0.0140721
1048, 72.44434, 0.0138037
1049, 71.67688, 0.0139515
1050, 71.24994, 0.0140351
1051, 72.24807, 0.0138412
1052, 70.62446, 0.0141594
1053, 73.25846, 0.0136503
1054, 72.60003, 0.0137741
1055, 71.51797, 0.0139825
1056, 71.47554, 0.0139908
1057, 72.11677, 0.0138664
1058, 71.67688, 0.0139515
1059, 70.73236, 0.0141378
1060, 72.48163, 0.0137966
1061, 71.61324, 0.0139639
1062, 72.1199, 0.0138658
1063, 72.53104, 0.0137872
1064, 71.87781, 0.0139125
1065, 71.82876, 0.013922
1066, 71.51183, 0.0139837
1067, 72.19279, 0.0138518
1068, 71.77772, 0.0139319
1069, 71.73293, 0.0139406
1070, 70.27703, 0.0142294
1071, 70.54027, 0.0141763
1072, 73.78114, 0.0135536
1073, 72.84276, 0.0137282
1074, 71.61067, 0.0139644
1075, 71.80813, 0.013926
1076, 71.90726, 0.0139068
1077, 70.99046, 0.0140864
1078, 72.27992, 0.0138351
1079, 72.20737, 0.013849
1080, 71.48627, 0.0139887
1081, 70.90438, 0.0141035
1082, 72.46429, 0.0137999
1083, 71.45461, 0.0139949
1084, 73.08766, 0.0136822
1085, 71.18857, 0.0140472
1086, 71.98906, 0.013891
1087, 71.7391, 0.0139394
1088, 72.05961, 0.0138774
1089, 71.56813, 0.0139727
1090, 71.60759, 0.013965
1091, 70.94513, 0.0140954
1092, 72.55946, 0.0137818
1093, 72.13654, 0.0138626
1094, 71.72212, 0.0139427
1095, 72.5542, 0.0137828
1096, 71.13135, 0.0140585
1097, 72.68498, 0.013758
1098, 70.9688, 0.0140907
1099, 70.72136, 0.01414
1100, 72.32384, 0.0138267
1101, 72.40762, 0.0138107
1102, 71.23928, 0.0140372
1103, 72.41235, 0.0138098
1104, 72.40081, 0.013812
1105, 69.81387, 0.0143238
1106, 73.67188, 0.0135737
1107, 71.31193, 0.0140229
1108, 71.19617, 0.0140457
1109, 72.30605, 0.0138301
1110, 72.45904, 0.0138009
1111, 70.63294, 0.0141577
1112, 71.5753, 0.0139713
1113, 72.95755, 0.0137066
1114, 71.07674, 0.0140693
1115, 73.10743, 0.0136785
1116, 71.63324, 0.01396
1117, 72.45274, 0.0138021
1118, 71.62554, 0.0139615
1119, 71.61785, 0.013963
1120, 71.101, 0.0140645
1121, 70.26419, 0.014232
1122, 75.18967, 0.0132997
1123, 71.08584, 0.0140675
1124, 71.97714, 0.0138933
1125, 71.88814, 0.0139105
1126, 71.09241, 0.0140662
1127, 69.51202, 0.014386
1128, 74.78313, 0.013372
1129, 71.57581, 0.0139712
1130, 72.23294, 0.0138441
1131, 69.71216, 0.0143447
1132, 73.27618, 0.013647
1133, 72.51526, 0.0137902
1134, 71.71955, 0.0139432
1135, 71.44082, 0.0139976
1136, 72.29926, 0.0138314
1137, 71.73498, 0.0139402
1138, 70.80047, 0.0141242
1139, 73.17484, 0.0136659
1140, 71.36179, 0.0140131
1141, 71.28752, 0.0140277
1142, 71.7355, 0.0139401
1143, 72.76696, 0.0137425
1144, 71.02171, 0.0140802
1145, 72.79769, 0.0137367
1146, 70.95319, 0.0140938
1147, 72.2298, 0.0138447
1148, 72.38771, 0.0138145
1149, 70.50346, 0.0141837
1150, 69.49029, 0.0143905
1151, 75.93937, 0.0131684
1152, 70.43742, 0.014197
1153, 72.27992, 0.0138351
1154, 72.70295, 0.0137546
1155, 71.60144, 0.0139662
1156, 71.25298, 0.0140345
1157, 72.77332, 0.0137413
1158, 71.63631, 0.0139594
1159, 71.96833, 0.013895
1160, 71.16728, 0.0140514
1161, 71.57889, 0.0139706
1162, 70.92601, 0.0140992
1163, 73.83398, 0.0135439
1164, 71.65017, 0.0139567
1165, 71.27025, 0.0140311
1166, 72.2319, 0.0138443
1167, 71.96264, 0.0138961
1168, 70.31756, 0.0142212
1169, 73.34874, 0.0136335
1170, 72.01861, 0.0138853
1171, 71.10252, 0.0140642
1172, 72.36309, 0.0138192
1173, 70.56764, 0.0141708
1174, 72.51158, 0.0137909
1175, 73.38319, 0.0136271
1176, 71.76896, 0.0139336
1177, 71.32464, 0.0140204
1178, 72.17299, 0.0138556
1179, 71.43214, 0.0139993
1180, 23.46465, 0.0426173
1181, 59.77929, 0.0167282
1182, 85.25076, 0.0117301
1183, 82.19358, 0.0121664
1184, 70.72636, 0.014139
1185, 72.96767, 0.0137047
1186, 71.58913, 0.0139686
1187, 70.49998, 0.0141844
1188, 72.76167, 0.0137435
1189, 71.57377, 0.0139716
1190, 70.15821, 0.0142535
1191, 72.15788, 0.0138585
1192, 73.65831, 0.0135762
1193, 71.65582, 0.0139556
1194, 71.46379, 0.0139931
1195, 71.60195, 0.0139661
1196, 70.79846, 0.0141246
1197, 72.71088, 0.0137531
1198, 72.29926, 0.0138314
1199, 71.30989, 0.0140233
1200, 71.8587, 0.0139162
1201, 71.23116, 0.0140388
1202, 71.63426, 0.0139598
1203, 73.26866, 0.0136484
1204, 71.60246, 0.013966
1205, 71.77617, 0.0139322
1206, 71.60503, 0.0139655
1207, 72.32645, 0.0138262
1208, 71.10403, 0.0140639
1209, 72.04767, 0.0138797
1210, 72.39871, 0.0138124
1211, 70.4538, 0.0141937
1212, 71.87057, 0.0139139
1213, 71.6702, 0.0139528
1214, 71.89745, 0.0139087
1215, 72.25433, 0.01384
1216, 72.13862, 0.0138622
1217, 71.99165, 0.0138905
1218, 71.46073, 0.0139937
1219, 72.3678, 0.0138183
1220, 71.39236, 0.0140071
1221, 69.45457, 0.0143979
1222, 75.07001, 0.0133209
1223, 71.72417, 0.0139423
1224, 70.82053, 0.0141202
1225, 72.01394, 0.0138862
1226, 72.22616, 0.0138454
1227, 72.01447, 0.0138861
1228, 71.28092, 0.014029
1229, 72.03988, 0.0138812
1230, 72.12041, 0.0138657
1231, 71.47146, 0.0139916
1232, 72.1459, 0.0138608
1233, 70.95671, 0.0140931
1234, 72.89426, 0.0137185
1235, 71.04594, 0.0140754
1236, 72.10481, 0.0138687
1237, 71.64401, 0.0139579
1238, 72.4454, 0.0138035
1239, 71.70978, 0.0139451
1240, 71.66096, 0.0139546
1241, 72.0648, 0.0138764
1242, 72.14278, 0.0138614
1243, 70.62546, 0.0141592
1244, 72.24024, 0.0138427
1245, 72.01394, 0.0138862
1246, 72.05545, 0.0138782
1247, 71.72417, 0.0139423
1248, 71.8267, 0.0139224
1249, 72.28149, 0.0138348
1250, 71.77463, 0.0139325
1251, 71.2271, 0.0140396
1252, 72.39924, 0.0138123
1253, 72.17506, 0.0138552
1254, 71.41123, 0.0140034
1255, 70.73887, 0.0141365
1256, 72.98311, 0.0137018
1257, 70.98089, 0.0140883
1258, 72.84064, 0.0137286
1259, 71.77102, 0.0139332
1260, 70.60601, 0.0141631
1261, 73.08286, 0.0136831
1262, 70.52634, 0.0141791
1263, 72.91553, 0.0137145
1264, 71.90003, 0.0139082
1265, 71.95073, 0.0138984
1266, 71.82102, 0.0139235
1267, 71.62041, 0.0139625
1268, 71.21949, 0.0140411
1269, 72.57737, 0.0137784
1270, 71.75712, 0.0139359
1271, 71.64504, 0.0139577
1272, 71.36179, 0.0140131
1273, 72.64222, 0.0137661
1274, 71.42959, 0.0139998
1275, 72.0565, 0.013878
1276, 72.02224, 0.0138846
1277, 71.75815, 0.0139357
1278, 72.0835, 0.0138728
1279, 71.0197, 0.0140806
1280, 72.24285, 0.0138422
1281, 70.08102, 0.0142692
1282, 72.88895, 0.0137195
1283, 72.8242, 0.0137317
1284, 71.64401, 0.0139579
1285, 71.84166, 0.0139195
1286, 71.57325, 0.0139717
1287, 71.70052, 0.0139469
1288, 72.27836, 0.0138354
1289, 71.7973, 0.0139281
1290, 70.85516, 0.0141133
1291, 72.07415, 0.0138746
1292, 71.90985, 0.0139063
1293, 71.11566, 0.0140616
1294, 73.30196, 0.0136422
1295, 71.53434, 0.0139793
1296, 71.70824, 0.0139454
1297, 71.804, 0.0139268
1298, 72.02276, 0.0138845
1299, 70.49104, 0.0141862
1300, 73.16092, 0.0136685
1301, 70.4985, 0.0141847
1302, 73.4236, 0.0136196
1303, 71.36587, 0.0140123
1304, 71.47503, 0.0139909
1305, 71.5016, 0.0139857
1306, 72.7532, 0.0137451
1307, 71.65891, 0.013955
1308, 71.63683, 0.0139593
1309, 71.75042, 0.0139372
1310, 71.95125, 0.0138983
1311, 69.3794, 0.0144135
1312, 57.34406, 0.0174386
1313, 32.90307, 0.0303923
1314, 139.1479, 0.0071866
1315, 70.9245, 0.0140995
1316, 70.70486, 0.0141433
1317, 73.57323, 0.0135919
1318, 71.50774, 0.0139845
1319, 70.93406, 0.0140976
1320, 72.78762, 0.0137386
1321, 71.75403, 0.0139365
1322, 69.77782, 0.0143312
1323, 73.55375, 0.0135955
1324, 72.42231, 0.0138079
1325, 69.79, 0.0143287
1326, 73.89508, 0.0135327
1327, 71.753, 0.0139367
1328, 69.90074, 0.014306
1329, 72.03832, 0.0138815
1330, 73.18769, 0.0136635
1331, 71.5062, 0.0139848
1332, 72.69027, 0.013757
1333, 70.68987, 0.0141463
1334, 68.44392, 0.0146105
1335, 75.89268, 0.0131765
1336, 72.56894, 0.01378
1337, 69.65486, 0.0143565
1338, 73.7953, 0.013551
1339, 70.96829, 0.0140908
1340, 71.57427, 0.0139715
1341, 73.45218, 0.0136143
1342, 71.9233, 0.0139037
1343, 71.33228, 0.0140189
1344, 71.26212, 0.0140327
1345, 73.19733, 0.0136617
1346, 69.79633, 0.0143274
1347, 74.13557, 0.0134888
1348, 71.20985, 0.014043
1349, 72.04299, 0.0138806
1350, 71.42704, 0.0140003
1351, 72.31077, 0.0138292
1352, 70.46471, 0.0141915
1353, 72.89905, 0.0137176
1354, 71.16374, 0.0140521
1355, 69.56667, 0.0143747
1356, 30.61034, 0.0326687
1357, 89.29369, 0.011199
1358, 87.91595, 0.0113745
1359, 72.71987, 0.0137514
1360, 71.6923, 0.0139485
1361, 71.83805, 0.0139202
1362, 71.53638, 0.0139789
1363, 71.85715, 0.0139165
1364, 72.12093, 0.0138656
1365, 71.12477, 0.0140598
1366, 31.78781, 0.0314586
1367, 97.25735, 0.010282
1368, 71.64248, 0.0139582
1369, 72.35629, 0.0138205
1370, 71.78751, 0.01393
1371, 72.34006, 0.0138236
1372, 70.09919, 0.0142655
1373, 72.99377, 0.0136998
1374, 71.20479, 0.014044
1375, 71.91451, 0.0139054
1376, 32.50595, 0.0307636
1377, 90.44699, 0.0110562
1378, 72.48583, 0.0137958
1379, 70.72286, 0.0141397
1380, 73.15717, 0.0136692
1381, 72.15163, 0.0138597
1382, 71.54304, 0.0139776
1383, 71.23471, 0.0140381
1384, 72.50843, 0.0137915
1385, 70.83558, 0.0141172
1386, 32.62387, 0.0306524
1387, 91.11037, 0.0109757
1388, 71.55021, 0.0139762
1389, 72.05805, 0.0138777
1390, 70.13361, 0.0142585
1391, 73.705, 0.0135676
1392, 71.6887, 0.0139492
1393, 71.33939, 0.0140175
1394, 72.35262, 0.0138212
1395, 70.80699, 0.0141229
1396, 31.97135, 0.031278
1397, 97.65911, 0.0102397
1398, 71.42551, 0.0140006
1399, 71.90313, 0.0139076
1400, 71.41071, 0.0140035
1401, 70.3601, 0.0142126
1402, 73.33905, 0.0136353
1403, 71.99424, 0.01389
1404, 70.47614, 0.0141892
1405, 72.68551, 0.0137579
1406, 31.94654, 0.0313023
1407, 96.55865, 0.0103564
1408, 71.68819, 0.0139493
1409, 71.91141, 0.013906
1410, 71.11364, 0.014062
1411, 72.30972, 0.0138294
1412, 70.22817, 0.0142393
1413, 73.48132, 0.0136089
1414, 70.96477, 0.0140915
1415, 72.19486, 0.0138514
1416, 30.8326, 0.0324332
1417, 109.8334, 0.0091047
1418, 70.83157, 0.014118
1419, 72.21155, 0.0138482
1420, 71.83392, 0.013921
1421, 71.84528, 0.0139188
1422, 71.7494, 0.0139374
1423, 69.25591, 0.0144392
1424, 73.35788, 0.0136318
1425, 72.49213, 0.0137946
1426, 32.59612, 0.0306785
1427, 91.78944, 0.0108945
1428, 71.55943, 0.0139744
1429, 70.36703, 0.0142112
1430, 72.41864, 0.0138086
1431, 72.09077, 0.0138714
1432, 70.53032, 0.0141783
1433, 72.87992, 0.0137212
1434, 70.54475, 0.0141754
1435, 70.42452, 0.0141996
1436, 30.86067, 0.0324037
1437, 96.06609, 0.0104095
1438, 82.37029, 0.0121403
1439, 71.71852, 0.0139434
1440, 70.19268, 0.0142465
1441, 73.93223, 0.0135259
1442, 71.94969, 0.0138986
1443, 70.82805, 0.0141187
1444, 72.6438, 0.0137658
1445, 69.37699, 0.014414
1446, 32.31456, 0.0309458
1447, 97.40513, 0.0102664
1448, 71.05553, 0.0140735
1449, 71.80865, 0.0139259
1450, 72.52789, 0.0137878
1451, 70.9406, 0.0140963
1452, 72.90437, 0.0137166
1453, 71.86128, 0.0139157
1454, 71.49649, 0.0139867
1455, 71.21899, 0.0140412
1456, 31.20125, 0.03205
1457, 104.4452, 0.0095744
1458, 70.51938, 0.0141805
1459, 73.30626, 0.0136414
1460, 71.48883, 0.0139882
1461, 72.27157, 0.0138367
1462, 70.8662, 0.0141111
1463, 73.00655, 0.0136974
1464, 71.10352, 0.014064
1465, 71.12325, 0.0140601
1466, 31.85951, 0.0313878
1467, 93.73389, 0.0106685
1468, 75.07452, 0.0133201
1469, 72.18393, 0.0138535
1470, 70.66439, 0.0141514
1471, 72.30867, 0.0138296
1472, 71.61272, 0.013964
1473, 70.88579, 0.0141072
1474, 72.94637, 0.0137087
1475, 71.11566, 0.0140616
1476, 31.74825, 0.0314978
1477, 96.85136, 0.0103251
1478, 71.48985, 0.013988
1479, 73.6144, 0.0135843
1480, 71.71594, 0.0139439
1481, 71.59016, 0.0139684
1482, 71.64248, 0.0139582
1483, 72.01187, 0.0138866
1484, 71.45461, 0.0139949
1485, 71.20123, 0.0140447
1486, 72.54104, 0.0137853
1487, 72.16726, 0.0138567
1488, 71.01819, 0.0140809
1489, 71.33889, 0.0140176
1490, 72.32384, 0.0138267
1491, 73.11278, 0.0136775
1492, 70.80097, 0.0141241
1493, 71.68922, 0.0139491
1494, 72.6871, 0.0137576
1495, 72.14695, 0.0138606
1496, 68.4969, 0.0145992
1497, 75.85009, 0.0131839
1498, 71.67739, 0.0139514
1499, 71.31905, 0.0140215
1500, 71.6923, 0.0139485
1501, 71.93106, 0.0139022
1502, 71.29718, 0.0140258
1503, 72.87514, 0.0137221
1504, 71.42398, 0.0140009
1505, 71.85405, 0.0139171
1506, 71.94038, 0.0139004
1507, 69.70196, 0.0143468
1508, 73.61656, 0.0135839
1509, 72.64433, 0.0137657
1510, 71.56249, 0.0139738
1511, 71.72417, 0.0139423
1512, 71.45409, 0.013995
1513, 72.01342, 0.0138863
1514, 70.66689, 0.0141509
1515, 73.40311, 0.0136234
1516, 71.33685, 0.014018
1517, 72.25903, 0.0138391
1518, 69.06745, 0.0144786
1519, 74.73618, 0.0133804
1520, 71.38013, 0.0140095
1521, 72.11209, 0.0138673
1522, 71.48627, 0.0139887
1523, 72.35262, 0.0138212
1524, 71.47656, 0.0139906
1525, 71.8587, 0.0139162
1526, 68.79897, 0.0145351
1527, 74.82957, 0.0133637
1528, 71.77875, 0.0139317
1529, 69.72431, 0.0143422
1530, 30.47136, 0.0328177
1531, 96.40505, 0.0103729
1532, 82.94075, 0.0120568
1533, 72.54262, 0.013785
1534, 71.74064, 0.0139391
1535, 71.21949, 0.0140411
1536, 72.34582, 0.0138225
1537, 71.22, 0.014041
1538, 72.36676, 0.0138185
1539, 71.17184, 0.0140505
1540, 32.32083, 0.0309398
1541, 93.51038, 0.010694
1542, 71.7067, 0.0139457
1543, 71.944, 0.0138997
1544, 70.75939, 0.0141324
1545, 72.30972, 0.0138294
1546, 70.89131, 0.0141061
1547, 73.12347, 0.0136755
1548, 69.95698, 0.0142945
1549, 72.87833, 0.0137215
1550, 30.58235, 0.0326986
1551, 112.8808, 0.0088589
1552, 71.9321, 0.013902
1553, 70.25531, 0.0142338
1554, 71.6923, 0.0139485
1555, 72.5621, 0.0137813
1556, 72.19747, 0.0138509
1557, 71.55328, 0.0139756
1558, 72.4307, 0.0138063
1559, 70.89886, 0.0141046
1560, 31.6616, 0.031584
1561, 102.329, 0.0097724
1562, 71.07674, 0.0140693
1563, 72.06999, 0.0138754
1564, 71.05907, 0.0140728
1565, 71.18501, 0.0140479
1566, 72.94957, 0.0137081
1567, 71.24385, 0.0140363
1568, 71.57121, 0.0139721
1569, 69.23242, 0.0144441
1570, 30.41612, 0.0328773
1571, 99.44312, 0.010056
1572, 82.74378, 0.0120855
1573, 71.78287, 0.0139309
1574, 71.69743, 0.0139475
1575, 69.77588, 0.0143316
1576, 73.55916, 0.0135945
1577, 72.51474, 0.0137903
1578, 71.88453, 0.0139112
1579, 70.52484, 0.0141794
1580, 32.64432, 0.0306332
1581, 90.70542, 0.0110247
1582, 71.69281, 0.0139484
1583, 72.44959, 0.0138027
1584, 70.74387, 0.0141355
1585, 72.5642, 0.0137809
1586, 72.18237, 0.0138538
1587, 70.31756, 0.0142212
1588, 73.58893, 0.013589
1589, 70.93909, 0.0140966
1590, 28.85345, 0.0346579
1591, 145.0768, 0.0068929
1592, 69.97068, 0.0142917
1593, 71.81226, 0.0139252
1594, 72.91766, 0.0137141
1595, 72.21989, 0.0138466
1596, 72.00461, 0.013888
1597, 71.38523, 0.0140085
1598, 70.69986, 0.0141443
1599, 72.50738, 0.0137917
1600, 32.00123, 0.0312488
1601, 96.91425, 0.0103184
1602, 71.27482, 0.0140302
1603, 68.6733, 0.0145617
1604, 76.00285, 0.0131574
1605, 70.56018, 0.0141723
1606, 72.49897, 0.0137933
1607, 71.4352, 0.0139987
1608, 72.51316, 0.0137906
1609, 69.84703, 0.014317
1610, 30.5337, 0.0327507
1611, 113.2362, 0.0088311
1612, 73.24988, 0.0136519
1613, 70.68536, 0.0141472
1614, 71.65993, 0.0139548
1615, 72.78497, 0.0137391
1616, 72.36728, 0.0138184
1617, 71.29311, 0.0140266
1618, 71.97766, 0.0138932
1619, 49.14657, 0.0203473
1620, 30.22216, 0.0330883
1621, 170.4826, 0.0058657
1622, 62.30724, 0.0160495
1623, 65.88309, 0.0151784
1624, 66.90261, 0.0149471
1625, 67.98328, 0.0147095
1626, 67.7911, 0.0147512
1627, 68.72049, 0.0145517
1628, 69.92029, 0.014302
1629, 67.57579, 0.0147982
1630, 32.3317, 0.0309294
1631, 90.66348, 0.0110298
1632, 69.37218, 0.014415
1633, 70.69436, 0.0141454
1634, 70.93909, 0.0140966
1635, 70.26913, 0.014231
1636, 72.33116, 0.0138253
1637, 70.99197, 0.0140861
1638, 71.6199, 0.0139626
1639, 70.30025, 0.0142247
1640, 32.46964, 0.030798
1641, 92.29094, 0.0108353
1642, 71.11768, 0.0140612
1643, 70.43444, 0.0141976
1644, 71.73705, 0.0139398
1645, 71.83186, 0.0139214
1646, 71.17944, 0.014049
1647, 69.4348, 0.014402
1648, 74.78313, 0.013372
1649, 69.68592, 0.0143501
1650, 30.36329, 0.0329345
1651, 97.01391, 0.0103078
1652, 84.63746, 0.0118151
1653, 71.93934, 0.0139006
1654, 71.46941, 0.013992
1655, 71.53075, 0.01398
1656, 71.47043, 0.0139918
1657, 70.90639, 0.0141031
1658, 73.45973, 0.0136129
1659, 69.75835, 0.0143352
1660, 32.7712, 0.0305146
1661, 92.41034, 0.0108213
1662, 71.24131, 0.0140368
1663, 72.04404, 0.0138804
1664, 72.11677, 0.0138664
1665, 71.56403, 0.0139735
1666, 71.90934, 0.0139064
1667, 71.44439, 0.0139969
1668, 71.72417, 0.0139423
1669, 69.71216, 0.0143447
1670, 30.96531, 0.0322942
1671, 113.9406, 0.0087765
1672, 70.73537, 0.0141372
1673, 71.57274, 0.0139718
1674, 72.34372, 0.0138229
1675, 71.65326, 0.0139561
1676, 71.58811, 0.0139688
1677, 70.93859, 0.0140967
1678, 72.94318, 0.0137093
1679, 70.82454, 0.0141194
1680, 31.2802, 0.0319691
1681, 104.4114, 0.0095775
1682, 71.373, 0.0140109
1683, 71.86024, 0.0139159
1684, 70.92853, 0.0140987
1685, 72.15893, 0.0138583
1686, 70.70586, 0.0141431
1687, 71.36587, 0.0140123
1688, 73.12293, 0.0136756
1689, 69.91443, 0.0143032
1690, 30.08595, 0.0332381
1691, 101.8257, 0.0098207
1692, 82.80339, 0.0120768
1693, 71.85818, 0.0139163
1694, 71.25704, 0.0140337
1695, 24.04095, 0.0415957
1696, 71.17286, 0.0140503
1697, 70.92802, 0.0140988
1698, 30.06361, 0.0332628
1699, 120.45, 0.0083022
1700, 71.71749, 0.0139436
1701, 72.21155, 0.0138482
1702, 70.8883, 0.0141067
1703, 72.46639, 0.0137995
1704, 71.17438, 0.01405
1705, 72.72146, 0.0137511
1706, 71.8365, 0.0139205
1707, 71.06715, 0.0140712
1708, 30.29266, 0.0330113
1709, 115.1013, 0.008688
1710, 71.37453, 0.0140106
1711, 72.44697, 0.0138032
1712, 71.83598, 0.0139206
1713, 71.86696, 0.0139146
1714, 71.77463, 0.0139325
1715, 72.0835, 0.0138728
1716, 71.09291, 0.0140661
1717, 71.8587, 0.0139162
1718, 28.87728, 0.0346293
1719, 144.9254, 0.0069001
1720, 70.39874, 0.0142048
1721, 71.37096, 0.0140113
1722, 73.59272, 0.0135883
1723, 71.73653, 0.0139399
1724, 71.29718, 0.0140258
1725, 72.36518, 0.0138188
1726, 71.22659, 0.0140397
1727, 71.07775, 0.0140691
1728, 32.09243, 0.03116
1729, 95.71485, 0.0104477
1730, 71.27229, 0.0140307
1731, 72.87514, 0.0137221
1732, 70.64591, 0.0141551
1733, 73.27833, 0.0136466
1734, 71.36689, 0.0140121
1735, 71.81741, 0.0139242
1736, 71.51643, 0.0139828
1737, 71.36536, 0.0140124
1738, 30.71442, 0.032558
1739, 110.0461, 0.0090871
1740, 71.96626, 0.0138954
1741, 71.90779, 0.0139067
1742, 72.10065, 0.0138695
1743, 70.82955, 0.0141184
1744, 72.6496, 0.0137647
1745, 71.92175, 0.013904
1746, 71.42653, 0.0140004
1747, 70.43692, 0.0141971
1748, 32.91618, 0.0303802
1749, 90.92066, 0.0109986
1750, 71.47605, 0.0139907
1751, 71.56045, 0.0139742
1752, 71.81483, 0.0139247
1753, 71.184, 0.0140481
1754, 70.66338, 0.0141516
1755, 72.05909, 0.0138775
1756, 73.14754, 0.013671
1757, 69.70487, 0.0143462
1758, 30.1361, 0.0331828
1759, 120.0019, 0.0083332
1760, 72.30344, 0.0138306
1761, 72.60107, 0.0137739
1762, 71.53895, 0.0139784
1763, 71.29464, 0.0140263
1764, 72.33796, 0.013824
1765, 71.16323, 0.0140522
1766, 72.8014, 0.013736
1767, 69.74376, 0.0143382
1768, 73.69957, 0.0135686
1769, 71.20428, 0.0140441
1770, 72.6285, 0.0137687
1771, 71.57889, 0.0139706
1772, 73.07431, 0.0136847
1773, 71.56864, 0.0139726
1774, 71.74734, 0.0139378
1775, 71.21645, 0.0140417
1776, 72.37933, 0.0138161
1777, 70.35515, 0.0142136
1778, 72.87302, 0.0137225
1779, 71.90054, 0.0139081
1780, 71.95332, 0.0138979
1781, 71.76587, 0.0139342
1782, 71.67893, 0.0139511
1783, 70.3047, 0.0142238
1784, 73.65777, 0.0135763
1785, 71.68716, 0.0139495
1786, 70.89533, 0.0141053
1787, 72.7802, 0.01374
1788, 70.94664, 0.0140951
1789, 71.21138, 0.0140427
1790, 73.98529, 0.0135162
1791, 71.53383, 0.0139794
1792, 71.85818, 0.0139163
1793, 71.87574, 0.0139129
1794, 70.82705, 0.0141189
1795, 70.6569, 0.0141529
1796, 74.29807, 0.0134593
1797, 71.42857, 0.014
1798, 71.0722, 0.0140702
1799, 72.20842, 0.0138488
1800, 71.45511, 0.0139948
1801, 71.84321, 0.0139192
1802, 71.83134, 0.0139215
1803, 72.02068, 0.0138849
1804, 71.1982, 0.0140453
1805, 71.07018, 0.0140706
1806, 72.28724, 0.0138337
1807, 72.07311, 0.0138748
1808, 71.17286, 0.0140503
1809, 73.21073, 0.0136592
1810, 71.20529, 0.0140439
1811, 69.42612, 0.0144038
1812, 30.3341, 0.0329662
1813, 97.20629, 0.0102874
1814, 83.96587, 0.0119096
1815, 71.82773, 0.0139222
1816, 71.57121, 0.0139721
1817, 72.71564, 0.0137522
1818, 71.53741, 0.0139787
1819, 72.08454, 0.0138726
1820, 71.26263, 0.0140326
1821, 71.48116, 0.0139897
1822, 31.63716, 0.0316084
1823, 99.77053, 0.010023
1824, 72.33691, 0.0138242
1825, 71.53946, 0.0139783
1826, 71.54099, 0.013978
1827, 71.48321, 0.0139893
1828, 72.14435, 0.0138611
1829, 71.88814, 0.0139105
1830, 71.97196, 0.0138943
1831, 70.06923, 0.0142716
1832, 32.02347, 0.0312271
1833, 98.5921, 0.0101428
1834, 71.74219, 0.0139388
1835, 71.55225, 0.0139758
1836, 72.46902, 0.013799
1837, 71.86593, 0.0139148
1838, 71.45409, 0.013995
1839, 72.13186, 0.0138635
1840, 70.95268, 0.0140939
1841, 71.46788, 0.0139923
1842, 30.78827, 0.0324799
1843, 113.0071, 0.008849
1844, 70.44287, 0.0141959
1845, 71.99787, 0.0138893
1846, 72.06584, 0.0138762
1847, 71.73859, 0.0139395
1848, 71.8138, 0.0139249
1849, 71.8267, 0.0139224
1850, 71.93831, 0.0139008
1851, 71.55482, 0.0139753
1852, 30.21057, 0.033101
1853, 118.4624, 0.0084415
1854, 70.75989, 0.0141323
1855, 71.7736, 0.0139327
1856, 72.03106, 0.0138829
1857, 69.55312, 0.0143775
1858, 74.2363, 0.0134705
1859, 72.58896, 0.0137762
1860, 71.33736, 0.0140179
1861, 71.20225, 0.0140445
1862, 31.06072, 0.032195
1863, 107.4345, 0.009308
1864, 70.98643, 0.0140872
1865, 71.87264, 0.0139135
1866, 71.95229, 0.0138981
1867, 71.30582, 0.0140241
1868, 71.67175, 0.0139525
1869, 72.52052, 0.0137892
1870, 71.83031, 0.0139217
1871, 70.78092, 0.0141281
1872, 32.17141, 0.0310835
1873, 93.08994, 0.0107423
1874, 72.52105, 0.0137891
1875, 71.22913, 0.0140392
1876, 72.7998, 0.0137363
1877, 71.90934, 0.0139064
1878, 71.6625, 0.0139543
1879, 70.72236, 0.0141398
1880, 73.38696, 0.0136264
1881, 71.02323, 0.0140799
1882, 32.23269, 0.0310244
1883, 94.06895, 0.0106305
1884, 70.88579, 0.0141072
1885, 72.04922, 0.0138794
1886, 59.58517, 0.0167827
1887, 59.82436, 0.0167156
1888, 123.4415, 0.008101
1889, 71.12274, 0.0140602
1890, 71.55482, 0.0139753
1891, 72.16153, 0.0138578
1892, 31.13102, 0.0321223
1893, 103.6227, 0.0096504
1894, 70.87122, 0.0141101
1895, 71.95073, 0.0138984
1896, 73.69631, 0.0135692
1897, 71.53383, 0.0139794
1898, 71.87833, 0.0139124
1899, 71.52564, 0.013981
1900, 71.83753, 0.0139203
1901, 69.78659, 0.0143294
1902, 32.14008, 0.0311138
1903, 98.60863, 0.0101411
1904, 70.99903, 0.0140847
1905, 71.53075, 0.01398
1906, 71.25755, 0.0140336
1907, 72.24285, 0.0138422
1908, 71.96833, 0.013895
1909, 71.624, 0.0139618
1910, 71.61836, 0.0139629
1911, 69.59378, 0.0143691
1912, 30.50334, 0.0327833
1913, 97.05628, 0.0103033
1914, 83.62743, 0.0119578
1915, 72.07311, 0.0138748
1916, 71.6625, 0.0139543
1917, 71.63426, 0.0139598
1918, 72.16517, 0.0138571
1919, 71.71852, 0.0139434
1920, 71.85198, 0.0139175
1921, 69.14721, 0.0144619
1922, 31.48555, 0.0317606
1923, 106.8296, 0.0093607
1924, 70.51589, 0.0141812
1925, 71.85043, 0.0139178
1926, 72.69766, 0.0137556
1927, 71.87936, 0.0139122
1928, 71.30074, 0.0140251
1929, 72.14383, 0.0138612
1930, 70.25383, 0.0142341
1931, 73.04816, 0.0136896
1932, 32.45194, 0.0308148
1933, 91.87208, 0.0108847
1934, 72.09026, 0.0138715
1935, 71.60195, 0.0139661
1936, 72.16361, 0.0138574
1937, 71.76587, 0.0139342
1938, 71.44797, 0.0139962
1939, 70.43841, 0.0141968
1940, 73.26652, 0.0136488
1941, 71.61682, 0.0139632
1942, 32.5941, 0.0306804
1943, 91.71031, 0.0109039
1944, 71.5057, 0.0139849
1945, 71.68973, 0.013949
1946, 71.99217, 0.0138904
1947, 72.17559, 0.0138551
1948, 70.89131, 0.0141061
1949, 71.08432, 0.0140678
1950, 73.04015, 0.0136911
1951, 71.63477, 0.0139597
1952, 32.39821, 0.0308659
1953, 92.64234, 0.0107942
1954, 71.47861, 0.0139902
1955, 71.4689, 0.0139921
1956, 72.38352, 0.0138153
1957, 71.19262, 0.0140464
1958, 72.24755, 0.0138413
1959, 71.73293, 0.0139406
1960, 71.04341, 0.0140759
1961, 71.52769, 0.0139806
1962, 31.08245, 0.0321725
1963, 108.121, 0.0092489
1964, 70.811, 0.0141221
1965, 72.17611, 0.013855
1966, 71.85405, 0.0139171
1967, 71.99424, 0.01389
1968, 70.94664, 0.0140951
1969, 73.06149, 0.0136871
1970, 70.50844, 0.0141827
1971, 70.70036, 0.0141442
1972, 30.09972, 0.0332229
1973, 123.3608, 0.0081063
1974, 70.75989, 0.0141323
1975, 71.85715, 0.0139165
1976, 71.72109, 0.0139429
1977, 72.59106, 0.0137758
1978, 70.5154, 0.0141813
1979, 72.74526, 0.0137466
1980, 71.69538, 0.0139479
1981, 72.13862, 0.0138622
1982, 30.55917, 0.0327234
1983, 110.4936, 0.0090503
1984, 71.85353, 0.0139172
1985, 72.8014, 0.013736
1986, 71.85921, 0.0139161
1987, 71.62144, 0.0139623
1988, 71.91141, 0.013906
1989, 72.0513, 0.013879
1990, 70.88077, 0.0141082
1991, 71.77978, 0.0139315
1992, 72.22772, 0.0138451
1993, 71.96574, 0.0138955
1994, 71.43419, 0.0139989
1995, 71.90779, 0.0139067
1996, 71.27431, 0.0140303
1997, 72.83692, 0.0137293
1998, 71.51797, 0.0139825
1999, 71.65942, 0.0139549
2000, 71.52666, 0.0139808
2001, 72.49634, 0.0137938
2002, 70.83408, 0.0141175
2003, 72.57104, 0.0137796
2004, 71.94865, 0.0138988
2005, 71.286, 0.014028
2006, 71.49854, 0.0139863
2007, 72.14851, 0.0138603
2008, 72.75161, 0.0137454
2009, 71.56966, 0.0139724
2010, 71.57581, 0.0139712
2011, 71.90417, 0.0139074
2012, 72.01134, 0.0138867
2013, 69.27271, 0.0144357
2014, 73.9634, 0.0135202
2015, 72.14487, 0.013861
2016, 70.78995, 0.0141263
2017, 73.21288, 0.0136588
2018, 71.58196, 0.01397
2019, 70.97685, 0.0140891
2020, 72.58949, 0.0137761
2021, 72.09545, 0.0138705
2022, 71.85405, 0.0139171
2023, 71.54611, 0.013977
2024, 71.15918, 0.014053
2025, 71.65326, 0.0139561
2026, 72.4307, 0.0138063
2027, 71.44235, 0.0139973
2028, 72.49581, 0.0137939
2029, 71.58555, 0.0139693
2030, 72.56052, 0.0137816
2031, 70.28296, 0.0142282
2032, 73.34497, 0.0136342
2033, 71.67123, 0.0139526
2034, 71.34347, 0.0140167
2035, 71.62554, 0.0139615
2036, 71.62144, 0.0139623
2037, 71.02071, 0.0140804
2038, 73.41874, 0.0136205
2039, 72.18079, 0.0138541
2040, 71.07624, 0.0140694
2041, 72.20477, 0.0138495
2042, 71.97559, 0.0138936
2043, 70.89935, 0.0141045
2044, 73.02362, 0.0136942
2045, 71.59837, 0.0139668
2046, 70.62396, 0.0141595
2047, 72.22511, 0.0138456
2048, 72.9384, 0.0137102
2049, 70.08691, 0.014268
2050, 73.32346, 0.0136382
2051, 72.23763, 0.0138432
2052, 71.45409, 0.013995
2053, 72.12562, 0.0138647
2054, 71.81483, 0.0139247
2055, 70.28988, 0.0142268
2056, 73.19787, 0.0136616
2057, 71.13893, 0.014057
2058, 72.86824, 0.0137234
2059, 71.36994, 0.0140115
2060, 71.64248, 0.0139582
2061, 71.14602, 0.0140556
2062, 72.92616, 0.0137125
2063, 72.08194, 0.0138731
2064, 71.90262, 0.0139077
2065, 71.38574, 0.0140084
2066, 71.58247, 0.0139699
2067, 69.59814, 0.0143682
2068, 74.15702, 0.0134849
2069, 72.63483, 0.0137675
2070, 71.68304, 0.0139503
2071, 71.7463, 0.013938
2072, 71.80503, 0.0139266
2073, 70.49203, 0.014186
2074, 73.32991, 0.013637
2075, 71.95435, 0.0138977
2076, 71.5584, 0.0139746
2077, 71.03786, 0.014077
2078, 72.51842, 0.0137896
2079, 69.21421, 0.0144479
2080, 75.35397, 0.0132707
2081, 71.61169, 0.0139642
2082, 70.74688, 0.0141349
2083, 72.21364, 0.0138478
2084, 72.22616, 0.0138454
2085, 70.99701, 0.0140851
2086, 72.94585, 0.0137088
2087, 70.89785, 0.0141048
2088, 72.1558, 0.0138589
2089, 72.4811, 0.0137967
2090, 70.32745, 0.0142192
2091, 70.58658, 0.014167
2092, 74.78984, 0.0133708
2093, 71.48116, 0.0139897
2094, 71.65274, 0.0139562
2095, 71.42092, 0.0140015
2096, 72.45694, 0.0138013
2097, 71.7355, 0.0139401
2098, 70.8667, 0.014111
2099, 72.77491, 0.013741
2100, 71.72263, 0.0139426
2101, 71.21239, 0.0140425
2102, 72.70242, 0.0137547
2103, 70.27555, 0.0142297
2104, 73.50887, 0.0136038
2105, 71.88918, 0.0139103
2106, 71.38472, 0.0140086
2107, 72.10065, 0.0138695
2108, 71.59477, 0.0139675
2109, 71.04493, 0.0140756
2110, 72.5221, 0.0137889
2111, 71.944, 0.0138997
2112, 71.24486, 0.0140361
2113, 72.57842, 0.0137782
2114, 70.90237, 0.0141039
2115, 71.3944, 0.0140067
2116, 73.63554, 0.0135804
2117, 71.72778, 0.0139416
2118, 71.83443, 0.0139209
2119, 70.90841, 0.0141027
2120, 72.11365, 0.013867
2121, 71.93831, 0.0139008
2122, 71.87006, 0.013914
2123, 71.31905, 0.0140215
2124, 72.66438, 0.0137619
2125, 71.28346, 0.0140285
2126, 72.16933, 0.0138563
2127, 70.08396, 0.0142686
2128, 74.118, 0.013492
2129, 70.64143, 0.014156
2130, 73.10423, 0.0136791
2131, 71.4097, 0.0140037
2132, 72.10273, 0.0138691
2133, 71.40002, 0.0140056
2134, 71.31752, 0.0140218
2135, 72.55525, 0.0137826
2136, 71.84579, 0.0139187
2137, 71.83289, 0.0139212
2138, 70.30421, 0.0142239
2139, 70.88026, 0.0141083
2140, 73.49806, 0.0136058
2141, 73.35304, 0.0136327
2142, 71.7463, 0.013938
2143, 71.0419, 0.0140762
2144, 71.85921, 0.0139161
2145, 71.17742, 0.0140494
2146, 72.01706, 0.0138856
2147, 72.53526, 0.0137864
2148, 71.95332, 0.0138979
2149, 71.30582, 0.0140241
2150, 71.20073, 0.0140448
2151, 70.47315, 0.0141898
2152, 74.37156, 0.013446
2153, 72.24129, 0.0138425
2154, 71.47963, 0.01399
2155, 71.46737, 0.0139924
2156, 71.03584, 0.0140774
2157, 72.82684, 0.0137312
2158, 71.03584, 0.0140774
2159, 72.69186, 0.0137567
2160, 71.87212, 0.0139136
2161, 71.86438, 0.0139151
2162, 71.35976, 0.0140135
2163, 69.65244, 0.014357
2164, 74.25835, 0.0134665
2165, 72.08506, 0.0138725
2166, 71.80297, 0.013927
2167, 70.5816, 0.014168
2168, 70.91947, 0.0141005
2169, 73.8198, 0.0135465
2170, 71.52257, 0.0139816
2171, 72.43542, 0.0138054
2172, 71.75506, 0.0139363
2173, 71.88142, 0.0139118
2174, 71.54253, 0.0139777
2175, 70.55271, 0.0141738
2176, 72.52263, 0.0137888
2177, 72.6533, 0.013764
2178, 71.17995, 0.0140489
2179, 72.5621, 0.0137813
2180, 70.9955, 0.0140854
2181, 72.87514, 0.0137221
2182, 70.6544, 0.0141534
2183, 72.50896, 0.0137914
2184, 72.30292, 0.0138307
2185, 71.64196, 0.0139583
2186, 71.57991, 0.0139704
2187, 69.67088, 0.0143532
2188, 72.68392, 0.0137582
2189, 72.60529, 0.0137731
2190, 71.64812, 0.0139571
2191, 72.55104, 0.0137834
2192, 72.28933, 0.0138333
2193, 71.60964, 0.0139646
2194, 70.74087, 0.0141361
2195, 73.22681, 0.0136562
2196, 71.72881, 0.0139414
2197, 71.90675, 0.0139069
2198, 71.39236, 0.0140071
2199, 70.83257, 0.0141178
2200, 71.72058, 0.013943
2201, 73.38911, 0.013626
2202, 71.01768, 0.014081
2203, 71.64145, 0.0139584
2204, 72.70348, 0.0137545
2205, 71.66763, 0.0139533
2206, 70.43642, 0.0141972
2207, 73.50076, 0.0136053
2208, 71.81483, 0.0139247
2209, 71.39899, 0.0140058
2210, 71.50417, 0.0139852
2211, 71.11465, 0.0140618
2212, 70.75088, 0.0141341
2213, 74.8307, 0.0133635
2214, 69.20847, 0.0144491
2215, 74.84021, 0.0133618
2216, 71.68048, 0.0139508
2217, 72.12874, 0.0138641
2218, 70.85967, 0.0141124
2219, 71.38217, 0.0140091
2220, 73.4932, 0.0136067
2221, 71.41021, 0.0140036
2222, 70.12918, 0.0142594
2223, 72.85444, 0.013726
2224, 71.20174, 0.0140446
2225, 72.60477, 0.0137732
2226, 71.52155, 0.0139818
2227, 71.59837, 0.0139668
2228, 59.33908, 0.0168523
2229, 64.42012, 0.0155231
2230, 108.5199, 0.0092149
2231, 71.93365, 0.0139017
2232, 71.5057, 0.0139849
2233, 71.12527, 0.0140597
2234, 72.85656, 0.0137256
2235, 70.85816, 0.0141127
2236, 71.84837, 0.0139182
2237, 72.61426, 0.0137714
2238, 72.29613, 0.013832
2239, 71.22862, 0.0140393
2240, 71.98595, 0.0138916
2241, 71.90726, 0.0139068
2242, 71.24283, 0.0140365
2243, 71.9409, 0.0139003
2244, 71.71697, 0.0139437
2245, 72.45064, 0.0138025
2246, 71.87626, 0.0139128
2247, 71.10959, 0.0140628
2248, 71.60861, 0.0139648
2249, 72.14071, 0.0138618
2250, 71.68459, 0.01395
2251, 72.71194, 0.0137529
2252, 71.61682, 0.0139632
2253, 71.8525, 0.0139174
2254, 71.16171, 0.0140525
2255, 71.08887, 0.0140669
2256, 73.30518, 0.0136416
2257, 71.62605, 0.0139614
2258, 72.01031, 0.0138869
2259, 71.51286, 0.0139835
2260, 71.0722, 0.0140702
2261, 73.36972, 0.0136296
2262, 71.82876, 0.013922
2263, 70.98693, 0.0140871
2264, 71.8587, 0.0139162
2265, 71.50365, 0.0139853
2266, 71.05199, 0.0140742
2267, 72.60951, 0.0137723
2268, 72.31704, 0.013828
2269, 71.67945, 0.013951
2270, 71.85818, 0.0139163
2271, 71.51286, 0.0139835
2272, 72.11157, 0.0138674
2273, 72.46692, 0.0137994
2274, 71.65839, 0.0139551
2275, 71.39848, 0.0140059
2276, 71.89331, 0.0139095
2277, 70.85013, 0.0141143
2278, 72.61795, 0.0137707
2279, 71.39084, 0.0140074
2280, 72.62058, 0.0137702
2281, 71.71389, 0.0139443
2282, 71.25501, 0.0140341
2283, 72.32227, 0.013827
2284, 71.53895, 0.0139784
2285, 72.05856, 0.0138776
2286, 72.15215, 0.0138596
2287, 71.55174, 0.0139759
2288, 71.02979, 0.0140786
2289, 72.77173, 0.0137416
2290, 71.58247, 0.0139699
2291, 71.13033, 0.0140587
2292, 72.53946, 0.0137856
2293, 71.88504, 0.0139111
2294, 72.04715, 0.0138798
2295, 71.37911, 0.0140097
2296, 72.31913, 0.0138276
2297, 71.51797, 0.0139825
2298, 71.8004, 0.0139275
2299, 71.12881, 0.014059
2300, 72.22042, 0.0138465
2301, 71.99839, 0.0138892
2302, 72.34267, 0.0138231
2303, 71.63529, 0.0139596
2304, 70.89383, 0.0141056
2305, 73.16788, 0.0136672
2306, 71.25349, 0.0140344
2307, 71.78133, 0.0139312
2308, 71.95021, 0.0138985
2309, 71.95176, 0.0138982
2310, 71.06765, 0.0140711
2311, 72.69238, 0.0137566
2312, 70.98743, 0.014087
2313, 72.42336, 0.0138077
2314, 71.83546, 0.0139207
2315, 71.68253, 0.0139504
2316, 72.17299, 0.0138556
2317, 71.84166, 0.0139195
2318, 71.9585, 0.0138969
2319, 71.46788, 0.0139923
2320, 71.68048, 0.0139508
2321, 67.08888, 0.0149056
2322, 75.92841, 0.0131703
2323, 72.66069, 0.0137626
2324, 72.6797, 0.013759
2325, 71.88297, 0.0139115
2326, 72.08402, 0.0138727
2327, 71.15816, 0.0140532
2328, 72.39557, 0.013813
2329, 71.73602, 0.01394
2330, 71.68459, 0.01395
2331, 71.77721, 0.013932
2332, 70.66638, 0.014151
2333, 72.67653, 0.0137596
2334, 71.81277, 0.0139251
2335, 72.34215, 0.0138232
2336, 71.69641, 0.0139477
2337, 71.93779, 0.0139009
2338, 71.98077, 0.0138926
2339, 70.73486, 0.0141373
2340, 72.69027, 0.013757
2341, 71.87781, 0.0139125
2342, 71.83805, 0.0139202
2343, 68.83165, 0.0145282
2344, 74.7144, 0.0133843
2345, 71.65428, 0.0139559
2346, 72.74738, 0.0137462
2347, 71.32057, 0.0140212
2348, 72.10637, 0.0138684
2349, 71.40664, 0.0140043
2350, 72.16257, 0.0138576
2351, 70.51192, 0.014182
2352, 73.48348, 0.0136085
2353, 70.77892, 0.0141285
2354, 71.804, 0.0139268
2355, 72.37933, 0.0138161
2356, 72.14174, 0.0138616
2357, 70.95872, 0.0140927
2358, 73.2896, 0.0136445
2359, 71.24131, 0.0140368
2360, 71.04947, 0.0140747
2361, 72.60477, 0.0137732
2362, 71.54765, 0.0139767
2363, 70.62496, 0.0141593
2364, 73.77678, 0.0135544
2365, 71.08482, 0.0140677
2366, 71.92641, 0.0139031
2367, 71.89486, 0.0139092
2368, 72.14071, 0.0138618
2369, 70.80298, 0.0141237
2370, 73.01082, 0.0136966
2371, 71.35619, 0.0140142
2372, 72.17351, 0.0138555
2373, 70.76289, 0.0141317
2374, 72.96235, 0.0137057
2375, 69.27798, 0.0144346
2376, 73.92403, 0.0135274
2377, 72.50002, 0.0137931
2378, 71.72212, 0.0139427
2379, 71.80658, 0.0139263
2380, 71.98958, 0.0138909
2381, 70.31162, 0.0142224
2382, 73.33691, 0.0136357
2383, 71.71646, 0.0139438
2384, 72.13758, 0.0138624
2385, 71.0732, 0.01407
2386, 71.72726, 0.0139417
2387, 70.62746, 0.0141588
2388, 73.9377, 0.0135249
2389, 71.58913, 0.0139686
2390, 71.79214, 0.0139291
2391, 71.27583, 0.01403
2392, 71.98284, 0.0138922
2393, 70.53778, 0.0141768
2394, 72.95329, 0.0137074
2395, 72.64222, 0.0137661
2396, 71.35976, 0.0140135
2397, 71.87988, 0.0139121
2398, 70.90288, 0.0141038
2399, 72.15267, 0.0138595
2400, 72.69872, 0.0137554
2401, 71.79988, 0.0139276
2402, 71.74888, 0.0139375
2403, 71.92589, 0.0139032
2404, 68.77011, 0.0145412
2405, 74.87496, 0.0133556
2406, 72.44329, 0.0138039
2407, 71.49087, 0.0139878
2408, 71.3511, 0.0140152
2409, 70.95016, 0.0140944
2410, 73.093, 0.0136812
2411, 71.60759, 0.013965
2412, 72.1657, 0.013857
2413, 71.66455, 0.0139539
2414, 70.25136, 0.0142346
2415, 73.47809, 0.0136095
2416, 71.94607, 0.0138993
2417, 71.63067, 0.0139605
2418, 71.52974, 0.0139802
2419, 71.73035, 0.0139411
2420, 71.5584, 0.0139746
2421, 72.47795, 0.0137973
2422, 71.87885, 0.0139123
2423, 71.51694, 0.0139827
2424, 72.21312, 0.0138479
2425, 72.18966, 0.0138524
2426, 71.51694, 0.0139827
2427, 71.7906, 0.0139294
2428, 71.41071, 0.0140035
2429, 72.02328, 0.0138844
2430, 71.83443, 0.0139209
2431, 70.62595, 0.0141591
2432, 73.27725, 0.0136468
2433, 71.01466, 0.0140816
2434, 71.18451, 0.014048
2435, 72.22929, 0.0138448
2436, 72.0015, 0.0138886
2437, 71.86696, 0.0139146
2438, 72.13394, 0.0138631
2439, 72.00513, 0.0138879
2440, 71.57735, 0.0139709
2441, 71.96056, 0.0138965
2442, 70.69936, 0.0141444
2443, 73.16467, 0.0136678
2444, 71.10403, 0.0140639
2445, 71.32261, 0.0140208
2446, 73.59976, 0.013587
2447, 71.63734, 0.0139592
2448, 71.93986, 0.0139005
2449, 71.40511, 0.0140046
2450, 72.6169, 0.0137709
2451, 71.38472, 0.0140086
2452, 72.01031, 0.0138869
2453, 71.09039, 0.0140666
2454, 71.36689, 0.0140121
2455, 73.08018, 0.0136836
2456, 71.51132, 0.0139838
2457, 72.02328, 0.0138844
2458, 71.77, 0.0139334
2459, 71.96056, 0.0138965
2460, 71.49854, 0.0139863
2461, 72.02431, 0.0138842
2462, 71.83443, 0.0139209
2463, 71.00003, 0.0140845
2464, 71.0414, 0.0140763
2465, 73.5159, 0.0136025
2466, 71.0621, 0.0140722
2467, 72.56262, 0.0137812
2468, 71.55482, 0.0139753
2469, 72.13498, 0.0138629
2470, 70.74837, 0.0141346
2471, 72.71406, 0.0137525
2472, 70.81251, 0.0141218
2473, 72.95914, 0.0137063
2474, 70.23508, 0.0142379
2475, 72.40134, 0.0138119
2476, 73.19894, 0.0136614
2477, 71.85405, 0.0139171
2478, 70.58259, 0.0141678
2479, 71.0197, 0.0140806
2480, 74.2104, 0.0134752
2481, 71.99165, 0.0138905
2482, 71.20326, 0.0140443
2483, 72.0295, 0.0138832
2484, 70.90087, 0.0141042
2485, 73.42413, 0.0136195
2486, 70.63045, 0.0141582
2487, 72.72833, 0.0137498
2488, 71.05755, 0.0140731
2489, 72.45432, 0.0138018
2490, 71.02827, 0.0140789
2491, 72.95596, 0.0137069
2492, 71.87574, 0.0139129
2493, 70.5164, 0.0141811
2494, 73.19627, 0.0136619
2495, 70.97836, 0.0140888
2496, 72.21364, 0.0138478
2497, 71.624, 0.0139618
2498, 72.00928, 0.0138871
2499, 71.95694, 0.0138972
2500, 71.62554, 0.0139615
2501, 72.30083, 0.0138311
2502, 70.87976, 0.0141084
2503, 72.97086, 0.0137041
2504, 71.58247, 0.0139699
2505, 71.7494, 0.0139374
2506, 71.40205, 0.0140052
2507, 72.09702, 0.0138702
2508, 69.92078, 0.0143019
2509, 73.99514, 0.0135144
2510, 71.91709, 0.0139049
2511, 71.35518, 0.0140144
2512, 72.10169, 0.0138693
2513, 70.76189, 0.0141319
2514, 72.17246, 0.0138557
2515, 73.01829, 0.0136952
2516, 71.77205, 0.013933
2517, 71.45971, 0.0139939
2518, 71.9673, 0.0138952
2519, 70.86871, 0.0141106
2520, 71.59068, 0.0139683
2521, 73.29282, 0.0136439
2522, 71.43725, 0.0139983
2523, 70.90438, 0.0141035
2524, 72.83374, 0.0137299
2525, 71.34907, 0.0140156
2526, 72.00616, 0.0138877
2527, 72.55209, 0.0137832
2528, 71.77, 0.0139334
2529, 71.57632, 0.0139711
2530, 71.05957, 0.0140727
2531, 72.41916, 0.0138085
2532, 70.58458, 0.0141674
2533, 73.98091, 0.013517
2534, 71.63734, 0.0139592
2535, 71.42704, 0.0140003
2536, 71.71697, 0.0139437
2537, 71.73344, 0.0139405
2538, 70.95721, 0.014093
2539, 72.78921, 0.0137383
2540, 71.9901, 0.0138908
2541, 70.66389, 0.0141515
2542, 72.54893, 0.0137838
2543, 71.75042, 0.0139372
2544, 71.9559, 0.0138974
2545, 72.3343, 0.0138247
2546, 71.83495, 0.0139208
2547, 71.81123, 0.0139254
2548, 71.67123, 0.0139526
2549, 71.7566, 0.013936
2550, 70.62097, 0.0141601
2551, 72.92138, 0.0137134
2552, 71.37963, 0.0140096
2553, 71.4199, 0.0140017
2554, 72.75638, 0.0137445
2555, 72.25538, 0.0138398
2556, 71.42959, 0.0139998
2557, 72.28568, 0.013834
2558, 71.80503, 0.0139266
2559, 71.57121, 0.0139721
2560, 70.15427, 0.0142543
2561, 73.36219, 0.013631
2562, 71.06715, 0.0140712
2563, 71.39288, 0.014007
2564, 72.92031, 0.0137136
2565, 72.10845, 0.013868
2566, 71.82618, 0.0139225
2567, 71.70052, 0.0139469
2568, 71.50672, 0.0139847
2569, 72.62006, 0.0137703
2570, 71.95176, 0.0138982
2571, 70.61349, 0.0141616
2572, 72.2674, 0.0138375
2573, 71.54867, 0.0139765
2574, 70.42699, 0.0141991
2575, 74.08889, 0.0134973
2576, 72.60003, 0.0137741
2577, 70.96124, 0.0140922
2578, 71.85767, 0.0139164
2579, 70.98038, 0.0140884
2580, 72.06895, 0.0138756
2581, 72.44277, 0.013804
2582, 71.99061, 0.0138907
2583, 71.61221, 0.0139641
2584, 71.02323, 0.0140799
2585, 71.9958, 0.0138897
2586, 72.5442, 0.0137847
2587, 71.78287, 0.0139309
2588, 72.23033, 0.0138446
2589, 71.50979, 0.0139841
2590, 71.7736, 0.0139327
2591, 71.40562, 0.0140045
2592, 72.22042, 0.0138465
2593, 71.72984, 0.0139412
2594, 71.47605, 0.0139907
2595, 71.92072, 0.0139042
2596, 70.97081, 0.0140903
2597, 73.06256, 0.0136869
2598, 71.91761, 0.0139048
2599, 71.19566, 0.0140458
2600, 72.60003, 0.0137741
2601, 71.38931, 0.0140077
2602, 72.17142, 0.0138559
2603, 71.43929, 0.0139979
2604, 71.95435, 0.0138977
2605, 71.68356, 0.0139502
2606, 71.75094, 0.0139371
2607, 70.82554, 0.0141192
2608, 72.96394, 0.0137054
2609, 72.09181, 0.0138712
2610, 72.04871, 0.0138795
2611, 71.2337, 0.0140383
2612, 59.56281, 0.016789
2613, 91.59942, 0.0109171
2614, 71.34652, 0.0140161
2615, 71.55994, 0.0139743
2616, 70.7679, 0.0141307
2617, 71.18552, 0.0140478
2618, 70.89835, 0.0141047
2619, 29.69147, 0.0336797
2620, 107.8749, 0.00927
2621, 82.12743, 0.0121762
2622, 71.13287, 0.0140582
2623, 72.28045, 0.013835
2624, 72.43595, 0.0138053
2625, 71.69332, 0.0139483
2626, 71.59324, 0.0139678
2627, 71.94659, 0.0138992
2628, 70.73586, 0.0141371
2629, 31.61426, 0.0316313
2630, 99.984, 0.0100016
2631, 72.18913, 0.0138525
2632, 71.61734, 0.0139631
2633, 71.41684, 0.0140023
2634, 72.40501, 0.0138112
2635, 71.02827, 0.0140789
2636, 72.96075, 0.013706
2637, 71.55072, 0.0139761
2638, 71.40816, 0.014004
2639, 30.98949, 0.032269
2640, 106.8296, 0.0093607
2641, 71.73705, 0.0139398
2642, 72.21729, 0.0138471
2643, 71.55533, 0.0139752
2644, 71.13033, 0.0140587
2645, 72.23294, 0.0138441
2646, 72.12562, 0.0138647
2647, 71.99528, 0.0138898
2648, 71.03786, 0.014077
2649, 32.64517, 0.0306324
2650, 91.20426, 0.0109644
2651, 71.76793, 0.0139338
2652, 71.08836, 0.014067
2653, 72.1709, 0.013856
2654, 71.36333, 0.0140128
2655, 70.97081, 0.0140903
2656, 73.67025, 0.013574
2657, 71.4097, 0.0140037
2658, 71.00155, 0.0140842
2659, 31.12782, 0.0321256
2660, 104.5752, 0.0095625
2661, 71.91709, 0.0139049
2662, 71.44949, 0.0139959
2663, 72.60635, 0.0137729
2664, 71.27533, 0.0140301
2665, 71.56403, 0.0139735
2666, 70.89785, 0.0141048
2667, 73.26168, 0.0136497
2668, 70.611, 0.0141621
2669, 30.78382, 0.0324846
2670, 111.2409, 0.0089895
2671, 68.71671, 0.0145525
2672, 75.8593, 0.0131823
2673, 71.79833, 0.0139279
2674, 71.79318, 0.0139289
2675, 71.71029, 0.013945
2676, 71.83856, 0.0139201
2677, 70.48756, 0.0141869
2678, 73.00496, 0.0136977
2679, 31.5552, 0.0316905
2680, 99.89811, 0.0100102
2681, 72.15163, 0.0138597
2682, 70.25629, 0.0142336
2683, 73.3326, 0.0136365
2684, 71.43011, 0.0139997
2685, 71.97507, 0.0138937
2686, 71.65633, 0.0139555
2687, 71.94504, 0.0138995
2688, 68.44064, 0.0146112
2689, 33.39489, 0.0299447
2690, 90.8026, 0.0110129
2691, 71.3043, 0.0140244
2692, 71.52513, 0.0139811
2693, 71.48065, 0.0139898
2694, 72.58685, 0.0137766
2695, 71.6702, 0.0139528
2696, 71.93934, 0.0139006
2697, 71.84063, 0.0139197
2698, 70.45975, 0.0141925
2699, 31.64186, 0.0316037
2700, 102.0304, 0.009801
2701, 71.17184, 0.0140505
2702, 71.83546, 0.0139207
2703, 71.35874, 0.0140137
2704, 72.03988, 0.0138812
2705, 72.15528, 0.013859
2706, 71.10555, 0.0140636
2707, 70.78944, 0.0141264
2708, 72.46745, 0.0137993
2709, 32.33232, 0.0309288
2710, 92.98693, 0.0107542
2711, 71.64145, 0.0139584
2712, 71.7319, 0.0139408
2713, 71.26923, 0.0140313
2714, 72.17715, 0.0138548
2715, 70.9698, 0.0140905
2716, 71.64196, 0.0139583
2717, 72.4706, 0.0137987
2718, 70.26814, 0.0142312
2719, 31.14809, 0.0321047
2720, 90.93224, 0.0109972
2721, 83.23761, 0.0120138
2722, 71.95901, 0.0138968
2723, 71.22558, 0.0140399
2724, 72.30501, 0.0138303
2725, 71.00306, 0.0140839
2726, 73.03642, 0.0136918
2727, 71.34449, 0.0140165
2728, 70.87424, 0.0141095
2729, 32.51218, 0.0307577
2730, 92.49581, 0.0108113
2731, 71.56659, 0.013973
2732, 71.43061, 0.0139996
2733, 72.59897, 0.0137743
2734, 71.54407, 0.0139774
2735, 70.77992, 0.0141283
2736, 73.59597, 0.0135877
2737, 71.90158, 0.0139079
2738, 70.66439, 0.0141514
2739, 27.93444, 0.0357981
2740, 176.9285, 0.005652
2741, 70.48956, 0.0141865
2742, 72.05753, 0.0138778
2743, 71.53997, 0.0139782
2744, 72.21572, 0.0138474
2745, 70.62945, 0.0141584
2746, 71.68253, 0.0139504
2747, 72.83215, 0.0137302
2748, 71.373, 0.0140109
2749, 30.80677, 0.0324604
2750, 110.688, 0.0090344
2751, 71.286, 0.014028
2752, 71.55021, 0.0139762
2753, 72.00201, 0.0138885
2754, 71.72829, 0.0139415
2755, 71.46686, 0.0139925
2756, 72.38247, 0.0138155
2757, 71.82825, 0.0139221
2758, 71.3623, 0.014013
2759, 30.45494, 0.0328354
2760, 114.5016, 0.0087335
2761, 71.48014, 0.0139899
2762, 71.64658, 0.0139574
2763, 71.22102, 0.0140408
2764, 72.50896, 0.0137914
2765, 69.20702, 0.0144494
2766, 74.92825, 0.0133461
2767, 71.82773, 0.0139222
2768, 71.15108, 0.0140546
2769, 32.7314, 0.0305517
2770, 89.58165, 0.011163
2771, 71.9673, 0.0138952
2772, 72.05701, 0.0138779
2773, 71.59273, 0.0139679
2774, 70.98995, 0.0140865
2775, 72.11157, 0.0138674
2776, 72.03573, 0.013882
2777, 72.65646, 0.0137634
2778, 70.69586, 0.0141451
2779, 32.32323, 0.0309375
2780, 92.87811, 0.0107668
2781, 70.52734, 0.0141789
2782, 73.76917, 0.0135558
2783, 71.71955, 0.0139432
2784, 72.11261, 0.0138672
2785, 71.32871, 0.0140196
2786, 72.12926, 0.013864
2787, 70.94765, 0.0140949
2788, 71.44235, 0.0139973
2789, 32.32365, 0.0309371
2790, 94.451, 0.0105875
2791, 71.77205, 0.013933
2792, 70.69486, 0.0141453
2793, 73.47755, 0.0136096
2794, 71.69898, 0.0139472
2795, 70.91394, 0.0141016
2796, 72.60161, 0.0137738
2797, 71.64658, 0.0139574
2798, 69.82509, 0.0143215
2799, 32.80679, 0.0304815
2800, 92.59002, 0.0108003
2801, 71.41531, 0.0140026
2802, 70.86067, 0.0141122
2803, 68.22073, 0.0146583
2804, 76.22823, 0.0131185
2805, 71.11971, 0.0140608
2806, 72.07571, 0.0138743
2807, 71.86903, 0.0139142
2808, 69.38374, 0.0144126
2809, 30.21422, 0.033097
2810, 102.6041, 0.0097462
2811, 81.4266, 0.012281
2812, 72.38142, 0.0138157
2813, 71.40868, 0.0140039
2814, 70.96729, 0.014091
2815, 72.45642, 0.0138014
2816, 71.69384, 0.0139482
2817, 72.35419, 0.0138209
2818, 71.14754, 0.0140553
2819, 31.98301, 0.0312666
2820, 96.99697, 0.0103096
2821, 71.99683, 0.0138895
2822, 10.24153, 0.0976417
2823, 31.14692, 0.0321059
2824, 103.4747, 0.0096642
2825, 72.3898, 0.0138141
2826, 71.42398, 0.0140009
2827, 72.33796, 0.013824
2828, 71.804, 0.0139268
2829, 70.53977, 0.0141764
2830, 71.93882, 0.0139007
2831, 72.63905, 0.0137667
2832, 71.52718, 0.0139807
2833, 31.15556, 0.032097
2834, 105.0122, 0.0095227
2835, 70.73737, 0.0141368
2836, 72.75478, 0.0137448
2837, 71.91813, 0.0139047
2838, 71.9409, 0.0139003
2839, 71.60452, 0.0139656
2840, 71.3995, 0.0140057
2841, 70.94161, 0.0140961
2842, 72.15945, 0.0138582
2843, 32.28556, 0.0309736
2844, 94.52779, 0.0105789
2845, 71.61067, 0.0139644
2846, 71.24689, 0.0140357
2847, 71.8556, 0.0139168
2848, 71.66969, 0.0139529
2849, 71.58708, 0.013969
2850, 71.96833, 0.013895
2851, 70.95369, 0.0140937
2852, 66.65601, 0.0150024
2853, 30.88708, 0.032376
2854, 101.3901, 0.0098629
2855, 82.51302, 0.0121193
2856, 71.72263, 0.0139426
2857, 72.11469, 0.0138668
2858, 71.72881, 0.0139414
2859, 71.0313, 0.0140783
2860, 72.47007, 0.0137988
2861, 71.89382, 0.0139094
2862, 70.53131, 0.0141781
2863, 31.29225, 0.0319568
2864, 106.3253, 0.0094051
2865, 70.97333, 0.0140898
2866, 71.61375, 0.0139638
2867, 71.89538, 0.0139091
2868, 71.60452, 0.0139656
2869, 71.70875, 0.0139453
2870, 71.254, 0.0140343
2871, 71.27837, 0.0140295
2872, 72.22563, 0.0138455
2873, 30.15118, 0.0331662
2874, 117.665, 0.0084987
2875, 71.79524, 0.0139285
2876, 72.29247, 0.0138327
2877, 70.31756, 0.0142212
2878, 73.14165, 0.0136721
2879, 71.76433, 0.0139345
2880, 71.40816, 0.014004
2881, 72.51053, 0.0137911
2882, 71.79111, 0.0139293
2883, 26.26333, 0.0380759
2884, 43.28817, 0.023101
2885, 118.7465, 0.0084213
2886, 72.27052, 0.0138369
2887, 71.86903, 0.0139142
2888, 70.91243, 0.0141019
2889, 72.93946, 0.01371
2890, 71.44745, 0.0139963
2891, 71.34449, 0.0140165
2892, 32.17131, 0.0310836
2893, 94.6907, 0.0105607
2894, 70.69986, 0.0141443
2895, 72.39137, 0.0138138
2896, 72.36309, 0.0138192
2897, 71.76896, 0.0139336
2898, 71.80658, 0.0139263
2899, 71.77257, 0.0139329
2900, 71.49802, 0.0139864
2901, 70.55122, 0.0141741
2902, 32.84105, 0.0304497
2903, 91.15688, 0.0109701
2904, 71.1987, 0.0140452
2905, 70.97585, 0.0140893
2906, 70.71635, 0.014141
2907, 74.24512, 0.0134689
2908, 71.99787, 0.0138893
2909, 71.42194, 0.0140013
2910, 71.80349, 0.0139269
2911, 71.4097, 0.0140037
2912, 31.41937, 0.0318275
2913, 103.5486, 0.0096573
2914, 71.28397, 0.0140284
2915, 71.5835, 0.0139697
2916, 68.70113, 0.0145558
2917, 73.04015, 0.0136911
2918, 74.66142, 0.0133938
2919, 71.37708, 0.0140101
2920, 71.57684, 0.013971
2921, 71.3511, 0.0140152
2922, 30.47833, 0.0328102
2923, 115.0589, 0.0086912
2924, 71.47503, 0.0139909
2925, 70.00742, 0.0142842
2926, 72.96927, 0.0137044
2927, 71.71389, 0.0139443
2928, 69.55505, 0.0143771
2929, 74.91254, 0.0133489
2930, 71.8334, 0.0139211
2931, 71.21087, 0.0140428
2932, 72.51106, 0.013791
2933, 71.62862, 0.0139609
2934, 71.18958, 0.014047
2935, 72.0212, 0.0138848
2936, 71.40613, 0.0140044
2937, 72.78073, 0.0137399
2938, 71.68922, 0.0139491
2939, 70.89584, 0.0141052
2940, 71.32769, 0.0140198
2941, 73.17162, 0.0136665
2942, 70.26222, 0.0142324
2943, 73.09407, 0.013681
2944, 72.21155, 0.0138482
2945, 71.03887, 0.0140768
2946, 71.62452, 0.0139617
2947, 73.19627, 0.0136619
2948, 71.72623, 0.0139419
2949, 71.30634, 0.014024
2950, 70.82504, 0.0141193
2951, 72.67389, 0.0137601
2952, 68.68745, 0.0145587
2953, 75.18628, 0.0133003
2954, 71.60605, 0.0139653
2955, 72.3207, 0.0138273
2956, 70.93809, 0.0140968
2957, 72.75055, 0.0137456
2958, 71.09443, 0.0140658
2959, 72.68182, 0.0137586
2960, 71.85147, 0.0139176
2961, 71.42448, 0.0140008
2962, 71.18147, 0.0140486
2963, 72.03677, 0.0138818
2964, 70.18233, 0.0142486
2965, 73.97216, 0.0135186
2966, 71.16475, 0.0140519
2967, 72.68657, 0.0137577
2968, 71.65223, 0.0139563
2969, 71.32261, 0.0140208
2970, 71.35059, 0.0140153
2971, 72.29822, 0.0138316
2972, 71.69281, 0.0139484
2973, 72.46797, 0.0137992
2974, 71.6512, 0.0139565
2975, 70.96426, 0.0140916
2976, 71.44439, 0.0139969
2977, 73.3283, 0.0136373
2978, 71.54919, 0.0139764
2979, 71.53844, 0.0139785
2980, 72.2225, 0.0138461
2981, 71.6625, 0.0139543
2982, 71.93365, 0.0139017
2983, 71.63016, 0.0139606
2984, 70.91846, 0.0141007
2985, 73.17162, 0.0136665
2986, 67.82926, 0.0147429
2987, 75.06775, 0.0133213
2988, 71.22964, 0.0140391
2989, 74.18783, 0.0134793
2990, 71.4199, 0.0140017
2991, 71.87988, 0.0139121
2992, 71.47605, 0.0139907
2993, 71.98647, 0.0138915
2994, 71.95229, 0.0138981
2995, 71.82979, 0.0139218
2996, 71.23167, 0.0140387
2997, 70.03733, 0.0142781
2998, 72.11313, 0.0138671
2999, 73.70283, 0.013568
3000, 71.88142, 0.0139118
3001, 71.84888, 0.0139181
3002, 71.74734, 0.0139378
3003, 72.03002, 0.0138831
3004, 71.80091, 0.0139274
3005, 71.61272, 0.013964
3006, 71.28752, 0.0140277
3007, 72.24337, 0.0138421
3008, 71.75609, 0.0139361
3009, 72.38561, 0.0138149
3010, 71.14045, 0.0140567
3011, 72.0321, 0.0138827
3012, 71.91089, 0.0139061
3013, 72.23294, 0.0138441
3014, 71.32515, 0.0140203
3015, 71.11971, 0.0140608
3016, 71.95798, 0.013897
3017, 71.94245, 0.0139
3018, 72.58791, 0.0137764
3019, 69.95893, 0.0142941
3020, 73.83943, 0.0135429
3021, 71.81947, 0.0139238
3022, 71.62965, 0.0139607
3023, 71.70567, 0.0139459
3024, 72.27522, 0.013836
3025, 71.23471, 0.0140381
3026, 71.68922, 0.0139491
3027, 71.63683, 0.0139593
3028, 72.51421, 0.0137904
3029, 71.6923, 0.0139485
3030, 71.04645, 0.0140753
3031, 72.30553, 0.0138302
3032, 72.34791, 0.0138221
3033, 71.98388, 0.013892
3034, 71.1987, 0.0140452
3035, 72.18549, 0.0138532
3036, 71.53075, 0.01398
3037, 71.26314, 0.0140325
3038, 72.7532, 0.0137451
3039, 71.77154, 0.0139331
3040, 71.88556, 0.013911
3041, 71.23167, 0.0140387
3042, 71.29007, 0.0140272
3043, 72.35052, 0.0138216
3044, 72.61848, 0.0137706
3045, 71.65839, 0.0139551
3046, 71.44847, 0.0139961
3047, 72.11521, 0.0138667
3048, 70.71835, 0.0141406
3049, 71.93727, 0.013901
3050, 73.16252, 0.0136682
3051, 71.94245, 0.0139
3052, 70.6524, 0.0141538
3053, 72.21416, 0.0138477
3054, 72.12822, 0.0138642
3055, 70.39279, 0.014206
3056, 73.39342, 0.0136252
3057, 71.59119, 0.0139682
3058, 70.88026, 0.0141083
3059, 73.15343, 0.0136699
3060, 71.70258, 0.0139465
3061, 70.07905, 0.0142696
3062, 74.18673, 0.0134795
3063, 71.03484, 0.0140776
3064, 72.18393, 0.0138535
3065, 72.01861, 0.0138853
3066, 71.13641, 0.0140575
3067, 71.20884, 0.0140432
3068, 72.44434, 0.0138037
3069, 72.43858, 0.0138048
3070, 71.87678, 0.0139127
3071, 71.41276, 0.0140031
3072, 71.81483, 0.0139247
3073, 70.58707, 0.0141669
3074, 72.97299, 0.0137037
3075, 72.27888, 0.0138353
3076, 71.96004, 0.0138966
3077, 71.61579, 0.0139634
3078, 70.4389, 0.0141967
3079, 72.14747, 0.0138605
3080, 73.59055, 0.0135887
3081, 71.10049, 0.0140646
3082, 71.48065, 0.0139898
3083, 72.21468, 0.0138476
3084, 71.46839, 0.0139922
3085, 70.94161, 0.0140961
3086, 72.92509, 0.0137127
3087, 72.02535, 0.013884
3088, 71.42142, 0.0140014
3089, 72.65646, 0.0137634
3090, 71.54253, 0.0139777
3091, 71.07624, 0.0140694
3092, 73.03162, 0.0136927
3093, 70.77441, 0.0141294
3094, 69.91541, 0.014303
3095, 71.76124, 0.0139351
3096, 73.84597, 0.0135417
3097, 70.9401, 0.0140964
3098, 72.9911, 0.0137003
3099, 72.79027, 0.0137381
3100, 70.64742, 0.0141548
3101, 32.10984, 0.0311431
3102, 67.07403, 0.0149089
3103, 99.21816, 0.0100788
3104, 69.69904, 0.0143474
3105, 71.9352, 0.0139014
3106, 74.55732, 0.0134125
3107, 72.64854, 0.0137649
3108, 68.60875, 0.0145754
3109, 78.15614, 0.0127949
3110, 71.81741, 0.0139242
3111, 71.7633, 0.0139347
3112, 71.45971, 0.0139939
3113, 71.86179, 0.0139156
3114, 70.36456, 0.0142117
3115, 68.6436, 0.014568
3116, 75.00526, 0.0133324
3117, 72.61426, 0.0137714
3118, 72.3699, 0.0138179
3119, 72.437, 0.0138051
3120, 69.34813, 0.01442
3121, 74.17242, 0.0134821
3122, 70.1646, 0.0142522
3123, 72.97672, 0.013703
3124, 69.20272, 0.0144503
3125, 72.27366, 0.0138363
3126, 71.27431, 0.0140303
3127, 72.0378, 0.0138816
3128, 70.84913, 0.0141145
3129, 70.97433, 0.0140896
3130, 73.70609, 0.0135674
3131, 70.59007, 0.0141663
3132, 72.12926, 0.013864
3133, 71.58401, 0.0139696
3134, 70.8878, 0.0141068
3135, 72.28986, 0.0138332
3136, 72.80193, 0.0137359
3137, 73.03855, 0.0136914
3138, 70.17445, 0.0142502
3139, 75.34886, 0.0132716
3140, 72.95383, 0.0137073
3141, 71.46992, 0.0139919
3142, 71.68459, 0.01395
3143, 72.23399, 0.0138439
3144, 71.7942, 0.0139287
3145, 71.56403, 0.0139735
3146, 72.05026, 0.0138792
3147, 69.18596, 0.0144538
3148, 71.87057, 0.0139139
3149, 71.34194, 0.014017
3150, 70.62097, 0.0141601
3151, 73.29337, 0.0136438
3152, 72.24546, 0.0138417
3153, 74.26331, 0.0134656
3154, 69.52024, 0.0143843
3155, 69.34957, 0.0144197
3156, 71.43112, 0.0139995
3157, 77.45934, 0.01291
3158, 72.58316, 0.0137773
3159, 69.1649, 0.0144582
3160, 71.97766, 0.0138932
3161, 73.46189, 0.0136125
3162, 71.92382, 0.0139036
3163, 72.23972, 0.0138428
3164, 72.01913, 0.0138852
3165, 69.97019, 0.0142918
3166, 69.73209, 0.0143406
3167, 72.66438, 0.0137619
3168, 72.6459, 0.0137654
3169, 73.85525, 0.01354
3170, 72.48531, 0.0137959
3171, 70.46372, 0.0141917
3172, 72.13186, 0.0138635
3173, 72.22824, 0.013845
3174, 72.18653, 0.013853
3175, 42.52713, 0.0235144
3176, 54.14214, 0.0184699
3177, 72.94531, 0.0137089
3178, 71.29921, 0.0140254
3179, 72.06584, 0.0138762
3180, 22.26685, 0.0449098
