Frame, FPS, Frame Time
1, 50, 0.02
2, 50, 0.02
3, 3, 0.3333333
4, 7.711569, 0.1296753
5, 11.07414, 0.0903005
6, 79.35878, 0.012601
7, 70.1105, 0.0142632
8, 74.0176, 0.0135103
9, 71.82773, 0.0139222
10, 72.53841, 0.0137858
11, 72.35052, 0.0138216
12, 71.84631, 0.0139186
13, 71.69435, 0.0139481
14, 72.26948, 0.0138371
15, 69.12475, 0.0144666
16, 75.14729, 0.0133072
17, 72.23972, 0.0138428
18, 72.0404, 0.0138811
19, 70.78092, 0.0141281
20, 73.02895, 0.0136932
21, 17.89863, 0.0558702
22, 72.6496, 0.0137647
23, 70.59505, 0.0141653
24, 72.97033, 0.0137042
25, 72.06116, 0.0138771
26, 72.12197, 0.0138654
27, 71.57581, 0.0139712
28, 71.77102, 0.0139332
29, 71.83289, 0.0139212
30, 71.44949, 0.0139959
31, 72.27209, 0.0138366
32, 71.01163, 0.0140822
33, 72.31442, 0.0138285
34, 71.87781, 0.0139125
35, 72.13446, 0.013863
36, 71.84785, 0.0139183
37, 71.75506, 0.0139363
38, 71.69846, 0.0139473
39, 71.51183, 0.0139837
40, 72.32122, 0.0138272
41, 71.37861, 0.0140098
42, 71.97247, 0.0138942
43, 71.55328, 0.0139756
44, 72.38718, 0.0138146
45, 71.7669, 0.013934
46, 71.24791, 0.0140355
47, 71.37453, 0.0140106
48, 72.50159, 0.0137928
49, 71.74888, 0.0139375
50, 72.05909, 0.0138775
51, 5.397024, 0.1852873
52, 61.93216, 0.0161467
53, 23.3888, 0.0427555
54, 105.8526, 0.0094471
55, 75.54353, 0.0132374
56, 67.54566, 0.0148048
57, 35.62154, 0.0280729
58, 66.04889, 0.0151403
59, 68.24401, 0.0146533
60, 71.48831, 0.0139883
61, 69.79877, 0.0143269
62, 70.1105, 0.0142632
63, 70.73987, 0.0141363
64, 71.21037, 0.0140429
65, 70.43295, 0.0141979
66, 71.48985, 0.013988
67, 71.38421, 0.0140087
68, 70.74738, 0.0141348
69, 71.4046, 0.0140047
70, 71.1911, 0.0140467
71, 71.78957, 0.0139296
72, 70.29976, 0.0142248
73, 72.58633, 0.0137767
74, 71.5835, 0.0139697
75, 71.73138, 0.0139409
76, 70.81902, 0.0141205
77, 69.62431, 0.0143628
78, 17.92796, 0.0557788
79, 28.16132, 0.0355097
80, 33.54917, 0.029807
81, 43.01371, 0.0232484
82, 130.748, 0.0076483
83, 68.82691, 0.0145292
84, 71.41939, 0.0140018
85, 71.3221, 0.0140209
86, 71.36384, 0.0140127
87, 72.6285, 0.0137687
88, 70.58956, 0.0141664
89, 71.92434, 0.0139035
90, 71.49393, 0.0139872
91, 71.8587, 0.0139162
92, 71.47963, 0.01399
93, 71.71852, 0.0139434
94, 70.90589, 0.0141032
95, 72.37828, 0.0138163
96, 70.87473, 0.0141094
97, 71.01163, 0.0140822
98, 73.15984, 0.0136687
99, 71.60708, 0.0139651
100, 70.55918, 0.0141725
101, 73.32024, 0.0136388
102, 71.66148, 0.0139545
103, 71.72623, 0.0139419
104, 71.96471, 0.0138957
105, 71.54304, 0.0139776
106, 70.59953, 0.0141644
107, 72.42755, 0.0138069
108, 71.49854, 0.0139863
109, 72.61214, 0.0137718
110, 71.59837, 0.0139668
111, 71.7942, 0.0139287
112, 71.12426, 0.0140599
113, 72.47585, 0.0137977
114, 71.20834, 0.0140433
115, 72.41811, 0.0138087
116, 71.38829, 0.0140079
117, 71.23065, 0.0140389
118, 72.15684, 0.0138587
119, 71.69487, 0.013948
120, 72.11417, 0.0138669
121, 71.55994, 0.0139743
122, 71.79627, 0.0139283
123, 71.39746, 0.0140061
124, 52.14988, 0.0191755
125, 115.938, 0.0086253
126, 71.63221, 0.0139602
127, 70.90137, 0.0141041
128, 72.8539, 0.0137261
129, 71.91554, 0.0139052
130, 70.62247, 0.0141598
131, 72.64169, 0.0137662
132, 71.54919, 0.0139764
133, 72.26896, 0.0138372
134, 71.87367, 0.0139133
135, 71.74734, 0.0139378
136, 71.80349, 0.0139269
137, 71.84321, 0.0139192
138, 70.19022, 0.014247
139, 73.71315, 0.0135661
140, 71.34042, 0.0140173
141, 70.86168, 0.014112
142, 71.21544, 0.0140419
143, 73.35896, 0.0136316
144, 71.46073, 0.0139937
145, 72.2319, 0.0138443
146, 71.62349, 0.0139619
147, 71.01718, 0.0140811
148, 71.9989, 0.0138891
149, 72.03002, 0.0138831
150, 72.21468, 0.0138476
151, 71.95642, 0.0138973
152, 70.83257, 0.0141178
153, 72.6871, 0.0137576
154, 71.25806, 0.0140335
155, 71.96004, 0.0138966
156, 71.5415, 0.0139779
157, 72.27836, 0.0138354
158, 71.73859, 0.0139395
159, 71.62862, 0.0139609
160, 71.83083, 0.0139216
161, 70.79897, 0.0141245
162, 72.69291, 0.0137565
163, 71.2672, 0.0140317
164, 72.13966, 0.013862
165, 72.20216, 0.01385
166, 71.65531, 0.0139557
167, 70.93255, 0.0140979
168, 71.94245, 0.0139
169, 71.77824, 0.0139318
170, 72.81306, 0.0137338
171, 71.64606, 0.0139575
172, 70.77041, 0.0141302
173, 71.64864, 0.013957
174, 72.39294, 0.0138135
175, 71.75712, 0.0139359
176, 72.33953, 0.0138237
177, 71.973, 0.0138941
178, 71.63273, 0.0139601
179, 70.90288, 0.0141038
180, 72.62164, 0.01377
181, 71.98129, 0.0138925
182, 71.91864, 0.0139046
183, 71.36485, 0.0140125
184, 71.71594, 0.0139439
185, 70.19071, 0.0142469
186, 73.68002, 0.0135722
187, 71.35009, 0.0140154
188, 72.15424, 0.0138592
189, 72.05338, 0.0138786
190, 71.74271, 0.0139387
191, 70.49451, 0.0141855
192, 73.31432, 0.0136399
193, 71.7355, 0.0139401
194, 71.40307, 0.014005
195, 72.16986, 0.0138562
196, 70.52385, 0.0141796
197, 72.07935, 0.0138736
198, 71.89072, 0.01391
199, 72.44277, 0.013804
200, 71.973, 0.0138941
201, 71.58247, 0.0139699
202, 70.73486, 0.0141373
203, 72.12041, 0.0138657
204, 72.94052, 0.0137098
205, 71.99943, 0.013889
206, 71.60964, 0.0139646
207, 70.74487, 0.0141353
208, 72.42178, 0.013808
209, 71.43571, 0.0139986
210, 71.62759, 0.0139611
211, 71.8716, 0.0139137
212, 71.49598, 0.0139868
213, 71.2205, 0.0140409
214, 73.13416, 0.0136735
215, 71.49905, 0.0139862
216, 71.85818, 0.0139163
217, 71.73138, 0.0139409
218, 71.32515, 0.0140203
219, 72.29769, 0.0138317
220, 71.71235, 0.0139446
221, 71.44439, 0.0139969
222, 72.05182, 0.0138789
223, 70.54723, 0.0141749
224, 73.34389, 0.0136344
225, 72.05598, 0.0138781
226, 71.69743, 0.0139475
227, 72.12354, 0.0138651
228, 72.10378, 0.0138689
229, 70.96225, 0.014092
230, 72.5937, 0.0137753
231, 71.82928, 0.0139219
232, 71.76639, 0.0139341
233, 71.6702, 0.0139528
234, 71.26365, 0.0140324
235, 72.91606, 0.0137144
236, 70.94312, 0.0140958
237, 72.12769, 0.0138643
238, 71.69178, 0.0139486
239, 71.60144, 0.0139662
240, 70.98341, 0.0140878
241, 72.46009, 0.0138007
242, 72.31181, 0.013829
243, 71.83805, 0.0139202
244, 71.0419, 0.0140762
245, 72.07571, 0.0138743
246, 72.11937, 0.0138659
247, 72.10065, 0.0138695
248, 71.13641, 0.0140575
249, 71.9932, 0.0138902
250, 71.89486, 0.0139092
251, 70.90187, 0.014104
252, 72.86028, 0.0137249
253, 71.79472, 0.0139286
254, 71.39542, 0.0140065
255, 71.47095, 0.0139917
256, 72.51211, 0.0137908
257, 72.05286, 0.0138787
258, 71.49701, 0.0139866
259, 71.88866, 0.0139104
260, 71.78802, 0.0139299
261, 71.718, 0.0139435
262, 71.35722, 0.014014
263, 72.56631, 0.0137805
264, 71.47095, 0.0139917
265, 70.3507, 0.0142145
266, 74.28979, 0.0134608
267, 70.77241, 0.0141298
268, 72.31338, 0.0138287
269, 72.12405, 0.013865
270, 71.3455, 0.0140163
271, 71.53383, 0.0139794
272, 72.28881, 0.0138334
273, 71.46328, 0.0139932
274, 72.40448, 0.0138113
275, 71.01012, 0.0140825
276, 69.6937, 0.0143485
277, 74.59068, 0.0134065
278, 72.22929, 0.0138448
279, 71.40562, 0.0140045
280, 71.58965, 0.0139685
281, 71.9787, 0.013893
282, 71.28651, 0.0140279
283, 72.23555, 0.0138436
284, 70.9688, 0.0140907
285, 72.6665, 0.0137615
286, 71.33125, 0.0140191
287, 72.13758, 0.0138624
288, 70.98441, 0.0140876
289, 73.14112, 0.0136722
290, 71.5584, 0.0139746
291, 72.07051, 0.0138753
292, 71.73705, 0.0139398
293, 71.82979, 0.0139218
294, 70.65839, 0.0141526
295, 71.21391, 0.0140422
296, 73.01562, 0.0136957
297, 72.58053, 0.0137778
298, 34.95538, 0.0286079
299, 72.63588, 0.0137673
300, 74.2049, 0.0134762
301, 71.89848, 0.0139085
302, 65.95436, 0.015162
303, 78.35578, 0.0127623
304, 72.06532, 0.0138763
305, 69.20511, 0.0144498
306, 30.15718, 0.0331596
307, 104.9748, 0.0095261
308, 81.0491, 0.0123382
309, 71.87264, 0.0139135
310, 69.55892, 0.0143763
311, 72.93414, 0.013711
312, 72.95489, 0.0137071
313, 71.101, 0.0140645
314, 72.27366, 0.0138363
315, 71.57787, 0.0139708
316, 31.23565, 0.0320147
317, 104.2764, 0.0095899
318, 71.68253, 0.0139504
319, 71.31955, 0.0140214
320, 71.96004, 0.0138966
321, 70.49451, 0.0141855
322, 71.28143, 0.0140289
323, 73.53644, 0.0135987
324, 72.28358, 0.0138344
325, 70.71086, 0.0141421
326, 31.63696, 0.0316086
327, 100.8186, 0.0099188
328, 71.34958, 0.0140155
329, 72.2794, 0.0138352
330, 71.36282, 0.0140129
331, 71.28498, 0.0140282
332, 70.84863, 0.0141146
333, 73.47053, 0.0136109
334, 72.73627, 0.0137483
335, 70.31261, 0.0142222
336, 32.07935, 0.0311727
337, 94.95864, 0.0105309
338, 72.28097, 0.0138349
339, 70.80147, 0.014124
340, 71.80349, 0.0139269
341, 72.80405, 0.0137355
342, 71.87109, 0.0139138
343, 70.44685, 0.0141951
344, 73.48402, 0.0136084
345, 70.8667, 0.014111
346, 32.28473, 0.0309744
347, 93.13329, 0.0107373
348, 71.79163, 0.0139292
349, 71.63888, 0.0139589
350, 71.25146, 0.0140348
351, 72.38352, 0.0138153
352, 72.40658, 0.0138109
353, 71.59068, 0.0139683
354, 70.69036, 0.0141462
355, 71.74888, 0.0139375
356, 30.52149, 0.0327638
357, 115.5548, 0.0086539
358, 71.28752, 0.0140277
359, 71.16374, 0.0140521
360, 71.65479, 0.0139558
361, 72.10533, 0.0138686
362, 72.0565, 0.013878
363, 72.2319, 0.0138443
364, 71.87057, 0.0139139
365, 69.30968, 0.014428
366, 32.51208, 0.0307578
367, 94.75529, 0.0105535
368, 71.43469, 0.0139988
369, 72.75902, 0.013744
370, 71.50928, 0.0139842
371, 70.60851, 0.0141626
372, 73.1208, 0.013676
373, 71.18958, 0.014047
374, 71.81792, 0.0139241
375, 69.46616, 0.0143955
376, 28.69407, 0.0348504
377, 124.5485, 0.008029
378, 82.05398, 0.0121871
379, 72.25694, 0.0138395
380, 72.27627, 0.0138358
381, 71.62862, 0.0139609
382, 63.46788, 0.015756
383, 82.31265, 0.0121488
384, 71.69743, 0.0139475
385, 71.0424, 0.0140761
386, 72.94851, 0.0137083
387, 70.41262, 0.014202
388, 73.05082, 0.0136891
389, 70.50496, 0.0141834
390, 73.5873, 0.0135893
391, 72.10429, 0.0138688
392, 71.59939, 0.0139666
393, 43.75391, 0.0228551
394, 162.2902, 0.0061618
395, 78.95526, 0.0126654
396, 71.18552, 0.0140478
397, 72.38404, 0.0138152
398, 71.34398, 0.0140166
399, 68.90849, 0.014512
400, 71.94814, 0.0138989
401, 74.5051, 0.0134219
402, 72.69766, 0.0137556
403, 71.8205, 0.0139236
404, 71.3944, 0.0140067
405, 71.59375, 0.0139677
406, 71.7494, 0.0139374
407, 71.23421, 0.0140382
408, 72.84382, 0.013728
409, 68.05962, 0.014693
410, 75.2672, 0.013286
411, 71.09443, 0.0140658
412, 72.46482, 0.0137998
413, 72.54262, 0.013785
414, 72.61742, 0.0137708
415, 70.87273, 0.0141098
416, 71.94193, 0.0139001
417, 72.21468, 0.0138476
418, 71.20073, 0.0140448
419, 72.676, 0.0137597
420, 71.29718, 0.0140258
421, 71.47248, 0.0139914
422, 72.49161, 0.0137947
423, 69.60977, 0.0143658
424, 74.04774, 0.0135048
425, 72.1329, 0.0138633
426, 72.33012, 0.0138255
427, 71.53434, 0.0139793
428, 71.74064, 0.0139391
429, 71.36994, 0.0140115
430, 71.16171, 0.0140525
431, 72.21677, 0.0138472
432, 72.93626, 0.0137106
433, 71.54457, 0.0139773
434, 71.36994, 0.0140115
435, 70.7679, 0.0141307
436, 71.84321, 0.0139192
437, 73.07858, 0.0136839
438, 71.32261, 0.0140208
439, 72.37775, 0.0138164
440, 70.15821, 0.0142535
441, 72.51631, 0.01379
442, 72.04974, 0.0138793
443, 73.00016, 0.0136986
444, 71.70309, 0.0139464
445, 71.70309, 0.0139464
446, 70.65839, 0.0141526
447, 72.20164, 0.0138501
448, 71.65839, 0.0139551
449, 71.23624, 0.0140378
450, 73.21288, 0.0136588
451, 72.65646, 0.0137634
452, 71.86541, 0.0139149
453, 71.88556, 0.013911
454, 70.97484, 0.0140895
455, 72.54314, 0.0137849
456, 71.85353, 0.0139172
457, 71.03938, 0.0140767
458, 72.55367, 0.0137829
459, 70.98441, 0.0140876
460, 72.33325, 0.0138249
461, 71.1526, 0.0140543
462, 72.34634, 0.0138224
463, 72.37042, 0.0138178
464, 71.66148, 0.0139545
465, 71.5149, 0.0139831
466, 71.18198, 0.0140485
467, 72.43227, 0.013806
468, 72.04559, 0.0138801
469, 71.87109, 0.0139138
470, 72.05182, 0.0138789
471, 69.85191, 0.014316
472, 71.93779, 0.0139009
473, 73.12133, 0.0136759
474, 73.08499, 0.0136827
475, 71.87729, 0.0139126
476, 71.43827, 0.0139981
477, 71.57427, 0.0139715
478, 71.29718, 0.0140258
479, 72.70137, 0.0137549
480, 71.49087, 0.0139878
481, 71.82876, 0.013922
482, 70.95772, 0.0140929
483, 72.82366, 0.0137318
484, 68.7035, 0.0145553
485, 75.39204, 0.013264
486, 71.62605, 0.0139614
487, 71.86179, 0.0139156
488, 71.62605, 0.0139614
489, 71.94296, 0.0138999
490, 71.35925, 0.0140136
491, 72.54683, 0.0137842
492, 71.19971, 0.014045
493, 72.3139, 0.0138286
494, 71.61426, 0.0139637
495, 70.85917, 0.0141125
496, 72.01653, 0.0138857
497, 72.78762, 0.0137386
498, 71.74425, 0.0139384
499, 71.76587, 0.0139342
500, 71.65531, 0.0139557
501, 71.89796, 0.0139086
502, 71.03786, 0.014077
503, 72.91287, 0.013715
504, 72.13758, 0.0138624
505, 71.425, 0.0140007
506, 71.17235, 0.0140504
507, 71.84734, 0.0139184
508, 72.00047, 0.0138888
509, 71.58504, 0.0139694
510, 71.94865, 0.0138988
511, 71.38931, 0.0140077
512, 72.89161, 0.013719
513, 71.88556, 0.013911
514, 71.14096, 0.0140566
515, 72.61426, 0.0137714
516, 71.87833, 0.0139124
517, 70.71986, 0.0141403
518, 72.85178, 0.0137265
519, 71.41174, 0.0140033
520, 71.39899, 0.0140058
521, 72.25851, 0.0138392
522, 71.68304, 0.0139503
523, 71.89486, 0.0139092
524, 72.36571, 0.0138187
525, 71.42959, 0.0139998
526, 71.75248, 0.0139368
527, 72.21416, 0.0138477
528, 71.39236, 0.0140071
529, 72.21468, 0.0138476
530, 71.74374, 0.0139385
531, 71.52462, 0.0139812
532, 71.74785, 0.0139377
533, 71.96419, 0.0138958
534, 70.58757, 0.0141668
535, 72.45484, 0.0138017
536, 72.74155, 0.0137473
537, 72.49004, 0.013795
538, 72.22824, 0.013845
539, 71.23015, 0.014039
540, 72.15893, 0.0138583
541, 71.67123, 0.0139526
542, 72.13654, 0.0138626
543, 70.68387, 0.0141475
544, 72.676, 0.0137597
545, 71.84528, 0.0139188
546, 71.85612, 0.0139167
547, 72.52841, 0.0137877
548, 71.73087, 0.013941
549, 71.31447, 0.0140224
550, 71.81844, 0.013924
551, 72.25956, 0.013839
552, 71.68562, 0.0139498
553, 71.44949, 0.0139959
554, 71.93468, 0.0139015
555, 72.00357, 0.0138882
556, 71.45103, 0.0139956
557, 71.83289, 0.0139212
558, 72.35157, 0.0138214
559, 71.73498, 0.0139402
560, 71.9958, 0.0138897
561, 71.36842, 0.0140118
562, 72.36623, 0.0138186
563, 72.03365, 0.0138824
564, 71.70515, 0.013946
565, 71.58094, 0.0139702
566, 71.87419, 0.0139132
567, 71.73087, 0.013941
568, 72.17299, 0.0138556
569, 71.97455, 0.0138938
570, 71.5958, 0.0139673
571, 72.23138, 0.0138444
572, 70.90288, 0.0141038
573, 71.9875, 0.0138913
574, 72.00565, 0.0138878
575, 71.46686, 0.0139925
576, 71.78442, 0.0139306
577, 72.36204, 0.0138194
578, 72.1433, 0.0138613
579, 71.90417, 0.0139074
580, 71.2738, 0.0140304
581, 71.46737, 0.0139924
582, 72.62639, 0.0137691
583, 71.55276, 0.0139757
584, 72.27052, 0.0138369
585, 71.24131, 0.0140368
586, 70.46075, 0.0141923
587, 73.88963, 0.0135337
588, 71.9352, 0.0139014
589, 71.58913, 0.0139686
590, 72.14851, 0.0138603
591, 71.73138, 0.0139409
592, 71.71029, 0.013945
593, 70.80849, 0.0141226
594, 69.75446, 0.014336
595, 75.2055, 0.0132969
596, 71.43725, 0.0139983
597, 72.21781, 0.013847
598, 71.69949, 0.0139471
599, 70.6524, 0.0141538
600, 73.04549, 0.0136901
601, 71.3944, 0.0140067
602, 72.27627, 0.0138358
603, 71.74322, 0.0139386
604, 71.80503, 0.0139266
605, 68.96457, 0.0145002
606, 74.03239, 0.0135076
607, 73.03855, 0.0136914
608, 71.12022, 0.0140607
609, 72.2298, 0.0138447
610, 71.72778, 0.0139416
611, 70.91645, 0.0141011
612, 72.7532, 0.0137451
613, 71.36893, 0.0140117
614, 72.14851, 0.0138603
615, 71.03433, 0.0140777
616, 72.19852, 0.0138507
617, 70.80899, 0.0141225
618, 74.13448, 0.013489
619, 71.23978, 0.0140371
620, 71.86231, 0.0139155
621, 71.42857, 0.014
622, 72.26582, 0.0138378
623, 71.31142, 0.014023
624, 71.62298, 0.013962
625, 73.02468, 0.013694
626, 71.14653, 0.0140555
627, 71.39746, 0.0140061
628, 72.25225, 0.0138404
629, 71.51337, 0.0139834
630, 71.95487, 0.0138976
631, 72.06844, 0.0138757
632, 72.18757, 0.0138528
633, 71.71697, 0.0139437
634, 71.02475, 0.0140796
635, 71.43877, 0.013998
636, 73.04975, 0.0136893
637, 72.1558, 0.0138589
638, 70.57861, 0.0141686
639, 72.3809, 0.0138158
640, 72.28045, 0.013835
641, 70.9406, 0.0140963
642, 72.70982, 0.0137533
643, 71.78596, 0.0139303
644, 70.9245, 0.0140995
645, 72.65488, 0.0137637
646, 71.81535, 0.0139246
647, 70.85164, 0.014114
648, 73.02202, 0.0136945
649, 70.53082, 0.0141782
650, 73.04868, 0.0136895
651, 71.71749, 0.0139436
652, 71.82928, 0.0139219
653, 70.57761, 0.0141688
654, 73.39342, 0.0136252
655, 71.80761, 0.0139261
656, 71.75197, 0.0139369
657, 71.87264, 0.0139135
658, 71.3221, 0.0140209
659, 71.9787, 0.013893
660, 71.58811, 0.0139688
661, 71.91709, 0.0139049
662, 71.09847, 0.014065
663, 72.54683, 0.0137842
664, 72.09753, 0.0138701
665, 70.64542, 0.0141552
666, 73.13416, 0.0136735
667, 71.26619, 0.0140319
668, 71.21087, 0.0140428
669, 72.18549, 0.0138532
670, 72.34529, 0.0138226
671, 70.13311, 0.0142586
672, 73.4932, 0.0136067
673, 70.33437, 0.0142178
674, 73.13631, 0.0136731
675, 71.9528, 0.013898
676, 71.5011, 0.0139858
677, 71.30786, 0.0140237
678, 72.66069, 0.0137626
679, 72.33378, 0.0138248
680, 71.77205, 0.013933
681, 70.67188, 0.0141499
682, 72.41707, 0.0138089
683, 72.73151, 0.0137492
684, 71.57838, 0.0139707
685, 72.04871, 0.0138795
686, 71.91296, 0.0139057
687, 71.74167, 0.0139389
688, 71.77, 0.0139334
689, 71.78184, 0.0139311
690, 72.09077, 0.0138714
691, 71.72623, 0.0139419
692, 71.27686, 0.0140298
693, 71.67534, 0.0139518
694, 71.87109, 0.0139138
695, 72.52367, 0.0137886
696, 71.35619, 0.0140142
697, 72.23138, 0.0138444
698, 71.52513, 0.0139811
699, 71.91348, 0.0139056
700, 71.40409, 0.0140048
701, 72.44434, 0.0138037
702, 72.07519, 0.0138744
703, 71.32006, 0.0140213
704, 69.97655, 0.0142905
705, 74.22583, 0.0134724
706, 71.60861, 0.0139648
707, 71.14957, 0.0140549
708, 71.99476, 0.0138899
709, 71.74991, 0.0139373
710, 72.37723, 0.0138165
711, 71.65531, 0.0139557
712, 71.94193, 0.0139001
713, 71.65788, 0.0139552
714, 72.07935, 0.0138736
715, 70.50943, 0.0141825
716, 73.26007, 0.01365
717, 71.38268, 0.014009
718, 72.03262, 0.0138826
719, 72.13498, 0.0138629
720, 71.39695, 0.0140062
721, 71.68562, 0.0139498
722, 72.06947, 0.0138755
723, 71.79885, 0.0139278
724, 72.12769, 0.0138643
725, 70.9955, 0.0140854
726, 71.84476, 0.0139189
727, 72.37566, 0.0138168
728, 71.82876, 0.013922
729, 71.94918, 0.0138987
730, 71.55788, 0.0139747
731, 71.38625, 0.0140083
732, 72.22824, 0.013845
733, 72.03728, 0.0138817
734, 71.67739, 0.0139514
735, 72.04663, 0.0138799
736, 71.01315, 0.0140819
737, 72.31338, 0.0138287
738, 72.11885, 0.013866
739, 71.57172, 0.013972
740, 72.12354, 0.0138651
741, 71.18501, 0.0140479
742, 72.45169, 0.0138023
743, 71.65428, 0.0139559
744, 71.73962, 0.0139393
745, 71.89227, 0.0139097
746, 72.24702, 0.0138414
747, 48.46558, 0.0206332
748, 129.5303, 0.0077202
749, 74.5462, 0.0134145
750, 71.27583, 0.01403
751, 72.15372, 0.0138593
752, 72.16882, 0.0138564
753, 70.47663, 0.0141891
754, 72.66756, 0.0137613
755, 71.95694, 0.0138972
756, 71.07725, 0.0140692
757, 72.81094, 0.0137342
758, 71.48627, 0.0139887
759, 71.42603, 0.0140005
760, 72.71406, 0.0137525
761, 71.86903, 0.0139142
762, 71.12881, 0.014059
763, 72.10689, 0.0138683
764, 71.99787, 0.0138893
765, 71.75197, 0.0139369
766, 72.198, 0.0138508
767, 72.00616, 0.0138877
768, 70.90237, 0.0141039
769, 72.60793, 0.0137726
770, 71.0424, 0.0140761
771, 72.33691, 0.0138242
772, 71.8556, 0.0139168
773, 71.47095, 0.0139917
774, 71.79988, 0.0139276
775, 71.87936, 0.0139122
776, 72.45012, 0.0138026
777, 71.05351, 0.0140739
778, 71.2738, 0.0140304
779, 73.17216, 0.0136664
780, 70.89484, 0.0141054
781, 71.40511, 0.0140046
782, 73.48511, 0.0136082
783, 71.13337, 0.0140581
784, 71.94555, 0.0138994
785, 71.41582, 0.0140025
786, 71.14957, 0.0140549
787, 73.00443, 0.0136978
788, 71.48933, 0.0139881
789, 71.72006, 0.0139431
790, 72.21155, 0.0138482
791, 72.07571, 0.0138743
792, 69.65583, 0.0143563
793, 73.99405, 0.0135146
794, 71.96471, 0.0138957
795, 71.23521, 0.014038
796, 71.02575, 0.0140794
797, 72.11209, 0.0138673
798, 71.51439, 0.0139832
799, 73.26383, 0.0136493
800, 72.03313, 0.0138825
801, 71.51643, 0.0139828
802, 71.87781, 0.0139125
803, 70.33091, 0.0142185
804, 72.65699, 0.0137633
805, 72.41759, 0.0138088
806, 70.50793, 0.0141828
807, 72.20113, 0.0138502
808, 72.45537, 0.0138016
809, 72.30449, 0.0138304
810, 70.84009, 0.0141163
811, 72.13758, 0.0138624
812, 72.5621, 0.0137813
813, 71.49087, 0.0139878
814, 71.25349, 0.0140344
815, 72.71246, 0.0137528
816, 70.97282, 0.0140899
817, 72.02068, 0.0138849
818, 72.65277, 0.0137641
819, 71.35365, 0.0140147
820, 71.79318, 0.0139289
821, 71.82721, 0.0139223
822, 70.79846, 0.0141246
823, 73.26866, 0.0136484
824, 71.84012, 0.0139198
825, 70.59405, 0.0141655
826, 72.43909, 0.0138047
827, 71.64864, 0.013957
828, 71.80246, 0.0139271
829, 72.54367, 0.0137848
830, 71.85715, 0.0139165
831, 71.10302, 0.0140641
832, 72.45484, 0.0138017
833, 71.53895, 0.0139784
834, 71.45664, 0.0139945
835, 72.50159, 0.0137928
836, 69.41889, 0.0144053
837, 72.27104, 0.0138368
838, 73.03695, 0.0136917
839, 73.07484, 0.0136846
840, 71.75454, 0.0139364
841, 71.18704, 0.0140475
842, 71.72006, 0.0139431
843, 72.1329, 0.0138633
844, 71.76484, 0.0139344
845, 72.01653, 0.0138857
846, 71.76278, 0.0139348
847, 71.31702, 0.0140219
848, 71.98647, 0.0138915
849, 72.21312, 0.0138479
850, 72.2559, 0.0138397
851, 71.05704, 0.0140732
852, 72.32803, 0.0138259
853, 71.43214, 0.0139993
854, 72.03677, 0.0138818
855, 71.80865, 0.0139259
856, 72.05182, 0.0138789
857, 71.34856, 0.0140157
858, 70.79345, 0.0141256
859, 73.06043, 0.0136873
860, 71.87729, 0.0139126
861, 72.14695, 0.0138606
862, 71.72366, 0.0139424
863, 71.81329, 0.013925
864, 71.64555, 0.0139576
865, 71.76072, 0.0139352
866, 71.69641, 0.0139477
867, 72.01291, 0.0138864
868, 68.24075, 0.014654
869, 71.05048, 0.0140745
870, 73.31055, 0.0136406
871, 76.45961, 0.0130788
872, 71.2129, 0.0140424
873, 71.91244, 0.0139058
874, 71.1911, 0.0140467
875, 72.52946, 0.0137875
876, 71.68253, 0.0139504
877, 71.24841, 0.0140354
878, 69.17447, 0.0144562
879, 75.3625, 0.0132692
880, 71.04694, 0.0140752
881, 72.36256, 0.0138193
882, 71.17033, 0.0140508
883, 72.43858, 0.0138048
884, 71.39236, 0.0140071
885, 72.0321, 0.0138827
886, 72.05234, 0.0138788
887, 71.79008, 0.0139295
888, 71.35976, 0.0140135
889, 71.93623, 0.0139012
890, 72.04455, 0.0138803
891, 71.18806, 0.0140473
892, 72.3699, 0.0138179
893, 70.94111, 0.0140962
894, 72.81836, 0.0137328
895, 71.72366, 0.0139424
896, 72.00098, 0.0138887
897, 71.1015, 0.0140644
898, 72.05026, 0.0138792
899, 71.01617, 0.0140813
900, 72.11781, 0.0138662
901, 71.9409, 0.0139003
902, 70.82053, 0.0141202
903, 71.92123, 0.0139041
904, 74.51343, 0.0134204
905, 71.40919, 0.0140038
906, 71.34042, 0.0140173
907, 71.9958, 0.0138897
908, 71.13539, 0.0140577
909, 72.80193, 0.0137359
910, 71.19414, 0.0140461
911, 72.99004, 0.0137005
912, 71.21442, 0.0140421
913, 70.02654, 0.0142803
914, 73.78331, 0.0135532
915, 72.23972, 0.0138428
916, 71.73035, 0.0139411
917, 72.21051, 0.0138484
918, 71.58862, 0.0139687
919, 70.66689, 0.0141509
920, 72.80776, 0.0137348
921, 71.79885, 0.0139278
922, 71.94711, 0.0138991
923, 71.31091, 0.0140231
924, 71.44184, 0.0139974
925, 71.3221, 0.0140209
926, 73.32991, 0.013637
927, 71.72675, 0.0139418
928, 70.42651, 0.0141992
929, 72.6169, 0.0137709
930, 72.58791, 0.0137764
931, 71.51643, 0.0139828
932, 71.97662, 0.0138934
933, 71.55225, 0.0139758
934, 72.22511, 0.0138456
935, 70.66338, 0.0141516
936, 72.78285, 0.0137395
937, 71.14653, 0.0140555
938, 72.44434, 0.0138037
939, 70.82203, 0.0141199
940, 73.23593, 0.0136545
941, 71.83495, 0.0139208
942, 71.53793, 0.0139786
943, 71.57735, 0.0139709
944, 72.46692, 0.0137994
945, 71.86231, 0.0139155
946, 70.74387, 0.0141355
947, 71.8716, 0.0139137
948, 72.5937, 0.0137753
949, 69.96334, 0.0142932
950, 73.64421, 0.0135788
951, 72.15528, 0.013859
952, 71.65685, 0.0139554
953, 71.60452, 0.0139656
954, 71.7252, 0.0139421
955, 71.69692, 0.0139476
956, 72.55736, 0.0137822
957, 71.07674, 0.0140693
958, 72.4832, 0.0137963
959, 69.81534, 0.0143235
960, 73.86015, 0.0135391
961, 70.44982, 0.0141945
962, 73.17805, 0.0136653
963, 72.1683, 0.0138565
964, 71.60452, 0.0139656
965, 71.63837, 0.013959
966, 71.43112, 0.0139995
967, 71.92485, 0.0139034
968, 71.53178, 0.0139798
969, 71.45613, 0.0139946
970, 73.25739, 0.0136505
971, 71.63786, 0.0139591
972, 71.93779, 0.0139009
973, 71.19059, 0.0140468
974, 72.60846, 0.0137725
975, 71.5753, 0.0139713
976, 72.02328, 0.0138844
977, 71.27482, 0.0140302
978, 71.46686, 0.0139925
979, 70.47663, 0.0141891
980, 73.93333, 0.0135257
981, 71.87471, 0.0139131
982, 71.89072, 0.01391
983, 71.753, 0.0139367
984, 70.925, 0.0140994
985, 72.7908, 0.013738
986, 72.13758, 0.0138624
987, 71.19921, 0.0140451
988, 71.99217, 0.0138904
989, 71.73395, 0.0139404
990, 71.27634, 0.0140299
991, 72.52, 0.0137893
992, 71.85818, 0.0139163
993, 71.75557, 0.0139362
994, 71.79627, 0.0139283
995, 71.71338, 0.0139444
996, 72.18288, 0.0138537
997, 71.59939, 0.0139666
998, 71.1273, 0.0140593
999, 71.85302, 0.0139173
1000, 72.83533, 0.0137296
1001, 70.84612, 0.0141151
1002, 72.79663, 0.0137369
1003, 71.56403, 0.0139735
1004, 34.23907, 0.0292064
1005, 65.69223, 0.0152225
1006, 69.1563, 0.01446
1007, 84.96465, 0.0117696
1008, 70.85464, 0.0141134
1009, 75.13769, 0.0133089
1010, 69.65874, 0.0143557
1011, 73.97763, 0.0135176
1012, 71.66352, 0.0139541
1013, 71.87316, 0.0139134
1014, 72.34006, 0.0138236
1015, 71.17742, 0.0140494
1016, 71.43623, 0.0139985
1017, 73.50347, 0.0136048
1018, 68.37794, 0.0146246
1019, 30.76838, 0.0325009
1020, 32.7814, 0.0305051
1021, 39.60427, 0.0252498
1022, 36.0023, 0.027776
1023, 38.13039, 0.0262258
1024, 97.47349, 0.0102592
1025, 71.45715, 0.0139944
1026, 69.93447, 0.0142991
1027, 74.53231, 0.013417
1028, 69.49947, 0.0143886
1029, 31.53947, 0.0317063
1030, 100.8654, 0.0099142
1031, 72.60741, 0.0137727
1032, 71.90262, 0.0139077
1033, 70.90438, 0.0141035
1034, 72.21364, 0.0138478
1035, 72.7278, 0.0137499
1036, 71.07421, 0.0140698
1037, 71.83237, 0.0139213
1038, 71.8334, 0.0139211
1039, 69.92763, 0.0143005
1040, 72.64644, 0.0137653
1041, 74.7753, 0.0133734
1042, 72.61795, 0.0137707
1043, 69.32409, 0.014425
1044, 71.64401, 0.0139579
1045, 71.16171, 0.0140525
1046, 72.80511, 0.0137353
1047, 71.86851, 0.0139143
1048, 72.40395, 0.0138114
1049, 71.62144, 0.0139623
1050, 71.14602, 0.0140556
1051, 69.64613, 0.0143583
1052, 76.83442, 0.013015
1053, 72.77596, 0.0137408
1054, 71.4643, 0.013993
1055, 71.9932, 0.0138902
1056, 71.83805, 0.0139202
1057, 70.43047, 0.0141984
1058, 72.75161, 0.0137454
1059, 72.44067, 0.0138044
1060, 71.69435, 0.0139481
1061, 71.37911, 0.0140097
1062, 71.61579, 0.0139634
1063, 71.11162, 0.0140624
1064, 73.0882, 0.0136821
1065, 71.69898, 0.0139472
1066, 71.84528, 0.0139188
1067, 71.98698, 0.0138914
1068, 71.93313, 0.0139018
1069, 66.546, 0.0150272
1070, 30.94279, 0.0323177
1071, 25.74354, 0.0388447
1072, 84.91776, 0.0117761
1073, 67.06143, 0.0149117
1074, 80.39426, 0.0124387
1075, 71.73653, 0.0139399
1076, 71.33939, 0.0140175
1077, 72.06324, 0.0138767
1078, 71.73756, 0.0139397
1079, 72.25486, 0.0138399
1080, 72.24807, 0.0138412
1081, 71.51592, 0.0139829
1082, 72.23816, 0.0138431
1083, 70.85766, 0.0141128
1084, 69.74668, 0.0143376
1085, 74.94117, 0.0133438
1086, 71.64452, 0.0139578
1087, 71.69589, 0.0139478
1088, 71.53793, 0.0139786
1089, 69.93545, 0.0142989
1090, 72.52999, 0.0137874
1091, 71.30481, 0.0140243
1092, 70.90639, 0.0141031
1093, 70.25383, 0.0142341
1094, 65.62929, 0.0152371
1095, 85.19411, 0.0117379
1096, 70.07316, 0.0142708
1097, 74.06749, 0.0135012
1098, 71.973, 0.0138941
1099, 71.5282, 0.0139805
1100, 71.57684, 0.013971
1101, 69.91833, 0.0143024
1102, 73.58189, 0.0135903
1103, 72.43385, 0.0138057
1104, 71.98958, 0.0138909
1105, 70.89082, 0.0141062
1106, 72.46062, 0.0138006
1107, 71.17944, 0.014049
1108, 70.7679, 0.0141307
1109, 73.56511, 0.0135934
1110, 71.70103, 0.0139468
1111, 69.85143, 0.0143161
1112, 73.02789, 0.0136934
1113, 73.2606, 0.0136499
1114, 71.03484, 0.0140776
1115, 45.62918, 0.0219158
1116, 130.6523, 0.0076539
1117, 82.62004, 0.0121036
1118, 71.84682, 0.0139185
1119, 51.48111, 0.0194246
1120, 21.76236, 0.0459509
1121, 17.15319, 0.0582982
1122, 18.79611, 0.0532025
1123, 17.91701, 0.0558129
1124, 18.7798, 0.0532487
1125, 18.18592, 0.0549876
1126, 35.09806, 0.0284916
1127, 170.2794, 0.0058727
1128, 69.41504, 0.0144061
1129, 71.96523, 0.0138956
1130, 71.36944, 0.0140116
1131, 67.51875, 0.0148107
1132, 59.82865, 0.0167144
1133, 23.38864, 0.0427558
1134, 31.04606, 0.0322102
1135, 19.98621, 0.0500345
1136, 32.74995, 0.0305344
1137, 97.67532, 0.010238
1138, 21.49359, 0.0465255
1139, 23.24452, 0.0430209
1140, 18.24302, 0.0548155
1141, 18.46098, 0.0541683
1142, 22.5279, 0.0443894
1143, 19.63514, 0.0509291
1144, 34.48645, 0.0289969
1145, 118.6155, 0.0084306
1146, 70.27012, 0.0142308
1147, 70.4677, 0.0141909
1148, 65.05461, 0.0153717
1149, 22.8334, 0.0437955
1150, 21.50043, 0.0465107
1151, 20.03004, 0.049925
1152, 29.54079, 0.0338515
1153, 18.47951, 0.054114
1154, 24.63873, 0.0405865
1155, 35.76768, 0.0279582
1156, 127.7906, 0.0078253
1157, 62.31966, 0.0160463
1158, 21.12584, 0.0473354
1159, 18.13437, 0.0551439
1160, 22.45798, 0.0445276
1161, 19.3421, 0.0517007
1162, 23.85496, 0.04192
1163, 23.6472, 0.0422883
1164, 38.54292, 0.0259451
1165, 120.5647, 0.0082943
1166, 69.23769, 0.014443
1167, 71.35823, 0.0140138
1168, 71.12628, 0.0140595
1169, 72.23972, 0.0138428
1170, 69.47629, 0.0143934
1171, 73.09782, 0.0136803
1172, 72.51526, 0.0137902
1173, 71.57889, 0.0139706
1174, 71.52871, 0.0139804
1175, 70.82053, 0.0141202
1176, 35.8572, 0.0278884
1177, 72.28045, 0.013835
1178, 71.3343, 0.0140185
1179, 72.28828, 0.0138335
1180, 70.46819, 0.0141908
1181, 72.29195, 0.0138328
1182, 70.53231, 0.0141779
1183, 73.72511, 0.0135639
1184, 72.16517, 0.0138571
1185, 71.56403, 0.0139735
1186, 71.11465, 0.0140618
1187, 71.77257, 0.0139329
1188, 72.10273, 0.0138691
1189, 72.20061, 0.0138503
1190, 70.61948, 0.0141604
1191, 73.26115, 0.0136498
1192, 71.76227, 0.0139349
1193, 70.42947, 0.0141986
1194, 71.45971, 0.0139939
1195, 73.88525, 0.0135345
1196, 71.86179, 0.0139156
1197, 71.55737, 0.0139748
1198, 70.3918, 0.0142062
1199, 72.52052, 0.0137892
1200, 72.21938, 0.0138467
1201, 72.20164, 0.0138501
1202, 71.77308, 0.0139328
1203, 71.92226, 0.0139039
1204, 71.46073, 0.0139937
1205, 71.67123, 0.0139526
1206, 71.20276, 0.0140444
1207, 73.14165, 0.0136721
1208, 71.19566, 0.0140458
1209, 70.68987, 0.0141463
1210, 73.52293, 0.0136012
1211, 71.77051, 0.0139333
1212, 52.93526, 0.018891
1213, 111.4492, 0.0089727
1214, 68.87764, 0.0145185
1215, 69.79829, 0.014327
1216, 65.33642, 0.0153054
1217, 80.35549, 0.0124447
1218, 67.50189, 0.0148144
1219, 78.55706, 0.0127296
1220, 49.92611, 0.0200296
1221, 81.45379, 0.0122769
1222, 76.39361, 0.0130901
1223, 66.35921, 0.0150695
1224, 65.19457, 0.0153387
1225, 66.81723, 0.0149662
1226, 67.07898, 0.0149078
1227, 67.66678, 0.0147783
1228, 66.24754, 0.0150949
1229, 70.78143, 0.014128
1230, 70.01183, 0.0142833
1231, 69.25832, 0.0144387
1232, 71.02676, 0.0140792
1233, 69.96872, 0.0142921
1234, 72.84329, 0.0137281
1235, 68.80513, 0.0145338
1236, 72.2319, 0.0138443
1237, 71.91296, 0.0139057
1238, 70.74538, 0.0141352
1239, 71.72006, 0.0139431
1240, 71.38065, 0.0140094
1241, 70.49004, 0.0141864
1242, 71.67482, 0.0139519
1243, 72.51526, 0.0137902
1244, 71.20884, 0.0140432
1245, 71.36027, 0.0140134
1246, 70.55669, 0.014173
1247, 69.76663, 0.0143335
1248, 74.39812, 0.0134412
1249, 69.23003, 0.0144446
1250, 75.0227, 0.0133293
1251, 71.60452, 0.0139656
1252, 55.70255, 0.0179525
1253, 56.46783, 0.0177092
1254, 124.4849, 0.0080331
1255, 70.96577, 0.0140913
1256, 71.09998, 0.0140647
1257, 72.82155, 0.0137322
1258, 67.3233, 0.0148537
1259, 76.48476, 0.0130745
1260, 70.33635, 0.0142174
1261, 74.10536, 0.0134943
1262, 71.58453, 0.0139695
1263, 70.91947, 0.0141005
1264, 72.02172, 0.0138847
1265, 71.77308, 0.0139328
1266, 70.6524, 0.0141538
1267, 73.48672, 0.0136079
1268, 72.4286, 0.0138067
1269, 72.10169, 0.0138693
1270, 71.76742, 0.0139339
1271, 71.74734, 0.0139378
1272, 68.64596, 0.0145675
1273, 73.95848, 0.0135211
1274, 72.83268, 0.0137301
1275, 65.52693, 0.0152609
1276, 76.46078, 0.0130786
1277, 73.90929, 0.0135301
1278, 70.14197, 0.0142568
1279, 73.58081, 0.0135905
1280, 71.7355, 0.0139401
1281, 71.88814, 0.0139105
1282, 72.43962, 0.0138046
1283, 71.49292, 0.0139874
1284, 69.37218, 0.014415
1285, 68.2361, 0.014655
1286, 70.31904, 0.0142209
1287, 74.58512, 0.0134075
1288, 73.23003, 0.0136556
1289, 71.84012, 0.0139198
1290, 69.68835, 0.0143496
1291, 72.33273, 0.013825
1292, 72.55473, 0.0137827
1293, 71.70515, 0.013946
1294, 72.37828, 0.0138163
1295, 70.32695, 0.0142193
1296, 70.69236, 0.0141458
1297, 70.3923, 0.0142061
1298, 74.94735, 0.0133427
1299, 72.61426, 0.0137714
1300, 72.17455, 0.0138553
1301, 70.9698, 0.0140905
1302, 73.51049, 0.0136035
1303, 72.29874, 0.0138315
1304, 71.92899, 0.0139026
1305, 72.7712, 0.0137417
1306, 73.40257, 0.0136235
1307, 71.61477, 0.0139636
1308, 71.64452, 0.0139578
1309, 70.95067, 0.0140943
1310, 74.32071, 0.0134552
1311, 71.35772, 0.0140139
1312, 70.64791, 0.0141547
1313, 72.86134, 0.0137247
1314, 71.22761, 0.0140395
1315, 72.18393, 0.0138535
1316, 72.11781, 0.0138662
1317, 72.33744, 0.0138241
1318, 71.30328, 0.0140246
1319, 71.63221, 0.0139602
1320, 70.94412, 0.0140956
1321, 73.84325, 0.0135422
1322, 70.70985, 0.0141423
1323, 72.91978, 0.0137137
1324, 70.92551, 0.0140993
1325, 69.97852, 0.0142901
1326, 72.5621, 0.0137813
1327, 74.26441, 0.0134654
1328, 70.86871, 0.0141106
1329, 72.77967, 0.0137401
1330, 71.28448, 0.0140283
1331, 70.48756, 0.0141869
1332, 71.70206, 0.0139466
1333, 69.82509, 0.0143215
1334, 72.35942, 0.0138199
1335, 70.74487, 0.0141353
1336, 72.03002, 0.0138831
1337, 71.69332, 0.0139483
1338, 70.95067, 0.0140943
1339, 72.72198, 0.013751
1340, 74.88673, 0.0133535
1341, 70.0491, 0.0142757
1342, 70.60651, 0.014163
1343, 75.92438, 0.013171
1344, 68.06425, 0.014692
1345, 70.56964, 0.0141704
1346, 73.03748, 0.0136916
1347, 75.4586, 0.0132523
1348, 70.70136, 0.014144
1349, 69.49947, 0.0143886
1350, 76.01672, 0.013155
1351, 71.80452, 0.0139267
1352, 72.50002, 0.0137931
1353, 70.87775, 0.0141088
1354, 71.06967, 0.0140707
1355, 72.85656, 0.0137256
1356, 71.60195, 0.0139661
1357, 71.47758, 0.0139904
1358, 71.82154, 0.0139234
1359, 72.30867, 0.0138296
1360, 72.0565, 0.013878
1361, 71.84269, 0.0139193
1362, 70.95016, 0.0140944
1363, 70.77492, 0.0141293
1364, 72.12926, 0.013864
1365, 72.43595, 0.0138053
1366, 72.58896, 0.0137762
1367, 71.90417, 0.0139074
1368, 70.21831, 0.0142413
1369, 72.64011, 0.0137665
1370, 73.19572, 0.013662
1371, 71.96419, 0.0138958
1372, 71.0076, 0.014083
1373, 72.5563, 0.0137824
1374, 71.40613, 0.0140044
1375, 70.42005, 0.0142005
1376, 71.73653, 0.0139399
1377, 74.16912, 0.0134827
1378, 70.10657, 0.014264
1379, 70.12573, 0.0142601
1380, 74.37986, 0.0134445
1381, 69.95992, 0.0142939
1382, 72.60583, 0.013773
1383, 72.90862, 0.0137158
1384, 72.24233, 0.0138423
1385, 72.37199, 0.0138175
1386, 67.42361, 0.0148316
1387, 71.0419, 0.0140762
1388, 73.24773, 0.0136523
1389, 71.59016, 0.0139684
1390, 71.0303, 0.0140785
1391, 72.96128, 0.0137059
1392, 69.7827, 0.0143302
1393, 73.76481, 0.0135566
1394, 74.42249, 0.0134368
1395, 72.88364, 0.0137205
1396, 72.05026, 0.0138792
1397, 70.52435, 0.0141795
1398, 71.0525, 0.0140741
1399, 72.17872, 0.0138545
1400, 72.59528, 0.013775
1401, 72.84064, 0.0137286
1402, 72.05909, 0.0138775
1403, 71.62656, 0.0139613
1404, 70.08592, 0.0142682
1405, 71.56403, 0.0139735
1406, 72.46587, 0.0137996
1407, 72.93201, 0.0137114
1408, 70.0707, 0.0142713
1409, 73.11865, 0.0136764
1410, 72.57158, 0.0137795
1411, 70.35862, 0.0142129
1412, 72.44434, 0.0138037
1413, 71.90158, 0.0139079
1414, 70.15722, 0.0142537
1415, 74.45019, 0.0134318
1416, 69.0832, 0.0144753
1417, 68.8217, 0.0145303
1418, 77.82888, 0.0128487
1419, 67.95325, 0.014716
1420, 66.26422, 0.0150911
1421, 79.37957, 0.0125977
1422, 72.90649, 0.0137162
1423, 69.54006, 0.0143802
1424, 73.96176, 0.0135205
1425, 71.26822, 0.0140315
1426, 71.72881, 0.0139414
1427, 70.19514, 0.014246
1428, 72.52841, 0.0137877
1429, 71.74991, 0.0139373
1430, 70.86871, 0.0141106
1431, 73.31325, 0.0136401
1432, 71.68356, 0.0139502
1433, 72.05909, 0.0138775
1434, 72.00461, 0.013888
1435, 70.11147, 0.014263
1436, 71.12274, 0.0140602
1437, 73.75556, 0.0135583
1438, 72.80352, 0.0137356
1439, 62.95485, 0.0158844
1440, 85.81628, 0.0116528
1441, 68.27477, 0.0146467
1442, 77.03091, 0.0129818
1443, 70.53778, 0.0141768
1444, 71.02374, 0.0140798
1445, 72.70031, 0.0137551
1446, 73.99844, 0.0135138
1447, 70.41212, 0.0142021
1448, 72.68234, 0.0137585
1449, 70.09821, 0.0142657
1450, 72.27627, 0.0138358
1451, 72.04974, 0.0138793
1452, 72.45012, 0.0138026
1453, 72.14799, 0.0138604
1454, 64.98106, 0.0153891
1455, 71.45306, 0.0139952
1456, 81.78754, 0.0122268
1457, 71.26263, 0.0140326
1458, 71.8587, 0.0139162
1459, 72.02639, 0.0138838
1460, 71.62246, 0.0139621
1461, 67.28751, 0.0148616
1462, 73.70337, 0.0135679
1463, 75.19928, 0.013298
1464, 72.04299, 0.0138806
1465, 71.25349, 0.0140344
1466, 72.60951, 0.0137723
1467, 72.0155, 0.0138859
1468, 71.84579, 0.0139187
1469, 69.88267, 0.0143097
1470, 72.45274, 0.0138021
1471, 70.57512, 0.0141693
1472, 74.89964, 0.0133512
1473, 70.79696, 0.0141249
1474, 70.74837, 0.0141346
1475, 73.18501, 0.013664
1476, 71.46328, 0.0139932
1477, 72.11209, 0.0138673
1478, 72.07727, 0.013874
1479, 71.44286, 0.0139972
1480, 70.36407, 0.0142118
1481, 72.61954, 0.0137704
1482, 72.6834, 0.0137583
1483, 71.50058, 0.0139859
1484, 72.85603, 0.0137257
1485, 69.48256, 0.0143921
1486, 74.21261, 0.0134748
1487, 70.99903, 0.0140847
1488, 70.90187, 0.014104
1489, 68.01749, 0.0147021
1490, 69.11423, 0.0144688
1491, 74.93219, 0.0133454
1492, 72.24493, 0.0138418
1493, 73.3482, 0.0136336
1494, 71.54611, 0.013977
1495, 71.91399, 0.0139055
1496, 70.74587, 0.0141351
1497, 56.6842, 0.0176416
1498, 43.04167, 0.0232333
1499, 72.24442, 0.0138419
1500, 70.27357, 0.0142301
1501, 73.03588, 0.0136919
1502, 71.37199, 0.0140111
1503, 72.88843, 0.0137196
1504, 71.56762, 0.0139728
1505, 70.58558, 0.0141672
1506, 70.90087, 0.0141042
1507, 73.14433, 0.0136716
1508, 72.51631, 0.01379
1509, 69.35727, 0.0144181
1510, 70.0035, 0.014285
1511, 72.98524, 0.0137014
1512, 68.7739, 0.0145404
1513, 73.11598, 0.0136769
1514, 73.67839, 0.0135725
1515, 72.0238, 0.0138843
1516, 70.84863, 0.0141146
1517, 70.06776, 0.0142719
1518, 72.22877, 0.0138449
1519, 65.4733, 0.0152734
1520, 73.15878, 0.0136689
1521, 63.07915, 0.0158531
1522, 85.20428, 0.0117365
1523, 73.62794, 0.0135818
1524, 73.69196, 0.01357
1525, 69.94915, 0.0142961
1526, 72.8863, 0.01372
1527, 75.41478, 0.01326
1528, 69.44155, 0.0144006
1529, 73.97434, 0.0135182
1530, 69.98831, 0.0142881
1531, 68.63229, 0.0145704
1532, 75.05986, 0.0133227
1533, 66.86861, 0.0149547
1534, 76.67007, 0.0130429
1535, 75.57836, 0.0132313
1536, 72.10845, 0.013868
1537, 70.61997, 0.0141603
1538, 71.89124, 0.0139099
1539, 71.69384, 0.0139482
1540, 71.37504, 0.0140105
1541, 71.67072, 0.0139527
1542, 72.72146, 0.0137511
1543, 71.45306, 0.0139952
1544, 71.57274, 0.0139718
1545, 74.17187, 0.0134822
1546, 68.75735, 0.0145439
1547, 74.48068, 0.0134263
1548, 71.35619, 0.0140142
1549, 70.44437, 0.0141956
1550, 70.28691, 0.0142274
1551, 70.58209, 0.0141679
1552, 75.31368, 0.0132778
1553, 73.61927, 0.0135834
1554, 71.72109, 0.0139429
1555, 83.25771, 0.0120109
1556, 70.97987, 0.0140885
1557, 75.45063, 0.0132537
1558, 71.96523, 0.0138956
1559, 72.08558, 0.0138724
1560, 71.11718, 0.0140613
1561, 71.77205, 0.013933
1562, 69.1984, 0.0144512
1563, 72.49424, 0.0137942
1564, 71.33125, 0.0140191
1565, 62.69946, 0.0159491
1566, 84.44163, 0.0118425
1567, 71.18907, 0.0140471
1568, 71.624, 0.0139618
1569, 71.34449, 0.0140165
1570, 65.35777, 0.0153004
1571, 62.88596, 0.0159018
1572, 71.56096, 0.0139741
1573, 103.3282, 0.0096779
1574, 71.03584, 0.0140774
1575, 71.43112, 0.0139995
1576, 71.52411, 0.0139813
1577, 72.98737, 0.013701
1578, 70.92551, 0.0140993
1579, 32.31195, 0.0309483
1580, 40.5887, 0.0246374
1581, 49.86586, 0.0200538
1582, 81.33189, 0.0122953
1583, 104.4998, 0.0095694
1584, 71.60452, 0.0139656
1585, 73.87489, 0.0135364
1586, 71.20681, 0.0140436
1587, 72.5563, 0.0137824
1588, 69.54732, 0.0143787
1589, 70.91947, 0.0141005
1590, 61.8563, 0.0161665
1591, 89.94505, 0.0111179
1592, 69.12475, 0.0144666
1593, 74.51675, 0.0134198
1594, 71.59734, 0.013967
1595, 68.88618, 0.0145167
1596, 72.72939, 0.0137496
1597, 74.42193, 0.0134369
1598, 69.6602, 0.0143554
1599, 70.96124, 0.0140922
1600, 72.35104, 0.0138215
1601, 70.609, 0.0141625
1602, 75.66357, 0.0132164
1603, 71.93675, 0.0139011
1604, 71.52257, 0.0139816
1605, 65.16866, 0.0153448
1606, 69.11758, 0.0144681
1607, 83.26395, 0.01201
1608, 72.96607, 0.013705
1609, 72.25747, 0.0138394
1610, 71.06613, 0.0140714
1611, 72.64697, 0.0137652
1612, 18.84339, 0.053069
1613, 16.81837, 0.0594588
1614, 26.96457, 0.0370857
1615, 178.7406, 0.0055947
1616, 80.52502, 0.0124185
1617, 76.69241, 0.0130391
1618, 71.55379, 0.0139755
1619, 70.83658, 0.014117
1620, 71.90985, 0.0139063
1621, 72.38352, 0.0138153
1622, 71.78236, 0.013931
1623, 70.58857, 0.0141666
1624, 72.35576, 0.0138206
1625, 72.46429, 0.0137999
1626, 71.25552, 0.014034
1627, 71.5195, 0.0139822
1628, 72.02431, 0.0138842
1629, 70.94664, 0.0140951
1630, 71.33075, 0.0140192
1631, 72.8847, 0.0137203
1632, 69.67864, 0.0143516
1633, 71.47554, 0.0139908
1634, 69.02407, 0.0144877
1635, 73.89126, 0.0135334
1636, 69.33659, 0.0144224
1637, 76.1957, 0.0131241
1638, 64.83487, 0.0154238
1639, 66.31828, 0.0150788
1640, 83.83354, 0.0119284
1641, 73.89345, 0.013533
1642, 71.77669, 0.0139321
1643, 61.33239, 0.0163046
1644, 72.38509, 0.013815
1645, 72.16726, 0.0138567
1646, 86.67389, 0.0115375
1647, 73.01402, 0.013696
1648, 30.02363, 0.0333071
1649, 115.7407, 0.00864
1650, 71.58913, 0.0139686
1651, 74.49844, 0.0134231
1652, 71.39236, 0.0140071
1653, 67.39861, 0.0148371
1654, 74.38483, 0.0134436
1655, 70.68636, 0.014147
1656, 72.15476, 0.0138591
1657, 72.46167, 0.0138004
1658, 69.21661, 0.0144474
1659, 73.35519, 0.0136323
1660, 70.57362, 0.0141696
1661, 73.17056, 0.0136667
1662, 72.17924, 0.0138544
1663, 72.22459, 0.0138457
1664, 71.53229, 0.0139797
1665, 72.52631, 0.0137881
1666, 70.80649, 0.014123
1667, 71.68048, 0.0139508
1668, 72.73785, 0.013748
1669, 72.51263, 0.0137907
1670, 70.96729, 0.014091
1671, 72.2225, 0.0138461
1672, 72.0622, 0.0138769
1673, 74.46626, 0.0134289
1674, 71.15969, 0.0140529
1675, 71.8138, 0.0139249
1676, 71.74888, 0.0139375
1677, 71.84528, 0.0139188
1678, 71.40919, 0.0140038
1679, 72.98737, 0.013701
1680, 71.99372, 0.0138901
1681, 71.38013, 0.0140095
1682, 72.21833, 0.0138469
1683, 71.64812, 0.0139571
1684, 71.84321, 0.0139192
1685, 68.41022, 0.0146177
1686, 72.59159, 0.0137757
1687, 72.27731, 0.0138356
1688, 71.12022, 0.0140607
1689, 74.62909, 0.0133996
1690, 72.36309, 0.0138192
1691, 71.61375, 0.0139638
1692, 69.18644, 0.0144537
1693, 74.81894, 0.0133656
1694, 71.98802, 0.0138912
1695, 71.87212, 0.0139136
1696, 70.99953, 0.0140846
1697, 72.01757, 0.0138855
1698, 69.97999, 0.0142898
1699, 69.0894, 0.014474
1700, 32.73376, 0.0305495
1701, 97.97102, 0.0102071
1702, 69.12235, 0.0144671
1703, 71.89796, 0.0139086
1704, 67.73599, 0.0147632
1705, 32.61366, 0.030662
1706, 95.72493, 0.0104466
1707, 75.17271, 0.0133027
1708, 70.19022, 0.014247
1709, 74.18343, 0.0134801
1710, 71.78854, 0.0139298
1711, 71.48831, 0.0139883
1712, 71.95953, 0.0138967
1713, 72.06688, 0.013876
1714, 71.91554, 0.0139052
1715, 71.46839, 0.0139922
1716, 71.5415, 0.0139779
1717, 71.96212, 0.0138962
1718, 72.24129, 0.0138425
1719, 70.58109, 0.0141681
1720, 73.20751, 0.0136598
1721, 71.39797, 0.014006
1722, 71.91037, 0.0139062
1723, 71.425, 0.0140007
1724, 72.12822, 0.0138642
1725, 71.70721, 0.0139456
1726, 71.94504, 0.0138995
1727, 71.10555, 0.0140636
1728, 72.73468, 0.0137486
1729, 71.42398, 0.0140009
1730, 71.42653, 0.0140004
1731, 72.21312, 0.0138479
1732, 72.01706, 0.0138856
1733, 71.50774, 0.0139845
1734, 72.09597, 0.0138704
1735, 71.18451, 0.014048
1736, 71.81895, 0.0139239
1737, 72.00565, 0.0138878
1738, 70.8406, 0.0141162
1739, 72.90383, 0.0137167
1740, 70.90589, 0.0141032
1741, 71.76124, 0.0139351
1742, 70.81802, 0.0141207
1743, 73.71043, 0.0135666
1744, 71.85973, 0.013916
1745, 71.33939, 0.0140175
1746, 71.8267, 0.0139224
1747, 72.07986, 0.0138735
1748, 70.77742, 0.0141288
1749, 72.63536, 0.0137674
1750, 70.97685, 0.0140891
1751, 71.69538, 0.0139479
1752, 72.17403, 0.0138554
1753, 71.75094, 0.0139371
1754, 68.4458, 0.0146101
1755, 73.63283, 0.0135809
1756, 73.25041, 0.0136518
1757, 74.20049, 0.013477
1758, 71.64606, 0.0139575
1759, 71.5415, 0.0139779
1760, 70.41708, 0.0142011
1761, 73.46945, 0.0136111
1762, 72.35576, 0.0138206
1763, 70.75639, 0.014133
1764, 72.51106, 0.013791
1765, 71.35059, 0.0140153
1766, 70.67987, 0.0141483
1767, 73.5689, 0.0135927
1768, 71.52462, 0.0139812
1769, 71.27533, 0.0140301
1770, 72.68762, 0.0137575
1771, 70.77742, 0.0141288
1772, 72.47847, 0.0137972
1773, 72.11625, 0.0138665
1774, 71.52462, 0.0139812
1775, 71.67482, 0.0139519
1776, 72.28149, 0.0138348
1777, 71.43419, 0.0139989
1778, 67.69427, 0.0147723
1779, 71.90003, 0.0139082
1780, 71.60964, 0.0139646
1781, 73.18555, 0.0136639
1782, 69.36063, 0.0144174
1783, 32.97566, 0.0303254
1784, 96.73331, 0.0103377
1785, 72.28097, 0.0138349
1786, 71.80658, 0.0139263
1787, 71.38116, 0.0140093
1788, 71.69178, 0.0139486
1789, 70.35713, 0.0142132
1790, 73.49483, 0.0136064
1791, 71.4689, 0.0139921
1792, 72.68974, 0.0137571
1793, 71.57121, 0.0139721
1794, 71.90779, 0.0139067
1795, 70.06432, 0.0142726
1796, 73.83179, 0.0135443
1797, 71.79782, 0.013928
1798, 71.52257, 0.0139816
1799, 72.08714, 0.0138721
1800, 70.80097, 0.0141241
1801, 58.47269, 0.017102
1802, 60.66047, 0.0164852
1803, 125.1674, 0.0079893
1804, 71.88453, 0.0139112
1805, 71.88969, 0.0139102
1806, 71.03988, 0.0140766
1807, 71.9021, 0.0139078
1808, 72.57474, 0.0137789
1809, 71.5369, 0.0139788
1810, 71.84166, 0.0139195
1811, 71.9818, 0.0138924
1812, 72.2674, 0.0138375
1813, 70.23606, 0.0142377
1814, 73.38372, 0.013627
1815, 71.68099, 0.0139507
1816, 70.61698, 0.0141609
1817, 72.36361, 0.0138191
1818, 72.52367, 0.0137886
1819, 62.88913, 0.015901
1820, 29.85609, 0.033494
1821, 157.7362, 0.0063397
1822, 70.59056, 0.0141662
1823, 71.96886, 0.0138949
1824, 57.52151, 0.0173848
1825, 22.16877, 0.0451085
1826, 17.36467, 0.0575882
1827, 17.58375, 0.0568707
1828, 18.69037, 0.0535035
1829, 18.06489, 0.055356
1830, 18.544, 0.0539258
1831, 22.54314, 0.0443594
1832, 18.05175, 0.0553963
1833, 19.43094, 0.0514643
1834, 13.07135, 0.0765032
1835, 27.16668, 0.0368098
1836, 120.2284, 0.0083175
1837, 67.41861, 0.0148327
1838, 27.82121, 0.0359438
1839, 41.33376, 0.0241933
1840, 126.9454, 0.0078774
1841, 70.00644, 0.0142844
1842, 68.61393, 0.0145743
1843, 71.99994, 0.0138889
1844, 72.85974, 0.013725
1845, 70.0491, 0.0142757
1846, 73.17109, 0.0136666
1847, 71.81792, 0.0139241
1848, 71.79885, 0.0139278
1849, 67.48914, 0.0148172
1850, 30.84973, 0.0324152
1851, 108.8744, 0.0091849
1852, 73.36111, 0.0136312
1853, 30.95582, 0.0323041
1854, 111.8618, 0.0089396
1855, 71.09898, 0.0140649
1856, 71.07674, 0.0140693
1857, 71.88659, 0.0139108
1858, 71.55737, 0.0139748
1859, 71.40511, 0.0140046
1860, 72.8242, 0.0137317
1861, 67.8965, 0.0147283
1862, 74.24181, 0.0134695
1863, 76.97578, 0.0129911
1864, 71.57325, 0.0139717
1865, 65.26904, 0.0153212
1866, 33.1598, 0.030157
1867, 95.30708, 0.0104924
1868, 73.66428, 0.0135751
1869, 72.06584, 0.0138762
1870, 71.61579, 0.0139634
1871, 61.74326, 0.0161961
1872, 31.89731, 0.0313506
1873, 42.31371, 0.023633
1874, 80.58732, 0.0124089
1875, 70.924, 0.0140996
1876, 72.87673, 0.0137218
1877, 70.69136, 0.014146
1878, 73.12881, 0.0136745
1879, 71.90726, 0.0139068
1880, 71.53178, 0.0139798
1881, 72.04352, 0.0138805
1882, 70.40171, 0.0142042
1883, 71.81638, 0.0139244
1884, 73.23861, 0.013654
1885, 71.60452, 0.0139656
1886, 71.44286, 0.0139972
1887, 72.44802, 0.013803
1888, 70.87574, 0.0141092
1889, 72.62112, 0.0137701
1890, 71.66815, 0.0139532
1891, 72.16257, 0.0138576
1892, 71.80091, 0.0139274
1893, 71.42398, 0.0140009
1894, 70.34674, 0.0142153
1895, 72.61426, 0.0137714
1896, 72.38352, 0.0138153
1897, 72.74103, 0.0137474
1898, 71.34245, 0.0140169
1899, 71.96368, 0.0138959
1900, 71.7669, 0.013934
1901, 71.0419, 0.0140762
1902, 72.99323, 0.0136999
1903, 70.90791, 0.0141028
1904, 65.91132, 0.0151719
1905, 32.85918, 0.0304329
1906, 96.15385, 0.0104
1907, 74.62297, 0.0134007
1908, 71.52257, 0.0139816
1909, 65.00302, 0.0153839
1910, 31.16867, 0.0320835
1911, 39.78943, 0.0251323
1912, 92.0963, 0.0108582
1913, 71.29464, 0.0140263
1914, 71.62759, 0.0139611
1915, 71.00558, 0.0140834
1916, 71.56198, 0.0139739
1917, 73.436, 0.0136173
1918, 71.95539, 0.0138975
1919, 71.63734, 0.0139592
1920, 71.95694, 0.0138972
1921, 71.1015, 0.0140644
1922, 72.09129, 0.0138713
1923, 71.56045, 0.0139742
1924, 72.11937, 0.0138659
1925, 72.11209, 0.0138673
1926, 70.79546, 0.0141252
1927, 72.27209, 0.0138366
1928, 71.7906, 0.0139294
1929, 72.22877, 0.0138449
1930, 71.42959, 0.0139998
1931, 72.15476, 0.0138591
1932, 71.02626, 0.0140793
1933, 72.01394, 0.0138862
1934, 70.98743, 0.014087
1935, 73.3595, 0.0136315
1936, 70.82203, 0.0141199
1937, 72.15632, 0.0138588
1938, 72.00305, 0.0138883
1939, 72.3207, 0.0138273
1940, 69.64468, 0.0143586
1941, 74.63467, 0.0133986
1942, 71.46686, 0.0139925
1943, 70.90288, 0.0141038
1944, 72.44067, 0.0138044
1945, 72.58843, 0.0137763
1946, 72.12093, 0.0138656
1947, 71.71852, 0.0139434
1948, 70.62496, 0.0141593
1949, 72.43647, 0.0138052
1950, 72.17819, 0.0138546
1951, 71.68202, 0.0139505
1952, 71.72058, 0.013943
1953, 71.804, 0.0139268
1954, 71.04846, 0.0140749
1955, 72.81889, 0.0137327
1956, 71.5584, 0.0139746
1957, 71.56659, 0.013973
1958, 71.84166, 0.0139195
1959, 70.85616, 0.0141131
1960, 72.97672, 0.013703
1961, 71.58247, 0.0139699
1962, 71.87885, 0.0139123
1963, 72.22355, 0.0138459
1964, 71.286, 0.014028
1965, 72.52158, 0.013789
1966, 71.83908, 0.01392
1967, 71.39797, 0.014006
1968, 71.78082, 0.0139313
1969, 72.04248, 0.0138807
1970, 70.19366, 0.0142463
1971, 73.24076, 0.0136536
1972, 71.66558, 0.0139537
1973, 72.10117, 0.0138694
1974, 71.53895, 0.0139784
1975, 70.85616, 0.0141131
1976, 67.92555, 0.014722
1977, 71.20884, 0.0140432
1978, 29.71132, 0.0336572
1979, 37.0792, 0.0269693
1980, 38.26052, 0.0261366
1981, 82.1227, 0.0121769
1982, 84.34619, 0.0118559
1983, 69.78562, 0.0143296
1984, 74.17297, 0.013482
1985, 70.79797, 0.0141247
1986, 72.13966, 0.013862
1987, 72.07519, 0.0138744
1988, 71.44389, 0.013997
1989, 71.30125, 0.014025
1990, 72.45904, 0.0138009
1991, 73.54942, 0.0135963
1992, 69.03121, 0.0144862
1993, 74.23685, 0.0134704
1994, 72.37828, 0.0138163
1995, 63.17638, 0.0158287
1996, 82.01696, 0.0121926
1997, 72.43542, 0.0138054
1998, 70.99449, 0.0140856
1999, 74.69487, 0.0133878
2000, 72.62428, 0.0137695
2001, 70.8883, 0.0141067
2002, 72.00979, 0.013887
2003, 72.40029, 0.0138121
2004, 71.40205, 0.0140052
2005, 72.36937, 0.013818
2006, 70.93859, 0.0140967
2007, 71.36842, 0.0140118
2008, 71.83908, 0.01392
2009, 73.03001, 0.013693
2010, 71.1273, 0.0140593
2011, 72.06844, 0.0138757
2012, 71.71955, 0.0139432
2013, 72.1381, 0.0138623
2014, 71.9761, 0.0138935
2015, 71.88091, 0.0139119
2016, 70.91293, 0.0141018
2017, 73.07698, 0.0136842
2018, 69.13765, 0.0144639
2019, 71.90262, 0.0139077
2020, 74.33894, 0.0134519
2021, 70.78043, 0.0141282
2022, 71.81844, 0.013924
2023, 70.63494, 0.0141573
2024, 59.16495, 0.0169019
2025, 59.58552, 0.0167826
2026, 122.2688, 0.0081787
2027, 74.8251, 0.0133645
2028, 71.29464, 0.0140263
2029, 71.96574, 0.0138955
2030, 71.62965, 0.0139607
2031, 72.29089, 0.013833
2032, 71.9021, 0.0139078
2033, 68.39664, 0.0146206
2034, 69.32649, 0.0144245
2035, 75.80984, 0.0131909
2036, 71.18958, 0.014047
2037, 72.16361, 0.0138574
2038, 68.1018, 0.0146839
2039, 65.7393, 0.0152116
2040, 79.30654, 0.0126093
2041, 74.4452, 0.0134327
2042, 73.34982, 0.0136333
2043, 74.19608, 0.0134778
2044, 71.97507, 0.0138937
2045, 71.36944, 0.0140116
2046, 72.03313, 0.0138825
2047, 72.25277, 0.0138403
2048, 71.71235, 0.0139446
2049, 72.22824, 0.013845
2050, 71.46584, 0.0139927
2051, 71.69949, 0.0139471
2052, 71.44439, 0.0139969
2053, 72.01291, 0.0138864
2054, 72.25486, 0.0138399
2055, 71.48678, 0.0139886
2056, 72.16726, 0.0138567
2057, 72.42546, 0.0138073
2058, 70.6539, 0.0141535
2059, 73.43114, 0.0136182
2060, 71.44235, 0.0139973
2061, 71.99994, 0.0138889
2062, 70.9955, 0.0140854
2063, 72.66966, 0.0137609
2064, 71.3043, 0.0140244
2065, 72.04195, 0.0138808
2066, 72.10637, 0.0138684
2067, 71.36078, 0.0140133
2068, 72.52894, 0.0137876
2069, 71.46941, 0.013992
2070, 71.26466, 0.0140322
2071, 72.64697, 0.0137652
2072, 71.63477, 0.0139597
2073, 71.90726, 0.0139068
2074, 71.09089, 0.0140665
2075, 69.67815, 0.0143517
2076, 69.10277, 0.0144712
2077, 75.13769, 0.0133089
2078, 70.22127, 0.0142407
2079, 73.22092, 0.0136573
2080, 74.32402, 0.0134546
2081, 69.57006, 0.014374
2082, 70.18972, 0.0142471
2083, 73.90819, 0.0135303
2084, 73.76971, 0.0135557
2085, 68.81602, 0.0145315
2086, 75.57151, 0.0132325
2087, 69.3313, 0.0144235
2088, 70.99147, 0.0140862
2089, 69.21757, 0.0144472
2090, 76.21719, 0.0131204
2091, 71.3282, 0.0140197
2092, 71.68665, 0.0139496
2093, 74.43079, 0.0134353
2094, 69.4787, 0.0143929
2095, 73.94809, 0.013523
2096, 72.36832, 0.0138182
2097, 69.25256, 0.0144399
2098, 74.58846, 0.0134069
2099, 71.5958, 0.0139673
2100, 70.38833, 0.0142069
2101, 73.54185, 0.0135977
2102, 70.26419, 0.014232
2103, 73.09782, 0.0136803
2104, 68.91134, 0.0145114
2105, 75.00356, 0.0133327
2106, 69.6437, 0.0143588
2107, 75.01988, 0.0133298
2108, 69.62916, 0.0143618
2109, 73.82961, 0.0135447
2110, 68.35644, 0.0146292
2111, 75.08578, 0.0133181
2112, 72.58422, 0.0137771
2113, 69.87095, 0.0143121
2114, 72.15945, 0.0138582
2115, 70.93456, 0.0140975
2116, 74.37101, 0.0134461
2117, 71.6358, 0.0139595
2118, 71.57735, 0.0139709
2119, 72.11365, 0.013867
2120, 71.73293, 0.0139406
2121, 71.04089, 0.0140764
2122, 71.99113, 0.0138906
2123, 71.23827, 0.0140374
2124, 72.94265, 0.0137094
2125, 69.70001, 0.0143472
2126, 74.4646, 0.0134292
2127, 72.39504, 0.0138131
2128, 70.78043, 0.0141282
2129, 72.34634, 0.0138224
2130, 71.20022, 0.0140449
2131, 72.55525, 0.0137826
2132, 71.44133, 0.0139975
2133, 70.93959, 0.0140965
2134, 72.63536, 0.0137674
2135, 70.85063, 0.0141142
2136, 69.4295, 0.0144031
2137, 75.11737, 0.0133125
2138, 71.84528, 0.0139188
2139, 72.3275, 0.013826
2140, 71.98439, 0.0138919
2141, 71.68099, 0.0139507
2142, 72.01809, 0.0138854
2143, 71.39491, 0.0140066
2144, 71.40664, 0.0140043
2145, 72.50423, 0.0137923
2146, 70.61, 0.0141623
2147, 73.4743, 0.0136102
2148, 71.12628, 0.0140595
2149, 71.83083, 0.0139216
2150, 71.86954, 0.0139141
2151, 68.88239, 0.0145175
2152, 75.33978, 0.0132732
2153, 71.59477, 0.0139675
2154, 71.62093, 0.0139624
2155, 69.35535, 0.0144185
2156, 75.40682, 0.0132614
2157, 71.92589, 0.0139032
2158, 71.45562, 0.0139947
2159, 71.41633, 0.0140024
2160, 70.39725, 0.0142051
2161, 70.811, 0.0141221
2162, 73.73544, 0.013562
2163, 72.65066, 0.0137645
2164, 71.96626, 0.0138954
2165, 71.55431, 0.0139754
2166, 71.19464, 0.014046
2167, 71.44133, 0.0139975
2168, 72.95383, 0.0137073
2169, 72.05961, 0.0138774
2170, 71.58913, 0.0139686
2171, 71.24334, 0.0140364
2172, 72.3788, 0.0138162
2173, 71.47861, 0.0139902
2174, 71.32871, 0.0140196
2175, 73.44678, 0.0136153
2176, 71.0525, 0.0140741
2177, 69.48208, 0.0143922
2178, 72.18549, 0.0138532
2179, 73.96559, 0.0135198
2180, 70.17445, 0.0142502
2181, 71.72212, 0.0139427
2182, 71.29514, 0.0140262
2183, 74.25945, 0.0134663
2184, 71.42806, 0.0140001
2185, 67.8578, 0.0147367
2186, 77.22127, 0.0129498
2187, 72.68657, 0.0137577
2188, 70.57561, 0.0141692
2189, 69.94328, 0.0142973
2190, 74.01212, 0.0135113
2191, 68.48096, 0.0146026
2192, 72.86718, 0.0137236
2193, 74.56399, 0.0134113
2194, 67.53197, 0.0148078
2195, 72.36728, 0.0138184
2196, 73.52995, 0.0135999
2197, 65.4309, 0.0152833
2198, 79.17468, 0.0126303
2199, 71.14552, 0.0140557
2200, 70.64092, 0.0141561
2201, 65.01147, 0.0153819
2202, 82.50484, 0.0121205
2203, 70.9557, 0.0140933
2204, 70.56216, 0.0141719
2205, 71.25501, 0.0140341
2206, 74.55787, 0.0134124
2207, 68.47252, 0.0146044
2208, 76.6172, 0.0130519
2209, 70.84863, 0.0141146
2210, 71.53434, 0.0139793
2211, 71.72417, 0.0139423
2212, 72.62322, 0.0137697
2213, 71.98906, 0.013891
2214, 71.94918, 0.0138987
2215, 73.60248, 0.0135865
2216, 72.06013, 0.0138773
2217, 71.65377, 0.013956
2218, 72.3788, 0.0138162
2219, 72.20842, 0.0138488
2220, 71.67996, 0.0139509
2221, 70.98138, 0.0140882
2222, 72.55788, 0.0137821
2223, 71.5876, 0.0139689
2224, 72.30135, 0.013831
2225, 71.39134, 0.0140073
2226, 71.98077, 0.0138926
2227, 71.29617, 0.014026
2228, 72.68974, 0.0137571
2229, 71.50365, 0.0139853
2230, 72.03262, 0.0138826
2231, 71.31243, 0.0140228
2232, 71.2129, 0.0140424
2233, 71.88711, 0.0139107
2234, 72.76643, 0.0137426
2235, 71.80452, 0.0139267
2236, 71.48525, 0.0139889
2237, 72.38352, 0.0138153
2238, 71.72881, 0.0139414
2239, 70.77041, 0.0141302
2240, 73.24666, 0.0136525
2241, 71.36333, 0.0140128
2242, 71.87729, 0.0139126
2243, 70.64841, 0.0141546
2244, 72.71194, 0.0137529
2245, 70.82906, 0.0141185
2246, 73.0631, 0.0136868
2247, 72.14018, 0.0138619
2248, 71.4924, 0.0139875
2249, 72.17767, 0.0138547
2250, 71.28956, 0.0140273
2251, 72.22511, 0.0138456
2252, 71.70052, 0.0139469
2253, 71.72006, 0.0139431
2254, 71.73602, 0.01394
2255, 71.89538, 0.0139091
2256, 69.20702, 0.0144494
2257, 68.19143, 0.0146646
2258, 76.95564, 0.0129945
2259, 70.29976, 0.0142248
2260, 71.97403, 0.0138939
2261, 72.36885, 0.0138181
2262, 74.33617, 0.0134524
2263, 71.5369, 0.0139788
2264, 70.23754, 0.0142374
2265, 72.76114, 0.0137436
2266, 72.91553, 0.0137145
2267, 72.08714, 0.0138721
2268, 71.10201, 0.0140643
2269, 72.76167, 0.0137435
2270, 71.53895, 0.0139784
2271, 71.56506, 0.0139733
2272, 72.82632, 0.0137313
2273, 71.57223, 0.0139719
2274, 71.50314, 0.0139854
2275, 71.48525, 0.0139889
2276, 71.718, 0.0139435
2277, 71.19312, 0.0140463
2278, 72.72727, 0.01375
2279, 69.5507, 0.014378
2280, 71.88091, 0.0139119
2281, 72.00772, 0.0138874
2282, 71.00609, 0.0140833
2283, 72.40605, 0.013811
2284, 74.66196, 0.0133937
2285, 71.66866, 0.0139531
2286, 70.48409, 0.0141876
2287, 72.24285, 0.0138422
2288, 73.28477, 0.0136454
2289, 71.65942, 0.0139549
2290, 36.01903, 0.0277631
2291, 70.81501, 0.0141213
2292, 71.98388, 0.013892
2293, 71.85818, 0.0139163
2294, 71.21797, 0.0140414
2295, 72.20998, 0.0138485
2296, 72.14539, 0.0138609
2297, 71.53946, 0.0139783
2298, 72.36047, 0.0138197
2299, 72.21677, 0.0138472
2300, 71.15462, 0.0140539
2301, 72.04195, 0.0138808
2302, 72.01083, 0.0138868
2303, 71.28092, 0.014029
2304, 72.437, 0.0138051
2305, 71.45461, 0.0139949
2306, 71.43623, 0.0139985
2307, 71.55737, 0.0139748
2308, 71.87729, 0.0139126
2309, 72.39033, 0.013814
2310, 72.19904, 0.0138506
2311, 71.44949, 0.0139959
2312, 72.38456, 0.0138151
2313, 71.75454, 0.0139364
2314, 71.18248, 0.0140484
2315, 72.32122, 0.0138272
2316, 71.89279, 0.0139096
2317, 69.87925, 0.0143104
2318, 73.91966, 0.0135282
2319, 71.32057, 0.0140212
2320, 72.11417, 0.0138669
2321, 71.82205, 0.0139233
2322, 71.89382, 0.0139094
2323, 70.14689, 0.0142558
2324, 73.4306, 0.0136183
2325, 72.20477, 0.0138495
2326, 71.81535, 0.0139246
2327, 71.56249, 0.0139738
2328, 71.18501, 0.0140479
2329, 72.46639, 0.0137995
2330, 71.22355, 0.0140403
2331, 72.49424, 0.0137942
2332, 72.13134, 0.0138636
2333, 71.42908, 0.0139999
2334, 71.58453, 0.0139695
2335, 71.22304, 0.0140404
2336, 72.16986, 0.0138562
2337, 72.73415, 0.0137487
2338, 71.53536, 0.0139791
2339, 71.944, 0.0138997
2340, 71.38778, 0.014008
2341, 71.14197, 0.0140564
2342, 73.12347, 0.0136755
2343, 71.64555, 0.0139576
2344, 71.60503, 0.0139655
2345, 72.10429, 0.0138688
2346, 71.77, 0.0139334
2347, 70.26222, 0.0142324
2348, 73.36165, 0.0136311
2349, 72.14018, 0.0138619
2350, 71.19921, 0.0140451
2351, 71.6887, 0.0139492
2352, 71.65069, 0.0139566
2353, 71.95176, 0.0138982
2354, 72.00824, 0.0138873
2355, 72.00824, 0.0138873
2356, 72.10013, 0.0138696
2357, 71.84682, 0.0139185
2358, 71.86696, 0.0139146
2359, 70.95218, 0.014094
2360, 72.19695, 0.013851
2361, 72.40238, 0.0138117
2362, 71.27229, 0.0140307
2363, 71.49292, 0.0139874
2364, 72.64486, 0.0137656
2365, 71.42092, 0.0140015
2366, 72.25381, 0.0138401
2367, 71.73344, 0.0139405
2368, 71.65377, 0.013956
2369, 71.80968, 0.0139257
2370, 71.97766, 0.0138932
2371, 69.6311, 0.0143614
2372, 74.14602, 0.0134869
2373, 72.60266, 0.0137736
2374, 70.52783, 0.0141788
2375, 72.67759, 0.0137594
2376, 71.6625, 0.0139543
2377, 70.87875, 0.0141086
2378, 71.81123, 0.0139254
2379, 47.88401, 0.0208838
2380, 149.6961, 0.0066802
2381, 70.11787, 0.0142617
2382, 72.38876, 0.0138143
2383, 72.05598, 0.0138781
2384, 72.32541, 0.0138264
2385, 70.24889, 0.0142351
2386, 73.56241, 0.0135939
2387, 71.74682, 0.0139379
2388, 71.13641, 0.0140575
2389, 72.46272, 0.0138002
2390, 71.22456, 0.0140401
2391, 70.20106, 0.0142448
2392, 73.56673, 0.0135931
2393, 71.90106, 0.013908
2394, 71.77875, 0.0139317
2395, 71.27686, 0.0140298
2396, 71.97766, 0.0138932
2397, 71.36027, 0.0140134
2398, 73.17109, 0.0136666
2399, 70.53878, 0.0141766
2400, 73.3568, 0.013632
2401, 69.39963, 0.0144093
2402, 73.56403, 0.0135936
2403, 72.54051, 0.0137854
2404, 72.20061, 0.0138503
2405, 71.3939, 0.0140068
2406, 71.9585, 0.0138969
2407, 71.41123, 0.0140034
2408, 72.48583, 0.0137958
2409, 71.97351, 0.013894
2410, 71.73035, 0.0139411
2411, 71.10555, 0.0140636
2412, 71.43827, 0.0139981
2413, 72.56999, 0.0137798
2414, 71.94607, 0.0138993
2415, 71.83443, 0.0139209
2416, 71.56249, 0.0139738
2417, 72.22929, 0.0138448
2418, 70.99802, 0.0140849
2419, 72.55157, 0.0137833
2420, 71.98232, 0.0138923
2421, 71.28854, 0.0140275
2422, 72.35576, 0.0138206
2423, 70.34031, 0.0142166
2424, 72.67283, 0.0137603
2425, 71.80452, 0.0139267
2426, 72.24233, 0.0138423
2427, 70.96477, 0.0140915
2428, 69.66699, 0.014354
2429, 72.74896, 0.0137459
2430, 72.96661, 0.0137049
2431, 72.24129, 0.0138425
2432, 69.00978, 0.0144907
2433, 72.90915, 0.0137157
2434, 72.52263, 0.0137888
2435, 72.13758, 0.0138624
2436, 70.79797, 0.0141247
2437, 74.4186, 0.0134375
2438, 72.10533, 0.0138686
2439, 72.22302, 0.013846
2440, 71.48422, 0.0139891
2441, 69.16395, 0.0144584
2442, 72.29665, 0.0138319
2443, 72.19695, 0.013851
2444, 73.60139, 0.0135867
2445, 71.34093, 0.0140172
2446, 71.88608, 0.0139109
2447, 71.76072, 0.0139352
2448, 72.73203, 0.0137491
2449, 72.4769, 0.0137975
2450, 71.76175, 0.013935
2451, 70.95067, 0.0140943
2452, 72.02535, 0.013884
2453, 72.04299, 0.0138806
2454, 71.85457, 0.013917
2455, 71.62452, 0.0139617
2456, 72.14799, 0.0138604
2457, 70.37743, 0.0142091
2458, 72.95489, 0.0137071
2459, 71.8334, 0.0139211
2460, 71.24841, 0.0140354
2461, 72.43595, 0.0138053
2462, 67.3573, 0.0148462
2463, 76.87341, 0.0130084
2464, 72.11002, 0.0138677
2465, 71.69332, 0.0139483
2466, 71.36282, 0.0140129
2467, 72.30344, 0.0138306
2468, 71.46941, 0.013992
2469, 71.44439, 0.0139969
2470, 72.4092, 0.0138104
2471, 71.03938, 0.0140767
2472, 71.98284, 0.0138922
2473, 71.02929, 0.0140787
2474, 72.29351, 0.0138325
2475, 72.35733, 0.0138203
2476, 72.4328, 0.0138059
2477, 70.86369, 0.0141116
2478, 72.35733, 0.0138203
2479, 71.88194, 0.0139117
2480, 70.99449, 0.0140856
2481, 72.71141, 0.013753
2482, 72.03832, 0.0138815
2483, 70.58209, 0.0141679
2484, 71.05301, 0.014074
2485, 73.95082, 0.0135225
2486, 71.57121, 0.0139721
2487, 72.30187, 0.0138309
2488, 71.61426, 0.0139637
2489, 71.54919, 0.0139764
2490, 71.54457, 0.0139773
2491, 71.59016, 0.0139684
2492, 70.76039, 0.0141322
2493, 73.91202, 0.0135296
2494, 71.94918, 0.0138987
2495, 71.38829, 0.0140079
2496, 72.198, 0.0138508
2497, 72.14227, 0.0138615
2498, 70.40766, 0.014203
2499, 72.97565, 0.0137032
2500, 71.98906, 0.013891
2501, 71.81483, 0.0139247
2502, 71.73447, 0.0139403
2503, 71.2606, 0.014033
2504, 71.34958, 0.0140155
2505, 73.08926, 0.0136819
2506, 70.91998, 0.0141004
2507, 72.23816, 0.0138431
2508, 71.9409, 0.0139003
2509, 72.25433, 0.01384
2510, 70.44138, 0.0141962
2511, 73.14647, 0.0136712
2512, 71.36434, 0.0140126
2513, 72.41235, 0.0138098
2514, 71.70618, 0.0139458
2515, 71.11819, 0.0140611
2516, 72.25016, 0.0138408
2517, 71.53281, 0.0139796
2518, 72.03937, 0.0138813
2519, 72.08662, 0.0138722
2520, 71.85973, 0.013916
2521, 71.2982, 0.0140256
2522, 70.2188, 0.0142412
2523, 74.10921, 0.0134936
2524, 71.6702, 0.0139528
2525, 71.95021, 0.0138985
2526, 71.69692, 0.0139476
2527, 71.8365, 0.0139205
2528, 70.54525, 0.0141753
2529, 73.26168, 0.0136497
2530, 71.8267, 0.0139224
2531, 72.0238, 0.0138843
2532, 71.25501, 0.0140341
2533, 70.85867, 0.0141126
2534, 72.14955, 0.0138601
2535, 73.24988, 0.0136519
2536, 71.88194, 0.0139117
2537, 71.16019, 0.0140528
2538, 71.69641, 0.0139477
2539, 71.23725, 0.0140376
2540, 72.2606, 0.0138388
2541, 72.25538, 0.0138398
2542, 71.96419, 0.0138958
2543, 71.74271, 0.0139387
2544, 71.76021, 0.0139353
2545, 69.16682, 0.0144578
2546, 73.78386, 0.0135531
2547, 73.04975, 0.0136893
2548, 71.33176, 0.014019
2549, 72.36256, 0.0138193
2550, 70.50098, 0.0141842
2551, 73.03909, 0.0136913
2552, 71.29311, 0.0140266
2553, 71.96419, 0.0138958
2554, 71.68613, 0.0139497
2555, 71.11718, 0.0140613
2556, 72.92138, 0.0137134
2557, 72.00616, 0.0138877
2558, 70.4032, 0.0142039
2559, 73.70935, 0.0135668
2560, 70.55271, 0.0141738
2561, 72.02535, 0.013884
2562, 72.11105, 0.0138675
2563, 72.25538, 0.0138398
2564, 71.22102, 0.0140408
2565, 72.02172, 0.0138847
2566, 60.72752, 0.016467
2567, 30.10806, 0.0332137
2568, 127.3723, 0.007851
2569, 67.98882, 0.0147083
2570, 73.48511, 0.0136082
2571, 72.14122, 0.0138617
2572, 73.67133, 0.0135738
2573, 64.60658, 0.0154783
2574, 79.42937, 0.0125898
2575, 70.96779, 0.0140909
2576, 72.39977, 0.0138122
2577, 70.2637, 0.0142321
2578, 75.01369, 0.0133309
2579, 71.49087, 0.0139878
2580, 71.79472, 0.0139286
2581, 67.44817, 0.0148262
2582, 75.08353, 0.0133185
2583, 74.90805, 0.0133497
2584, 71.49547, 0.0139869
2585, 70.87072, 0.0141102
2586, 68.51192, 0.014596
2587, 75.58008, 0.013231
2588, 72.87248, 0.0137226
2589, 71.48678, 0.0139886
2590, 72.73944, 0.0137477
2591, 71.15412, 0.014054
2592, 71.91399, 0.0139055
2593, 66.11264, 0.0151257
2594, 77.15811, 0.0129604
2595, 71.89176, 0.0139098
2596, 71.79678, 0.0139282
2597, 69.27079, 0.0144361
2598, 76.23927, 0.0131166
2599, 70.03831, 0.0142779
2600, 72.47375, 0.0137981
2601, 72.24755, 0.0138413
2602, 72.67653, 0.0137596
2603, 71.0732, 0.01407
2604, 69.41696, 0.0144057
2605, 71.4398, 0.0139978
2606, 73.06737, 0.013686
2607, 71.49342, 0.0139873
2608, 69.98195, 0.0142894
2609, 73.10796, 0.0136784
2610, 71.73395, 0.0139404
2611, 70.79145, 0.014126
2612, 71.74888, 0.0139375
2613, 71.80916, 0.0139258
2614, 72.58053, 0.0137778
2615, 72.0648, 0.0138764
2616, 72.34582, 0.0138225
2617, 69.077, 0.0144766
2618, 75.8996, 0.0131753
2619, 69.12093, 0.0144674
2620, 75.2536, 0.0132884
2621, 72.92085, 0.0137135
2622, 69.86753, 0.0143128
2623, 72.04507, 0.0138802
2624, 70.20254, 0.0142445
2625, 72.54946, 0.0137837
2626, 71.78596, 0.0139303
2627, 72.19956, 0.0138505
2628, 71.59324, 0.0139678
2629, 71.66096, 0.0139546
2630, 72.00824, 0.0138873
2631, 72.95436, 0.0137072
2632, 71.65274, 0.0139562
2633, 73.08766, 0.0136822
2634, 71.40715, 0.0140042
2635, 71.64248, 0.0139582
2636, 70.22965, 0.014239
2637, 67.90756, 0.0147259
2638, 75.5019, 0.0132447
2639, 76.34578, 0.0130983
2640, 71.0071, 0.0140831
2641, 70.87725, 0.0141089
2642, 72.26635, 0.0138377
2643, 72.50632, 0.0137919
2644, 71.88039, 0.013912
2645, 71.89331, 0.0139095
2646, 71.86128, 0.0139157
2647, 67.20746, 0.0148793
2648, 73.91093, 0.0135298
2649, 74.29255, 0.0134603
2650, 72.17142, 0.0138559
2651, 72.04974, 0.0138793
2652, 71.15057, 0.0140547
2653, 70.95319, 0.0140938
2654, 69.83241, 0.01432
2655, 74.35995, 0.0134481
2656, 71.30888, 0.0140235
2657, 71.39339, 0.0140069
2658, 72.2653, 0.0138379
2659, 71.63067, 0.0139605
2660, 71.30379, 0.0140245
2661, 74.47569, 0.0134272
2662, 71.84166, 0.0139195
2663, 72.04767, 0.0138797
2664, 64.17208, 0.0155831
2665, 68.76397, 0.0145425
2666, 82.8322, 0.0120726
2667, 73.4878, 0.0136077
2668, 71.16526, 0.0140518
2669, 72.84595, 0.0137276
2670, 71.48933, 0.0139881
2671, 71.4398, 0.0139978
2672, 71.52871, 0.0139804
2673, 72.33796, 0.013824
2674, 67.17947, 0.0148855
2675, 76.89705, 0.0130044
2676, 72.90968, 0.0137156
2677, 68.96837, 0.0144994
2678, 72.16726, 0.0138567
2679, 72.17038, 0.0138561
2680, 73.51103, 0.0136034
2681, 71.11212, 0.0140623
2682, 71.17184, 0.0140505
2683, 73.04335, 0.0136905
2684, 71.7252, 0.0139421
2685, 69.6117, 0.0143654
2686, 73.51266, 0.0136031
2687, 73.27135, 0.0136479
2688, 70.50346, 0.0141837
2689, 71.0071, 0.0140831
2690, 72.52841, 0.0137877
2691, 72.41077, 0.0138101
2692, 71.35874, 0.0140137
2693, 71.71543, 0.013944
2694, 73.16841, 0.0136671
2695, 71.53332, 0.0139795
2696, 71.61836, 0.0139629
2697, 71.62965, 0.0139607
2698, 70.06284, 0.0142729
2699, 70.57162, 0.01417
2700, 73.3708, 0.0136294
2701, 71.58504, 0.0139694
2702, 70.54674, 0.014175
2703, 68.69595, 0.0145569
2704, 76.94083, 0.012997
2705, 70.60751, 0.0141628
2706, 72.32122, 0.0138272
2707, 72.43123, 0.0138062
2708, 71.61682, 0.0139632
2709, 72.88523, 0.0137202
2710, 65.23881, 0.0153283
2711, 77.48094, 0.0129064
2712, 72.21989, 0.0138466
2713, 72.41602, 0.0138091
2714, 72.6227, 0.0137698
2715, 70.77943, 0.0141284
2716, 74.6341, 0.0133987
2717, 65.06223, 0.0153699
2718, 69.38566, 0.0144122
2719, 81.16488, 0.0123206
2720, 74.39867, 0.0134411
2721, 71.08179, 0.0140683
2722, 72.38037, 0.0138159
2723, 72.00409, 0.0138881
2724, 70.9547, 0.0140935
2725, 71.2408, 0.0140369
2726, 46.88211, 0.0213301
2727, 130.2422, 0.007678
2728, 78.66397, 0.0127123
2729, 72.43333, 0.0138058
2730, 72.60583, 0.013773
2731, 71.70978, 0.0139451
2732, 71.48525, 0.0139889
2733, 69.91833, 0.0143024
2734, 73.12721, 0.0136748
2735, 72.28045, 0.013835
2736, 70.36506, 0.0142116
2737, 72.1381, 0.0138623
2738, 71.23015, 0.014039
2739, 72.49581, 0.0137939
2740, 69.94768, 0.0142964
2741, 71.60964, 0.0139646
2742, 71.11263, 0.0140622
2743, 73.61548, 0.0135841
2744, 71.63273, 0.0139601
2745, 70.32547, 0.0142196
2746, 71.88556, 0.013911
2747, 72.23241, 0.0138442
2748, 71.97714, 0.0138933
2749, 70.06236, 0.014273
2750, 72.61214, 0.0137718
2751, 72.43909, 0.0138047
2752, 76.09829, 0.0131409
2753, 70.60003, 0.0141643
2754, 66.01706, 0.0151476
2755, 71.12274, 0.0140602
2756, 80.99724, 0.0123461
2757, 71.16374, 0.0140521
2758, 70.90388, 0.0141036
2759, 73.6209, 0.0135831
2760, 65.41763, 0.0152864
2761, 77.7738, 0.0128578
2762, 70.92299, 0.0140998
2763, 72.38456, 0.0138151
2764, 72.8932, 0.0137187
2765, 70.89584, 0.0141052
2766, 73.31432, 0.0136399
2767, 72.40238, 0.0138117
2768, 70.91796, 0.0141008
2769, 68.91704, 0.0145102
2770, 71.51746, 0.0139826
2771, 71.53332, 0.0139795
2772, 73.14968, 0.0136706
2773, 71.75557, 0.0139362
2774, 69.83289, 0.0143199
2775, 71.98698, 0.0138914
2776, 72.7056, 0.0137541
2777, 69.99223, 0.0142873
2778, 72.41339, 0.0138096
2779, 73.89508, 0.0135327
2780, 70.89785, 0.0141048
2781, 70.42253, 0.0142
2782, 74.99681, 0.0133339
2783, 73.81109, 0.0135481
2784, 72.4328, 0.0138059
2785, 71.44847, 0.0139961
2786, 72.14174, 0.0138616
2787, 67.4227, 0.0148318
2788, 71.78442, 0.0139306
2789, 76.46137, 0.0130785
2790, 71.42398, 0.0140009
2791, 69.65486, 0.0143565
2792, 72.51474, 0.0137903
2793, 70.45925, 0.0141926
2794, 73.00123, 0.0136984
2795, 71.40256, 0.0140051
2796, 71.79936, 0.0139277
2797, 67.19075, 0.014883
2798, 76.69418, 0.0130388
2799, 71.4592, 0.013994
2800, 71.62041, 0.0139625
2801, 71.98025, 0.0138927
2802, 71.55943, 0.0139744
2803, 73.1893, 0.0136632
2804, 72.75797, 0.0137442
2805, 69.69661, 0.0143479
2806, 74.23519, 0.0134707
2807, 72.53262, 0.0137869
2808, 72.44382, 0.0138038
2809, 71.91606, 0.0139051
2810, 63.99509, 0.0156262
2811, 70.82755, 0.0141188
2812, 84.34263, 0.0118564
2813, 71.19262, 0.0140464
2814, 72.20321, 0.0138498
2815, 71.08028, 0.0140686
2816, 72.75373, 0.013745
2817, 69.82168, 0.0143222
2818, 72.60635, 0.0137729
2819, 68.02583, 0.0147003
2820, 70.06137, 0.0142732
2821, 75.95264, 0.0131661
2822, 73.80346, 0.0135495
2823, 70.54475, 0.0141754
2824, 71.82979, 0.0139218
2825, 71.10403, 0.0140639
2826, 72.48478, 0.013796
2827, 72.0965, 0.0138703
2828, 74.68985, 0.0133887
2829, 66.69868, 0.0149928
2830, 74.30966, 0.0134572
2831, 72.00201, 0.0138885
2832, 71.82515, 0.0139227
2833, 70.52584, 0.0141792
2834, 75.35341, 0.0132708
2835, 70.76891, 0.0141305
2836, 72.30762, 0.0138298
2837, 71.05199, 0.0140742
2838, 74.55399, 0.0134131
2839, 70.69336, 0.0141456
2840, 70.27703, 0.0142294
2841, 71.97144, 0.0138944
2842, 72.23346, 0.013844
2843, 73.23432, 0.0136548
2844, 71.91968, 0.0139044
2845, 71.92847, 0.0139027
2846, 70.82103, 0.0141201
2847, 72.437, 0.0138051
2848, 70.93054, 0.0140983
2849, 72.05441, 0.0138784
2850, 71.32616, 0.0140201
2851, 72.93148, 0.0137115
2852, 72.47375, 0.0137981
2853, 71.49751, 0.0139865
2854, 71.30277, 0.0140247
2855, 67.05919, 0.0149122
2856, 72.7765, 0.0137407
2857, 70.30074, 0.0142246
2858, 73.42575, 0.0136192
2859, 71.33228, 0.0140189
2860, 70.19366, 0.0142463
2861, 74.13778, 0.0134884
2862, 73.07805, 0.013684
2863, 65.19968, 0.0153375
2864, 66.93754, 0.0149393
2865, 90.42327, 0.0110591
2866, 69.04361, 0.0144836
2867, 70.69336, 0.0141456
2868, 75.94398, 0.0131676
2869, 72.32907, 0.0138257
2870, 70.67437, 0.0141494
2871, 65.32532, 0.015308
2872, 78.86, 0.0126807
2873, 73.82852, 0.0135449
2874, 73.41605, 0.013621
2875, 71.23167, 0.0140387
2876, 71.62503, 0.0139616
2877, 72.1381, 0.0138623
2878, 66.94561, 0.0149375
2879, 73.46135, 0.0136126
2880, 75.44209, 0.0132552
2881, 70.56117, 0.0141721
2882, 72.39294, 0.0138135
2883, 72.80723, 0.0137349
2884, 71.88453, 0.0139112
2885, 71.71029, 0.013945
2886, 72.52894, 0.0137876
2887, 70.89986, 0.0141044
2888, 72.42284, 0.0138078
2889, 71.7144, 0.0139442
2890, 66.97565, 0.0149308
2891, 75.62466, 0.0132232
2892, 73.31325, 0.0136401
2893, 71.51899, 0.0139823
2894, 70.71986, 0.0141403
2895, 72.85338, 0.0137262
2896, 70.74287, 0.0141357
2897, 73.00175, 0.0136983
2898, 70.93758, 0.0140969
2899, 73.22949, 0.0136557
2900, 70.53181, 0.014178
2901, 70.78343, 0.0141276
2902, 72.38771, 0.0138145
2903, 73.61981, 0.0135833
2904, 71.96833, 0.013895
2905, 69.53039, 0.0143822
2906, 72.80458, 0.0137354
2907, 73.44085, 0.0136164
2908, 70.31756, 0.0142212
2909, 72.61004, 0.0137722
2910, 70.16313, 0.0142525
2911, 72.0565, 0.013878
2912, 71.95435, 0.0138977
2913, 70.96124, 0.0140922
2914, 72.77967, 0.0137401
2915, 72.2559, 0.0138397
2916, 71.87367, 0.0139133
2917, 71.78854, 0.0139298
2918, 73.3778, 0.0136281
2919, 70.92551, 0.0140993
2920, 71.41021, 0.0140036
2921, 73.00389, 0.0136979
2922, 71.22355, 0.0140403
2923, 71.57581, 0.0139712
2924, 71.66199, 0.0139544
2925, 72.77332, 0.0137413
2926, 70.45776, 0.0141929
2927, 73.28208, 0.0136459
2928, 71.74013, 0.0139392
2929, 71.49393, 0.0139872
2930, 72.03625, 0.0138819
2931, 71.1916, 0.0140466
2932, 70.64791, 0.0141547
2933, 73.15824, 0.013669
2934, 70.498, 0.0141848
2935, 73.43222, 0.013618
2936, 71.99943, 0.013889
2937, 71.27025, 0.0140311
2938, 71.19515, 0.0140459
2939, 72.94531, 0.0137089
2940, 71.64452, 0.0139578
2941, 72.0991, 0.0138698
2942, 70.50297, 0.0141838
2943, 69.68398, 0.0143505
2944, 71.28905, 0.0140274
2945, 69.66165, 0.0143551
2946, 75.04521, 0.0133253
2947, 72.0674, 0.0138759
2948, 72.6908, 0.0137569
2949, 74.18507, 0.0134798
2950, 70.49402, 0.0141856
2951, 62.80145, 0.0159232
2952, 74.20435, 0.0134763
2953, 82.71093, 0.0120903
2954, 69.89097, 0.014308
2955, 73.18126, 0.0136647
2956, 70.53728, 0.0141769
2957, 74.59013, 0.0134066
2958, 70.85716, 0.0141129
2959, 68.15006, 0.0146735
2960, 75.77078, 0.0131977
2961, 70.26123, 0.0142326
2962, 69.89194, 0.0143078
2963, 71.92847, 0.0139027
2964, 75.70538, 0.0132091
2965, 71.41633, 0.0140024
2966, 69.04838, 0.0144826
2967, 72.1532, 0.0138594
2968, 71.81277, 0.0139251
2969, 70.74487, 0.0141353
2970, 72.97353, 0.0137036
2971, 72.34791, 0.0138221
2972, 70.77391, 0.0141295
2973, 72.73891, 0.0137478
2974, 74.55954, 0.0134121
2975, 72.43962, 0.0138046
2976, 63.03024, 0.0158654
2977, 70.73686, 0.0141369
2978, 84.51371, 0.0118324
2979, 71.33278, 0.0140188
2980, 71.97196, 0.0138943
2981, 70.7634, 0.0141316
2982, 73.73164, 0.0135627
2983, 67.54064, 0.0148059
2984, 73.11813, 0.0136765
2985, 73.64041, 0.0135795
2986, 72.51579, 0.0137901
2987, 70.61349, 0.0141616
2988, 73.78277, 0.0135533
2989, 71.101, 0.0140645
2990, 70.21634, 0.0142417
2991, 74.54954, 0.0134139
2992, 70.01575, 0.0142825
2993, 73.04282, 0.0136906
2994, 69.54538, 0.0143791
2995, 67.73553, 0.0147633
2996, 73.8476, 0.0135414
2997, 75.003, 0.0133328
2998, 74.10481, 0.0134944
2999, 70.2405, 0.0142368
3000, 72.86028, 0.0137249
3001, 72.41916, 0.0138085
3002, 71.22761, 0.0140395
3003, 72.29769, 0.0138317
3004, 70.75238, 0.0141338
3005, 71.67945, 0.013951
3006, 70.9557, 0.0140933
3007, 74.56788, 0.0134106
3008, 69.19505, 0.0144519
3009, 73.4565, 0.0136135
3010, 70.34724, 0.0142152
3011, 72.58633, 0.0137767
3012, 72.16361, 0.0138574
3013, 72.1657, 0.013857
3014, 71.09948, 0.0140648
3015, 68.29668, 0.014642
3016, 73.90765, 0.0135304
3017, 73.32131, 0.0136386
3018, 71.23573, 0.0140379
3019, 74.70492, 0.013386
3020, 63.14965, 0.0158354
3021, 69.1128, 0.0144691
3022, 83.57011, 0.011966
3023, 69.88267, 0.0143097
3024, 71.81792, 0.0139241
3025, 74.33894, 0.0134519
3026, 65.47759, 0.0152724
3027, 80.23685, 0.0124631
3028, 71.19363, 0.0140462
3029, 71.944, 0.0138997
3030, 71.36689, 0.0140121
3031, 72.08194, 0.0138731
3032, 70.67437, 0.0141494
3033, 73.29981, 0.0136426
3034, 72.18757, 0.0138528
3035, 70.8406, 0.0141162
3036, 74.37986, 0.0134445
3037, 71.24892, 0.0140353
3038, 72.1506, 0.0138599
3039, 71.66506, 0.0139538
3040, 71.83856, 0.0139201
3041, 69.39047, 0.0144112
3042, 59.58197, 0.0167836
3043, 89.89249, 0.0111244
3044, 71.7319, 0.0139408
3045, 73.08232, 0.0136832
3046, 73.69142, 0.0135701
3047, 70.95419, 0.0140936
3048, 72.27366, 0.0138363
3049, 66.59962, 0.0150151
3050, 74.84021, 0.0133618
3051, 71.6512, 0.0139565
3052, 71.29311, 0.0140266
3053, 69.54103, 0.01438
3054, 70.08347, 0.0142687
3055, 76.67183, 0.0130426
3056, 71.66712, 0.0139534
3057, 75.47398, 0.0132496
3058, 71.73756, 0.0139397
3059, 64.18609, 0.0155797
3060, 72.35576, 0.0138206
3061, 81.96587, 0.0122002
3062, 71.33125, 0.0140191
3063, 70.5791, 0.0141685
3064, 72.03313, 0.0138825
3065, 73.01082, 0.0136966
3066, 67.87576, 0.0147328
3067, 77.24214, 0.0129463
3068, 71.08382, 0.0140679
3069, 70.42204, 0.0142001
3070, 72.67864, 0.0137592
3071, 71.19414, 0.0140461
3072, 70.36852, 0.0142109
3073, 71.46278, 0.0139933
3074, 71.29108, 0.014027
3075, 72.08974, 0.0138716
3076, 71.12122, 0.0140605
3077, 71.7942, 0.0139287
3078, 73.32024, 0.0136388
3079, 71.62965, 0.0139607
3080, 72.00047, 0.0138888
3081, 72.24755, 0.0138413
3082, 73.69251, 0.0135699
3083, 67.77915, 0.0147538
3084, 68.00824, 0.0147041
3085, 71.92382, 0.0139036
3086, 82.61391, 0.0121045
3087, 71.26212, 0.0140327
3088, 69.74911, 0.0143371
3089, 70.87122, 0.0141101
3090, 73.78386, 0.0135531
3091, 70.55669, 0.014173
3092, 67.49688, 0.0148155
3093, 76.79784, 0.0130212
3094, 71.74013, 0.0139392
3095, 70.56267, 0.0141718
3096, 75.1185, 0.0133123
3097, 69.62334, 0.014363
3098, 71.10858, 0.014063
3099, 69.67622, 0.0143521
3100, 73.41605, 0.013621
3101, 67.27619, 0.0148641
3102, 73.20859, 0.0136596
3103, 71.52718, 0.0139807
3104, 72.34529, 0.0138226
3105, 64.28181, 0.0155565
3106, 88.92683, 0.0112452
3107, 69.58119, 0.0143717
3108, 73.81054, 0.0135482
3109, 69.50478, 0.0143875
3110, 70.12721, 0.0142598
3111, 72.80458, 0.0137354
3112, 71.46022, 0.0139938
3113, 72.65224, 0.0137642
3114, 72.13758, 0.0138624
3115, 73.21288, 0.0136588
3116, 71.1911, 0.0140467
3117, 73.64909, 0.0135779
3118, 71.38472, 0.0140086
3119, 71.3623, 0.014013
3120, 71.75454, 0.0139364
3121, 69.89683, 0.0143068
3122, 73.47916, 0.0136093
3123, 70.32547, 0.0142196
3124, 73.84434, 0.013542
3125, 69.44734, 0.0143994
3126, 73.1545, 0.0136697
3127, 72.71088, 0.0137531
3128, 71.67072, 0.0139527
3129, 72.85444, 0.013726
3130, 72.57262, 0.0137793
3131, 70.85516, 0.0141133
3132, 69.82118, 0.0143223
3133, 73.21341, 0.0136587
3134, 70.78894, 0.0141265
3135, 73.09354, 0.0136811
3136, 71.72263, 0.0139426
3137, 71.61067, 0.0139644
3138, 71.65685, 0.0139554
3139, 69.6835, 0.0143506
3140, 73.00762, 0.0136972
3141, 72.67495, 0.0137599
3142, 70.13017, 0.0142592
3143, 72.35314, 0.0138211
3144, 75.56637, 0.0132334
3145, 70.95067, 0.0140943
3146, 72.31024, 0.0138293
3147, 74.29366, 0.0134601
3148, 69.21661, 0.0144474
3149, 74.26937, 0.0134645
3150, 71.52922, 0.0139803
3151, 72.06013, 0.0138773
3152, 72.77491, 0.013741
3153, 47.37742, 0.0211071
3154, 89.40546, 0.011185
3155, 108.0929, 0.0092513
3156, 71.33075, 0.0140192
3157, 71.2205, 0.0140409
3158, 71.1683, 0.0140512
3159, 71.53332, 0.0139795
3160, 24.68161, 0.040516
