Frame, FPS, Frame Time
1, 50, 0.02
2, 50, 0.02
3, 3, 0.3333333
4, 6.094072, 0.1640939
5, 72.91499, 0.0137146
6, 113.1798, 0.0088355
7, 72.6285, 0.0137687
8, 70.55818, 0.0141727
9, 72.0565, 0.013878
10, 72.3207, 0.0138273
11, 72.06688, 0.013876
12, 72.71511, 0.0137523
13, 72.14643, 0.0138607
14, 69.88071, 0.0143101
15, 74.10262, 0.0134948
16, 70.98794, 0.0140869
17, 72.0648, 0.0138764
18, 72.01342, 0.0138863
19, 72.16778, 0.0138566
20, 71.28752, 0.0140277
21, 72.05961, 0.0138774
22, 72.06947, 0.0138755
23, 71.7633, 0.0139347
24, 71.71338, 0.0139444
25, 71.6851, 0.0139499
26, 72.14071, 0.0138618
27, 71.7633, 0.0139347
28, 71.9321, 0.013902
29, 71.76742, 0.0139339
30, 17.9397, 0.0557423
31, 72.08142, 0.0138732
32, 71.56352, 0.0139736
33, 72.02898, 0.0138833
34, 71.30227, 0.0140248
35, 71.14653, 0.0140555
36, 73.29927, 0.0136427
37, 71.66969, 0.0139529
38, 71.9052, 0.0139072
39, 71.59068, 0.0139683
40, 72.05493, 0.0138783
41, 71.31752, 0.0140218
42, 72.31233, 0.0138289
43, 71.89124, 0.0139099
44, 71.80658, 0.0139263
45, 70.7644, 0.0141314
46, 72.27992, 0.0138351
47, 72.33901, 0.0138238
48, 71.78493, 0.0139305
49, 71.51848, 0.0139824
50, 72.01342, 0.0138863
51, 71.9233, 0.0139037
52, 55.51453, 0.0180133
53, 53.30149, 0.0187612
54, 27.75149, 0.0360341
55, 70.95621, 0.0140932
56, 71.85457, 0.013917
57, 66.84939, 0.014959
58, 4.77461, 0.2094412
59, 62.62682, 0.0159676
60, 70.44039, 0.0141964
61, 71.21138, 0.0140427
62, 71.20884, 0.0140432
63, 71.23471, 0.0140381
64, 70.25629, 0.0142336
65, 72.2674, 0.0138375
66, 71.52257, 0.0139816
67, 71.8556, 0.0139168
68, 71.36434, 0.0140126
69, 71.11111, 0.0140625
70, 70.94111, 0.0140962
71, 72.68921, 0.0137572
72, 35.72755, 0.0279896
73, 72.20269, 0.0138499
74, 71.19769, 0.0140454
75, 71.17691, 0.0140495
76, 72.75584, 0.0137446
77, 71.1987, 0.0140452
78, 71.11465, 0.0140618
79, 72.01498, 0.013886
80, 71.97973, 0.0138928
81, 71.03988, 0.0140766
82, 72.50632, 0.0137919
83, 70.89835, 0.0141047
84, 71.27075, 0.014031
85, 71.76536, 0.0139343
86, 72.16153, 0.0138578
87, 70.21634, 0.0142417
88, 72.97832, 0.0137027
89, 72.16933, 0.0138563
90, 71.16982, 0.0140509
91, 72.06947, 0.0138755
92, 72.3678, 0.0138183
93, 70.68787, 0.0141467
94, 72.27261, 0.0138365
95, 72.41235, 0.0138098
96, 71.31651, 0.014022
97, 71.63734, 0.0139592
98, 72.17872, 0.0138545
99, 71.20225, 0.0140445
100, 71.89899, 0.0139084
101, 71.94245, 0.0139
102, 71.67842, 0.0139512
103, 72.11521, 0.0138667
104, 71.45766, 0.0139943
105, 17.95061, 0.0557084
106, 71.55276, 0.0139757
107, 71.98077, 0.0138926
108, 71.40052, 0.0140055
109, 69.74911, 0.0143371
110, 64.1408, 0.0155907
111, 73.81218, 0.0135479
112, 81.64598, 0.012248
113, 72.27157, 0.0138367
114, 58.50587, 0.0170923
115, 72.77279, 0.0137414
116, 71.75145, 0.013937
117, 71.47146, 0.0139916
118, 71.88659, 0.0139108
119, 64.45293, 0.0155152
120, 106.2045, 0.0094158
121, 71.90106, 0.013908
122, 72.19643, 0.0138511
123, 70.82304, 0.0141197
124, 72.50317, 0.0137925
125, 70.78593, 0.0141271
126, 72.6665, 0.0137615
127, 72.15163, 0.0138597
128, 72.01965, 0.0138851
129, 71.03786, 0.014077
130, 72.1558, 0.0138589
131, 71.79163, 0.0139292
132, 71.45818, 0.0139942
133, 72.06324, 0.0138767
134, 71.93986, 0.0139005
135, 70.42005, 0.0142005
136, 73.25041, 0.0136518
137, 71.5497, 0.0139763
138, 71.7391, 0.0139394
139, 72.41077, 0.0138101
140, 71.1273, 0.0140593
141, 71.62656, 0.0139613
142, 71.06563, 0.0140715
143, 73.20912, 0.0136595
144, 71.68304, 0.0139503
145, 70.95822, 0.0140928
146, 72.00357, 0.0138882
147, 72.24702, 0.0138414
148, 72.39662, 0.0138128
149, 71.3455, 0.0140163
150, 71.89072, 0.01391
151, 71.64094, 0.0139585
152, 71.69589, 0.0139478
153, 71.75352, 0.0139366
154, 71.74013, 0.0139392
155, 71.55891, 0.0139745
156, 72.25694, 0.0138395
157, 71.16678, 0.0140515
158, 73.01455, 0.0136959
159, 71.0202, 0.0140805
160, 72.40343, 0.0138115
161, 71.36179, 0.0140131
162, 71.93106, 0.0139022
163, 71.29668, 0.0140259
164, 71.55276, 0.0139757
165, 72.44382, 0.0138038
166, 71.74476, 0.0139383
167, 71.90054, 0.0139081
168, 71.60195, 0.0139661
169, 71.84734, 0.0139184
170, 72.03158, 0.0138828
171, 72.2486, 0.0138411
172, 71.87006, 0.013914
173, 71.28498, 0.0140282
174, 71.94607, 0.0138993
175, 70.50844, 0.0141827
176, 72.56789, 0.0137802
177, 72.58158, 0.0137776
178, 71.91917, 0.0139045
179, 71.70515, 0.013946
180, 71.66096, 0.0139546
181, 70.76189, 0.0141319
182, 72.68921, 0.0137572
183, 72.38194, 0.0138156
184, 71.71697, 0.0139437
185, 71.59631, 0.0139672
186, 71.57684, 0.013971
187, 70.88277, 0.0141078
188, 72.92031, 0.0137136
189, 71.9021, 0.0139078
190, 71.38676, 0.0140082
191, 71.98284, 0.0138922
192, 72.10221, 0.0138692
193, 70.17249, 0.0142506
194, 73.61981, 0.0135833
195, 71.53178, 0.0139798
196, 71.68253, 0.0139504
197, 70.88729, 0.0141069
198, 73.05402, 0.0136885
199, 70.5144, 0.0141815
200, 73.124, 0.0136754
201, 71.46124, 0.0139936
202, 72.51894, 0.0137895
203, 71.27279, 0.0140306
204, 71.48985, 0.013988
205, 71.63375, 0.0139599
206, 71.92641, 0.0139031
207, 72.36676, 0.0138185
208, 70.78393, 0.0141275
209, 72.70718, 0.0137538
210, 71.48474, 0.013989
211, 71.57018, 0.0139723
212, 72.42493, 0.0138074
213, 71.74064, 0.0139391
214, 71.7, 0.013947
215, 71.64709, 0.0139573
216, 72.00461, 0.013888
217, 70.98794, 0.0140869
218, 72.42336, 0.0138077
219, 71.48372, 0.0139892
220, 72.29089, 0.013833
221, 71.46686, 0.0139925
222, 71.89848, 0.0139085
223, 71.32464, 0.0140204
224, 71.88814, 0.0139105
225, 72.34843, 0.013822
226, 71.95487, 0.0138976
227, 71.79988, 0.0139276
228, 70.91394, 0.0141016
229, 72.66175, 0.0137624
230, 55.02245, 0.0181744
231, 86.9724, 0.0114979
232, 73.74686, 0.0135599
233, 72.67442, 0.01376
234, 72.66333, 0.0137621
235, 72.97672, 0.013703
236, 72.6665, 0.0137615
237, 72.77967, 0.0137401
238, 71.09847, 0.014065
239, 73.62253, 0.0135828
240, 72.82632, 0.0137313
241, 71.51848, 0.0139824
242, 71.5057, 0.0139849
243, 73.4932, 0.0136067
244, 71.91399, 0.0139055
245, 71.61631, 0.0139633
246, 72.10169, 0.0138693
247, 71.5999, 0.0139665
248, 71.29261, 0.0140267
249, 73.00762, 0.0136972
250, 70.90539, 0.0141033
251, 72.40658, 0.0138109
252, 72.41129, 0.01381
253, 70.83558, 0.0141172
254, 72.06532, 0.0138763
255, 72.28515, 0.0138341
256, 70.85766, 0.0141128
257, 72.61954, 0.0137704
258, 71.08938, 0.0140668
259, 72.88948, 0.0137194
260, 71.81741, 0.0139242
261, 71.05805, 0.014073
262, 71.94245, 0.0139
263, 71.78442, 0.0139306
264, 71.99839, 0.0138892
265, 71.88504, 0.0139111
266, 71.81586, 0.0139245
267, 71.75248, 0.0139368
268, 71.18147, 0.0140486
269, 72.10741, 0.0138682
270, 71.57787, 0.0139708
271, 71.38065, 0.0140094
272, 71.82618, 0.0139225
273, 72.23294, 0.0138441
274, 71.77978, 0.0139315
275, 71.81586, 0.0139245
276, 71.92692, 0.013903
277, 71.52053, 0.013982
278, 72.93201, 0.0137114
279, 71.05199, 0.0140742
280, 71.83186, 0.0139214
281, 71.46124, 0.0139936
282, 71.88918, 0.0139103
283, 72.34738, 0.0138222
284, 71.33685, 0.014018
285, 72.08662, 0.0138722
286, 71.20123, 0.0140447
287, 73.06203, 0.013687
288, 71.84837, 0.0139182
289, 71.92175, 0.013904
290, 71.16526, 0.0140518
291, 72.0155, 0.0138859
292, 71.96004, 0.0138966
293, 71.32108, 0.0140211
294, 71.76278, 0.0139348
295, 72.3788, 0.0138162
296, 70.72586, 0.0141391
297, 71.99943, 0.013889
298, 72.29456, 0.0138323
299, 71.71029, 0.013945
300, 71.86231, 0.0139155
301, 71.8649, 0.013915
302, 71.3567, 0.0140141
303, 71.82257, 0.0139232
304, 72.60424, 0.0137733
305, 71.22913, 0.0140392
306, 72.30449, 0.0138304
307, 71.85973, 0.013916
308, 69.95649, 0.0142946
309, 72.63377, 0.0137677
310, 72.79451, 0.0137373
311, 71.66199, 0.0139544
312, 71.68304, 0.0139503
313, 71.42603, 0.0140005
314, 71.91658, 0.013905
315, 71.95176, 0.0138982
316, 71.60964, 0.0139646
317, 72.06895, 0.0138756
318, 72.28306, 0.0138345
319, 70.68736, 0.0141468
320, 71.93262, 0.0139019
321, 72.44644, 0.0138033
322, 71.89021, 0.0139101
323, 71.14906, 0.014055
324, 72.29978, 0.0138313
325, 71.77205, 0.013933
326, 71.86903, 0.0139142
327, 72.18445, 0.0138534
328, 71.32108, 0.0140211
329, 72.09181, 0.0138712
330, 70.79195, 0.0141259
331, 72.98471, 0.0137015
332, 70.45478, 0.0141935
333, 72.19747, 0.0138509
334, 73.11438, 0.0136772
335, 71.42908, 0.0139999
336, 71.52001, 0.0139821
337, 71.90779, 0.0139067
338, 71.87781, 0.0139125
339, 71.76021, 0.0139353
340, 71.83237, 0.0139213
341, 70.81751, 0.0141208
342, 72.13654, 0.0138626
343, 72.75002, 0.0137457
344, 70.85114, 0.0141141
345, 72.86028, 0.0137249
346, 71.96419, 0.0138958
347, 71.33024, 0.0140193
348, 72.20164, 0.0138501
349, 71.31243, 0.0140228
350, 70.75388, 0.0141335
351, 72.93786, 0.0137103
352, 71.90675, 0.0139069
353, 71.91761, 0.0139048
354, 72.12666, 0.0138645
355, 71.31396, 0.0140225
356, 71.16374, 0.0140521
357, 72.97725, 0.0137029
358, 71.89641, 0.0139089
359, 71.52922, 0.0139803
360, 71.27075, 0.014031
361, 70.45528, 0.0141934
362, 73.87925, 0.0135356
363, 71.33329, 0.0140187
364, 72.24598, 0.0138416
365, 71.60554, 0.0139654
366, 72.42493, 0.0138074
367, 71.41327, 0.014003
368, 71.38982, 0.0140076
369, 72.05338, 0.0138786
370, 71.91502, 0.0139053
371, 35.31422, 0.0283172
372, 74.40587, 0.0134398
373, 69.32169, 0.0144255
374, 63.37979, 0.0157779
375, 42.9308, 0.0232933
376, 62.19099, 0.0160795
377, 72.43909, 0.0138047
378, 70.69586, 0.0141451
379, 73.09193, 0.0136814
380, 70.69736, 0.0141448
381, 72.72992, 0.0137495
382, 71.45103, 0.0139956
383, 71.63273, 0.0139601
384, 71.47605, 0.0139907
385, 72.32384, 0.0138267
386, 72.08298, 0.0138729
387, 71.19262, 0.0140464
388, 71.6358, 0.0139595
389, 72.46902, 0.013799
390, 68.55231, 0.0145874
391, 75.62981, 0.0132223
392, 71.5999, 0.0139665
393, 71.63426, 0.0139598
394, 71.55174, 0.0139759
395, 71.07068, 0.0140705
396, 72.76855, 0.0137422
397, 71.95435, 0.0138977
398, 71.06159, 0.0140723
399, 71.96989, 0.0138947
400, 71.27533, 0.0140301
401, 72.9352, 0.0137108
402, 70.94815, 0.0140948
403, 72.58474, 0.013777
404, 71.23573, 0.0140379
405, 72.27888, 0.0138353
406, 71.62656, 0.0139613
407, 71.86283, 0.0139154
408, 72.07986, 0.0138735
409, 71.41939, 0.0140018
410, 72.01498, 0.013886
411, 71.80658, 0.0139263
412, 71.78854, 0.0139298
413, 71.57581, 0.0139712
414, 71.03635, 0.0140773
415, 72.61532, 0.0137712
416, 71.9875, 0.0138913
417, 71.67534, 0.0139518
418, 72.17872, 0.0138545
419, 71.53741, 0.0139787
420, 71.62554, 0.0139615
421, 71.33176, 0.014019
422, 73.15128, 0.0136703
423, 71.48014, 0.0139899
424, 71.64452, 0.0139578
425, 72.26217, 0.0138385
426, 69.83533, 0.0143194
427, 72.64644, 0.0137653
428, 72.5721, 0.0137794
429, 71.89693, 0.0139088
430, 71.77308, 0.0139328
431, 71.44235, 0.0139973
432, 71.76072, 0.0139352
433, 71.60554, 0.0139654
434, 72.55525, 0.0137826
435, 72.17715, 0.0138548
436, 71.30836, 0.0140236
437, 72.04507, 0.0138802
438, 69.28374, 0.0144334
439, 74.13063, 0.0134897
440, 72.53368, 0.0137867
441, 71.47401, 0.0139911
442, 72.14799, 0.0138604
443, 71.42448, 0.0140008
444, 71.99372, 0.0138901
445, 71.19718, 0.0140455
446, 72.32803, 0.0138259
447, 71.83134, 0.0139215
448, 71.13185, 0.0140584
449, 72.03262, 0.0138826
450, 71.50826, 0.0139844
451, 71.3343, 0.0140185
452, 71.39797, 0.014006
453, 73.77624, 0.0135545
454, 71.97351, 0.013894
455, 71.66404, 0.013954
456, 71.53075, 0.01398
457, 71.78596, 0.0139303
458, 64.41307, 0.0155248
459, 81.65465, 0.0122467
460, 69.42805, 0.0144034
461, 64.48243, 0.0155081
462, 71.87419, 0.0139132
463, 82.8027, 0.0120769
464, 73.04549, 0.0136901
465, 71.77978, 0.0139315
466, 71.61579, 0.0139634
467, 71.92382, 0.0139036
468, 71.53895, 0.0139784
469, 70.76239, 0.0141318
470, 73.17912, 0.0136651
471, 71.18096, 0.0140487
472, 71.73807, 0.0139396
473, 72.14799, 0.0138604
474, 71.60503, 0.0139655
475, 70.42204, 0.0142001
476, 73.69794, 0.0135689
477, 72.29351, 0.0138325
478, 71.66301, 0.0139542
479, 71.22406, 0.0140402
480, 72.01498, 0.013886
481, 71.4449, 0.0139968
482, 71.94555, 0.0138994
483, 71.25603, 0.0140339
484, 73.01722, 0.0136954
485, 71.89227, 0.0139097
486, 71.35925, 0.0140136
487, 71.09493, 0.0140657
488, 72.84011, 0.0137287
489, 72.08454, 0.0138726
490, 71.01869, 0.0140808
491, 72.59792, 0.0137745
492, 71.42296, 0.0140011
493, 70.59903, 0.0141645
494, 73.60464, 0.0135861
495, 71.94865, 0.0138988
496, 71.91968, 0.0139044
497, 71.87006, 0.013914
498, 70.79044, 0.0141262
499, 71.46175, 0.0139935
500, 72.74896, 0.0137459
501, 72.16309, 0.0138575
502, 71.44745, 0.0139963
503, 71.3944, 0.0140067
504, 71.34143, 0.0140171
505, 71.0308, 0.0140784
506, 74.30193, 0.0134586
507, 72.12041, 0.0138657
508, 71.40052, 0.0140055
509, 71.80194, 0.0139272
510, 70.612, 0.0141619
511, 72.09286, 0.013871
512, 72.63747, 0.013767
513, 71.1015, 0.0140644
514, 72.78285, 0.0137395
515, 71.4398, 0.0139978
516, 72.12666, 0.0138645
517, 72.2225, 0.0138461
518, 72.05493, 0.0138783
519, 71.65069, 0.0139566
520, 71.66712, 0.0139534
521, 70.96376, 0.0140917
522, 71.12122, 0.0140605
523, 72.63588, 0.0137673
524, 72.383, 0.0138154
525, 72.33273, 0.013825
526, 70.99751, 0.014085
527, 72.49897, 0.0137933
528, 71.34398, 0.0140166
529, 72.07831, 0.0138738
530, 71.28194, 0.0140288
531, 72.20686, 0.0138491
532, 71.67226, 0.0139524
533, 71.87316, 0.0139134
534, 71.77463, 0.0139325
535, 71.70258, 0.0139465
536, 72.18497, 0.0138533
537, 71.45, 0.0139958
538, 71.54611, 0.013977
539, 72.437, 0.0138051
540, 71.18046, 0.0140488
541, 72.02795, 0.0138835
542, 71.87006, 0.013914
543, 71.9233, 0.0139037
544, 71.64196, 0.0139583
545, 71.8205, 0.0139236
546, 71.66199, 0.0139544
547, 71.59426, 0.0139676
548, 71.98698, 0.0138914
549, 71.99528, 0.0138898
550, 71.53946, 0.0139783
551, 72.7019, 0.0137548
552, 71.75866, 0.0139356
553, 71.61682, 0.0139632
554, 71.5835, 0.0139697
555, 72.41549, 0.0138092
556, 71.37656, 0.0140102
557, 71.21594, 0.0140418
558, 71.91864, 0.0139046
559, 71.61836, 0.0139629
560, 72.27888, 0.0138353
561, 71.43419, 0.0139989
562, 72.25642, 0.0138396
563, 71.82515, 0.0139227
564, 72.12874, 0.0138641
565, 71.87264, 0.0139135
566, 71.41837, 0.014002
567, 72.41235, 0.0138098
568, 71.28041, 0.0140291
569, 71.88866, 0.0139104
570, 71.51643, 0.0139828
571, 71.93934, 0.0139006
572, 71.97196, 0.0138943
573, 71.75197, 0.0139369
574, 72.37356, 0.0138172
575, 71.31294, 0.0140227
576, 72.02535, 0.013884
577, 72.0513, 0.013879
578, 71.28397, 0.0140284
579, 72.5742, 0.013779
580, 71.27888, 0.0140294
581, 71.57787, 0.0139708
582, 72.05909, 0.0138775
583, 72.15163, 0.0138597
584, 71.09443, 0.0140658
585, 72.79239, 0.0137377
586, 71.32616, 0.0140201
587, 72.08714, 0.0138721
588, 71.80761, 0.0139261
589, 71.70206, 0.0139466
590, 71.03786, 0.014077
591, 71.74374, 0.0139385
592, 71.95901, 0.0138968
593, 72.03106, 0.0138829
594, 72.30135, 0.013831
595, 72.25486, 0.0138399
596, 71.29007, 0.0140272
597, 71.85612, 0.0139167
598, 70.31705, 0.0142213
599, 74.45406, 0.0134311
600, 71.17691, 0.0140495
601, 71.80813, 0.013926
602, 70.44287, 0.0141959
603, 72.46114, 0.0138005
604, 73.03909, 0.0136913
605, 71.85818, 0.0139163
606, 71.43061, 0.0139996
607, 72.1433, 0.0138613
608, 70.13262, 0.0142587
609, 73.5332, 0.0135993
610, 71.80349, 0.0139269
611, 71.76896, 0.0139336
612, 71.39186, 0.0140072
613, 72.17299, 0.0138556
614, 69.94719, 0.0142965
615, 74.00336, 0.0135129
616, 71.14349, 0.0140561
617, 72.52841, 0.0137877
618, 71.35009, 0.0140154
619, 71.62759, 0.0139611
620, 71.55533, 0.0139752
621, 72.54999, 0.0137836
622, 71.98232, 0.0138923
623, 71.72263, 0.0139426
624, 70.88026, 0.0141083
625, 72.07883, 0.0138737
626, 71.68356, 0.0139502
627, 72.98205, 0.013702
628, 70.86871, 0.0141106
629, 71.99113, 0.0138906
630, 72.12978, 0.0138639
631, 71.95332, 0.0138979
632, 71.29311, 0.0140266
633, 71.99476, 0.0138899
634, 72.12302, 0.0138652
635, 70.88881, 0.0141066
636, 72.50527, 0.0137921
637, 71.43725, 0.0139983
638, 71.77978, 0.0139315
639, 72.64908, 0.0137648
640, 72.01653, 0.0138857
641, 71.79318, 0.0139289
642, 71.85043, 0.0139178
643, 71.54099, 0.013978
644, 71.70618, 0.0139458
645, 71.56966, 0.0139724
646, 72.85178, 0.0137265
647, 71.07018, 0.0140706
648, 72.03106, 0.0138829
649, 71.49547, 0.0139869
650, 72.02431, 0.0138842
651, 71.85405, 0.0139171
652, 72.13446, 0.013863
653, 71.28905, 0.0140274
654, 71.59734, 0.013967
655, 72.44907, 0.0138028
656, 70.2795, 0.0142289
657, 73.61548, 0.0135841
658, 71.81174, 0.0139253
659, 71.9989, 0.0138891
660, 71.10909, 0.0140629
661, 72.81094, 0.0137342
662, 71.22913, 0.0140392
663, 71.03433, 0.0140777
664, 72.2152, 0.0138475
665, 72.04404, 0.0138804
666, 71.39084, 0.0140074
667, 72.16673, 0.0138568
668, 72.25433, 0.01384
669, 71.67175, 0.0139525
670, 72.57158, 0.0137795
671, 71.0626, 0.0140721
672, 72.32803, 0.0138259
673, 71.8004, 0.0139275
674, 71.27025, 0.0140311
675, 72.08922, 0.0138717
676, 71.80658, 0.0139263
677, 71.85818, 0.0139163
678, 71.86954, 0.0139141
679, 72.05182, 0.0138789
680, 71.32057, 0.0140212
681, 71.87988, 0.0139121
682, 71.81947, 0.0139238
683, 72.41287, 0.0138097
684, 71.50314, 0.0139854
685, 71.79214, 0.0139291
686, 70.87222, 0.0141099
687, 73.00069, 0.0136985
688, 71.78287, 0.0139309
689, 71.45511, 0.0139948
690, 72.24233, 0.0138423
691, 71.24892, 0.0140353
692, 71.56813, 0.0139727
693, 72.78073, 0.0137399
694, 71.83753, 0.0139203
695, 71.54048, 0.0139781
696, 70.78193, 0.0141279
697, 72.67706, 0.0137595
698, 71.83495, 0.0139208
699, 71.91502, 0.0139053
700, 71.54509, 0.0139772
701, 72.07415, 0.0138746
702, 71.78082, 0.0139313
703, 72.42966, 0.0138065
704, 53.91708, 0.018547
705, 105.734, 0.0094577
706, 71.78905, 0.0139297
707, 72.09702, 0.0138702
708, 71.98491, 0.0138918
709, 71.57991, 0.0139704
710, 72.07207, 0.013875
711, 71.26872, 0.0140314
712, 72.08818, 0.0138719
713, 71.88918, 0.0139103
714, 71.59528, 0.0139674
715, 72.60371, 0.0137734
716, 70.54723, 0.0141749
717, 72.20216, 0.01385
718, 72.50475, 0.0137922
719, 71.98595, 0.0138916
720, 71.42041, 0.0140016
721, 72.25799, 0.0138393
722, 70.95067, 0.0140943
723, 72.52, 0.0137893
724, 71.26314, 0.0140325
725, 72.4874, 0.0137955
726, 71.66969, 0.0139529
727, 70.37447, 0.0142097
728, 73.58081, 0.0135905
729, 71.53946, 0.0139783
730, 72.32593, 0.0138263
731, 71.48372, 0.0139892
732, 71.99113, 0.0138906
733, 71.6851, 0.0139499
734, 71.60093, 0.0139663
735, 70.17839, 0.0142494
736, 73.76752, 0.0135561
737, 71.76278, 0.0139348
738, 71.27686, 0.0140298
739, 71.88349, 0.0139114
740, 72.2439, 0.013842
741, 70.12229, 0.0142608
742, 73.89126, 0.0135334
743, 71.01819, 0.0140809
744, 73.07645, 0.0136843
745, 71.56864, 0.0139726
746, 71.56096, 0.0139741
747, 71.02525, 0.0140795
748, 72.03469, 0.0138822
749, 72.6533, 0.013764
750, 72.10741, 0.0138682
751, 72.38456, 0.0138151
752, 71.2606, 0.014033
753, 71.01113, 0.0140823
754, 72.82526, 0.0137315
755, 71.49292, 0.0139874
756, 71.64248, 0.0139582
757, 71.33583, 0.0140182
758, 71.52257, 0.0139816
759, 72.69238, 0.0137566
760, 72.27052, 0.0138369
761, 72.21625, 0.0138473
762, 70.66238, 0.0141518
763, 72.4622, 0.0138003
764, 71.78751, 0.01393
765, 71.20174, 0.0140446
766, 71.95487, 0.0138976
767, 72.16153, 0.0138578
768, 71.14754, 0.0140553
769, 72.69238, 0.0137566
770, 71.34449, 0.0140165
771, 71.45, 0.0139958
772, 72.36571, 0.0138187
773, 71.90726, 0.0139068
774, 71.81895, 0.0139239
775, 71.33838, 0.0140177
776, 72.45012, 0.0138026
777, 70.81, 0.0141223
778, 72.86081, 0.0137248
779, 70.35218, 0.0142142
780, 63.00959, 0.0158706
781, 73.10743, 0.0136785
782, 83.99902, 0.0119049
783, 70.61349, 0.0141616
784, 73.45164, 0.0136144
785, 71.98232, 0.0138923
786, 71.49393, 0.0139872
787, 71.95901, 0.0138968
788, 71.73241, 0.0139407
789, 70.63644, 0.014157
790, 72.30711, 0.0138299
791, 72.9943, 0.0136997
792, 71.0621, 0.0140722
793, 72.00876, 0.0138872
794, 71.97041, 0.0138946
795, 70.96577, 0.0140913
796, 72.76696, 0.0137425
797, 71.99839, 0.0138892
798, 71.40511, 0.0140046
799, 71.99217, 0.0138904
800, 71.46532, 0.0139928
801, 71.92537, 0.0139033
802, 72.22302, 0.013846
803, 71.77257, 0.0139329
804, 71.57684, 0.013971
805, 71.97662, 0.0138934
806, 71.78339, 0.0139308
807, 71.1187, 0.014061
808, 72.59686, 0.0137747
809, 71.2271, 0.0140396
810, 71.93779, 0.0139009
811, 72.2439, 0.013842
812, 71.82566, 0.0139226
813, 71.28194, 0.0140288
814, 72.07935, 0.0138736
815, 72.44329, 0.0138039
816, 71.91089, 0.0139061
817, 71.69178, 0.0139486
818, 71.35874, 0.0140137
819, 72.19695, 0.013851
820, 71.13135, 0.0140585
821, 72.25956, 0.013839
822, 72.34215, 0.0138232
823, 70.9245, 0.0140995
824, 72.31285, 0.0138288
825, 72.34738, 0.0138222
826, 71.53178, 0.0139798
827, 72.07103, 0.0138752
828, 71.61272, 0.013964
829, 71.16171, 0.0140525
830, 71.76175, 0.013935
831, 72.67125, 0.0137606
832, 71.62349, 0.0139619
833, 71.92123, 0.0139041
834, 71.47095, 0.0139917
835, 71.91399, 0.0139055
836, 71.72623, 0.0139419
837, 72.05493, 0.0138783
838, 71.2794, 0.0140293
839, 72.56315, 0.0137811
840, 71.7942, 0.0139287
841, 71.86076, 0.0139158
842, 71.89899, 0.0139084
843, 70.39279, 0.014206
844, 73.04015, 0.0136911
845, 71.68819, 0.0139493
846, 72.2298, 0.0138447
847, 70.57711, 0.0141689
848, 64.95531, 0.0153952
849, 82.13485, 0.0121751
850, 71.00458, 0.0140836
851, 72.51158, 0.0137909
852, 72.07103, 0.0138752
853, 71.30582, 0.0140241
854, 71.87006, 0.013914
855, 71.85302, 0.0139173
856, 70.07169, 0.0142711
857, 63.95948, 0.0156349
858, 73.49969, 0.0136055
859, 81.68533, 0.0122421
860, 70.87473, 0.0141094
861, 73.36649, 0.0136302
862, 72.01809, 0.0138854
863, 71.54202, 0.0139778
864, 71.08482, 0.0140677
865, 72.61795, 0.0137707
866, 72.00979, 0.013887
867, 71.51081, 0.0139839
868, 71.06917, 0.0140708
869, 72.04974, 0.0138793
870, 72.21051, 0.0138484
871, 72.22146, 0.0138463
872, 71.43827, 0.0139981
873, 72.11937, 0.0138659
874, 70.92048, 0.0141003
875, 72.78497, 0.0137391
876, 71.56249, 0.0139738
877, 71.91141, 0.013906
878, 71.08685, 0.0140673
879, 72.72833, 0.0137498
880, 23.9373, 0.0417758
881, 71.63324, 0.01396
882, 71.90417, 0.0139074
883, 72.05598, 0.0138781
884, 71.38778, 0.014008
885, 71.52564, 0.013981
886, 72.45012, 0.0138026
887, 71.43623, 0.0139985
888, 72.12769, 0.0138643
889, 71.96574, 0.0138955
890, 71.59785, 0.0139669
891, 71.75197, 0.0139369
892, 71.78802, 0.0139299
893, 72.61795, 0.0137707
894, 71.12679, 0.0140594
895, 72.16673, 0.0138568
896, 70.96225, 0.014092
897, 72.89799, 0.0137178
898, 71.18958, 0.014047
899, 72.2794, 0.0138352
900, 71.79575, 0.0139284
901, 71.86334, 0.0139153
902, 71.28143, 0.0140289
903, 72.3589, 0.01382
904, 71.47196, 0.0139915
905, 71.91451, 0.0139054
906, 71.98906, 0.013891
907, 71.77051, 0.0139333
908, 70.38635, 0.0142073
909, 73.71967, 0.0135649
910, 71.31548, 0.0140222
911, 72.08454, 0.0138726
912, 72.14227, 0.0138615
913, 71.41174, 0.0140033
914, 70.79245, 0.0141258
915, 73.04282, 0.0136906
916, 71.81792, 0.0139241
917, 72.02328, 0.0138844
918, 70.97836, 0.0140888
919, 71.63221, 0.0139602
920, 71.37911, 0.0140097
921, 73.35735, 0.0136319
922, 71.50928, 0.0139842
923, 72.14278, 0.0138614
924, 71.32057, 0.0140212
925, 72.00565, 0.0138878
926, 71.81586, 0.0139245
927, 71.86024, 0.0139159
928, 71.79008, 0.0139295
929, 71.31345, 0.0140226
930, 72.13081, 0.0138637
931, 71.66199, 0.0139544
932, 70.75739, 0.0141328
933, 73.76481, 0.0135566
934, 71.77154, 0.0139331
935, 71.55072, 0.0139761
936, 71.44898, 0.013996
937, 72.36518, 0.0138188
938, 69.9467, 0.0142966
939, 74.12349, 0.013491
940, 71.42603, 0.0140005
941, 71.45358, 0.0139951
942, 72.02691, 0.0138837
943, 72.10793, 0.0138681
944, 70.4394, 0.0141966
945, 73.0946, 0.0136809
946, 71.73241, 0.0139407
947, 71.83392, 0.013921
948, 71.81999, 0.0139237
949, 71.75969, 0.0139354
950, 71.48985, 0.013988
951, 72.49581, 0.0137939
952, 71.67791, 0.0139513
953, 71.57838, 0.0139707
954, 71.97092, 0.0138945
955, 71.61528, 0.0139635
956, 71.36078, 0.0140133
957, 71.90468, 0.0139073
958, 72.27, 0.013837
959, 72.0648, 0.0138764
960, 71.65685, 0.0139554
961, 71.7319, 0.0139408
962, 71.53793, 0.0139786
963, 71.56966, 0.0139724
964, 70.62496, 0.0141593
965, 63.23031, 0.0158152
966, 71.89693, 0.0139088
967, 85.87376, 0.011645
968, 70.48905, 0.0141866
969, 72.14799, 0.0138604
970, 72.39452, 0.0138132
971, 71.96574, 0.0138955
972, 71.77824, 0.0139318
973, 71.75557, 0.0139362
974, 71.60913, 0.0139647
975, 71.66558, 0.0139537
976, 71.47912, 0.0139901
977, 73.27296, 0.0136476
978, 71.23015, 0.014039
979, 71.37199, 0.0140111
980, 72.71352, 0.0137526
981, 71.69949, 0.0139471
982, 72.01706, 0.0138856
983, 71.75763, 0.0139358
984, 71.92899, 0.0139026
985, 71.66352, 0.0139541
986, 71.61169, 0.0139642
987, 72.27314, 0.0138364
988, 71.46532, 0.0139928
989, 71.74579, 0.0139381
990, 72.24076, 0.0138426
991, 71.56147, 0.013974
992, 71.51234, 0.0139836
993, 71.97817, 0.0138931
994, 72.15945, 0.0138582
995, 71.66045, 0.0139547
996, 71.4199, 0.0140017
997, 71.80297, 0.013927
998, 72.13862, 0.0138622
999, 72.05805, 0.0138777
1000, 71.60708, 0.0139651
1001, 71.23877, 0.0140373
1002, 72.35523, 0.0138207
1003, 71.76639, 0.0139341
1004, 72.01809, 0.0138854
1005, 72.03054, 0.013883
1006, 71.92537, 0.0139033
1007, 71.74991, 0.0139373
1008, 71.17843, 0.0140492
1009, 72.41287, 0.0138097
1010, 71.26162, 0.0140328
1011, 72.06168, 0.013877
1012, 71.69538, 0.0139479
1013, 72.01083, 0.0138868
1014, 71.93054, 0.0139023
1015, 71.52769, 0.0139806
1016, 71.54816, 0.0139766
1017, 72.58316, 0.0137773
1018, 71.76175, 0.013935
1019, 71.38829, 0.0140079
1020, 71.7355, 0.0139401
1021, 72.01653, 0.0138857
1022, 72.2486, 0.0138411
1023, 71.11516, 0.0140617
1024, 71.9295, 0.0139025
1025, 72.38142, 0.0138157
1026, 71.99528, 0.0138898
1027, 71.15209, 0.0140544
1028, 72.1881, 0.0138527
1029, 71.84837, 0.0139182
1030, 71.32464, 0.0140204
1031, 59.06395, 0.0169308
1032, 64.47204, 0.0155106
1033, 107.4876, 0.0093034
1034, 71.08735, 0.0140672
1035, 72.20529, 0.0138494
1036, 72.76908, 0.0137421
1037, 71.85353, 0.0139172
1038, 71.20276, 0.0140444
1039, 72.28097, 0.0138349
1040, 71.70927, 0.0139452
1041, 70.82504, 0.0141193
1042, 72.8624, 0.0137245
1043, 71.71697, 0.0139437
1044, 71.86334, 0.0139153
1045, 71.44695, 0.0139964
1046, 72.14018, 0.0138619
1047, 71.0414, 0.0140763
1048, 73.22574, 0.0136564
1049, 71.02626, 0.0140793
1050, 72.58369, 0.0137772
1051, 71.15766, 0.0140533
1052, 71.944, 0.0138997
1053, 71.43367, 0.013999
1054, 72.15893, 0.0138583
1055, 72.16882, 0.0138564
1056, 71.40103, 0.0140054
1057, 71.62349, 0.0139619
1058, 72.5321, 0.013787
1059, 70.63644, 0.014157
1060, 72.32541, 0.0138264
1061, 72.5779, 0.0137783
1062, 71.30481, 0.0140243
1063, 71.7067, 0.0139457
1064, 71.91451, 0.0139054
1065, 70.3413, 0.0142164
1066, 74.31629, 0.013456
1067, 71.56506, 0.0139733
1068, 71.30786, 0.0140237
1069, 71.75197, 0.0139369
1070, 71.97196, 0.0138943
1071, 70.22472, 0.01424
1072, 73.39503, 0.0136249
1073, 71.48116, 0.0139897
1074, 71.99113, 0.0138906
1075, 70.78644, 0.014127
1076, 72.88736, 0.0137198
1077, 71.15816, 0.0140532
1078, 72.75478, 0.0137448
1079, 71.47043, 0.0139918
1080, 71.54509, 0.0139772
1081, 72.71669, 0.013752
1082, 71.47758, 0.0139904
1083, 71.02475, 0.0140796
1084, 72.53789, 0.0137859
1085, 69.3924, 0.0144108
1086, 54.93932, 0.0182019
1087, 90.18678, 0.0110881
1088, 83.00684, 0.0120472
1089, 71.63221, 0.0139602
1090, 71.37096, 0.0140113
1091, 72.34738, 0.0138222
1092, 71.32616, 0.0140201
1093, 72.70506, 0.0137542
1094, 71.31905, 0.0140215
1095, 70.71986, 0.0141403
1096, 73.39665, 0.0136246
1097, 72.00565, 0.0138878
1098, 71.53332, 0.0139795
1099, 71.5876, 0.0139689
1100, 71.92899, 0.0139026
1101, 71.53434, 0.0139793
1102, 71.37096, 0.0140113
1103, 72.62534, 0.0137693
1104, 71.55994, 0.0139743
1105, 71.79885, 0.0139278
1106, 71.43367, 0.013999
1107, 70.84461, 0.0141154
1108, 72.93201, 0.0137114
1109, 72.0072, 0.0138875
1110, 72.07727, 0.013874
1111, 71.5149, 0.0139831
1112, 71.38829, 0.0140079
1113, 72.10378, 0.0138689
1114, 72.394, 0.0138133
1115, 71.36791, 0.0140119
1116, 71.65479, 0.0139558
1117, 71.18349, 0.0140482
1118, 72.79716, 0.0137368
1119, 71.08634, 0.0140674
1120, 72.94691, 0.0137086
1121, 71.17134, 0.0140506
1122, 72.0648, 0.0138764
1123, 71.91141, 0.013906
1124, 71.8959, 0.013909
1125, 71.55737, 0.0139748
1126, 71.7566, 0.013936
1127, 72.13914, 0.0138621
1128, 71.22152, 0.0140407
1129, 72.0835, 0.0138728
1130, 71.89745, 0.0139087
1131, 71.06815, 0.014071
1132, 72.63747, 0.013767
1133, 71.87936, 0.0139122
1134, 72.37775, 0.0138164
1135, 71.6738, 0.0139521
1136, 71.28651, 0.0140279
1137, 72.27261, 0.0138365
1138, 71.52666, 0.0139808
1139, 72.25172, 0.0138405
1140, 71.48321, 0.0139893
1141, 72.31442, 0.0138285
1142, 72.32122, 0.0138272
1143, 70.26716, 0.0142314
1144, 72.75055, 0.0137456
1145, 71.91864, 0.0139046
1146, 72.28097, 0.0138349
1147, 71.9761, 0.0138935
1148, 71.54304, 0.0139776
1149, 71.53127, 0.0139799
1150, 72.14227, 0.0138615
1151, 71.77669, 0.0139321
1152, 71.90106, 0.013908
1153, 71.80555, 0.0139265
1154, 71.89538, 0.0139091
1155, 69.98929, 0.0142879
1156, 73.76263, 0.013557
1157, 71.90054, 0.0139081
1158, 71.2474, 0.0140356
1159, 71.22203, 0.0140406
1160, 72.39243, 0.0138136
1161, 72.15684, 0.0138587
1162, 71.8525, 0.0139174
1163, 72.28306, 0.0138345
1164, 70.68237, 0.0141478
1165, 73.20322, 0.0136606
1166, 71.36689, 0.0140121
1167, 70.3804, 0.0142085
1168, 69.89879, 0.0143064
1169, 76.29743, 0.0131066
1170, 71.56403, 0.0139735
1171, 71.54202, 0.0139778
1172, 71.31905, 0.0140215
1173, 71.8959, 0.013909
1174, 72.38404, 0.0138152
1175, 71.29514, 0.0140262
1176, 71.5917, 0.0139681
1177, 72.03937, 0.0138813
1178, 71.90779, 0.0139067
1179, 70.67787, 0.0141487
1180, 72.49634, 0.0137938
1181, 72.42755, 0.0138069
1182, 71.79318, 0.0139289
1183, 71.50928, 0.0139842
1184, 71.83546, 0.0139207
1185, 72.16882, 0.0138564
1186, 71.79369, 0.0139288
1187, 70.79846, 0.0141246
1188, 73.38157, 0.0136274
1189, 71.37861, 0.0140098
1190, 72.10065, 0.0138695
1191, 70.70335, 0.0141436
1192, 71.05553, 0.0140735
1193, 73.05296, 0.0136887
1194, 72.83056, 0.0137305
1195, 71.36129, 0.0140132
1196, 71.28854, 0.0140275
1197, 72.40395, 0.0138114
1198, 69.58458, 0.014371
1199, 73.00282, 0.0136981
1200, 72.40134, 0.0138119
1201, 71.93572, 0.0139013
1202, 72.34006, 0.0138236
1203, 71.08735, 0.0140672
1204, 71.2058, 0.0140438
1205, 72.05078, 0.0138791
1206, 72.27261, 0.0138365
1207, 72.63061, 0.0137683
1208, 70.497, 0.014185
1209, 73.30841, 0.013641
1210, 69.72868, 0.0143413
1211, 73.83834, 0.0135431
1212, 71.8525, 0.0139174
1213, 72.49897, 0.0137933
1214, 71.23421, 0.0140382
1215, 71.53434, 0.0139793
1216, 71.30227, 0.0140248
1217, 72.74049, 0.0137475
1218, 72.00357, 0.0138882
1219, 71.23978, 0.0140371
1220, 71.76484, 0.0139344
1221, 72.28724, 0.0138337
1222, 70.79846, 0.0141246
1223, 72.72621, 0.0137502
1224, 72.11729, 0.0138663
1225, 70.88077, 0.0141082
1226, 72.55104, 0.0137834
1227, 70.96175, 0.0140921
1228, 71.9295, 0.0139025
1229, 72.90915, 0.0137157
1230, 71.71594, 0.0139439
1231, 71.52462, 0.0139812
1232, 71.868, 0.0139144
1233, 71.94762, 0.013899
1234, 70.53082, 0.0141782
1235, 72.88311, 0.0137206
1236, 72.20581, 0.0138493
1237, 71.41837, 0.014002
1238, 72.43227, 0.013806
1239, 69.65049, 0.0143574
1240, 71.90882, 0.0139065
1241, 73.49699, 0.013606
1242, 72.95969, 0.0137062
1243, 71.34856, 0.0140157
1244, 71.55737, 0.0139748
1245, 71.24841, 0.0140354
1246, 71.50314, 0.0139854
1247, 72.63272, 0.0137679
1248, 71.59324, 0.0139678
1249, 71.96056, 0.0138965
1250, 70.75689, 0.0141329
1251, 73.21931, 0.0136576
1252, 70.63045, 0.0141582
1253, 72.86505, 0.013724
1254, 72.09961, 0.0138697
1255, 71.50263, 0.0139855
1256, 71.9233, 0.0139037
1257, 71.84321, 0.0139192
1258, 71.48933, 0.0139881
1259, 71.1283, 0.0140591
1260, 72.71088, 0.0137531
1261, 71.51848, 0.0139824
1262, 72.66492, 0.0137618
1263, 71.14703, 0.0140554
1264, 69.89146, 0.0143079
1265, 35.52915, 0.0281459
1266, 77.47314, 0.0129077
1267, 71.21391, 0.0140422
1268, 71.71646, 0.0139438
1269, 70.33981, 0.0142167
1270, 72.60055, 0.013774
1271, 71.83753, 0.0139203
1272, 72.64697, 0.0137652
1273, 71.10757, 0.0140632
1274, 72.26269, 0.0138384
1275, 70.92299, 0.0140998
1276, 72.07986, 0.0138735
1277, 71.90468, 0.0139073
1278, 72.46009, 0.0138007
1279, 71.09998, 0.0140647
1280, 71.38421, 0.0140087
1281, 72.26373, 0.0138382
1282, 72.06376, 0.0138766
1283, 72.40186, 0.0138118
1284, 71.0424, 0.0140761
1285, 71.91244, 0.0139058
1286, 71.63067, 0.0139605
1287, 71.71029, 0.013945
1288, 72.56683, 0.0137804
1289, 70.67587, 0.0141491
1290, 72.95277, 0.0137075
1291, 71.76124, 0.0139351
1292, 72.03625, 0.0138819
1293, 71.30531, 0.0140242
1294, 72.04144, 0.0138809
1295, 71.8004, 0.0139275
1296, 71.88969, 0.0139102
1297, 71.20022, 0.0140449
1298, 72.46167, 0.0138004
1299, 71.57632, 0.0139711
1300, 71.90262, 0.0139077
1301, 71.77721, 0.013932
1302, 72.42913, 0.0138066
1303, 71.34602, 0.0140162
1304, 71.64864, 0.013957
1305, 72.13706, 0.0138625
1306, 71.73241, 0.0139407
1307, 71.81483, 0.0139247
1308, 72.20477, 0.0138495
1309, 71.2545, 0.0140342
1310, 70.35268, 0.0142141
1311, 73.47323, 0.0136104
1312, 72.51158, 0.0137909
1313, 71.47554, 0.0139908
1314, 71.50826, 0.0139844
1315, 71.83598, 0.0139206
1316, 71.96989, 0.0138947
1317, 72.20737, 0.013849
1318, 71.44949, 0.0139959
1319, 71.76381, 0.0139346
1320, 71.83237, 0.0139213
1321, 71.37861, 0.0140098
1322, 72.40448, 0.0138113
1323, 71.35059, 0.0140153
1324, 71.81689, 0.0139243
1325, 72.31704, 0.013828
1326, 71.42959, 0.0139998
1327, 71.94452, 0.0138996
1328, 72.23868, 0.013843
1329, 72.01394, 0.0138862
1330, 70.46025, 0.0141924
1331, 72.37514, 0.0138169
1332, 72.74049, 0.0137475
1333, 71.50058, 0.0139859
1334, 71.64966, 0.0139568
1335, 71.28448, 0.0140283
1336, 72.36361, 0.0138191
1337, 71.72726, 0.0139417
1338, 72.44487, 0.0138036
1339, 71.46481, 0.0139929
1340, 71.72881, 0.0139414
1341, 71.08533, 0.0140676
1342, 72.30867, 0.0138296
1343, 72.5858, 0.0137768
1344, 71.96056, 0.0138965
1345, 71.74219, 0.0139388
1346, 71.43571, 0.0139986
1347, 71.73653, 0.0139399
1348, 70.88328, 0.0141077
1349, 73.07324, 0.0136849
1350, 72.14487, 0.013861
1351, 71.06664, 0.0140713
1352, 71.83753, 0.0139203
1353, 71.77824, 0.0139318
1354, 71.5011, 0.0139858
1355, 72.70454, 0.0137543
1356, 71.98388, 0.013892
1357, 71.20428, 0.0140441
1358, 53.58971, 0.0186603
1359, 108.3271, 0.0092313
1360, 71.9352, 0.0139014
1361, 71.96004, 0.0138966
1362, 72.01394, 0.0138862
1363, 71.83495, 0.0139208
1364, 72.21259, 0.013848
1365, 71.20479, 0.014044
1366, 71.39848, 0.0140059
1367, 72.63641, 0.0137672
1368, 71.49649, 0.0139867
1369, 72.18653, 0.013853
1370, 71.33939, 0.0140175
1371, 71.95021, 0.0138985
1372, 70.92802, 0.0140988
1373, 72.93255, 0.0137113
1374, 72.03521, 0.0138821
1375, 71.63991, 0.0139587
1376, 71.41582, 0.0140025
1377, 72.43542, 0.0138054
1378, 70.62895, 0.0141585
1379, 72.8226, 0.013732
1380, 72.06792, 0.0138758
1381, 71.44592, 0.0139966
1382, 72.20947, 0.0138486
1383, 71.48781, 0.0139884
1384, 70.6534, 0.0141536
1385, 73.86015, 0.0135391
1386, 71.42806, 0.0140001
1387, 70.94362, 0.0140957
1388, 72.60793, 0.0137726
1389, 71.96056, 0.0138965
1390, 71.0631, 0.014072
1391, 72.45957, 0.0138008
1392, 71.61015, 0.0139645
1393, 72.24285, 0.0138422
1394, 71.85818, 0.0139163
1395, 69.67573, 0.0143522
1396, 73.53915, 0.0135982
1397, 72.30815, 0.0138297
1398, 72.18966, 0.0138524
1399, 71.30227, 0.0140248
1400, 71.92537, 0.0139033
1401, 71.91968, 0.0139044
1402, 71.12426, 0.0140599
1403, 71.44184, 0.0139974
1404, 72.43962, 0.0138046
1405, 71.89331, 0.0139095
1406, 71.60144, 0.0139662
1407, 72.3678, 0.0138183
1408, 71.16526, 0.0140518
1409, 72.01913, 0.0138852
1410, 72.29822, 0.0138316
1411, 71.88763, 0.0139106
1412, 71.6317, 0.0139603
1413, 70.60801, 0.0141627
1414, 72.43909, 0.0138047
1415, 72.39767, 0.0138126
1416, 72.68128, 0.0137587
1417, 71.66763, 0.0139533
1418, 71.62605, 0.0139614
1419, 71.56506, 0.0139733
1420, 71.10909, 0.0140629
1421, 71.98958, 0.0138909
1422, 72.46167, 0.0138004
1423, 71.38065, 0.0140094
1424, 71.38829, 0.0140079
1425, 72.46324, 0.0138001
1426, 70.42353, 0.0141998
1427, 72.99963, 0.0136987
1428, 71.81226, 0.0139252
1429, 71.29159, 0.0140269
1430, 72.46272, 0.0138002
1431, 71.62093, 0.0139624
1432, 70.96275, 0.0140919
1433, 72.27522, 0.013836
1434, 71.52001, 0.0139821
1435, 73.07378, 0.0136848
1436, 71.16678, 0.0140515
1437, 72.94159, 0.0137096
1438, 71.59682, 0.0139671
1439, 71.32616, 0.0140201
1440, 71.11263, 0.0140622
1441, 72.31233, 0.0138289
1442, 71.21239, 0.0140425
1443, 72.35629, 0.0138205
1444, 71.92123, 0.0139041
1445, 73.00602, 0.0136975
1446, 71.33634, 0.0140181
1447, 71.91399, 0.0139055
1448, 71.48985, 0.013988
1449, 72.17611, 0.013855
1450, 71.65685, 0.0139554
1451, 71.63734, 0.0139592
1452, 71.52564, 0.013981
1453, 72.36099, 0.0138196
1454, 72.03625, 0.0138819
1455, 71.57581, 0.0139712
1456, 71.63888, 0.0139589
1457, 72.44854, 0.0138029
1458, 70.88227, 0.0141079
1459, 71.95539, 0.0138975
1460, 71.79111, 0.0139293
1461, 72.47585, 0.0137977
1462, 71.71903, 0.0139433
1463, 71.55788, 0.0139747
1464, 71.53536, 0.0139791
1465, 72.3411, 0.0138234
1466, 71.60452, 0.0139656
1467, 71.52615, 0.0139809
1468, 72.10949, 0.0138678
1469, 71.62811, 0.013961
1470, 72.27052, 0.0138369
1471, 71.28549, 0.0140281
1472, 72.3207, 0.0138273
1473, 71.5876, 0.0139689
1474, 71.33736, 0.0140179
1475, 71.58144, 0.0139701
1476, 72.72675, 0.0137501
1477, 72.09129, 0.0138713
1478, 71.45562, 0.0139947
1479, 71.22304, 0.0140404
1480, 72.38876, 0.0138143
1481, 71.98232, 0.0138923
1482, 72.08402, 0.0138727
1483, 71.5876, 0.0139689
1484, 72.07156, 0.0138751
1485, 71.71081, 0.0139449
1486, 71.86541, 0.0139149
1487, 69.81534, 0.0143235
1488, 74.10756, 0.0134939
1489, 71.43469, 0.0139988
1490, 71.3221, 0.0140209
1491, 71.20377, 0.0140442
1492, 72.95969, 0.0137062
1493, 71.89951, 0.0139083
1494, 71.58555, 0.0139693
1495, 72.37618, 0.0138167
1496, 71.76536, 0.0139343
1497, 71.61015, 0.0139645
1498, 71.23167, 0.0140387
1499, 71.31345, 0.0140226
1500, 72.95702, 0.0137067
1501, 71.99476, 0.0138899
1502, 71.06815, 0.014071
1503, 72.1834, 0.0138536
1504, 71.11819, 0.0140611
1505, 72.17872, 0.0138545
1506, 72.72833, 0.0137498
1507, 71.73293, 0.0139406
1508, 72.01809, 0.0138854
1509, 71.61785, 0.013963
1510, 71.60759, 0.013965
1511, 70.78043, 0.0141282
1512, 72.01238, 0.0138865
1513, 72.7532, 0.0137451
1514, 71.63529, 0.0139596
1515, 71.95694, 0.0138972
1516, 72.07571, 0.0138743
1517, 70.9069, 0.014103
1518, 72.6702, 0.0137608
1519, 71.90468, 0.0139073
1520, 71.59221, 0.013968
1521, 71.9585, 0.0138969
1522, 72.17767, 0.0138547
1523, 70.45181, 0.0141941
1524, 72.42913, 0.0138066
1525, 72.90809, 0.0137159
1526, 71.40052, 0.0140055
1527, 71.57991, 0.0139704
1528, 71.81895, 0.0139239
1529, 71.29565, 0.0140261
1530, 72.63166, 0.0137681
1531, 71.72212, 0.0139427
1532, 71.80555, 0.0139265
1533, 71.63426, 0.0139598
1534, 71.90003, 0.0139082
1535, 69.93349, 0.0142993
1536, 74.90917, 0.0133495
1537, 71.29718, 0.0140258
1538, 71.24131, 0.0140368
1539, 71.66969, 0.0139529
1540, 72.12769, 0.0138643
1541, 70.72636, 0.014139
1542, 73.15289, 0.01367
1543, 71.5876, 0.0139689
1544, 71.80091, 0.0139274
1545, 71.24131, 0.0140368
1546, 72.48793, 0.0137954
1547, 71.27482, 0.0140302
1548, 72.66702, 0.0137614
1549, 71.91606, 0.0139051
1550, 71.5917, 0.0139681
1551, 71.89951, 0.0139083
1552, 71.68665, 0.0139496
1553, 70.86017, 0.0141123
1554, 72.58527, 0.0137769
1555, 70.55569, 0.0141732
1556, 73.47862, 0.0136094
1557, 71.6435, 0.013958
1558, 71.7144, 0.0139442
1559, 70.98341, 0.0140878
1560, 73.29229, 0.013644
1561, 72.07103, 0.0138752
1562, 71.14754, 0.0140553
1563, 71.55431, 0.0139754
1564, 72.42598, 0.0138072
1565, 70.57512, 0.0141693
1566, 73.4743, 0.0136102
1567, 71.2982, 0.0140256
1568, 71.56659, 0.013973
1569, 72.39871, 0.0138124
1570, 71.56403, 0.0139735
1571, 71.5753, 0.0139713
1572, 72.72146, 0.0137511
1573, 71.54253, 0.0139777
1574, 70.68836, 0.0141466
1575, 73.13363, 0.0136736
1576, 71.90313, 0.0139076
1577, 71.44235, 0.0139973
1578, 71.46379, 0.0139931
1579, 72.28986, 0.0138332
1580, 71.94193, 0.0139001
1581, 72.32436, 0.0138266
1582, 70.79596, 0.0141251
1583, 72.21364, 0.0138478
1584, 72.09389, 0.0138708
1585, 70.67437, 0.0141494
1586, 72.58527, 0.0137769
1587, 72.2319, 0.0138443
1588, 71.81586, 0.0139245
1589, 71.11414, 0.0140619
1590, 71.87471, 0.0139131
1591, 72.17819, 0.0138546
1592, 72.22929, 0.0138448
1593, 71.75145, 0.013937
1594, 71.73087, 0.013941
1595, 71.36893, 0.0140117
1596, 72.23294, 0.0138441
1597, 71.34093, 0.0140172
1598, 72.25903, 0.0138391
1599, 71.75042, 0.0139372
1600, 71.31498, 0.0140223
1601, 71.60093, 0.0139663
1602, 72.83587, 0.0137295
1603, 70.78143, 0.014128
1604, 72.13654, 0.0138626
1605, 72.22407, 0.0138458
1606, 72.40029, 0.0138121
1607, 71.61528, 0.0139635
1608, 71.38574, 0.0140084
1609, 71.92641, 0.0139031
1610, 71.50007, 0.013986
1611, 72.59476, 0.0137751
1612, 71.38676, 0.0140082
1613, 72.11677, 0.0138664
1614, 72.01134, 0.0138867
1615, 70.77642, 0.014129
1616, 73.48564, 0.0136081
1617, 70.9688, 0.0140907
1618, 71.69641, 0.0139477
1619, 72.08558, 0.0138724
1620, 71.62503, 0.0139616
1621, 72.04819, 0.0138796
1622, 71.78493, 0.0139305
1623, 71.28143, 0.0140289
1624, 72.25538, 0.0138398
1625, 71.5016, 0.0139857
1626, 72.55157, 0.0137833
1627, 71.84528, 0.0139188
1628, 69.74717, 0.0143375
1629, 73.00016, 0.0136986
1630, 59.78608, 0.0167263
1631, 84.96177, 0.01177
1632, 71.95953, 0.0138967
1633, 63.98812, 0.0156279
1634, 83.04544, 0.0120416
1635, 71.37963, 0.0140096
1636, 72.69344, 0.0137564
1637, 58.71887, 0.0170303
1638, 64.05616, 0.0156113
1639, 106.8353, 0.0093602
1640, 70.77842, 0.0141286
1641, 71.94452, 0.0138996
1642, 71.144, 0.014056
1643, 63.40068, 0.0157727
1644, 80.82245, 0.0123728
1645, 74.51009, 0.013421
1646, 73.62306, 0.0135827
1647, 62.11875, 0.0160982
1648, 84.79894, 0.0117926
1649, 72.16726, 0.0138567
1650, 67.50326, 0.0148141
1651, 73.9727, 0.0135185
1652, 73.56836, 0.0135928
1653, 71.20123, 0.0140447
1654, 72.6227, 0.0137698
1655, 61.91644, 0.0161508
1656, 83.85182, 0.0119258
1657, 73.27081, 0.013648
1658, 72.16726, 0.0138567
1659, 71.91037, 0.0139062
1660, 60.3442, 0.0165716
1661, 71.89641, 0.0139089
1662, 85.58493, 0.0116843
1663, 70.95168, 0.0140941
1664, 73.04602, 0.01369
1665, 73.10957, 0.0136781
1666, 70.72786, 0.0141387
1667, 61.43978, 0.0162761
1668, 85.11725, 0.0117485
1669, 72.70718, 0.0137538
1670, 73.32346, 0.0136382
1671, 62.40834, 0.0160235
1672, 84.49371, 0.0118352
1673, 70.83508, 0.0141173
1674, 71.16374, 0.0140521
1675, 77.19444, 0.0129543
1676, 71.32566, 0.0140202
1677, 72.3589, 0.01382
1678, 71.6887, 0.0139492
1679, 71.91968, 0.0139044
1680, 70.81601, 0.0141211
1681, 52.67704, 0.0189836
1682, 116.4524, 0.0085872
1683, 71.14298, 0.0140562
1684, 72.22563, 0.0138455
1685, 70.86268, 0.0141118
1686, 71.30074, 0.0140251
1687, 73.54618, 0.0135969
1688, 71.87212, 0.0139136
1689, 70.80499, 0.0141233
1690, 68.77248, 0.0145407
1691, 71.99943, 0.013889
1692, 68.81554, 0.0145316
1693, 63.6967, 0.0156994
1694, 88.47287, 0.0113029
1695, 71.75248, 0.0139368
1696, 74.71719, 0.0133838
1697, 71.71646, 0.0139438
1698, 71.06613, 0.0140714
1699, 68.96076, 0.014501
1700, 75.72545, 0.0132056
1701, 71.52462, 0.0139812
1702, 37.90305, 0.0263831
1703, 54.25906, 0.0184301
1704, 92.90572, 0.0107636
1705, 71.74682, 0.0139379
1706, 70.85816, 0.0141127
1707, 71.24791, 0.0140355
1708, 73.15984, 0.0136687
1709, 69.45892, 0.014397
1710, 8.630346, 0.1158702
1711, 4.511868, 0.2216377
1712, 26.20641, 0.0381586
1713, 30.8783, 0.0323852
1714, 34.81639, 0.0287221
1715, 36.95259, 0.0270617
1716, 33.79794, 0.0295876
1717, 115.0285, 0.0086935
1718, 30.73302, 0.0325383
1719, 121.1475, 0.0082544
1720, 63.79097, 0.0156762
1721, 32.55865, 0.0307138
1722, 103.7258, 0.0096408
1723, 73.74686, 0.0135599
1724, 72.69819, 0.0137555
1725, 71.78133, 0.0139312
1726, 71.95176, 0.0138982
1727, 72.02016, 0.013885
1728, 71.69898, 0.0139472
1729, 72.51631, 0.01379
1730, 68.82833, 0.0145289
1731, 72.06272, 0.0138768
1732, 71.61887, 0.0139628
1733, 71.73756, 0.0139397
1734, 70.98895, 0.0140867
1735, 67.10959, 0.014901
1736, 32.65956, 0.0306189
1737, 38.74062, 0.0258127
1738, 87.11788, 0.0114787
1739, 71.05957, 0.0140727
1740, 72.86559, 0.0137239
1741, 71.52155, 0.0139818
1742, 71.46379, 0.0139931
1743, 71.17387, 0.0140501
1744, 73.10904, 0.0136782
1745, 71.56864, 0.0139726
1746, 71.98802, 0.0138912
1747, 70.60851, 0.0141626
1748, 72.97246, 0.0137038
1749, 71.82463, 0.0139228
1750, 71.79936, 0.0139277
1751, 71.52666, 0.0139808
1752, 70.78343, 0.0141276
1753, 73.5132, 0.013603
1754, 71.59888, 0.0139667
1755, 61.5574, 0.016245
1756, 30.7806, 0.032488
1757, 143.037, 0.0069912
1758, 70.69336, 0.0141456
1759, 58.14054, 0.0171997
1760, 33.13134, 0.0301829
1761, 21.55312, 0.046397
1762, 18.59638, 0.0537739
1763, 18.34159, 0.0545209
1764, 17.39763, 0.0574791
1765, 10.22041, 0.0978434
1766, 94.68172, 0.0105617
1767, 132.3487, 0.0075558
1768, 71.62298, 0.013962
1769, 72.44697, 0.0138032
1770, 70.8878, 0.0141068
1771, 70.07169, 0.0142711
1772, 72.72462, 0.0137505
1773, 68.85393, 0.0145235
1774, 72.99803, 0.013699
1775, 70.65041, 0.0141542
1776, 74.98613, 0.0133358
1777, 73.67731, 0.0135727
1778, 70.93607, 0.0140972
1779, 71.26009, 0.0140331
1780, 73.61385, 0.0135844
1781, 71.69538, 0.0139479
1782, 71.49649, 0.0139867
1783, 71.61221, 0.0139641
1784, 71.31802, 0.0140217
1785, 71.16323, 0.0140522
1786, 72.12041, 0.0138657
1787, 70.96678, 0.0140911
1788, 70.11639, 0.014262
1789, 72.86824, 0.0137234
1790, 71.72058, 0.013943
1791, 69.11041, 0.0144696
1792, 69.26887, 0.0144365
1793, 74.14493, 0.0134871
1794, 72.11573, 0.0138666
1795, 72.47952, 0.013797
1796, 71.17033, 0.0140508
1797, 72.16778, 0.0138566
1798, 76.65479, 0.0130455
1799, 69.04361, 0.0144836
1800, 71.64401, 0.0139579
1801, 70.96577, 0.0140913
1802, 73.45488, 0.0136138
1803, 71.11111, 0.0140625
1804, 70.47514, 0.0141894
1805, 74.23519, 0.0134707
1806, 71.03988, 0.0140766
1807, 72.81147, 0.0137341
1808, 71.86283, 0.0139154
1809, 70.02164, 0.0142813
1810, 75.29723, 0.0132807
1811, 73.124, 0.0136754
1812, 71.45154, 0.0139955
1813, 72.27052, 0.0138369
1814, 70.23015, 0.0142389
1815, 72.54051, 0.0137854
1816, 50.02326, 0.0199907
1817, 39.93499, 0.0250407
1818, 94.49027, 0.0105831
1819, 71.89435, 0.0139093
1820, 69.52652, 0.014383
1821, 73.1224, 0.0136757
1822, 72.90118, 0.0137172
1823, 23.83307, 0.0419585
