Frame, FPS, Frame Time
1, 50, 0.02
2, 50, 0.02
3, 3, 0.3333333
4, 5.277298, 0.1894909
5, 24.1578, 0.0413945
6, 216.291, 0.0046234
7, 72.60003, 0.0137741
8, 72.57262, 0.0137793
9, 71.58862, 0.0139687
10, 71.61734, 0.0139631
11, 71.02676, 0.0140792
12, 72.23868, 0.013843
13, 71.65891, 0.013955
14, 71.57018, 0.0139723
15, 72.70718, 0.0137538
16, 71.29565, 0.0140261
17, 72.87302, 0.0137225
18, 71.76175, 0.013935
19, 72.08818, 0.0138719
20, 71.70206, 0.0139466
21, 72.15788, 0.0138585
22, 23.89184, 0.0418553
23, 71.41429, 0.0140028
24, 71.7669, 0.013934
25, 72.14278, 0.0138614
26, 71.89227, 0.0139097
27, 71.69641, 0.0139477
28, 70.90288, 0.0141038
29, 72.60635, 0.0137729
30, 71.79678, 0.0139282
31, 72.70031, 0.0137551
32, 71.69332, 0.0139483
33, 71.46226, 0.0139934
34, 70.89935, 0.0141045
35, 72.96554, 0.0137051
36, 71.12122, 0.0140605
37, 72.29926, 0.0138314
38, 35.95751, 0.0278106
39, 71.5236, 0.0139814
40, 72.08454, 0.0138726
41, 70.77091, 0.0141301
42, 72.54472, 0.0137846
43, 71.89693, 0.0139088
44, 70.85164, 0.014114
45, 71.51337, 0.0139834
46, 72.66386, 0.013762
47, 70.65141, 0.014154
48, 54.70938, 0.0182784
49, 68.40788, 0.0146182
50, 14.65644, 0.0682294
51, 23.30812, 0.0429035
52, 73.60952, 0.0135852
53, 68.16865, 0.0146695
54, 60.33692, 0.0165736
55, 83.20506, 0.0120185
56, 68.39805, 0.0146203
57, 72.27314, 0.0138364
58, 70.69386, 0.0141455
59, 70.57462, 0.0141694
60, 69.29383, 0.0144313
61, 70.10361, 0.0142646
62, 69.00216, 0.0144923
63, 74.82902, 0.0133638
64, 72.28777, 0.0138336
65, 71.17539, 0.0140498
66, 71.32057, 0.0140212
67, 70.37595, 0.0142094
68, 71.85043, 0.0139178
69, 72.78762, 0.0137386
70, 70.97836, 0.0140888
71, 72.1433, 0.0138613
72, 71.0732, 0.01407
73, 70.78644, 0.014127
74, 36.12312, 0.0276831
75, 39.97122, 0.025018
76, 43.17435, 0.0231619
77, 140.7578, 0.0071044
78, 70.68536, 0.0141472
79, 72.17872, 0.0138545
80, 71.5149, 0.0139831
81, 71.77669, 0.0139321
82, 62.20685, 0.0160754
83, 83.81667, 0.0119308
84, 71.08887, 0.0140669
85, 72.43858, 0.0138048
86, 71.37199, 0.0140111
87, 72.63958, 0.0137666
88, 70.609, 0.0141625
89, 71.37861, 0.0140098
90, 71.71338, 0.0139444
91, 71.7319, 0.0139408
92, 71.83031, 0.0139217
93, 71.27177, 0.0140308
94, 72.00409, 0.0138881
95, 71.76845, 0.0139337
96, 70.59305, 0.0141657
97, 73.07217, 0.0136851
98, 71.66199, 0.0139544
99, 71.26568, 0.014032
100, 72.36466, 0.0138189
101, 35.88525, 0.0278666
102, 71.16982, 0.0140509
103, 72.06168, 0.013877
104, 72.17976, 0.0138543
105, 71.80761, 0.0139261
106, 71.78648, 0.0139302
107, 71.56864, 0.0139726
108, 71.36434, 0.0140126
109, 72.35523, 0.0138207
110, 71.35162, 0.0140151
111, 72.43437, 0.0138056
112, 71.81586, 0.0139245
113, 71.1445, 0.0140559
114, 70.37298, 0.01421
115, 73.76862, 0.0135559
116, 71.49598, 0.0139868
117, 35.97523, 0.0277969
118, 71.41327, 0.014003
119, 69.48787, 0.014391
120, 74.35165, 0.0134496
121, 72.32018, 0.0138274
122, 71.44797, 0.0139962
123, 71.77926, 0.0139316
124, 70.43295, 0.0141979
125, 61.99858, 0.0161294
126, 87.99331, 0.0113645
127, 71.65891, 0.013955
128, 71.29668, 0.0140259
129, 72.1433, 0.0138613
130, 71.73602, 0.01394
131, 70.22718, 0.0142395
132, 73.66428, 0.0135751
133, 71.15969, 0.0140529
134, 72.49055, 0.0137949
135, 5.111763, 0.1956272
136, 27.36539, 0.0365425
137, 24.86542, 0.0402165
138, 40.71794, 0.0245592
139, 105.8773, 0.0094449
140, 71.47095, 0.0139917
141, 70.89835, 0.0141047
142, 70.7684, 0.0141306
143, 31.18986, 0.0320617
144, 107.6056, 0.0092932
145, 71.23674, 0.0140377
146, 71.51746, 0.0139826
147, 71.66609, 0.0139536
148, 72.31547, 0.0138283
149, 71.8716, 0.0139137
150, 71.91658, 0.013905
151, 71.25298, 0.0140345
152, 71.03887, 0.0140768
153, 31.54286, 0.0317029
154, 101.6984, 0.009833
155, 68.36438, 0.0146275
156, 74.59068, 0.0134065
157, 72.4092, 0.0138104
158, 72.37252, 0.0138174
159, 71.46992, 0.0139919
160, 70.85415, 0.0141135
161, 73.31378, 0.01364
162, 70.42105, 0.0142003
163, 73.08232, 0.0136832
164, 71.55737, 0.0139748
165, 72.16309, 0.0138575
166, 71.43929, 0.0139979
167, 70.80347, 0.0141236
168, 72.78762, 0.0137386
169, 72.09597, 0.0138704
170, 71.69332, 0.0139483
171, 71.45715, 0.0139944
172, 72.05805, 0.0138777
173, 69.9888, 0.014288
174, 73.6312, 0.0135812
175, 71.67945, 0.013951
176, 71.78596, 0.0139303
177, 71.19464, 0.014046
178, 71.08785, 0.0140671
179, 72.20998, 0.0138485
180, 72.2674, 0.0138375
181, 70.71236, 0.0141418
182, 72.97779, 0.0137028
183, 71.46073, 0.0139937
184, 71.59221, 0.013968
185, 71.76793, 0.0139338
186, 72.20737, 0.013849
187, 71.35467, 0.0140145
188, 72.05909, 0.0138775
189, 72.3343, 0.0138247
190, 71.4449, 0.0139968
191, 72.17506, 0.0138552
192, 71.71646, 0.0139438
193, 71.9021, 0.0139078
194, 71.66609, 0.0139536
195, 71.08028, 0.0140686
196, 72.92829, 0.0137121
197, 71.3567, 0.0140141
198, 71.19921, 0.0140451
199, 72.23868, 0.013843
200, 72.18184, 0.0138539
201, 71.90726, 0.0139068
202, 71.88039, 0.013912
203, 71.11111, 0.0140625
204, 71.92589, 0.0139032
205, 71.52666, 0.0139808
206, 70.91544, 0.0141013
207, 72.93946, 0.01371
208, 72.08558, 0.0138724
209, 69.71799, 0.0143435
210, 73.16145, 0.0136684
211, 72.41287, 0.0138097
212, 72.49004, 0.013795
213, 71.32311, 0.0140207
214, 71.70567, 0.0139459
215, 71.0197, 0.0140806
216, 73.21502, 0.0136584
217, 70.62196, 0.0141599
218, 71.97559, 0.0138936
219, 71.82773, 0.0139222
220, 72.28515, 0.0138341
221, 71.79369, 0.0139288
222, 72.89586, 0.0137182
223, 71.46226, 0.0139934
224, 71.66506, 0.0139538
225, 71.44286, 0.0139972
226, 71.77, 0.0139334
227, 71.34093, 0.0140172
228, 71.95487, 0.0138976
229, 71.64606, 0.0139575
230, 71.10707, 0.0140633
231, 73.12668, 0.0136749
232, 72.21103, 0.0138483
233, 70.52584, 0.0141792
234, 72.95702, 0.0137067
235, 70.05009, 0.0142755
236, 73.68871, 0.0135706
237, 71.39288, 0.014007
238, 71.97351, 0.013894
239, 70.46571, 0.0141913
240, 73.81654, 0.0135471
241, 71.90726, 0.0139068
242, 71.9233, 0.0139037
243, 71.50365, 0.0139853
244, 71.53178, 0.0139798
245, 71.59375, 0.0139677
246, 72.39033, 0.013814
247, 71.38116, 0.0140093
248, 72.22042, 0.0138465
249, 71.02626, 0.0140793
250, 71.23167, 0.0140387
251, 72.39714, 0.0138127
252, 72.45589, 0.0138015
253, 71.19566, 0.0140458
254, 71.96989, 0.0138947
255, 71.68922, 0.0139491
256, 72.03002, 0.0138831
257, 70.58508, 0.0141673
258, 73.15289, 0.01367
259, 71.45869, 0.0139941
260, 71.1283, 0.0140591
261, 72.48163, 0.0137966
262, 72.7622, 0.0137434
263, 70.01478, 0.0142827
264, 73.54618, 0.0135969
265, 71.51797, 0.0139825
266, 71.54253, 0.0139777
267, 72.19956, 0.0138505
268, 71.91037, 0.0139062
269, 70.69786, 0.0141447
270, 72.32436, 0.0138266
271, 71.17843, 0.0140492
272, 71.4735, 0.0139912
273, 73.53482, 0.013599
274, 71.26619, 0.0140319
275, 71.81123, 0.0139254
276, 72.30449, 0.0138304
277, 71.23521, 0.014038
278, 72.42598, 0.0138072
279, 70.49601, 0.0141852
280, 73.33206, 0.0136366
281, 70.64392, 0.0141555
282, 73.14915, 0.0136707
283, 70.32299, 0.0142201
284, 72.99643, 0.0136993
285, 71.3995, 0.0140057
286, 72.2486, 0.0138411
287, 71.08179, 0.0140683
288, 72.54262, 0.013785
289, 71.51439, 0.0139832
290, 71.80142, 0.0139273
291, 69.45844, 0.0143971
292, 74.32568, 0.0134543
293, 72.10221, 0.0138692
294, 70.39973, 0.0142046
295, 72.88205, 0.0137208
296, 72.40029, 0.0138121
297, 71.62246, 0.0139621
298, 71.76227, 0.0139349
299, 71.7973, 0.0139281
300, 71.89072, 0.01391
301, 71.53178, 0.0139798
302, 72.13081, 0.0138637
303, 71.90726, 0.0139068
304, 71.56966, 0.0139724
305, 71.29464, 0.0140263
306, 72.74632, 0.0137464
307, 71.27533, 0.0140301
308, 72.42651, 0.0138071
309, 71.61477, 0.0139636
310, 69.95453, 0.014295
311, 72.83533, 0.0137296
312, 72.42388, 0.0138076
313, 72.16048, 0.013858
314, 72.47427, 0.013798
315, 71.73653, 0.0139399
316, 71.14653, 0.0140555
317, 72.36571, 0.0138187
318, 71.88039, 0.013912
319, 71.39033, 0.0140075
320, 71.41479, 0.0140027
321, 72.4328, 0.0138059
322, 71.72315, 0.0139425
323, 72.10845, 0.013868
324, 71.18096, 0.0140487
325, 72.37408, 0.0138171
326, 71.63119, 0.0139604
327, 70.01086, 0.0142835
328, 73.87107, 0.0135371
329, 71.49087, 0.0139878
330, 71.02475, 0.0140796
331, 72.13134, 0.0138636
332, 72.63747, 0.013767
333, 71.72263, 0.0139426
334, 71.80813, 0.013926
335, 71.65942, 0.0139549
336, 71.71029, 0.013945
337, 71.77669, 0.0139321
338, 70.85816, 0.0141127
339, 72.38876, 0.0138143
340, 72.00928, 0.0138871
341, 72.52158, 0.013789
342, 71.21442, 0.0140421
343, 71.99217, 0.0138904
344, 72.06168, 0.013877
345, 71.58708, 0.013969
346, 71.49854, 0.0139863
347, 72.02328, 0.0138844
348, 72.23399, 0.0138439
349, 70.60003, 0.0141643
350, 73.16788, 0.0136672
351, 71.77721, 0.013932
352, 72.21729, 0.0138471
353, 71.73859, 0.0139395
354, 71.2474, 0.0140356
355, 71.8494, 0.013918
356, 71.81741, 0.0139242
357, 71.99528, 0.0138898
358, 71.53485, 0.0139792
359, 71.29565, 0.0140261
360, 69.20559, 0.0144497
361, 75.63496, 0.0132214
362, 70.93708, 0.014097
363, 42.49136, 0.0235342
364, 193.4835, 0.0051684
365, 77.91985, 0.0128337
366, 71.67585, 0.0139517
367, 71.69692, 0.0139476
368, 72.1881, 0.0138527
369, 71.60605, 0.0139653
370, 70.85164, 0.014114
371, 72.01083, 0.0138868
372, 72.20947, 0.0138486
373, 71.94555, 0.0138994
374, 71.69435, 0.0139481
375, 71.93003, 0.0139024
376, 72.0674, 0.0138759
377, 71.93003, 0.0139024
378, 71.17134, 0.0140506
379, 71.78699, 0.0139301
380, 72.69344, 0.0137564
381, 70.7664, 0.014131
382, 72.15215, 0.0138596
383, 72.39662, 0.0138128
384, 71.04291, 0.014076
385, 72.75426, 0.0137449
386, 71.40307, 0.014005
387, 72.37199, 0.0138175
388, 71.56915, 0.0139725
389, 71.91399, 0.0139055
390, 70.56117, 0.0141721
391, 73.27403, 0.0136474
392, 71.45766, 0.0139943
393, 70.86369, 0.0141116
394, 72.9991, 0.0136988
395, 71.604, 0.0139657
396, 71.24994, 0.0140351
397, 72.68604, 0.0137578
398, 71.73293, 0.0139406
399, 71.38116, 0.0140093
400, 71.99683, 0.0138895
401, 70.66638, 0.014151
402, 72.2559, 0.0138397
403, 73.00016, 0.0136986
404, 70.83658, 0.014117
405, 72.27522, 0.013836
406, 71.79266, 0.013929
407, 71.69435, 0.0139481
408, 71.87471, 0.0139131
409, 72.51685, 0.0137899
410, 71.62503, 0.0139616
411, 71.28956, 0.0140273
412, 72.48636, 0.0137957
413, 71.71955, 0.0139432
414, 70.83959, 0.0141164
415, 72.26269, 0.0138384
416, 72.38718, 0.0138146
417, 71.88659, 0.0139108
418, 71.52155, 0.0139818
419, 71.74682, 0.0139379
420, 71.65377, 0.013956
421, 72.36152, 0.0138195
422, 71.33685, 0.014018
423, 71.35772, 0.0140139
424, 73.12293, 0.0136756
425, 71.60657, 0.0139652
426, 70.3502, 0.0142146
427, 73.19251, 0.0136626
428, 71.44797, 0.0139962
429, 72.48793, 0.0137954
430, 71.56198, 0.0139739
431, 71.30531, 0.0140242
432, 72.09441, 0.0138707
433, 71.57018, 0.0139723
434, 71.42959, 0.0139998
435, 72.2794, 0.0138352
436, 72.20477, 0.0138495
437, 69.18261, 0.0144545
438, 73.81926, 0.0135466
439, 70.91645, 0.0141011
440, 72.54156, 0.0137852
441, 72.49634, 0.0137938
442, 71.56608, 0.0139731
443, 71.52615, 0.0139809
444, 70.82604, 0.0141191
445, 73.74033, 0.0135611
446, 71.10454, 0.0140638
447, 72.41969, 0.0138084
448, 71.26517, 0.0140321
449, 71.98077, 0.0138926
450, 72.57684, 0.0137785
451, 70.34971, 0.0142147
452, 72.70771, 0.0137537
453, 72.3678, 0.0138183
454, 71.52718, 0.0139807
455, 72.49529, 0.013794
456, 71.75403, 0.0139365
457, 71.61426, 0.0139637
458, 71.54304, 0.0139776
459, 71.75197, 0.0139369
460, 72.10326, 0.013869
461, 71.79214, 0.0139291
462, 72.36309, 0.0138192
463, 71.72623, 0.0139419
464, 70.79646, 0.014125
465, 73.04655, 0.0136899
466, 71.81535, 0.0139246
467, 70.241, 0.0142367
468, 72.60951, 0.0137723
469, 72.62955, 0.0137685
470, 71.32261, 0.0140208
471, 72.02328, 0.0138844
472, 71.68253, 0.0139504
473, 72.30711, 0.0138299
474, 70.89283, 0.0141058
475, 71.66558, 0.0139537
476, 72.78073, 0.0137399
477, 71.39746, 0.0140061
478, 72.04144, 0.0138809
479, 71.68202, 0.0139505
480, 72.27157, 0.0138367
481, 70.84762, 0.0141148
482, 72.72146, 0.0137511
483, 71.66969, 0.0139529
484, 71.76227, 0.0139349
485, 71.18046, 0.0140488
486, 72.61795, 0.0137707
487, 71.76845, 0.0139337
488, 72.03313, 0.0138825
489, 71.01718, 0.0140811
490, 72.32018, 0.0138274
491, 71.44031, 0.0139977
492, 71.44337, 0.0139971
493, 72.54893, 0.0137838
494, 71.86851, 0.0139143
495, 70.1341, 0.0142584
496, 73.86015, 0.0135391
497, 71.65839, 0.0139551
498, 71.81123, 0.0139254
499, 71.23775, 0.0140375
500, 72.43804, 0.0138049
501, 71.70824, 0.0139454
502, 71.7319, 0.0139408
503, 71.15412, 0.014054
504, 72.58791, 0.0137764
505, 71.4097, 0.0140037
506, 71.12022, 0.0140607
507, 72.79663, 0.0137369
508, 71.66455, 0.0139539
509, 71.94296, 0.0138999
510, 71.73962, 0.0139393
511, 71.08938, 0.0140668
512, 72.10845, 0.013868
513, 70.37396, 0.0142098
514, 72.96873, 0.0137045
515, 72.67812, 0.0137593
516, 71.5369, 0.0139788
517, 69.56812, 0.0143744
518, 74.86319, 0.0133577
519, 71.38829, 0.0140079
520, 71.80607, 0.0139264
521, 71.753, 0.0139367
522, 71.77102, 0.0139332
523, 71.41378, 0.0140029
524, 72.5937, 0.0137753
525, 69.99272, 0.0142872
526, 73.4085, 0.0136224
527, 71.94504, 0.0138995
528, 71.54407, 0.0139774
529, 71.6625, 0.0139543
530, 72.93786, 0.0137103
531, 71.09797, 0.0140651
532, 72.30553, 0.0138302
533, 72.02795, 0.0138835
534, 71.6081, 0.0139649
535, 70.48508, 0.0141874
536, 72.82791, 0.013731
537, 72.64802, 0.013765
538, 71.3511, 0.0140152
539, 71.61118, 0.0139643
540, 72.3699, 0.0138179
541, 69.91198, 0.0143037
542, 73.77787, 0.0135542
543, 71.27583, 0.01403
544, 71.59888, 0.0139667
545, 72.23763, 0.0138432
546, 72.17924, 0.0138544
547, 69.80705, 0.0143252
548, 73.5332, 0.0135993
549, 71.23674, 0.0140377
550, 72.92616, 0.0137125
551, 71.20326, 0.0140443
552, 72.01757, 0.0138855
553, 71.01214, 0.0140821
554, 72.59581, 0.0137749
555, 71.33278, 0.0140188
556, 72.24129, 0.0138425
557, 71.70978, 0.0139451
558, 70.98995, 0.0140865
559, 71.61938, 0.0139627
560, 73.42737, 0.0136189
561, 71.49342, 0.0139873
562, 71.5958, 0.0139673
563, 71.83805, 0.0139202
564, 72.05078, 0.0138791
565, 70.63993, 0.0141563
566, 73.06043, 0.0136873
567, 71.45971, 0.0139939
568, 71.26212, 0.0140327
569, 71.71749, 0.0139436
570, 71.98543, 0.0138917
571, 72.27836, 0.0138354
572, 72.30344, 0.0138306
573, 71.64812, 0.0139571
574, 71.59324, 0.0139678
575, 71.97247, 0.0138942
576, 72.32332, 0.0138268
577, 69.47725, 0.0143932
578, 74.32071, 0.0134552
579, 71.15159, 0.0140545
580, 70.89383, 0.0141056
581, 72.96341, 0.0137055
582, 72.18393, 0.0138535
583, 71.55584, 0.0139751
584, 72.06065, 0.0138772
585, 71.05048, 0.0140745
586, 72.51316, 0.0137906
587, 70.97685, 0.0140891
588, 72.47269, 0.0137983
589, 69.77393, 0.014332
590, 73.23969, 0.0136538
591, 71.35976, 0.0140135
592, 72.62058, 0.0137702
593, 72.08194, 0.0138731
594, 71.81792, 0.0139241
595, 71.45766, 0.0139943
596, 71.88918, 0.0139103
597, 71.87781, 0.0139125
598, 72.06116, 0.0138771
599, 71.81432, 0.0139248
600, 71.75918, 0.0139355
601, 69.7141, 0.0143443
602, 73.92677, 0.0135269
603, 72.00928, 0.0138871
604, 72.03884, 0.0138814
605, 71.89382, 0.0139094
606, 71.72984, 0.0139412
607, 71.27025, 0.0140311
608, 72.30605, 0.0138301
609, 71.48372, 0.0139892
610, 72.05598, 0.0138781
611, 71.80142, 0.0139273
612, 72.09234, 0.0138711
613, 69.16347, 0.0144585
614, 74.74345, 0.0133791
615, 71.02626, 0.0140793
616, 72.8295, 0.0137307
617, 71.87781, 0.0139125
618, 71.54253, 0.0139777
619, 71.23521, 0.014038
620, 72.48583, 0.0137958
621, 71.65993, 0.0139548
622, 71.40715, 0.0140042
623, 71.15716, 0.0140534
624, 72.38142, 0.0138157
625, 71.32566, 0.0140202
626, 72.99217, 0.0137001
627, 71.26974, 0.0140312
628, 72.62534, 0.0137693
629, 71.60554, 0.0139654
630, 71.58811, 0.0139688
631, 71.23928, 0.0140372
632, 72.98045, 0.0137023
633, 71.87109, 0.0139138
634, 70.5801, 0.0141683
635, 71.74579, 0.0139381
636, 72.53893, 0.0137857
637, 70.09477, 0.0142664
638, 73.0663, 0.0136862
639, 72.70982, 0.0137533
640, 71.80142, 0.0139273
641, 70.6115, 0.014162
642, 71.69898, 0.0139472
643, 73.33475, 0.0136361
644, 71.90365, 0.0139075
645, 72.09441, 0.0138707
646, 70.73386, 0.0141375
647, 72.05753, 0.0138778
648, 72.35366, 0.013821
649, 68.60593, 0.014576
650, 74.77195, 0.013374
651, 71.84218, 0.0139194
652, 72.48793, 0.0137954
653, 70.73586, 0.0141371
654, 72.19122, 0.0138521
655, 72.45537, 0.0138016
656, 70.46025, 0.0141924
657, 72.52421, 0.0137885
658, 72.51526, 0.0137902
659, 71.98802, 0.0138912
660, 71.23319, 0.0140384
661, 69.48981, 0.0143906
662, 74.26496, 0.0134653
663, 72.54683, 0.0137842
664, 72.01447, 0.0138861
665, 71.41276, 0.0140031
666, 71.52615, 0.0139809
667, 71.98335, 0.0138921
668, 71.03786, 0.014077
669, 72.11002, 0.0138677
670, 70.9557, 0.0140933
671, 73.05135, 0.013689
672, 71.83237, 0.0139213
673, 71.41582, 0.0140025
674, 70.56068, 0.0141722
675, 74.04281, 0.0135057
676, 71.88969, 0.0139102
677, 71.06361, 0.0140719
678, 73.04816, 0.0136896
679, 70.7684, 0.0141306
680, 71.87781, 0.0139125
681, 71.85715, 0.0139165
682, 72.11677, 0.0138664
683, 72.42284, 0.0138078
684, 70.75388, 0.0141335
685, 73.18287, 0.0136644
686, 70.57213, 0.0141699
687, 73.25202, 0.0136515
688, 71.64709, 0.0139573
689, 72.29717, 0.0138318
690, 70.85716, 0.0141129
691, 72.40448, 0.0138113
692, 70.08298, 0.0142688
693, 74.00938, 0.0135118
694, 71.99735, 0.0138894
695, 71.18704, 0.0140475
696, 71.78699, 0.0139301
697, 71.35619, 0.0140142
698, 69.3462, 0.0144204
699, 75.20267, 0.0132974
700, 71.69692, 0.0139476
701, 71.0071, 0.0140831
702, 72.16778, 0.0138566
703, 72.24546, 0.0138417
704, 70.01134, 0.0142834
705, 74.13448, 0.013489
706, 71.41582, 0.0140025
707, 71.83856, 0.0139201
708, 71.95332, 0.0138979
709, 71.05654, 0.0140733
710, 70.69336, 0.0141456
711, 73.8307, 0.0135445
712, 71.23978, 0.0140371
713, 72.06999, 0.0138754
714, 72.18288, 0.0138537
715, 71.63529, 0.0139596
716, 71.73138, 0.0139409
717, 72.19174, 0.013852
718, 71.63888, 0.0139589
719, 72.01965, 0.0138851
720, 71.44133, 0.0139975
721, 71.55072, 0.0139761
722, 70.71185, 0.0141419
723, 72.78285, 0.0137395
724, 72.16933, 0.0138563
725, 72.30762, 0.0138298
726, 71.9787, 0.013893
727, 71.83701, 0.0139204
728, 70.95117, 0.0140942
729, 72.46849, 0.0137991
730, 71.96782, 0.0138951
731, 69.02931, 0.0144866
732, 75.07564, 0.0133199
733, 69.47291, 0.0143941
734, 48.90741, 0.0204468
735, 146.092, 0.006845
736, 71.3282, 0.0140197
737, 71.74116, 0.013939
738, 72.08142, 0.0138732
739, 70.95872, 0.0140927
740, 72.0295, 0.0138832
741, 71.59016, 0.0139684
742, 72.10741, 0.0138682
743, 71.24994, 0.0140351
744, 72.22511, 0.0138456
745, 70.75037, 0.0141342
746, 72.69238, 0.0137566
747, 72.62691, 0.013769
748, 71.65428, 0.0139559
749, 71.78442, 0.0139306
750, 71.88142, 0.0139118
751, 71.51592, 0.0139829
752, 71.47146, 0.0139916
753, 72.54841, 0.0137839
754, 71.52462, 0.0139812
755, 71.2794, 0.0140293
756, 71.38319, 0.0140089
757, 72.99643, 0.0136993
758, 71.77412, 0.0139326
759, 71.82205, 0.0139233
760, 71.93158, 0.0139021
761, 71.9083, 0.0139066
762, 72.16257, 0.0138576
763, 71.31447, 0.0140224
764, 71.54253, 0.0139777
765, 72.70876, 0.0137535
766, 71.6625, 0.0139543
767, 70.73136, 0.014138
768, 72.68551, 0.0137579
769, 71.87936, 0.0139122
770, 71.58862, 0.0139687
771, 71.62759, 0.0139611
772, 71.71543, 0.013944
773, 72.42703, 0.013807
774, 71.17438, 0.01405
775, 70.62097, 0.0141601
776, 73.27564, 0.0136471
777, 71.88969, 0.0139102
778, 71.09039, 0.0140666
779, 72.47795, 0.0137973
780, 71.95694, 0.0138972
781, 71.84012, 0.0139198
782, 23.82087, 0.04198
783, 73.01935, 0.013695
784, 71.71235, 0.0139446
785, 72.02224, 0.0138846
786, 71.85612, 0.0139167
787, 70.14197, 0.0142568
788, 73.2488, 0.0136521
789, 72.05182, 0.0138789
790, 71.72212, 0.0139427
791, 72.2559, 0.0138397
792, 71.43214, 0.0139993
793, 71.11819, 0.0140611
794, 73.05723, 0.0136879
795, 71.4046, 0.0140047
796, 71.69127, 0.0139487
797, 71.97247, 0.0138942
798, 71.22761, 0.0140395
799, 72.35052, 0.0138216
800, 72.16465, 0.0138572
801, 71.80761, 0.0139261
802, 71.67482, 0.0139519
803, 71.42041, 0.0140016
804, 71.88091, 0.0139119
805, 71.64658, 0.0139574
806, 72.2298, 0.0138447
807, 71.73602, 0.01394
808, 72.05598, 0.0138781
809, 71.00407, 0.0140837
810, 69.81876, 0.0143228
811, 74.35884, 0.0134483
812, 72.29299, 0.0138326
813, 71.47554, 0.0139908
814, 70.75088, 0.0141341
815, 73.34282, 0.0136346
816, 71.49342, 0.0139873
817, 71.17387, 0.0140501
818, 72.71352, 0.0137526
819, 71.81329, 0.013925
820, 71.10252, 0.0140642
821, 72.45326, 0.013802
822, 71.45, 0.0139958
823, 71.16526, 0.0140518
824, 72.37042, 0.0138178
825, 72.72569, 0.0137503
826, 71.44439, 0.0139969
827, 71.9673, 0.0138952
828, 71.62144, 0.0139623
829, 71.34245, 0.0140169
830, 72.16933, 0.0138563
831, 71.78751, 0.01393
832, 72.25381, 0.0138401
833, 71.25908, 0.0140333
834, 72.2956, 0.0138321
835, 71.85767, 0.0139164
836, 72.23346, 0.013844
837, 72.03884, 0.0138814
838, 71.05199, 0.0140742
839, 72.16465, 0.0138572
840, 71.73344, 0.0139405
841, 71.06159, 0.0140723
842, 72.42074, 0.0138082
843, 71.53383, 0.0139794
844, 72.58474, 0.013777
845, 71.81638, 0.0139244
846, 71.93779, 0.0139009
847, 71.23471, 0.0140381
848, 72.43437, 0.0138056
849, 71.18299, 0.0140483
850, 71.94865, 0.0138988
851, 71.87109, 0.0139138
852, 72.00305, 0.0138883
853, 68.50723, 0.014597
854, 74.52731, 0.0134179
855, 72.53841, 0.0137858
856, 72.03262, 0.0138826
857, 71.43469, 0.0139988
858, 72.10169, 0.0138693
859, 71.51899, 0.0139823
860, 71.56813, 0.0139727
861, 71.74322, 0.0139386
862, 72.40186, 0.0138118
863, 71.67482, 0.0139519
864, 71.1445, 0.0140559
865, 71.61836, 0.0139629
866, 72.58211, 0.0137775
867, 72.28201, 0.0138347
868, 71.67791, 0.0139513
869, 72.09441, 0.0138707
870, 71.62759, 0.0139611
871, 71.40868, 0.0140039
872, 71.58555, 0.0139693
873, 72.24024, 0.0138427
874, 71.28854, 0.0140275
875, 72.09181, 0.0138712
876, 72.01342, 0.0138863
877, 71.84114, 0.0139196
878, 72.27157, 0.0138367
879, 71.72572, 0.013942
880, 71.45766, 0.0139943
881, 72.05909, 0.0138775
882, 71.96626, 0.0138954
883, 71.58913, 0.0139686
884, 71.57478, 0.0139714
885, 72.45694, 0.0138013
886, 70.92752, 0.0140989
887, 72.30292, 0.0138307
888, 71.92847, 0.0139027
889, 72.24964, 0.0138409
890, 71.87212, 0.0139136
891, 71.73293, 0.0139406
892, 72.10741, 0.0138682
893, 71.75557, 0.0139362
894, 69.38374, 0.0144126
895, 74.19939, 0.0134772
896, 71.76948, 0.0139335
897, 70.72936, 0.0141384
898, 72.96927, 0.0137044
899, 71.71338, 0.0139444
900, 69.62867, 0.0143619
901, 72.39871, 0.0138124
902, 72.45326, 0.013802
903, 71.12122, 0.0140605
904, 74.05981, 0.0135026
905, 72.04974, 0.0138793
906, 71.69281, 0.0139484
907, 71.17944, 0.014049
908, 72.05961, 0.0138774
909, 72.02795, 0.0138835
910, 71.65788, 0.0139552
911, 71.32719, 0.0140199
912, 72.44329, 0.0138039
913, 71.53587, 0.013979
914, 72.04144, 0.0138809
915, 71.89951, 0.0139083
916, 71.33278, 0.0140188
917, 73.10369, 0.0136792
918, 71.3399, 0.0140174
919, 70.98492, 0.0140875
920, 73.06149, 0.0136871
921, 71.38574, 0.0140084
922, 71.78648, 0.0139302
923, 72.10637, 0.0138684
924, 71.23827, 0.0140374
925, 72.27888, 0.0138353
926, 71.9021, 0.0139078
927, 71.7803, 0.0139314
928, 71.33787, 0.0140178
929, 71.92485, 0.0139034
930, 71.3567, 0.0140141
931, 72.48583, 0.0137958
932, 72.08922, 0.0138717
933, 71.06058, 0.0140725
934, 70.53778, 0.0141768
935, 73.49483, 0.0136064
936, 71.74425, 0.0139384
937, 71.718, 0.0139435
938, 71.50519, 0.013985
939, 71.62041, 0.0139625
940, 72.17403, 0.0138554
941, 69.56522, 0.014375
942, 73.56024, 0.0135943
943, 71.62041, 0.0139625
944, 73.00069, 0.0136985
945, 71.60349, 0.0139658
946, 72.11573, 0.0138666
947, 71.7319, 0.0139408
948, 72.20634, 0.0138492
949, 71.48474, 0.013989
950, 70.01968, 0.0142817
951, 72.63799, 0.0137669
952, 72.20373, 0.0138497
953, 71.80865, 0.0139259
954, 71.67842, 0.0139512
955, 72.84541, 0.0137277
956, 70.72836, 0.0141386
957, 72.31704, 0.013828
958, 72.51789, 0.0137897
959, 71.54662, 0.0139769
960, 71.56506, 0.0139733
961, 72.29717, 0.0138318
962, 71.29311, 0.0140266
963, 71.33889, 0.0140176
964, 71.22253, 0.0140405
965, 73.02522, 0.0136939
966, 72.26008, 0.0138389
967, 71.98335, 0.0138921
968, 70.75939, 0.0141324
969, 72.65699, 0.0137633
970, 71.5011, 0.0139858
971, 71.70618, 0.0139458
972, 72.17351, 0.0138555
973, 70.90087, 0.0141042
974, 71.68304, 0.0139503
975, 72.4454, 0.0138035
976, 71.30938, 0.0140234
977, 73.37888, 0.0136279
978, 71.51541, 0.013983
979, 71.72006, 0.0139431
980, 71.41276, 0.0140031
981, 72.08558, 0.0138724
982, 71.68819, 0.0139493
983, 72.17299, 0.0138556
984, 71.85095, 0.0139177
985, 70.83157, 0.014118
986, 71.25603, 0.0140339
987, 73.44408, 0.0136158
988, 71.72263, 0.0139426
989, 72.20477, 0.0138495
990, 70.55022, 0.0141743
991, 72.59528, 0.013775
992, 70.71686, 0.0141409
993, 73.64855, 0.013578
994, 70.36703, 0.0142112
995, 73.33314, 0.0136364
996, 71.03181, 0.0140782
997, 72.56262, 0.0137812
998, 70.23064, 0.0142388
999, 73.76917, 0.0135558
1000, 71.23521, 0.014038
1001, 72.03158, 0.0138828
1002, 71.58298, 0.0139698
1003, 71.56864, 0.0139726
1004, 72.17351, 0.0138555
1005, 71.71286, 0.0139445
1006, 72.0238, 0.0138843
1007, 71.28498, 0.0140282
1008, 72.09129, 0.0138713
1009, 71.95229, 0.0138981
1010, 71.06967, 0.0140707
1011, 73.31432, 0.0136399
1012, 71.21391, 0.0140422
1013, 71.63837, 0.013959
1014, 72.25799, 0.0138393
1015, 72.09857, 0.0138699
1016, 71.37402, 0.0140107
1017, 72.14278, 0.0138614
1018, 71.08179, 0.0140683
1019, 72.52367, 0.0137886
1020, 71.64915, 0.0139569
1021, 72.4748, 0.0137979
1022, 70.94362, 0.0140957
1023, 72.23502, 0.0138437
1024, 72.29142, 0.0138329
1025, 72.27366, 0.0138363
1026, 71.87678, 0.0139127
1027, 71.61938, 0.0139627
1028, 70.62047, 0.0141602
1029, 72.80087, 0.0137361
1030, 72.50527, 0.0137921
1031, 71.8587, 0.0139162
1032, 71.90882, 0.0139065
1033, 71.21645, 0.0140417
1034, 71.6435, 0.013958
1035, 72.35942, 0.0138199
1036, 71.86593, 0.0139148
1037, 71.90623, 0.013907
1038, 71.43571, 0.0139986
1039, 72.03158, 0.0138828
1040, 70.8672, 0.0141109
1041, 72.57842, 0.0137782
1042, 71.35314, 0.0140148
1043, 71.44797, 0.0139962
1044, 71.17489, 0.0140499
1045, 73.24558, 0.0136527
1046, 70.67887, 0.0141485
1047, 73.24451, 0.0136529
1048, 71.53383, 0.0139794
1049, 71.27888, 0.0140294
1050, 71.98906, 0.013891
1051, 71.71903, 0.0139433
1052, 71.78082, 0.0139313
1053, 71.89745, 0.0139087
1054, 72.22877, 0.0138449
1055, 72.22302, 0.013846
1056, 71.78751, 0.01393
1057, 71.63067, 0.0139605
1058, 71.69743, 0.0139475
1059, 72.0404, 0.0138811
1060, 71.84476, 0.0139189
1061, 71.67534, 0.0139518
1062, 71.35059, 0.0140153
1063, 71.71955, 0.0139432
1064, 72.18445, 0.0138534
1065, 72.21155, 0.0138482
1066, 71.46839, 0.0139922
1067, 71.97921, 0.0138929
1068, 72.23659, 0.0138434
1069, 71.75712, 0.0139359
1070, 71.59837, 0.0139668
1071, 71.34143, 0.0140171
1072, 70.68087, 0.0141481
1073, 72.63166, 0.0137681
1074, 72.88098, 0.013721
1075, 71.54253, 0.0139777
1076, 71.28143, 0.0140289
1077, 72.20373, 0.0138497
1078, 71.59068, 0.0139683
1079, 71.93986, 0.0139005
1080, 71.36027, 0.0140134
1081, 72.35629, 0.0138205
1082, 70.71236, 0.0141418
1083, 73.08072, 0.0136835
1084, 70.89886, 0.0141046
1085, 72.94744, 0.0137085
1086, 71.41225, 0.0140032
1087, 71.89279, 0.0139096
1088, 71.66045, 0.0139547
1089, 71.84579, 0.0139187
1090, 71.33482, 0.0140184
1091, 72.52736, 0.0137879
1092, 70.49353, 0.0141857
1093, 73.25524, 0.0136509
1094, 71.95798, 0.013897
1095, 71.46686, 0.0139925
1096, 72.11469, 0.0138668
1097, 72.19382, 0.0138516
1098, 71.72881, 0.0139414
1099, 71.86438, 0.0139151
1100, 71.63375, 0.0139599
1101, 71.74785, 0.0139377
1102, 71.72469, 0.0139422
1103, 71.98698, 0.0138914
1104, 71.15462, 0.0140539
1105, 72.43542, 0.0138054
1106, 70.73737, 0.0141368
1107, 72.96341, 0.0137055
1108, 71.97196, 0.0138943
1109, 71.74682, 0.0139379
1110, 48.72273, 0.0205243
1111, 137.1347, 0.0072921
1112, 71.55737, 0.0139748
1113, 70.78092, 0.0141281
1114, 71.71338, 0.0139444
1115, 72.6227, 0.0137698
1116, 71.87212, 0.0139136
1117, 71.39084, 0.0140074
1118, 72.11002, 0.0138677
1119, 71.1283, 0.0140591
1120, 72.812, 0.013734
1121, 71.5958, 0.0139673
1122, 71.43623, 0.0139985
1123, 72.35785, 0.0138202
1124, 71.51286, 0.0139835
1125, 71.60759, 0.013965
1126, 72.37042, 0.0138178
1127, 71.7319, 0.0139408
1128, 71.13944, 0.0140569
1129, 72.52999, 0.0137874
1130, 72.12249, 0.0138653
1131, 70.84361, 0.0141156
1132, 72.08818, 0.0138719
1133, 71.24791, 0.0140355
1134, 72.30344, 0.0138306
1135, 72.06532, 0.0138763
1136, 71.46839, 0.0139922
1137, 71.76021, 0.0139353
1138, 72.24285, 0.0138422
1139, 70.41757, 0.014201
1140, 73.27511, 0.0136472
1141, 71.57735, 0.0139709
1142, 72.14174, 0.0138616
1143, 68.78667, 0.0145377
1144, 75.68362, 0.0132129
1145, 70.89634, 0.0141051
1146, 72.82791, 0.013731
1147, 70.91947, 0.0141005
1148, 73.09567, 0.0136807
1149, 70.7679, 0.0141307
1150, 72.23711, 0.0138433
1151, 72.78285, 0.0137395
1152, 70.19317, 0.0142464
1153, 72.50475, 0.0137922
1154, 72.17246, 0.0138557
1155, 71.83805, 0.0139202
1156, 72.42703, 0.013807
1157, 71.34652, 0.0140161
1158, 72.00928, 0.0138871
1159, 71.76484, 0.0139344
1160, 72.04767, 0.0138797
1161, 69.43721, 0.0144015
1162, 73.41712, 0.0136208
1163, 72.71458, 0.0137524
1164, 71.43469, 0.0139988
1165, 72.18966, 0.0138524
1166, 71.61477, 0.0139636
1167, 71.23167, 0.0140387
1168, 72.11157, 0.0138674
1169, 72.08506, 0.0138725
1170, 71.87729, 0.0139126
1171, 70.67987, 0.0141483
1172, 71.87678, 0.0139127
1173, 72.31913, 0.0138276
1174, 72.00616, 0.0138877
1175, 70.0442, 0.0142767
1176, 74.39812, 0.0134412
1177, 71.49342, 0.0139873
1178, 72.02587, 0.0138839
1179, 70.811, 0.0141221
1180, 72.93626, 0.0137106
1181, 71.29565, 0.0140261
1182, 72.3589, 0.01382
1183, 70.80949, 0.0141224
1184, 72.86187, 0.0137246
1185, 70.76991, 0.0141303
1186, 72.77068, 0.0137418
1187, 70.79646, 0.014125
1188, 72.78974, 0.0137382
1189, 70.813, 0.0141217
1190, 72.52105, 0.0137891
1191, 70.19218, 0.0142466
1192, 73.93661, 0.0135251
1193, 71.64401, 0.0139579
1194, 70.62047, 0.0141602
1195, 73.35788, 0.0136318
1196, 71.57325, 0.0139717
1197, 70.8426, 0.0141158
1198, 71.8525, 0.0139174
1199, 72.20113, 0.0138502
1200, 71.76793, 0.0139338
1201, 72.21103, 0.0138483
1202, 71.73756, 0.0139397
1203, 72.45537, 0.0138016
1204, 72.07156, 0.0138751
1205, 70.63444, 0.0141574
1206, 72.29247, 0.0138327
1207, 71.9958, 0.0138897
1208, 71.97247, 0.0138942
1209, 71.74682, 0.0139379
1210, 71.75248, 0.0139368
1211, 70.87273, 0.0141098
1212, 72.50423, 0.0137923
1213, 72.19331, 0.0138517
1214, 71.6199, 0.0139626
1215, 71.78391, 0.0139307
1216, 71.37759, 0.01401
1217, 71.83856, 0.0139201
1218, 71.89124, 0.0139099
1219, 71.81895, 0.0139239
1220, 72.03832, 0.0138815
1221, 71.36485, 0.0140125
1222, 72.96288, 0.0137056
1223, 71.79163, 0.0139292
1224, 71.41837, 0.014002
1225, 71.51694, 0.0139827
1226, 72.10117, 0.0138694
1227, 71.39084, 0.0140074
1228, 72.50002, 0.0137931
1229, 71.00911, 0.0140827
1230, 71.63273, 0.0139601
1231, 72.2559, 0.0138397
1232, 71.59528, 0.0139674
1233, 72.20164, 0.0138501
1234, 72.07571, 0.0138743
1235, 71.90675, 0.0139069
1236, 72.19382, 0.0138516
1237, 23.58296, 0.0424035
1238, 57.12686, 0.0175049
1239, 86.94291, 0.0115018
1240, 83.26742, 0.0120095
1241, 71.13944, 0.0140569
1242, 72.11313, 0.0138671
1243, 71.64606, 0.0139575
1244, 72.02639, 0.0138838
1245, 71.90779, 0.0139067
1246, 72.25694, 0.0138395
1247, 71.81792, 0.0139241
1248, 71.23116, 0.0140388
1249, 72.44434, 0.0138037
1250, 71.71749, 0.0139436
1251, 71.57172, 0.013972
1252, 71.92123, 0.0139041
1253, 71.93313, 0.0139018
1254, 71.59939, 0.0139666
1255, 71.83289, 0.0139212
1256, 71.61528, 0.0139635
1257, 72.01861, 0.0138853
1258, 71.91606, 0.0139051
1259, 70.89433, 0.0141055
1260, 72.12145, 0.0138655
1261, 72.70876, 0.0137535
1262, 71.17894, 0.0140491
1263, 72.437, 0.0138051
1264, 72.28568, 0.013834
1265, 70.87825, 0.0141087
1266, 72.00047, 0.0138888
1267, 72.17506, 0.0138552
1268, 71.00961, 0.0140826
1269, 72.24964, 0.0138409
1270, 71.41735, 0.0140022
1271, 72.24755, 0.0138413
1272, 71.86179, 0.0139156
1273, 71.63221, 0.0139602
1274, 71.70978, 0.0139451
1275, 72.46954, 0.0137989
1276, 71.93417, 0.0139016
1277, 71.80142, 0.0139273
1278, 71.60554, 0.0139654
1279, 72.27314, 0.0138364
1280, 70.38387, 0.0142078
1281, 71.34143, 0.0140171
1282, 73.88252, 0.013535
1283, 71.48474, 0.013989
1284, 71.46839, 0.0139922
1285, 71.96108, 0.0138964
1286, 71.90417, 0.0139074
1287, 72.48163, 0.0137966
1288, 71.46226, 0.0139934
1289, 71.18299, 0.0140483
1290, 72.23294, 0.0138441
1291, 71.74734, 0.0139378
1292, 70.75339, 0.0141336
1293, 73.32991, 0.013637
1294, 71.88969, 0.0139102
1295, 70.94614, 0.0140952
1296, 72.3961, 0.0138129
1297, 71.8138, 0.0139249
1298, 70.62895, 0.0141585
1299, 73.4511, 0.0136145
1300, 71.69641, 0.0139477
1301, 71.53638, 0.0139789
1302, 71.67123, 0.0139526
1303, 71.84114, 0.0139196
1304, 72.01342, 0.0138863
1305, 72.31547, 0.0138283
1306, 70.61, 0.0141623
1307, 72.27679, 0.0138357
1308, 72.34791, 0.0138221
1309, 71.74167, 0.0139389
1310, 70.62147, 0.01416
1311, 72.96873, 0.0137045
1312, 72.58, 0.0137779
1313, 71.1607, 0.0140527
1314, 71.00003, 0.0140845
1315, 73.27564, 0.0136471
1316, 70.84511, 0.0141153
1317, 72.74368, 0.0137469
1318, 71.40511, 0.0140046
1319, 72.20113, 0.0138502
1320, 71.8004, 0.0139275
1321, 71.18958, 0.014047
1322, 70.89986, 0.0141044
1323, 73.60735, 0.0135856
1324, 71.75609, 0.0139361
1325, 70.92198, 0.0141
1326, 72.16673, 0.0138568
1327, 72.47217, 0.0137984
1328, 70.51391, 0.0141816
1329, 72.63905, 0.0137667
1330, 72.01394, 0.0138862
1331, 70.55669, 0.014173
1332, 72.82155, 0.0137322
1333, 72.06429, 0.0138765
1334, 71.52103, 0.0139819
1335, 72.68392, 0.0137582
1336, 70.6534, 0.0141536
1337, 71.0192, 0.0140807
1338, 72.61057, 0.0137721
1339, 72.75055, 0.0137456
1340, 71.64761, 0.0139572
1341, 72.26635, 0.0138377
1342, 71.91451, 0.0139054
1343, 71.4449, 0.0139968
1344, 71.60913, 0.0139647
1345, 72.08922, 0.0138717
1346, 71.73705, 0.0139398
1347, 71.56864, 0.0139726
1348, 72.13342, 0.0138632
1349, 71.96886, 0.0138949
1350, 71.66404, 0.013954
1351, 71.7, 0.013947
1352, 69.90172, 0.0143058
1353, 73.99296, 0.0135148
1354, 72.31808, 0.0138278
1355, 71.48372, 0.0139892
1356, 71.42448, 0.0140008
1357, 72.19539, 0.0138513
1358, 71.34754, 0.0140159
1359, 72.75108, 0.0137455
1360, 70.925, 0.0140994
1361, 72.53946, 0.0137856
1362, 71.70927, 0.0139452
1363, 69.93447, 0.0142991
1364, 72.19747, 0.0138509
1365, 72.92616, 0.0137125
1366, 71.61015, 0.0139645
1367, 72.54472, 0.0137846
1368, 70.52534, 0.0141793
1369, 72.01913, 0.0138852
1370, 72.87036, 0.013723
1371, 71.4689, 0.0139921
1372, 72.22563, 0.0138455
1373, 72.10689, 0.0138683
1374, 70.96074, 0.0140923
1375, 72.21833, 0.0138469
1376, 71.15816, 0.0140532
1377, 72.50317, 0.0137925
1378, 72.03417, 0.0138823
1379, 72.15267, 0.0138595
1380, 71.61785, 0.013963
1381, 72.30449, 0.0138304
1382, 71.32871, 0.0140196
1383, 71.54356, 0.0139775
1384, 72.81094, 0.0137342
1385, 71.42296, 0.0140011
1386, 71.57325, 0.0139717
1387, 71.86696, 0.0139146
1388, 71.88297, 0.0139115
1389, 72.03262, 0.0138826
1390, 71.79833, 0.0139279
1391, 71.17033, 0.0140508
1392, 72.59686, 0.0137747
1393, 71.17336, 0.0140502
1394, 71.38217, 0.0140091
1395, 73.04602, 0.01369
1396, 71.72212, 0.0139427
1397, 71.58453, 0.0139695
1398, 71.76948, 0.0139335
1399, 71.54919, 0.0139764
1400, 72.44434, 0.0138037
1401, 71.51132, 0.0139838
1402, 71.13337, 0.0140581
1403, 72.20842, 0.0138488
1404, 72.23502, 0.0138437
1405, 72.14174, 0.0138616
1406, 71.70258, 0.0139465
1407, 71.81947, 0.0139238
1408, 71.48729, 0.0139885
1409, 71.41735, 0.0140022
1410, 72.19486, 0.0138514
1411, 71.96523, 0.0138956
1412, 71.89382, 0.0139094
1413, 68.58052, 0.0145814
1414, 75.62981, 0.0132223
1415, 71.46686, 0.0139925
1416, 71.91864, 0.0139046
1417, 71.75506, 0.0139363
1418, 71.91296, 0.0139057
1419, 71.95798, 0.013897
1420, 71.29668, 0.0140259
1421, 72.18549, 0.0138532
1422, 71.22862, 0.0140393
1423, 71.79524, 0.0139285
1424, 71.38319, 0.0140089
1425, 72.77226, 0.0137415
1426, 72.10273, 0.0138691
1427, 71.73705, 0.0139398
1428, 71.59888, 0.0139667
1429, 71.45256, 0.0139953
1430, 72.50159, 0.0137928
1431, 71.50519, 0.013985
1432, 71.89796, 0.0139086
1433, 72.06168, 0.013877
1434, 71.97144, 0.0138944
1435, 70.74688, 0.0141349
1436, 72.94318, 0.0137093
1437, 70.57761, 0.0141688
1438, 72.98205, 0.013702
1439, 71.51848, 0.0139824
1440, 72.17611, 0.013855
1441, 71.54457, 0.0139773
1442, 71.29565, 0.0140261
1443, 71.34143, 0.0140171
1444, 73.0695, 0.0136856
1445, 72.16621, 0.0138569
1446, 70.72936, 0.0141384
1447, 72.18757, 0.0138528
1448, 72.0809, 0.0138733
1449, 69.99321, 0.0142871
1450, 60.16015, 0.0166223
1451, 91.89825, 0.0108816
1452, 72.07103, 0.0138752
1453, 71.74374, 0.0139385
1454, 71.7144, 0.0139442
1455, 71.76639, 0.0139341
1456, 72.25851, 0.0138392
1457, 71.10555, 0.0140636
1458, 71.8267, 0.0139224
1459, 72.30711, 0.0138299
1460, 70.68987, 0.0141463
1461, 71.01365, 0.0140818
1462, 74.02473, 0.013509
1463, 72.17663, 0.0138549
1464, 71.40154, 0.0140053
1465, 71.16982, 0.0140509
1466, 72.30972, 0.0138294
1467, 71.40868, 0.0140039
1468, 71.94918, 0.0138987
1469, 72.24285, 0.0138422
1470, 71.74064, 0.0139391
1471, 71.76536, 0.0139343
1472, 72.14227, 0.0138615
1473, 70.46174, 0.0141921
1474, 73.02095, 0.0136947
1475, 72.14539, 0.0138609
1476, 71.67123, 0.0139526
1477, 71.46226, 0.0139934
1478, 72.28933, 0.0138333
1479, 70.14639, 0.0142559
1480, 73.46837, 0.0136113
1481, 70.4136, 0.0142018
1482, 72.29456, 0.0138323
1483, 72.92616, 0.0137125
1484, 71.68048, 0.0139508
1485, 70.74587, 0.0141351
1486, 72.99057, 0.0137004
1487, 71.48065, 0.0139898
1488, 72.21312, 0.0138479
1489, 71.20428, 0.0140441
1490, 71.52974, 0.0139802
1491, 71.81895, 0.0139239
1492, 72.29142, 0.0138329
1493, 72.01653, 0.0138857
1494, 71.93262, 0.0139019
1495, 72.13758, 0.0138624
1496, 71.08281, 0.0140681
1497, 71.92072, 0.0139042
1498, 72.60319, 0.0137735
1499, 71.36078, 0.0140133
1500, 71.54816, 0.0139766
1501, 70.67038, 0.0141502
1502, 73.1101, 0.013678
1503, 71.8138, 0.0139249
1504, 72.32959, 0.0138256
1505, 70.25531, 0.0142338
1506, 73.56241, 0.0135939
1507, 71.15057, 0.0140547
1508, 72.3343, 0.0138247
1509, 71.38829, 0.0140079
1510, 72.19486, 0.0138514
1511, 70.48607, 0.0141872
1512, 72.83852, 0.013729
1513, 72.18132, 0.013854
1514, 72.30397, 0.0138305
1515, 71.26365, 0.0140324
1516, 71.81226, 0.0139252
1517, 71.87729, 0.0139126
1518, 71.58811, 0.0139688
1519, 72.28201, 0.0138347
1520, 71.36994, 0.0140115
1521, 71.84269, 0.0139193
1522, 71.93365, 0.0139017
1523, 71.21949, 0.0140411
1524, 72.93946, 0.01371
1525, 71.34703, 0.014016
1526, 71.95539, 0.0138975
1527, 71.1911, 0.0140467
1528, 72.50369, 0.0137924
1529, 71.48525, 0.0139889
1530, 71.83134, 0.0139215
1531, 71.64504, 0.0139577
1532, 72.24285, 0.0138422
1533, 71.78957, 0.0139296
1534, 71.41327, 0.014003
1535, 72.26008, 0.0138389
1536, 71.98491, 0.0138918
1537, 71.48372, 0.0139892
1538, 72.14071, 0.0138618
1539, 71.88918, 0.0139103
1540, 72.05545, 0.0138782
1541, 70.66238, 0.0141518
1542, 72.87939, 0.0137213
1543, 72.02016, 0.013885
1544, 71.67585, 0.0139517
1545, 70.85917, 0.0141125
1546, 72.73997, 0.0137476
1547, 71.39186, 0.0140072
1548, 72.26791, 0.0138374
1549, 71.95694, 0.0138972
1550, 71.82876, 0.013922
1551, 71.28143, 0.0140289
1552, 71.87057, 0.0139139
1553, 71.94969, 0.0138986
1554, 72.21781, 0.013847
1555, 71.53895, 0.0139784
1556, 70.84561, 0.0141152
1557, 72.91287, 0.013715
1558, 72.0513, 0.013879
1559, 71.74476, 0.0139383
1560, 70.80097, 0.0141241
1561, 72.62112, 0.0137701
1562, 72.25851, 0.0138392
1563, 71.91917, 0.0139045
1564, 70.97685, 0.0140891
1565, 72.31913, 0.0138276
1566, 72.01447, 0.0138861
1567, 71.0919, 0.0140663
1568, 72.34058, 0.0138235
1569, 71.77205, 0.013933
1570, 70.4667, 0.0141911
1571, 73.87161, 0.013537
1572, 71.23218, 0.0140386
1573, 71.87367, 0.0139133
1574, 72.18079, 0.0138541
1575, 72.01601, 0.0138858
1576, 71.35212, 0.014015
1577, 71.08331, 0.014068
1578, 71.7463, 0.013938
1579, 72.38718, 0.0138146
1580, 72.28881, 0.0138334
1581, 71.43469, 0.0139988
1582, 71.85818, 0.0139163
1583, 72.16465, 0.0138572
1584, 71.91709, 0.0139049
1585, 71.55737, 0.0139748
1586, 71.51439, 0.0139832
1587, 72.36728, 0.0138184
1588, 71.18857, 0.0140472
1589, 71.41479, 0.0140027
1590, 71.96368, 0.0138959
1591, 72.65752, 0.0137632
1592, 72.17194, 0.0138558
1593, 71.61477, 0.0139636
1594, 70.80949, 0.0141224
1595, 72.88046, 0.0137211
1596, 70.25827, 0.0142332
1597, 72.55788, 0.0137821
1598, 71.85147, 0.0139176
1599, 71.93986, 0.0139005
1600, 69.20702, 0.0144494
1601, 72.63272, 0.0137679
1602, 74.00117, 0.0135133
1603, 72.07103, 0.0138752
1604, 71.18704, 0.0140475
1605, 71.89331, 0.0139095
1606, 70.33585, 0.0142175
1607, 74.01925, 0.01351
1608, 71.53281, 0.0139796
1609, 72.04559, 0.0138801
1610, 71.77205, 0.013933
1611, 70.11591, 0.0142621
1612, 73.72348, 0.0135642
1613, 72.25381, 0.0138401
1614, 71.48422, 0.0139891
1615, 72.06532, 0.0138763
1616, 70.72836, 0.0141386
1617, 72.66808, 0.0137612
1618, 70.30965, 0.0142228
1619, 73.61765, 0.0135837
1620, 70.14541, 0.0142561
1621, 73.38049, 0.0136276
1622, 70.4667, 0.0141911
1623, 73.45325, 0.0136141
1624, 71.39797, 0.014006
1625, 72.40762, 0.0138107
1626, 71.81483, 0.0139247
1627, 71.62708, 0.0139612
1628, 72.02172, 0.0138847
1629, 70.53231, 0.0141779
1630, 71.95176, 0.0138982
1631, 71.91037, 0.0139062
1632, 73.00496, 0.0136977
1633, 70.33635, 0.0142174
1634, 73.50996, 0.0136036
1635, 71.29362, 0.0140265
1636, 71.39339, 0.0140069
1637, 72.54104, 0.0137853
1638, 72.05182, 0.0138789
1639, 71.68407, 0.0139501
1640, 71.54611, 0.013977
1641, 70.9829, 0.0140879
1642, 71.02979, 0.0140786
1643, 74.07462, 0.0134999
1644, 70.03586, 0.0142784
1645, 72.86877, 0.0137233
1646, 72.40186, 0.0138118
1647, 71.66455, 0.0139539
1648, 71.30531, 0.0140242
1649, 71.9321, 0.013902
1650, 71.57787, 0.0139708
1651, 72.50423, 0.0137923
1652, 70.83157, 0.014118
1653, 72.49213, 0.0137946
1654, 70.68087, 0.0141481
1655, 72.64116, 0.0137663
1656, 72.42021, 0.0138083
1657, 71.11263, 0.0140622
1658, 72.37252, 0.0138174
1659, 71.61015, 0.0139645
1660, 71.24791, 0.0140355
1661, 72.75638, 0.0137445
1662, 69.87681, 0.0143109
1663, 72.80246, 0.0137358
1664, 72.03625, 0.0138819
1665, 72.48058, 0.0137968
1666, 68.47673, 0.0146035
1667, 75.91401, 0.0131728
1668, 71.46686, 0.0139925
1669, 35.13667, 0.0284603
1670, 74.17682, 0.0134813
1671, 70.98743, 0.014087
1672, 72.39714, 0.0138127
1673, 65.89091, 0.0151766
1674, 80.21884, 0.0124659
1675, 71.78648, 0.0139302
1676, 70.27407, 0.01423
1677, 29.49992, 0.0338984
1678, 109.1906, 0.0091583
1679, 82.08361, 0.0121827
1680, 70.27802, 0.0142292
1681, 73.60789, 0.0135855
1682, 70.64392, 0.0141555
1683, 72.89852, 0.0137177
1684, 71.53178, 0.0139798
1685, 71.82205, 0.0139233
1686, 70.72186, 0.0141399
1687, 31.90505, 0.031343
1688, 97.82534, 0.0102223
1689, 71.89796, 0.0139086
1690, 71.44695, 0.0139964
1691, 71.07877, 0.0140689
1692, 72.94159, 0.0137096
1693, 71.64864, 0.013957
1694, 72.62006, 0.0137703
1695, 71.35416, 0.0140146
1696, 70.70686, 0.0141429
1697, 32.58645, 0.0306876
1698, 89.1822, 0.011213
1699, 73.43222, 0.013618
1700, 72.12405, 0.013865
1701, 71.80607, 0.0139264
1702, 71.42245, 0.0140012
1703, 72.10169, 0.0138693
1704, 71.3939, 0.0140068
1705, 71.98906, 0.013891
1706, 71.00458, 0.0140836
1707, 31.28608, 0.0319631
1708, 103.9296, 0.0096219
1709, 68.42566, 0.0146144
1710, 75.52984, 0.0132398
1711, 71.83959, 0.0139199
1712, 72.03937, 0.0138813
1713, 71.61272, 0.013964
1714, 71.92123, 0.0139041
1715, 71.63683, 0.0139593
1716, 71.1278, 0.0140592
1717, 32.17462, 0.0310804
1718, 95.57123, 0.0104634
1719, 70.17495, 0.0142501
1720, 70.64791, 0.0141547
1721, 73.6041, 0.0135862
1722, 73.00869, 0.013697
1723, 71.15766, 0.0140533
1724, 72.02328, 0.0138844
1725, 71.68099, 0.0139507
1726, 70.95822, 0.0140928
1727, 31.17664, 0.0320753
1728, 92.94199, 0.0107594
1729, 78.35824, 0.0127619
1730, 73.10155, 0.0136796
1731, 70.62895, 0.0141585
1732, 72.41707, 0.0138089
1733, 71.93054, 0.0139023
1734, 71.20123, 0.0140447
1735, 72.24598, 0.0138416
1736, 69.29191, 0.0144317
1737, 30.81351, 0.0324533
1738, 93.66892, 0.0106759
1739, 83.54568, 0.0119695
1740, 70.95319, 0.0140938
1741, 71.91193, 0.0139059
1742, 71.08735, 0.0140672
1743, 72.60266, 0.0137736
1744, 72.34267, 0.0138231
1745, 71.58094, 0.0139702
1746, 71.39134, 0.0140073
1747, 26.23391, 0.0381186
1748, 44.40221, 0.0225214
1749, 111.9219, 0.0089348
1750, 72.01447, 0.0138861
1751, 71.92744, 0.0139029
1752, 70.67038, 0.0141502
1753, 71.66455, 0.0139539
1754, 72.3024, 0.0138308
1755, 72.14903, 0.0138602
1756, 31.7871, 0.0314593
1757, 99.15422, 0.0100853
1758, 70.4811, 0.0141882
1759, 72.89214, 0.0137189
1760, 71.84166, 0.0139195
1761, 71.5999, 0.0139665
1762, 71.76793, 0.0139338
1763, 69.96872, 0.0142921
1764, 70.43394, 0.0141977
1765, 74.56287, 0.0134115
1766, 32.42521, 0.0308402
1767, 93.83504, 0.010657
1768, 71.08634, 0.0140674
1769, 71.624, 0.0139618
1770, 72.24233, 0.0138423
1771, 71.95694, 0.0138972
1772, 71.79369, 0.0139288
1773, 71.89176, 0.0139098
1774, 70.80899, 0.0141225
1775, 70.57213, 0.0141699
1776, 33.00461, 0.0302988
1777, 91.79618, 0.0108937
1778, 71.30074, 0.0140251
1779, 71.99528, 0.0138898
1780, 70.41014, 0.0142025
1781, 73.43546, 0.0136174
1782, 71.47554, 0.0139908
1783, 71.85147, 0.0139176
1784, 71.80349, 0.0139269
1785, 69.41215, 0.0144067
1786, 32.5217, 0.0307487
1787, 95.26077, 0.0104975
1788, 71.6851, 0.0139499
1789, 71.45306, 0.0139952
1790, 71.63837, 0.013959
1791, 71.55686, 0.0139749
1792, 72.65699, 0.0137633
1793, 70.2336, 0.0142382
1794, 72.72621, 0.0137502
1795, 71.23573, 0.0140379
1796, 30.7048, 0.0325682
1797, 111.7968, 0.0089448
1798, 71.66455, 0.0139539
1799, 71.71492, 0.0139441
1800, 71.77926, 0.0139316
1801, 71.84837, 0.0139182
1802, 70.30569, 0.0142236
1803, 72.7019, 0.0137548
1804, 72.39137, 0.0138138
1805, 71.18198, 0.0140485
1806, 31.40427, 0.0318428
1807, 101.7863, 0.0098245
1808, 72.5058, 0.013792
1809, 71.56506, 0.0139733
1810, 72.06013, 0.0138773
1811, 71.52257, 0.0139816
1812, 70.65191, 0.0141539
1813, 72.34582, 0.0138225
1814, 72.00565, 0.0138878
1815, 70.89986, 0.0141044
1816, 29.77156, 0.0335891
1817, 123.5178, 0.008096
1818, 71.73653, 0.0139399
1819, 73.65506, 0.0135768
1820, 71.35823, 0.0140138
1821, 71.28701, 0.0140278
1822, 72.26687, 0.0138376
1823, 72.03988, 0.0138812
1824, 71.4097, 0.0140037
1825, 70.57861, 0.0141686
1826, 30.90932, 0.0323527
1827, 112.0461, 0.0089249
1828, 70.43047, 0.0141984
1829, 72.33796, 0.013824
1830, 71.23421, 0.0140382
1831, 71.88918, 0.0139103
1832, 72.01291, 0.0138864
1833, 71.98854, 0.0138911
1834, 71.79266, 0.013929
1835, 71.08482, 0.0140677
1836, 72.36518, 0.0138188
1837, 36.01553, 0.0277658
1838, 71.22862, 0.0140393
1839, 72.24233, 0.0138423
1840, 70.95268, 0.0140939
1841, 72.52999, 0.0137874
1842, 71.7463, 0.013938
1843, 72.0887, 0.0138718
1844, 71.36384, 0.0140127
1845, 71.36434, 0.0140126
1846, 72.63166, 0.0137681
1847, 71.94141, 0.0139002
1848, 71.55533, 0.0139752
1849, 71.604, 0.0139657
1850, 71.70978, 0.0139451
1851, 72.18653, 0.013853
1852, 71.7906, 0.0139294
1853, 71.75248, 0.0139368
1854, 72.02016, 0.013885
1855, 71.74374, 0.0139385
1856, 71.12628, 0.0140595
1857, 72.16153, 0.0138578
1858, 72.15632, 0.0138588
1859, 71.06361, 0.0140719
1860, 72.52105, 0.0137891
1861, 70.96527, 0.0140914
1862, 73.46675, 0.0136116
1863, 71.05301, 0.014074
1864, 72.25799, 0.0138393
1865, 70.67437, 0.0141494
1866, 73.05456, 0.0136884
1867, 70.70836, 0.0141426
1868, 72.86293, 0.0137244
1869, 71.71955, 0.0139432
1870, 71.4924, 0.0139875
1871, 70.58209, 0.0141679
1872, 73.64909, 0.0135779
1873, 71.61375, 0.0139638
1874, 71.45766, 0.0139943
1875, 72.11469, 0.0138668
1876, 72.11885, 0.013866
1877, 69.61849, 0.014364
1878, 70.68886, 0.0141465
1879, 30.14845, 0.0331692
1880, 98.40292, 0.0101623
1881, 85.14407, 0.0117448
1882, 71.64299, 0.0139581
1883, 71.60657, 0.0139652
1884, 72.22772, 0.0138451
1885, 72.01706, 0.0138856
1886, 71.84785, 0.0139183
1887, 71.33176, 0.014019
1888, 71.10049, 0.0140646
1889, 32.04071, 0.0312103
1890, 98.32359, 0.0101705
1891, 70.71436, 0.0141414
1892, 72.06844, 0.0138757
1893, 69.96236, 0.0142934
1894, 74.23685, 0.0134704
1895, 72.02172, 0.0138847
1896, 71.84785, 0.0139183
1897, 71.40052, 0.0140055
1898, 70.02556, 0.0142805
1899, 32.82541, 0.0304642
1900, 91.49801, 0.0109292
1901, 71.77978, 0.0139315
1902, 71.48678, 0.0139886
1903, 71.76175, 0.013935
1904, 71.08129, 0.0140684
1905, 73.00602, 0.0136975
1906, 71.36282, 0.0140129
1907, 71.7463, 0.013938
1908, 71.42603, 0.0140005
1909, 29.49539, 0.0339036
1910, 132.1248, 0.0075686
1911, 71.24689, 0.0140357
1912, 71.49292, 0.0139874
1913, 72.03054, 0.013883
1914, 71.73807, 0.0139396
1915, 69.6311, 0.0143614
1916, 74.2782, 0.0134629
1917, 72.16778, 0.0138566
1918, 70.995, 0.0140855
1919, 32.1408, 0.0311131
1920, 94.70145, 0.0105595
1921, 72.05389, 0.0138785
1922, 71.60708, 0.0139651
1923, 71.20073, 0.0140448
1924, 72.26896, 0.0138372
1925, 71.62914, 0.0139608
1926, 69.87925, 0.0143104
1927, 74.30525, 0.013458
1928, 71.66506, 0.0139538
1929, 30.92758, 0.0323336
1930, 106.7054, 0.0093716
1931, 70.44437, 0.0141956
1932, 72.7712, 0.0137417
1933, 71.6394, 0.0139588
1934, 71.6358, 0.0139595
1935, 72.32332, 0.0138268
1936, 71.74116, 0.013939
1937, 72.16726, 0.0138567
1938, 71.29972, 0.0140253
1939, 32.43573, 0.0308302
1940, 92.27901, 0.0108367
1941, 71.99528, 0.0138898
1942, 71.0525, 0.0140741
1943, 72.54946, 0.0137837
1944, 71.06613, 0.0140714
1945, 72.72462, 0.0137505
1946, 70.71285, 0.0141417
1947, 72.6797, 0.013759
1948, 70.67937, 0.0141484
1949, 32.07976, 0.0311723
1950, 96.98474, 0.0103109
1951, 71.254, 0.0140343
1952, 71.58196, 0.01397
1953, 71.45461, 0.0139949
1954, 72.2486, 0.0138411
1955, 70.82906, 0.0141185
1956, 61.23699, 0.01633
1957, 91.98024, 0.0108719
1958, 68.9679, 0.0144995
1959, 29.04959, 0.0344239
1960, 112.4758, 0.0088908
1961, 83.87502, 0.0119225
1962, 71.38065, 0.0140094
1963, 71.74013, 0.0139392
1964, 71.78596, 0.0139303
1965, 71.14349, 0.0140561
1966, 72.16257, 0.0138576
1967, 72.04455, 0.0138803
1968, 70.63693, 0.0141569
1969, 32.52201, 0.0307484
1970, 92.81259, 0.0107744
1971, 71.30989, 0.0140233
1972, 71.87522, 0.013913
1973, 71.77824, 0.0139318
1974, 70.72036, 0.0141402
1975, 72.75214, 0.0137453
1976, 72.28515, 0.0138341
1977, 71.60759, 0.013965
1978, 71.45562, 0.0139947
1979, 31.94205, 0.0313067
1980, 97.01391, 0.0103078
1981, 71.53332, 0.0139795
1982, 71.04846, 0.0140749
1983, 72.57737, 0.0137784
1984, 71.39746, 0.0140061
1985, 72.22355, 0.0138459
1986, 71.84785, 0.0139183
1987, 71.83959, 0.0139199
1988, 70.16017, 0.0142531
1989, 30.74643, 0.0325241
1990, 111.9909, 0.0089293
1991, 71.74734, 0.0139378
1992, 71.67791, 0.0139513
1993, 70.69036, 0.0141462
1994, 73.17645, 0.0136656
1995, 71.89538, 0.0139091
1996, 72.18757, 0.0138528
1997, 71.7067, 0.0139457
1998, 70.37495, 0.0142096
1999, 32.35168, 0.0309103
2000, 94.50009, 0.010582
2001, 71.56301, 0.0139737
2002, 71.9202, 0.0139043
2003, 69.00739, 0.0144912
2004, 75.00413, 0.0133326
2005, 72.03002, 0.0138831
2006, 71.42908, 0.0139999
2007, 71.61118, 0.0139643
2008, 71.70258, 0.0139465
2009, 32.38992, 0.0308738
2010, 92.80743, 0.010775
2011, 71.9901, 0.0138908
2012, 70.98341, 0.0140878
2013, 72.72569, 0.0137503
2014, 71.58862, 0.0139687
2015, 71.71646, 0.0139438
2016, 72.08454, 0.0138726
2017, 71.53946, 0.0139783
2018, 71.17438, 0.01405
2019, 30.97817, 0.0322808
2020, 105.5264, 0.0094763
2021, 71.99061, 0.0138907
2022, 72.75743, 0.0137443
2023, 71.9616, 0.0138963
2024, 56.21135, 0.01779
2025, 81.25655, 0.0123067
2026, 87.23187, 0.0114637
2027, 71.87574, 0.0139129
2028, 70.28493, 0.0142278
2029, 28.94725, 0.0345456
2030, 137.7828, 0.0072578
2031, 72.52052, 0.0137892
2032, 71.69384, 0.0139482
2033, 71.32261, 0.0140208
2034, 72.0015, 0.0138886
2035, 72.24076, 0.0138426
2036, 70.52734, 0.0141789
2037, 73.4511, 0.0136145
2038, 70.06677, 0.0142721
2039, 28.9861, 0.0344993
2040, 140.855, 0.0070995
2041, 70.83758, 0.0141168
2042, 74.17133, 0.0134823
2043, 71.32922, 0.0140195
2044, 71.75145, 0.013937
2045, 72.17455, 0.0138553
2046, 71.32362, 0.0140206
2047, 70.50993, 0.0141824
2048, 72.21207, 0.0138481
2049, 31.7277, 0.0315182
2050, 98.55712, 0.0101464
2051, 72.29089, 0.013833
2052, 71.14703, 0.0140554
2053, 72.27157, 0.0138367
2054, 71.3944, 0.0140067
2055, 72.30711, 0.0138299
2056, 71.61118, 0.0139643
2057, 71.40358, 0.0140049
2058, 70.84361, 0.0141156
2059, 32.23072, 0.0310263
2060, 90.76057, 0.011018
2061, 75.92496, 0.0131709
2062, 71.47912, 0.0139901
2063, 70.87976, 0.0141084
2064, 72.37828, 0.0138163
2065, 71.88039, 0.013912
2066, 71.75918, 0.0139355
2067, 71.91296, 0.0139057
2068, 70.32596, 0.0142195
2069, 72.76643, 0.0137426
2070, 72.65013, 0.0137646
2071, 71.45103, 0.0139956
2072, 71.67431, 0.013952
2073, 72.06636, 0.0138761
2074, 71.91502, 0.0139053
2075, 70.96527, 0.0140914
2076, 70.72036, 0.0141402
2077, 73.1909, 0.0136629
2078, 72.42703, 0.013807
2079, 70.64342, 0.0141556
2080, 71.77926, 0.0139316
2081, 72.26948, 0.0138371
2082, 72.95223, 0.0137076
2083, 70.49651, 0.0141851
2084, 72.59159, 0.0137757
2085, 71.98595, 0.0138916
2086, 71.44643, 0.0139965
2087, 71.38268, 0.014009
2088, 72.41077, 0.0138101
2089, 68.8838, 0.0145172
2090, 71.77978, 0.0139315
2091, 29.18438, 0.0342649
2092, 113.5009, 0.0088105
2093, 84.04067, 0.011899
2094, 71.03282, 0.014078
2095, 72.06947, 0.0138755
2096, 71.85147, 0.0139176
2097, 72.1834, 0.0138536
2098, 70.83206, 0.0141179
2099, 72.42651, 0.0138071
2100, 69.67088, 0.0143532
2101, 32.42595, 0.0308395
2102, 95.11761, 0.0105133
2103, 71.88969, 0.0139102
2104, 71.76793, 0.0139338
2105, 71.63119, 0.0139604
2106, 72.34738, 0.0138222
2107, 71.43112, 0.0139995
2108, 72.32854, 0.0138258
2109, 71.38982, 0.0140076
2110, 71.49649, 0.0139867
2111, 30.98777, 0.0322708
2112, 108.5281, 0.0092142
2113, 70.96426, 0.0140916
2114, 71.48116, 0.0139897
2115, 72.24076, 0.0138426
2116, 71.78545, 0.0139304
2117, 71.85095, 0.0139177
2118, 71.67791, 0.0139513
2119, 71.61015, 0.0139645
2120, 70.45181, 0.0141941
2121, 31.99222, 0.0312576
2122, 99.09134, 0.0100917
2123, 71.50314, 0.0139854
2124, 71.38879, 0.0140078
2125, 71.76278, 0.0139348
2126, 71.62195, 0.0139622
2127, 72.30605, 0.0138301
2128, 70.8878, 0.0141068
2129, 72.92616, 0.0137125
2130, 71.32973, 0.0140194
2131, 33.10601, 0.030206
2132, 87.6332, 0.0114112
2133, 71.85508, 0.0139169
2134, 71.58555, 0.0139693
2135, 72.2345, 0.0138438
2136, 71.16323, 0.0140522
2137, 73.15771, 0.0136691
2138, 70.77742, 0.0141288
2139, 71.48678, 0.0139886
2140, 72.10949, 0.0138678
2141, 32.54297, 0.0307286
2142, 92.40692, 0.0108217
2143, 71.19769, 0.0140454
2144, 71.51848, 0.0139824
2145, 72.12145, 0.0138655
2146, 71.80813, 0.013926
2147, 72.13081, 0.0138637
2148, 70.5791, 0.0141685
2149, 73.17216, 0.0136664
2150, 71.12477, 0.0140598
2151, 31.21878, 0.032032
2152, 104.8196, 0.0095402
2153, 71.0313, 0.0140783
2154, 70.89131, 0.0141061
2155, 73.41443, 0.0136213
2156, 70.9547, 0.0140935
2157, 71.81329, 0.013925
2158, 72.45694, 0.0138013
2159, 71.78184, 0.0139311
2160, 70.94815, 0.0140948
2161, 31.26319, 0.0319865
2162, 105.2809, 0.0094984
2163, 70.83106, 0.0141181
2164, 70.13606, 0.014258
2165, 71.82515, 0.0139227
2166, 74.19553, 0.0134779
2167, 71.884, 0.0139113
2168, 71.80246, 0.0139271
2169, 71.44695, 0.0139964
2170, 69.68253, 0.0143508
2171, 31.59717, 0.0316484
2172, 104.1363, 0.0096028
2173, 71.44031, 0.0139977
2174, 71.39645, 0.0140063
2175, 71.62298, 0.013962
2176, 72.71352, 0.0137526
2177, 72.06792, 0.0138758
2178, 70.38586, 0.0142074
2179, 72.54841, 0.0137839
2180, 71.4781, 0.0139903
2181, 29.14721, 0.0343086
2182, 137.0013, 0.0072992
2183, 72.08038, 0.0138734
2184, 71.48167, 0.0139896
2185, 71.51694, 0.0139827
2186, 71.31498, 0.0140223
2187, 71.99683, 0.0138895
2188, 71.81226, 0.0139252
2189, 70.95772, 0.0140929
2190, 70.34773, 0.0142151
2191, 30.63435, 0.0326431
2192, 90.47399, 0.0110529
2193, 87.71007, 0.0114012
2194, 71.95487, 0.0138976
2195, 71.72726, 0.0139417
2196, 71.28295, 0.0140286
2197, 71.02929, 0.0140787
2198, 73.24129, 0.0136535
2199, 71.52871, 0.0139804
2200, 71.63324, 0.01396
2201, 32.19948, 0.0310564
2202, 92.98606, 0.0107543
2203, 72.98684, 0.0137011
2204, 71.85715, 0.0139165
2205, 71.40358, 0.0140049
2206, 72.10273, 0.0138691
2207, 71.67945, 0.013951
2208, 71.26974, 0.0140312
2209, 71.93054, 0.0139023
2210, 71.47146, 0.0139916
2211, 30.93638, 0.0323244
2212, 108.1479, 0.0092466
2213, 71.14855, 0.0140551
2214, 71.973, 0.0138941
2215, 71.87988, 0.0139121
2216, 71.42092, 0.0140015
2217, 72.72727, 0.01375
2218, 71.66455, 0.0139539
2219, 71.01163, 0.0140822
2220, 71.9295, 0.0139025
2221, 32.13337, 0.0311203
2222, 95.57945, 0.0104625
2223, 71.49036, 0.0139879
2224, 71.70824, 0.0139454
2225, 72.25642, 0.0138396
2226, 70.79395, 0.0141255
2227, 72.45117, 0.0138024
2228, 72.08714, 0.0138721
2229, 71.56711, 0.0139729
2230, 69.46664, 0.0143954
2231, 32.55007, 0.0307219
2232, 96.0541, 0.0104108
2233, 70.61997, 0.0141603
2234, 72.43437, 0.0138056
2235, 71.02626, 0.0140793
2236, 72.65171, 0.0137643
2237, 71.46073, 0.0139937
2238, 68.20584, 0.0146615
2239, 35.93038, 0.0278316
2240, 29.98456, 0.0333505
2241, 129.1222, 0.0077446
2242, 72.14539, 0.0138609
2243, 72.73362, 0.0137488
2244, 71.18147, 0.0140486
2245, 71.85405, 0.0139171
2246, 72.05441, 0.0138784
2247, 70.63693, 0.0141569
2248, 70.95973, 0.0140925
2249, 73.07591, 0.0136844
2250, 30.06651, 0.0332596
2251, 118.1363, 0.0084648
2252, 72.02795, 0.0138835
2253, 71.89331, 0.0139095
2254, 72.43595, 0.0138053
2255, 71.10858, 0.014063
2256, 72.6945, 0.0137562
2257, 71.40511, 0.0140046
2258, 71.74064, 0.0139391
2259, 71.55533, 0.0139752
2260, 31.3192, 0.0319293
2261, 102.9283, 0.0097155
2262, 71.75352, 0.0139366
2263, 71.86386, 0.0139152
2264, 71.65428, 0.0139559
2265, 71.52922, 0.0139803
2266, 72.19226, 0.0138519
2267, 71.28143, 0.0140289
2268, 72.86187, 0.0137246
2269, 70.46124, 0.0141922
2270, 32.5417, 0.0307298
2271, 92.21095, 0.0108447
2272, 71.69692, 0.0139476
2273, 72.06895, 0.0138756
2274, 71.63888, 0.0139589
2275, 71.01012, 0.0140825
2276, 72.72462, 0.0137505
2277, 71.97559, 0.0138936
2278, 71.49393, 0.0139872
2279, 58.39893, 0.0171236
2280, 28.43421, 0.0351689
2281, 182.8688, 0.0054684
2282, 89.23711, 0.0112061
2283, 71.21493, 0.014042
2284, 70.80899, 0.0141225
2285, 72.38823, 0.0138144
2286, 71.43265, 0.0139992
2287, 71.93882, 0.0139007
2288, 71.31142, 0.014023
2289, 70.63094, 0.0141581
2290, 72.54999, 0.0137836
2291, 70.67738, 0.0141488
2292, 73.07004, 0.0136855
2293, 70.3918, 0.0142062
2294, 72.73997, 0.0137476
2295, 72.09753, 0.0138701
2296, 71.31905, 0.0140215
2297, 71.79472, 0.0139286
2298, 72.15372, 0.0138593
2299, 71.5456, 0.0139771
2300, 71.26466, 0.0140322
2301, 72.3919, 0.0138137
2302, 71.17336, 0.0140502
2303, 72.01757, 0.0138855
2304, 71.6435, 0.013958
2305, 72.48793, 0.0137954
2306, 72.16205, 0.0138577
2307, 71.97455, 0.0138938
2308, 70.70286, 0.0141437
2309, 72.21103, 0.0138483
2310, 71.58708, 0.013969
2311, 71.27634, 0.0140299
2312, 72.73627, 0.0137483
2313, 70.95822, 0.0140928
2314, 72.80405, 0.0137355
2315, 72.30135, 0.013831
2316, 71.77669, 0.0139321
2317, 71.54304, 0.0139776
2318, 71.88091, 0.0139119
2319, 71.84114, 0.0139196
2320, 71.13033, 0.0140587
2321, 72.42074, 0.0138082
2322, 70.49402, 0.0141856
2323, 72.11625, 0.0138665
2324, 73.23271, 0.0136551
2325, 71.05805, 0.014073
2326, 71.60759, 0.013965
2327, 72.57737, 0.0137784
2328, 71.83805, 0.0139202
2329, 71.85612, 0.0139167
2330, 71.94814, 0.0138989
2331, 71.86593, 0.0139148
2332, 70.94211, 0.014096
2333, 71.26111, 0.0140329
2334, 73.85906, 0.0135393
2335, 71.144, 0.014056
2336, 71.79782, 0.013928
2337, 71.52718, 0.0139807
2338, 71.101, 0.0140645
2339, 73.21716, 0.013658
2340, 71.52974, 0.0139802
2341, 69.4787, 0.0143929
2342, 74.3948, 0.0134418
2343, 72.00876, 0.0138872
2344, 70.30025, 0.0142247
2345, 72.79504, 0.0137372
2346, 72.14903, 0.0138602
2347, 72.12614, 0.0138646
2348, 71.70618, 0.0139458
2349, 71.42755, 0.0140002
2350, 70.64691, 0.0141549
2351, 73.29874, 0.0136428
2352, 71.52001, 0.0139821
2353, 72.33849, 0.0138239
2354, 71.93417, 0.0139016
2355, 70.31212, 0.0142223
2356, 72.17038, 0.0138561
2357, 73.18822, 0.0136634
2358, 71.57838, 0.0139707
2359, 71.92537, 0.0139033
2360, 71.37606, 0.0140103
2361, 72.05856, 0.0138776
2362, 70.35119, 0.0142144
2363, 73.70718, 0.0135672
2364, 71.29414, 0.0140264
2365, 70.88277, 0.0141078
2366, 71.39134, 0.0140073
2367, 73.5873, 0.0135893
2368, 71.07068, 0.0140705
2369, 72.81253, 0.0137339
2370, 71.75557, 0.0139362
2371, 71.91761, 0.0139048
2372, 71.62914, 0.0139608
2373, 71.71081, 0.0139449
2374, 70.36258, 0.0142121
2375, 72.6438, 0.0137658
2376, 72.93893, 0.0137101
2377, 69.9379, 0.0142984
2378, 73.42683, 0.013619
2379, 71.86438, 0.0139151
2380, 71.41429, 0.0140028
2381, 71.53127, 0.0139799
2382, 71.71389, 0.0139443
2383, 72.02898, 0.0138833
2384, 71.49496, 0.013987
2385, 71.83031, 0.0139217
2386, 70.45429, 0.0141936
2387, 73.76426, 0.0135567
2388, 70.41659, 0.0142012
2389, 73.37135, 0.0136293
2390, 72.01757, 0.0138855
2391, 72.00305, 0.0138883
2392, 71.41071, 0.0140035
2393, 72.17872, 0.0138545
2394, 71.88608, 0.0139109
2395, 71.51337, 0.0139834
2396, 71.55891, 0.0139745
2397, 72.12457, 0.0138649
2398, 69.6403, 0.0143595
2399, 72.86293, 0.0137244
2400, 73.66591, 0.0135748
2401, 71.66352, 0.0139541
2402, 70.62047, 0.0141602
2403, 72.94106, 0.0137097
2404, 71.86231, 0.0139155
2405, 71.2058, 0.0140438
2406, 72.38718, 0.0138146
2407, 71.57735, 0.0139709
2408, 71.33228, 0.0140189
2409, 72.27261, 0.0138365
2410, 69.99027, 0.0142877
2411, 74.13833, 0.0134883
2412, 71.41837, 0.014002
2413, 71.98284, 0.0138922
2414, 71.83134, 0.0139215
2415, 71.54919, 0.0139764
2416, 72.2272, 0.0138452
2417, 71.67431, 0.013952
2418, 71.55328, 0.0139756
2419, 72.1433, 0.0138613
2420, 71.75197, 0.0139369
2421, 71.20985, 0.014043
2422, 71.45, 0.0139958
2423, 72.78073, 0.0137399
2424, 71.78648, 0.0139302
2425, 72.04144, 0.0138809
2426, 71.71338, 0.0139444
2427, 71.76948, 0.0139335
2428, 70.95671, 0.0140931
2429, 72.74791, 0.0137461
2430, 72.00201, 0.0138885
2431, 71.94038, 0.0139004
2432, 71.15918, 0.014053
2433, 72.36152, 0.0138195
2434, 70.48558, 0.0141873
2435, 72.57052, 0.0137797
2436, 72.62691, 0.013769
2437, 71.24283, 0.0140365
2438, 71.52206, 0.0139817
2439, 72.00461, 0.013888
2440, 72.25851, 0.0138392
2441, 70.87072, 0.0141102
2442, 72.93999, 0.0137099
2443, 70.85716, 0.0141129
2444, 72.9991, 0.0136988
2445, 71.40409, 0.0140048
2446, 68.95934, 0.0145013
2447, 75.08916, 0.0133175
2448, 71.07775, 0.0140691
2449, 72.39924, 0.0138123
2450, 72.08038, 0.0138734
2451, 72.05182, 0.0138789
2452, 71.80503, 0.0139266
2453, 70.91846, 0.0141007
2454, 72.19331, 0.0138517
2455, 72.09545, 0.0138705
2456, 72.19279, 0.0138518
2457, 70.96729, 0.014091
2458, 69.51637, 0.0143851
2459, 73.84979, 0.013541
2460, 72.90596, 0.0137163
2461, 72.08402, 0.0138727
2462, 71.57684, 0.013971
2463, 71.52615, 0.0139809
2464, 72.12769, 0.0138643
2465, 69.9795, 0.0142899
2466, 72.84754, 0.0137273
2467, 70.75238, 0.0141338
2468, 72.04404, 0.0138804
2469, 71.89899, 0.0139084
2470, 70.79947, 0.0141244
2471, 71.25501, 0.0140341
2472, 73.49915, 0.0136056
2473, 71.69332, 0.0139483
2474, 72.00461, 0.013888
2475, 71.84114, 0.0139196
2476, 68.8236, 0.0145299
2477, 28.65141, 0.0349023
2478, 117.1701, 0.0085346
2479, 87.71007, 0.0114012
2480, 71.28854, 0.0140275
2481, 70.93154, 0.0140981
2482, 71.46635, 0.0139926
2483, 73.9842, 0.0135164
2484, 72.04455, 0.0138803
2485, 71.30836, 0.0140236
2486, 71.06815, 0.014071
2487, 31.9295, 0.031319
2488, 98.80836, 0.0101206
2489, 71.29921, 0.0140254
2490, 71.89279, 0.0139096
2491, 71.13235, 0.0140583
2492, 71.72469, 0.0139422
2493, 71.1911, 0.0140467
2494, 73.4565, 0.0136135
2495, 70.62446, 0.0141594
2496, 72.16153, 0.0138578
2497, 32.35942, 0.0309029
2498, 92.63805, 0.0107947
2499, 72.40238, 0.0138117
2500, 71.4735, 0.0139912
2501, 72.10169, 0.0138693
2502, 71.26466, 0.0140322
2503, 71.82876, 0.013922
2504, 71.26872, 0.0140314
2505, 73.30518, 0.0136416
2506, 70.7634, 0.0141316
2507, 31.52555, 0.0317203
2508, 101.2177, 0.0098797
2509, 71.14298, 0.0140562
2510, 72.55946, 0.0137818
2511, 71.75815, 0.0139357
2512, 71.52922, 0.0139803
2513, 71.94762, 0.013899
2514, 69.89928, 0.0143063
2515, 72.87886, 0.0137214
2516, 71.63888, 0.0139589
2517, 31.76781, 0.0314784
2518, 98.88458, 0.0101128
2519, 71.13691, 0.0140574
2520, 72.22877, 0.0138449
2521, 72.24964, 0.0138409
2522, 71.37708, 0.0140101
2523, 70.69936, 0.0141444
2524, 73.53752, 0.0135985
2525, 71.29159, 0.0140269
2526, 70.65141, 0.014154
2527, 32.8418, 0.030449
2528, 90.84467, 0.0110078
2529, 71.64401, 0.0139579
2530, 71.41684, 0.0140023
2531, 70.58508, 0.0141673
2532, 74.33949, 0.0134518
2533, 71.14096, 0.0140566
2534, 72.42126, 0.0138081
2535, 70.57412, 0.0141695
2536, 68.746, 0.0145463
2537, 30.30046, 0.0330028
2538, 104.6496, 0.0095557
2539, 80.85185, 0.0123683
2540, 71.70206, 0.0139466
2541, 71.85405, 0.0139171
2542, 72.16882, 0.0138564
2543, 71.78596, 0.0139303
2544, 71.36282, 0.0140129
2545, 72.10793, 0.0138681
2546, 70.13754, 0.0142577
2547, 32.43015, 0.0308355
2548, 94.95955, 0.0105308
2549, 71.89486, 0.0139092
2550, 71.51183, 0.0139837
2551, 71.76639, 0.0139341
2552, 71.69949, 0.0139471
2553, 71.5415, 0.0139779
2554, 72.4412, 0.0138043
2555, 71.79936, 0.0139277
2556, 70.71585, 0.0141411
2557, 31.38111, 0.0318663
2558, 99.82032, 0.010018
2559, 73.34497, 0.0136342
2560, 72.46272, 0.0138002
2561, 71.70721, 0.0139456
2562, 71.6887, 0.0139492
2563, 71.06563, 0.0140715
2564, 72.21051, 0.0138484
2565, 70.48856, 0.0141867
2566, 72.69608, 0.0137559
2567, 31.04009, 0.0322164
2568, 105.9547, 0.009438
2569, 72.12978, 0.0138639
2570, 72.07156, 0.0138751
2571, 71.76124, 0.0139351
2572, 71.64504, 0.0139577
2573, 71.37402, 0.0140107
2574, 72.19539, 0.0138513
2575, 71.54457, 0.0139773
2576, 69.22331, 0.014446
2577, 32.20695, 0.0310492
2578, 96.93867, 0.0103158
2579, 71.55225, 0.0139758
2580, 72.91766, 0.0137141
2581, 72.00824, 0.0138873
2582, 71.97921, 0.0138929
2583, 70.48607, 0.0141872
2584, 72.83852, 0.013729
2585, 72.01134, 0.0138867
2586, 70.72385, 0.0141395
2587, 30.4839, 0.0328042
2588, 117.3681, 0.0085202
2589, 70.71086, 0.0141421
2590, 71.57735, 0.0139709
2591, 71.58606, 0.0139692
2592, 71.63683, 0.0139593
2593, 72.58211, 0.0137775
2594, 71.10504, 0.0140637
2595, 72.65963, 0.0137628
2596, 71.1683, 0.0140512
2597, 25.80632, 0.0387502
2598, 45.70614, 0.0218789
2599, 114.2335, 0.008754
2600, 71.32413, 0.0140205
2601, 71.80865, 0.0139259
2602, 71.36536, 0.0140124
2603, 72.21572, 0.0138474
2604, 71.51439, 0.0139832
2605, 71.29414, 0.0140264
2606, 32.21452, 0.0310419
2607, 93.40556, 0.010706
2608, 72.66122, 0.0137625
2609, 71.7216, 0.0139428
2610, 71.58708, 0.013969
2611, 71.80142, 0.0139273
2612, 72.07467, 0.0138745
2613, 70.85013, 0.0141143
2614, 71.53434, 0.0139793
2615, 72.37723, 0.0138165
2616, 32.48589, 0.0307826
2617, 92.44024, 0.0108178
2618, 70.95671, 0.0140931
2619, 72.07311, 0.0138748
2620, 71.67585, 0.0139517
2621, 72.1683, 0.0138565
2622, 71.69743, 0.0139475
2623, 72.10689, 0.0138683
2624, 70.2188, 0.0142412
2625, 72.75478, 0.0137448
2626, 32.35419, 0.0309079
2627, 93.24966, 0.0107239
2628, 72.01913, 0.0138852
2629, 70.73637, 0.014137
2630, 73.03162, 0.0136927
2631, 71.81432, 0.0139248
2632, 71.61169, 0.0139642
2633, 71.38982, 0.0140076
2634, 71.27126, 0.0140309
2635, 70.86971, 0.0141104
2636, 74.29144, 0.0134605
2637, 71.71903, 0.0139433
2638, 71.36536, 0.0140124
2639, 72.1199, 0.0138658
2640, 71.47095, 0.0139917
2641, 71.43265, 0.0139992
2642, 72.08974, 0.0138716
2643, 71.86748, 0.0139145
2644, 71.91864, 0.0139046
2645, 71.23674, 0.0140377
2646, 71.0308, 0.0140784
2647, 72.56736, 0.0137803
2648, 72.13498, 0.0138629
2649, 72.67495, 0.0137599
2650, 71.32668, 0.01402
2651, 72.22302, 0.013846
2652, 71.45664, 0.0139945
2653, 71.58555, 0.0139693
2654, 71.19414, 0.0140461
2655, 73.06256, 0.0136869
2656, 71.61938, 0.0139627
2657, 70.97987, 0.0140885
2658, 73.01402, 0.013696
2659, 71.08028, 0.0140686
2660, 72.55104, 0.0137834
2661, 71.7566, 0.013936
2662, 71.85302, 0.0139173
2663, 71.41531, 0.0140026
2664, 71.65428, 0.0139559
2665, 71.63631, 0.0139594
2666, 72.4622, 0.0138003
2667, 71.47656, 0.0139906
2668, 71.5999, 0.0139665
2669, 72.23346, 0.013844
2670, 72.2272, 0.0138452
2671, 71.68407, 0.0139501
2672, 71.26517, 0.0140321
2673, 72.07883, 0.0138737
2674, 71.11668, 0.0140614
2675, 72.77173, 0.0137416
2676, 71.83753, 0.0139203
2677, 71.30938, 0.0140234
2678, 72.49949, 0.0137932
2679, 71.43011, 0.0139997
2680, 72.36047, 0.0138197
2681, 72.19226, 0.0138519
2682, 71.53434, 0.0139793
2683, 71.81895, 0.0139239
2684, 70.32497, 0.0142197
2685, 71.4643, 0.013993
2686, 73.72076, 0.0135647
2687, 72.04559, 0.0138801
2688, 70.37644, 0.0142093
2689, 72.54841, 0.0137839
2690, 71.55584, 0.0139751
2691, 72.66122, 0.0137625
2692, 71.14045, 0.0140567
2693, 72.94052, 0.0137098
2694, 71.7252, 0.0139421
2695, 71.18147, 0.0140486
2696, 72.29507, 0.0138322
2697, 71.59273, 0.0139679
2698, 70.83106, 0.0141181
2699, 72.53315, 0.0137868
2700, 71.69127, 0.0139487
2701, 71.94038, 0.0139004
2702, 73.00869, 0.013697
2703, 69.67476, 0.0143524
2704, 73.78277, 0.0135533
2705, 71.80452, 0.0139267
2706, 71.81432, 0.0139248
2707, 71.03282, 0.014078
2708, 72.87461, 0.0137222
2709, 71.15412, 0.014054
2710, 72.6908, 0.0137569
2711, 71.49956, 0.0139861
2712, 70.94412, 0.0140956
2713, 71.42603, 0.0140005
2714, 72.89586, 0.0137182
2715, 71.37249, 0.014011
2716, 71.20022, 0.0140449
2717, 72.67864, 0.0137592
2718, 71.97403, 0.0138939
2719, 72.01187, 0.0138866
2720, 72.12978, 0.0138639
2721, 71.81586, 0.0139245
2722, 71.76381, 0.0139346
2723, 70.46471, 0.0141915
2724, 72.92829, 0.0137121
2725, 71.73447, 0.0139403
2726, 72.06324, 0.0138767
2727, 71.23978, 0.0140371
2728, 72.27157, 0.0138367
2729, 71.36384, 0.0140127
2730, 72.34634, 0.0138224
2731, 71.52666, 0.0139808
2732, 71.1911, 0.0140467
2733, 72.42021, 0.0138083
2734, 71.24181, 0.0140367
2735, 72.48846, 0.0137953
2736, 71.65377, 0.013956
2737, 71.59837, 0.0139668
2738, 72.53368, 0.0137867
2739, 71.80246, 0.0139271
2740, 71.90313, 0.0139076
2741, 71.13641, 0.0140575
2742, 72.39504, 0.0138131
2743, 71.82154, 0.0139234
2744, 71.28448, 0.0140283
2745, 71.41276, 0.0140031
2746, 72.86877, 0.0137233
2747, 71.44541, 0.0139967
2748, 72.38456, 0.0138151
2749, 71.70875, 0.0139453
2750, 71.20935, 0.0140431
2751, 72.60583, 0.013773
2752, 71.05704, 0.0140732
2753, 72.22668, 0.0138453
2754, 71.38268, 0.014009
2755, 72.31442, 0.0138285
2756, 69.29287, 0.0144315
2757, 73.75774, 0.0135579
2758, 72.78868, 0.0137384
2759, 71.54713, 0.0139768
2760, 72.06636, 0.0138761
2761, 71.70155, 0.0139467
2762, 70.5144, 0.0141815
2763, 73.24076, 0.0136536
2764, 71.39288, 0.014007
2765, 72.45432, 0.0138018
2766, 71.56813, 0.0139727
2767, 69.70293, 0.0143466
2768, 73.01402, 0.013696
2769, 73.03162, 0.0136927
2770, 71.58862, 0.0139687
2771, 71.86903, 0.0139142
2772, 71.90726, 0.0139068
2773, 72.04455, 0.0138803
2774, 70.12377, 0.0142605
2775, 72.60635, 0.0137729
2776, 71.10606, 0.0140635
2777, 72.33169, 0.0138252
2778, 70.1105, 0.0142632
2779, 29.9171, 0.0334257
2780, 103.5797, 0.0096544
2781, 83.2903, 0.0120062
2782, 71.44541, 0.0139967
2783, 71.85921, 0.0139161
2784, 71.80297, 0.013927
2785, 70.62895, 0.0141585
2786, 73.33153, 0.0136367
2787, 71.71389, 0.0139443
2788, 70.19415, 0.0142462
2789, 32.20415, 0.0310519
2790, 94.61902, 0.0105687
2791, 73.33153, 0.0136367
2792, 71.35162, 0.0140151
2793, 71.80968, 0.0139257
2794, 72.01238, 0.0138865
2795, 71.14602, 0.0140556
2796, 71.27787, 0.0140296
2797, 73.08499, 0.0136827
2798, 70.32645, 0.0142194
2799, 32.16675, 0.031088
2800, 95.86441, 0.0104314
2801, 71.15716, 0.0140534
2802, 71.80865, 0.0139259
2803, 72.07415, 0.0138746
2804, 72.39924, 0.0138123
2805, 71.93417, 0.0139016
2806, 70.91394, 0.0141016
2807, 71.56915, 0.0139725
2808, 71.5456, 0.0139771
2809, 30.59086, 0.0326895
2810, 113.4932, 0.0088111
2811, 71.62349, 0.0139619
2812, 71.74322, 0.0139386
2813, 71.57377, 0.0139716
2814, 72.27522, 0.013836
2815, 71.92641, 0.0139031
2816, 71.66609, 0.0139536
2817, 70.72036, 0.0141402
2818, 71.67123, 0.0139526
2819, 31.16857, 0.0320836
2820, 106.8114, 0.0093623
2821, 71.08331, 0.014068
2822, 71.59375, 0.0139677
2823, 71.4398, 0.0139978
2824, 73.01935, 0.013695
2825, 71.27482, 0.0140302
2826, 71.9787, 0.013893
2827, 71.11263, 0.0140622
2828, 72.18653, 0.013853
2829, 32.60292, 0.0306721
2830, 90.93885, 0.0109964
2831, 72.35262, 0.0138212
2832, 71.41582, 0.0140025
2833, 71.73241, 0.0139407
2834, 72.09493, 0.0138706
2835, 71.47043, 0.0139918
2836, 72.13342, 0.0138632
2837, 71.45256, 0.0139953
2838, 71.28905, 0.0140274
2839, 32.30496, 0.030955
2840, 92.17269, 0.0108492
2841, 71.92899, 0.0139026
2842, 71.64658, 0.0139574
2843, 71.79318, 0.0139289
2844, 71.92226, 0.0139039
2845, 70.52286, 0.0141798
2846, 73.705, 0.0135676
2847, 71.42959, 0.0139998
2848, 69.65244, 0.014357
2849, 30.51181, 0.0327742
2850, 41.24358, 0.0242462
2851, 83.13796, 0.0120282
2852, 71.56249, 0.0139738
2853, 71.81741, 0.0139242
2854, 72.09441, 0.0138707
2855, 72.05078, 0.0138791
2856, 72.10065, 0.0138695
2857, 70.58558, 0.0141672
2858, 32.18321, 0.0310721
2859, 93.64085, 0.0106791
2860, 72.89426, 0.0137185
2861, 71.48985, 0.013988
2862, 71.47861, 0.0139902
2863, 72.38561, 0.0138149
2864, 71.87471, 0.0139131
2865, 71.96678, 0.0138953
2866, 71.58708, 0.013969
2867, 70.80347, 0.0141236
2868, 32.7298, 0.0305532
2869, 91.117, 0.0109749
2870, 71.12325, 0.0140601
2871, 72.81147, 0.0137341
2872, 71.17033, 0.0140508
2873, 72.11313, 0.0138671
2874, 71.93675, 0.0139011
2875, 71.90675, 0.0139069
2876, 71.45562, 0.0139947
2877, 70.63993, 0.0141563
2878, 30.64561, 0.0326311
2879, 111.4032, 0.0089764
2880, 71.72469, 0.0139422
2881, 72.48163, 0.0137966
2882, 71.91193, 0.0139059
2883, 72.3186, 0.0138277
2884, 71.5584, 0.0139746
2885, 72.14903, 0.0138602
2886, 71.84682, 0.0139185
2887, 70.8662, 0.0141111
2888, 32.43836, 0.0308277
2889, 91.71283, 0.0109036
2890, 72.83056, 0.0137305
2891, 71.23521, 0.014038
2892, 72.16413, 0.0138573
2893, 71.89951, 0.0139083
2894, 70.67138, 0.01415
2895, 72.81465, 0.0137335
2896, 71.9901, 0.0138908
2897, 70.96477, 0.0140915
2898, 31.17343, 0.0320786
2899, 102.582, 0.0097483
2900, 72.79716, 0.0137368
2901, 71.02071, 0.0140804
2902, 71.71543, 0.013944
2903, 71.38013, 0.0140095
2904, 72.91287, 0.013715
2905, 71.04796, 0.014075
2906, 72.09338, 0.0138709
2907, 71.94296, 0.0138999
2908, 28.93033, 0.0345658
2909, 140.7262, 0.007106
2910, 55.07518, 0.018157
2911, 81.3802, 0.012288
2912, 93.20533, 0.010729
2913, 71.53485, 0.0139792
2914, 71.11364, 0.014062
2915, 71.74528, 0.0139382
2916, 71.03534, 0.0140775
2917, 70.06039, 0.0142734
2918, 31.40555, 0.0318415
2919, 107.2248, 0.0093262
2920, 71.06361, 0.0140719
2921, 70.44734, 0.014195
2922, 72.7855, 0.013739
2923, 71.79885, 0.0139278
2924, 70.68836, 0.0141466
2925, 73.22038, 0.0136574
2926, 71.4643, 0.013993
2927, 69.81046, 0.0143245
2928, 30.68915, 0.0325848
2929, 115.639, 0.0086476
2930, 70.90841, 0.0141027
2931, 71.72417, 0.0139423
2932, 71.1987, 0.0140452
2933, 73.03909, 0.0136913
2934, 71.56096, 0.0139741
2935, 71.95746, 0.0138971
2936, 71.25045, 0.014035
2937, 71.61169, 0.0139642
2938, 31.64857, 0.031597
2939, 99.24475, 0.0100761
2940, 71.3455, 0.0140163
2941, 72.34843, 0.013822
2942, 71.41786, 0.0140021
2943, 70.91746, 0.0141009
2944, 71.58298, 0.0139698
2945, 73.90983, 0.01353
2946, 70.85013, 0.0141143
2947, 72.0835, 0.0138728
2948, 32.34906, 0.0309128
2949, 91.71031, 0.0109039
2950, 71.86231, 0.0139155
2951, 71.77102, 0.0139332
2952, 71.8071, 0.0139262
2953, 72.50527, 0.0137921
2954, 71.2408, 0.0140369
2955, 71.99165, 0.0138905
2956, 71.83186, 0.0139214
2957, 71.44286, 0.0139972
2958, 72.40762, 0.0138107
2959, 71.74476, 0.0139383
2960, 71.48933, 0.0139881
2961, 72.35, 0.0138217
2962, 71.66506, 0.0139538
2963, 70.60801, 0.0141627
2964, 72.90702, 0.0137161
2965, 72.19018, 0.0138523
2966, 71.7494, 0.0139374
2967, 72.09857, 0.0138699
2968, 71.08735, 0.0140672
2969, 72.49055, 0.0137949
2970, 71.68562, 0.0139498
2971, 71.91658, 0.013905
2972, 69.96285, 0.0142933
2973, 73.6594, 0.013576
2974, 71.16931, 0.014051
2975, 72.81995, 0.0137325
2976, 71.45818, 0.0139942
2977, 71.79833, 0.0139279
2978, 72.08142, 0.0138732
2979, 70.64292, 0.0141557
2980, 72.96873, 0.0137045
2981, 71.96989, 0.0138947
2982, 71.49393, 0.0139872
2983, 71.78596, 0.0139303
2984, 71.0823, 0.0140682
2985, 72.61268, 0.0137717
2986, 71.49598, 0.0139868
2987, 72.161, 0.0138579
2988, 71.79163, 0.0139292
2989, 71.18299, 0.0140483
2990, 70.99903, 0.0140847
2991, 73.99514, 0.0135144
2992, 71.24841, 0.0140354
2993, 72.14799, 0.0138604
2994, 71.72675, 0.0139418
2995, 71.26009, 0.0140331
2996, 70.64143, 0.014156
2997, 73.93169, 0.013526
2998, 71.58913, 0.0139686
2999, 71.65479, 0.0139558
3000, 71.70772, 0.0139455
3001, 71.1445, 0.0140559
3002, 72.29822, 0.0138316
3003, 72.01601, 0.0138858
3004, 71.82308, 0.0139231
3005, 71.90468, 0.0139073
3006, 71.84166, 0.0139195
3007, 72.14018, 0.0138619
3008, 71.36384, 0.0140127
3009, 72.38561, 0.0138149
3010, 70.95016, 0.0140944
3011, 72.08558, 0.0138724
3012, 70.62845, 0.0141586
3013, 72.97992, 0.0137024
3014, 72.05545, 0.0138782
3015, 71.78854, 0.0139298
3016, 71.38268, 0.014009
3017, 71.74528, 0.0139382
3018, 72.59844, 0.0137744
3019, 71.79678, 0.0139282
3020, 71.47963, 0.01399
3021, 71.80194, 0.0139272
3022, 71.94814, 0.0138989
3023, 70.64292, 0.0141557
3024, 72.98577, 0.0137013
3025, 71.95487, 0.0138976
3026, 70.40865, 0.0142028
3027, 72.56157, 0.0137814
3028, 72.37042, 0.0138178
3029, 72.03884, 0.0138814
3030, 71.50263, 0.0139855
3031, 72.04922, 0.0138794
3032, 71.17995, 0.0140489
3033, 72.02016, 0.013885
3034, 70.25876, 0.0142331
3035, 73.13256, 0.0136738
3036, 71.18096, 0.0140487
3037, 73.08606, 0.0136825
3038, 71.64401, 0.0139579
3039, 71.60349, 0.0139658
3040, 72.31913, 0.0138276
3041, 71.70875, 0.0139453
3042, 71.98854, 0.0138911
3043, 71.66815, 0.0139532
3044, 71.9559, 0.0138974
3045, 70.19022, 0.014247
3046, 73.07324, 0.0136849
3047, 70.66089, 0.0141521
3048, 73.34228, 0.0136347
3049, 71.94814, 0.0138989
3050, 71.87729, 0.0139126
3051, 70.72886, 0.0141385
3052, 72.96128, 0.0137059
3053, 72.03832, 0.0138815
3054, 71.46686, 0.0139925
3055, 71.89796, 0.0139086
3056, 71.1759, 0.0140497
3057, 70.83607, 0.0141171
3058, 72.92776, 0.0137122
3059, 71.83186, 0.0139214
3060, 72.64433, 0.0137657
3061, 71.49087, 0.0139878
3062, 71.69589, 0.0139478
3063, 71.66506, 0.0139538
3064, 72.19747, 0.0138509
3065, 71.67637, 0.0139516
3066, 71.96056, 0.0138965
3067, 71.10201, 0.0140643
3068, 72.35157, 0.0138214
3069, 69.38807, 0.0144117
3070, 74.35939, 0.0134482
3071, 72.27157, 0.0138367
3072, 70.9406, 0.0140963
3073, 70.19268, 0.0142465
3074, 74.69097, 0.0133885
3075, 71.11668, 0.0140614
3076, 72.4706, 0.0137987
3077, 72.10326, 0.013869
3078, 70.96074, 0.0140923
3079, 72.22772, 0.0138451
3080, 71.8525, 0.0139174
3081, 71.79266, 0.013929
3082, 72.54051, 0.0137854
3083, 71.53075, 0.01398
3084, 71.25908, 0.0140333
3085, 72.49581, 0.0137939
3086, 71.50211, 0.0139856
3087, 71.05099, 0.0140744
3088, 72.22355, 0.0138459
3089, 69.97655, 0.0142905
3090, 74.01705, 0.0135104
3091, 72.8778, 0.0137216
3092, 71.30684, 0.0140239
3093, 70.79846, 0.0141246
3094, 73.41821, 0.0136206
3095, 71.89693, 0.0139088
3096, 71.48065, 0.0139898
3097, 71.92434, 0.0139035
3098, 71.69178, 0.0139486
3099, 70.75989, 0.0141323
3100, 72.14174, 0.0138616
3101, 72.31966, 0.0138275
3102, 72.27314, 0.0138364
3103, 71.41479, 0.0140027
3104, 71.51899, 0.0139823
3105, 71.34296, 0.0140168
3106, 73.14915, 0.0136707
3107, 71.34958, 0.0140155
3108, 72.15736, 0.0138586
3109, 71.63477, 0.0139597
3110, 71.39848, 0.0140059
3111, 70.87825, 0.0141087
3112, 71.28041, 0.0140291
3113, 73.91366, 0.0135293
3114, 72.20321, 0.0138498
3115, 71.92537, 0.0139033
3116, 71.50058, 0.0139859
3117, 70.98693, 0.0140871
3118, 72.74049, 0.0137475
3119, 71.20123, 0.0140447
3120, 72.07519, 0.0138744
3121, 71.46992, 0.0139919
3122, 71.79936, 0.0139277
3123, 72.30344, 0.0138306
3124, 71.62041, 0.0139625
3125, 72.18913, 0.0138525
3126, 72.12614, 0.0138646
3127, 71.07725, 0.0140692
3128, 71.41327, 0.014003
3129, 70.13262, 0.0142587
3130, 74.74624, 0.0133786
3131, 71.66352, 0.0139541
3132, 71.2799, 0.0140292
3133, 69.75106, 0.0143367
3134, 74.04281, 0.0135057
3135, 71.1015, 0.0140644
3136, 72.65382, 0.0137639
3137, 70.75288, 0.0141337
3138, 73.03802, 0.0136915
3139, 72.12822, 0.0138642
3140, 71.51541, 0.013983
3141, 70.07414, 0.0142706
3142, 73.8149, 0.0135474
3143, 70.46124, 0.0141922
3144, 71.36434, 0.0140126
3145, 74.15537, 0.0134852
3146, 71.41123, 0.0140034
3147, 70.16313, 0.0142525
3148, 74.0187, 0.0135101
3149, 71.72263, 0.0139426
3150, 71.93779, 0.0139009
3151, 71.52001, 0.0139821
3152, 71.11465, 0.0140618
3153, 71.78391, 0.0139307
3154, 72.49949, 0.0137932
3155, 71.48167, 0.0139896
3156, 72.40029, 0.0138121
3157, 71.75815, 0.0139357
3158, 72.06168, 0.013877
3159, 71.47912, 0.0139901
3160, 71.89796, 0.0139086
3161, 72.11261, 0.0138672
3162, 71.65223, 0.0139563
3163, 71.01768, 0.014081
3164, 72.43018, 0.0138064
3165, 70.99298, 0.0140859
3166, 71.66866, 0.0139531
3167, 73.27994, 0.0136463
3168, 71.63273, 0.0139601
3169, 71.52769, 0.0139806
3170, 72.12978, 0.0138639
3171, 71.4643, 0.013993
3172, 71.89745, 0.0139087
3173, 71.19464, 0.014046
3174, 72.90064, 0.0137173
3175, 71.53025, 0.0139801
3176, 71.57581, 0.0139712
3177, 69.52846, 0.0143826
3178, 74.74065, 0.0133796
3179, 71.19617, 0.0140457
3180, 71.66301, 0.0139542
3181, 72.20164, 0.0138501
3182, 72.20061, 0.0138503
3183, 70.72236, 0.0141398
3184, 72.28724, 0.0138337
3185, 71.57223, 0.0139719
3186, 72.49477, 0.0137941
3187, 71.57735, 0.0139709
3188, 70.86218, 0.0141119
3189, 70.28542, 0.0142277
3190, 74.84582, 0.0133608
3191, 71.81123, 0.0139254
3192, 71.86334, 0.0139153
3193, 71.46992, 0.0139919
3194, 72.01238, 0.0138865
3195, 70.95772, 0.0140929
3196, 72.15736, 0.0138586
3197, 72.74314, 0.013747
3198, 71.61528, 0.0139635
3199, 70.97887, 0.0140887
3200, 72.49055, 0.0137949
3201, 70.32794, 0.0142191
3202, 73.29498, 0.0136435
3203, 71.81844, 0.013924
3204, 71.66763, 0.0139533
3205, 72.06636, 0.0138761
3206, 71.56147, 0.013974
3207, 72.33012, 0.0138255
3208, 71.08988, 0.0140667
3209, 72.13342, 0.0138632
3210, 70.62347, 0.0141596
3211, 72.87727, 0.0137217
3212, 72.17819, 0.0138546
3213, 69.75835, 0.0143352
3214, 73.51536, 0.0136026
3215, 72.4538, 0.0138019
3216, 71.88763, 0.0139106
3217, 71.63631, 0.0139594
3218, 72.03417, 0.0138823
3219, 71.8587, 0.0139162
3220, 70.89182, 0.014106
3221, 71.3623, 0.014013
3222, 73.26652, 0.0136488
3223, 71.81689, 0.0139243
3224, 71.46788, 0.0139923
3225, 69.93105, 0.0142998
3226, 72.75214, 0.0137453
3227, 73.20698, 0.0136599
3228, 71.79214, 0.0139291
3229, 71.5456, 0.0139771
3230, 71.85457, 0.013917
3231, 72.31181, 0.013829
3232, 70.10116, 0.0142651
3233, 73.47215, 0.0136106
3234, 71.8525, 0.0139174
3235, 71.52309, 0.0139815
3236, 70.81953, 0.0141204
3237, 72.22407, 0.0138458
3238, 71.32668, 0.01402
3239, 73.26705, 0.0136487
3240, 71.5917, 0.0139681
3241, 71.71646, 0.0139438
3242, 71.96368, 0.0138959
3243, 71.05654, 0.0140733
3244, 72.05338, 0.0138786
3245, 72.07311, 0.0138748
3246, 72.02483, 0.0138841
3247, 71.67893, 0.0139511
3248, 72.14799, 0.0138604
3249, 70.86017, 0.0141123
3250, 70.79446, 0.0141254
3251, 73.55321, 0.0135956
3252, 71.62708, 0.0139612
3253, 72.35629, 0.0138205
3254, 70.78293, 0.0141277
3255, 72.32436, 0.0138266
3256, 71.17691, 0.0140495
3257, 73.58189, 0.0135903
3258, 71.57018, 0.0139723
3259, 71.32973, 0.0140194
3260, 72.07778, 0.0138739
3261, 70.50744, 0.0141829
3262, 71.41684, 0.0140023
3263, 73.17966, 0.013665
3264, 58.90218, 0.0169773
3265, 72.36676, 0.0138185
3266, 88.6407, 0.0112815
3267, 72.24807, 0.0138412
3268, 70.70136, 0.014144
3269, 72.32174, 0.0138271
3270, 73.53428, 0.0135991
3271, 69.0255, 0.0144874
3272, 72.69555, 0.013756
3273, 69.00978, 0.0144907
3274, 73.5451, 0.0135971
3275, 74.07627, 0.0134996
3276, 71.0308, 0.0140784
3277, 72.08558, 0.0138724
3278, 62.37525, 0.016032
3279, 78.71722, 0.0127037
3280, 73.88744, 0.0135341
3281, 72.33325, 0.0138249
3282, 72.34372, 0.0138229
3283, 71.19363, 0.0140462
3284, 71.96782, 0.0138951
3285, 70.59355, 0.0141656
3286, 73.80401, 0.0135494
3287, 59.13696, 0.0169099
3288, 64.04181, 0.0156148
3289, 110.9903, 0.0090098
3290, 72.03988, 0.0138812
3291, 70.52385, 0.0141796
3292, 72.36256, 0.0138193
3293, 72.2079, 0.0138489
3294, 69.47774, 0.0143931
3295, 74.12733, 0.0134903
3296, 71.99994, 0.0138889
3297, 72.07986, 0.0138735
3298, 70.26123, 0.0142326
3299, 73.73435, 0.0135622
3300, 71.2205, 0.0140409
3301, 71.67534, 0.0139518
3302, 72.33169, 0.0138252
3303, 70.88026, 0.0141083
3304, 70.64791, 0.0141547
3305, 74.27599, 0.0134633
3306, 71.49802, 0.0139864
3307, 69.91785, 0.0143025
3308, 72.96075, 0.013706
3309, 71.74064, 0.0139391
3310, 72.43227, 0.013806
3311, 70.69436, 0.0141454
3312, 75.60179, 0.0132272
3313, 72.07207, 0.013875
3314, 69.58797, 0.0143703
3315, 74.26772, 0.0134648
3316, 71.59631, 0.0139672
3317, 71.67842, 0.0139512
3318, 72.00565, 0.0138878
3319, 71.85767, 0.0139164
3320, 71.40562, 0.0140045
3321, 72.52473, 0.0137884
3322, 71.02676, 0.0140792
3323, 70.92551, 0.0140993
3324, 73.46675, 0.0136116
3325, 71.59324, 0.0139678
3326, 72.08402, 0.0138727
3327, 71.75866, 0.0139356
3328, 71.65017, 0.0139567
3329, 72.28149, 0.0138348
3330, 71.55686, 0.0139749
3331, 42.34615, 0.0236149
3332, 53.59459, 0.0186586
3333, 74.52398, 0.0134185
3334, 22.33923, 0.0447643
