Frame, FPS, Frame Time
1, 50, 0.02
2, 50, 0.02
3, 3, 0.3333333
4, 5.385499, 0.1856838
5, 26.22387, 0.0381332
6, 75.01988, 0.0133298
7, 68.31908, 0.0146372
8, 72.96394, 0.0137054
9, 72.34529, 0.0138226
10, 74.41085, 0.0134389
11, 71.38472, 0.0140086
12, 70.89131, 0.0141061
13, 72.3568, 0.0138204
14, 72.9017, 0.0137171
15, 72.41287, 0.0138097
16, 73.10476, 0.013679
17, 71.13589, 0.0140576
18, 69.51686, 0.014385
19, 75.06211, 0.0133223
20, 71.03484, 0.0140776
21, 72.49371, 0.0137943
22, 71.89641, 0.0139089
23, 71.44286, 0.0139972
24, 71.88194, 0.0139117
25, 71.03686, 0.0140772
26, 24.07828, 0.0415312
27, 71.31193, 0.0140229
28, 72.06065, 0.0138772
29, 72.11105, 0.0138675
30, 70.34278, 0.0142161
31, 73.22092, 0.0136573
32, 71.89176, 0.0139098
33, 71.84992, 0.0139179
34, 71.08634, 0.0140674
35, 71.3511, 0.0140152
36, 73.09621, 0.0136806
37, 71.65993, 0.0139548
38, 72.01447, 0.0138861
39, 71.98284, 0.0138922
40, 71.74374, 0.0139385
41, 69.79829, 0.014327
42, 72.30658, 0.01383
43, 73.04069, 0.013691
44, 35.69962, 0.0280115
45, 72.80988, 0.0137344
46, 71.89693, 0.0139088
47, 70.54226, 0.0141759
48, 55.4035, 0.0180494
49, 66.85922, 0.0149568
50, 14.76228, 0.0677402
51, 65.85663, 0.0151845
52, 75.03001, 0.013328
53, 70.04665, 0.0142762
54, 68.62665, 0.0145716
55, 69.05695, 0.0144808
56, 69.35727, 0.0144181
57, 68.89662, 0.0145145
58, 71.03382, 0.0140778
59, 23.98519, 0.0416924
60, 67.45181, 0.0148254
61, 72.62798, 0.0137688
62, 70.05303, 0.0142749
63, 72.24598, 0.0138416
64, 70.50048, 0.0141843
65, 70.84612, 0.0141151
66, 71.21746, 0.0140415
67, 71.39339, 0.0140069
68, 61.31659, 0.0163088
69, 88.07081, 0.0113545
70, 71.26923, 0.0140313
71, 71.09493, 0.0140657
72, 72.90915, 0.0137157
73, 71.65069, 0.0139566
74, 71.91968, 0.0139044
75, 70.84361, 0.0141156
76, 72.87355, 0.0137224
77, 69.90855, 0.0143044
78, 73.3708, 0.0136294
79, 72.09286, 0.013871
80, 70.89785, 0.0141048
81, 70.52037, 0.0141803
82, 73.1909, 0.0136629
83, 36.04695, 0.0277416
84, 71.50723, 0.0139846
85, 71.26517, 0.0140321
86, 70.52187, 0.01418
87, 73.94262, 0.013524
88, 71.52053, 0.013982
89, 70.50546, 0.0141833
90, 72.23241, 0.0138442
91, 72.07467, 0.0138745
92, 69.39192, 0.0144109
93, 73.71641, 0.0135655
94, 72.14174, 0.0138616
95, 70.88026, 0.0141083
96, 59.36409, 0.0168452
97, 48.96872, 0.0204212
98, 196.0977, 0.0050995
99, 76.3977, 0.0130894
100, 71.15816, 0.0140532
101, 72.23138, 0.0138444
102, 71.34652, 0.0140161
103, 71.08685, 0.0140673
104, 72.21207, 0.0138481
105, 72.10585, 0.0138685
106, 71.88297, 0.0139115
107, 71.35059, 0.0140153
108, 71.22913, 0.0140392
109, 72.17506, 0.0138552
110, 72.32018, 0.0138274
111, 71.51337, 0.0139834
112, 36.05877, 0.0277325
113, 70.88428, 0.0141075
114, 72.27574, 0.0138359
115, 71.78391, 0.0139307
116, 71.00105, 0.0140843
117, 71.97559, 0.0138936
118, 72.18393, 0.0138535
119, 71.95642, 0.0138973
120, 71.72726, 0.0139417
121, 71.60964, 0.0139646
122, 71.27329, 0.0140305
123, 72.01965, 0.0138851
124, 71.48576, 0.0139888
125, 71.7566, 0.013936
126, 72.32332, 0.0138268
127, 71.24435, 0.0140362
128, 36.04006, 0.0277469
129, 71.59221, 0.013968
130, 71.61938, 0.0139627
131, 71.35059, 0.0140153
132, 72.52052, 0.0137892
133, 71.8236, 0.013923
134, 70.18529, 0.014248
135, 73.50833, 0.0136039
136, 71.04796, 0.014075
137, 72.60635, 0.0137729
138, 71.57478, 0.0139714
139, 71.8138, 0.0139249
140, 62.67078, 0.0159564
141, 84.18926, 0.011878
142, 71.77669, 0.0139321
143, 71.92537, 0.0139033
144, 71.5753, 0.0139713
145, 67.22961, 0.0148744
146, 5.141666, 0.1944895
147, 29.91826, 0.0334244
148, 33.93984, 0.0294639
149, 44.34236, 0.0225518
150, 86.36996, 0.0115781
151, 71.98025, 0.0138927
152, 72.37304, 0.0138173
153, 70.59505, 0.0141653
154, 72.37985, 0.013816
155, 32.46279, 0.0308045
156, 91.91346, 0.0108798
157, 71.46941, 0.013992
158, 70.09575, 0.0142662
159, 73.71804, 0.0135652
160, 71.72623, 0.0139419
161, 71.12932, 0.0140589
162, 72.42493, 0.0138074
163, 71.86438, 0.0139151
164, 70.46372, 0.0141917
165, 31.77529, 0.031471
166, 99.12767, 0.010088
167, 71.94918, 0.0138987
168, 71.74837, 0.0139376
169, 68.57535, 0.0145825
170, 74.91086, 0.0133492
171, 72.11625, 0.0138665
172, 71.96471, 0.0138957
173, 71.66712, 0.0139534
174, 71.24689, 0.0140357
175, 70.85213, 0.0141139
176, 73.39826, 0.0136243
177, 71.89331, 0.0139095
178, 71.39134, 0.0140073
179, 72.1532, 0.0138594
180, 71.63375, 0.0139599
181, 69.80803, 0.014325
182, 73.95192, 0.0135223
183, 72.14278, 0.0138614
184, 71.68407, 0.0139501
185, 70.68936, 0.0141464
186, 72.27627, 0.0138358
187, 71.74734, 0.0139378
188, 72.29769, 0.0138317
189, 71.98284, 0.0138922
190, 71.58043, 0.0139703
191, 71.17033, 0.0140508
192, 71.96782, 0.0138951
193, 68.02767, 0.0146999
194, 76.18409, 0.0131261
195, 72.35366, 0.013821
196, 70.88479, 0.0141074
197, 72.62322, 0.0137697
198, 71.90779, 0.0139067
199, 71.69589, 0.0139478
200, 71.36027, 0.0140134
201, 71.7067, 0.0139457
202, 71.63786, 0.0139591
203, 72.70771, 0.0137537
204, 71.53844, 0.0139785
205, 70.40816, 0.0142029
206, 73.17056, 0.0136667
207, 71.49854, 0.0139863
208, 72.16726, 0.0138567
209, 72.19122, 0.0138521
210, 71.56249, 0.0139738
211, 72.00357, 0.0138882
212, 71.43317, 0.0139991
213, 72.27366, 0.0138363
214, 71.86696, 0.0139146
215, 71.59016, 0.0139684
216, 71.64452, 0.0139578
217, 70.93456, 0.0140975
218, 72.03054, 0.013883
219, 72.82897, 0.0137308
220, 70.08102, 0.0142692
221, 72.60213, 0.0137737
222, 72.63799, 0.0137669
223, 71.98284, 0.0138922
224, 71.44541, 0.0139967
225, 71.07421, 0.0140698
226, 71.97662, 0.0138934
227, 71.97817, 0.0138931
228, 71.75403, 0.0139365
229, 68.09716, 0.0146849
230, 76.53862, 0.0130653
231, 70.74337, 0.0141356
232, 72.84966, 0.0137269
233, 71.75248, 0.0139368
234, 71.45358, 0.0139951
235, 71.26517, 0.0140321
236, 72.0378, 0.0138816
237, 72.17611, 0.013855
238, 71.74271, 0.0139387
239, 70.88629, 0.0141071
240, 71.9787, 0.013893
241, 67.66769, 0.0147781
242, 77.52719, 0.0128987
243, 71.64248, 0.0139582
244, 72.01913, 0.0138852
245, 71.55584, 0.0139751
246, 71.50058, 0.0139859
247, 71.81483, 0.0139247
248, 71.39236, 0.0140071
249, 72.71934, 0.0137515
250, 71.24689, 0.0140357
251, 69.86997, 0.0143123
252, 74.65305, 0.0133953
253, 69.67961, 0.0143514
254, 72.35366, 0.013821
255, 73.24773, 0.0136523
256, 71.69743, 0.0139475
257, 71.1987, 0.0140452
258, 71.69024, 0.0139489
259, 72.45326, 0.013802
260, 70.62496, 0.0141593
261, 72.94904, 0.0137082
262, 70.45578, 0.0141933
263, 73.21394, 0.0136586
264, 71.68253, 0.0139504
265, 69.93887, 0.0142982
266, 71.74064, 0.0139391
267, 73.49429, 0.0136065
268, 71.75866, 0.0139356
269, 70.80649, 0.014123
270, 72.78762, 0.0137386
271, 71.54509, 0.0139772
272, 70.83257, 0.0141178
273, 72.58791, 0.0137764
274, 72.35942, 0.0138199
275, 71.753, 0.0139367
276, 71.31498, 0.0140223
277, 70.78894, 0.0141265
278, 69.11805, 0.014468
279, 74.935, 0.0133449
280, 72.01706, 0.0138856
281, 72.22877, 0.0138449
282, 72.12509, 0.0138648
283, 72.40134, 0.0138119
284, 69.04314, 0.0144837
285, 74.51675, 0.0134198
286, 71.64042, 0.0139586
287, 72.05805, 0.0138777
288, 71.11162, 0.0140624
289, 72.19956, 0.0138505
290, 70.54226, 0.0141759
291, 73.48241, 0.0136087
292, 72.06688, 0.013876
293, 72.29456, 0.0138323
294, 71.08836, 0.014067
295, 71.69641, 0.0139477
296, 71.98802, 0.0138912
297, 72.53104, 0.0137872
298, 71.51132, 0.0139838
299, 71.79575, 0.0139284
300, 71.78287, 0.0139309
301, 71.34245, 0.0140169
302, 70.66788, 0.0141507
303, 71.10757, 0.0140632
304, 72.72251, 0.0137509
305, 73.65343, 0.0135771
306, 68.30881, 0.0146394
307, 75.12244, 0.0133116
308, 70.40221, 0.0142041
309, 73.07538, 0.0136845
310, 71.97507, 0.0138937
311, 72.17403, 0.0138554
312, 71.36485, 0.0140125
313, 71.44592, 0.0139966
314, 70.00154, 0.0142854
315, 74.50066, 0.0134227
316, 72.14747, 0.0138605
317, 70.72736, 0.0141388
318, 72.5621, 0.0137813
319, 71.73859, 0.0139395
320, 71.80452, 0.0139267
321, 71.69795, 0.0139474
322, 70.87875, 0.0141086
323, 73.02468, 0.013694
324, 72.0404, 0.0138811
325, 69.82802, 0.0143209
326, 71.67482, 0.0139519
327, 73.8427, 0.0135423
328, 71.34652, 0.0140161
329, 72.0565, 0.013878
330, 72.17767, 0.0138547
331, 71.02222, 0.0140801
332, 72.52158, 0.013789
333, 71.44133, 0.0139975
334, 71.58043, 0.0139703
335, 72.83109, 0.0137304
336, 71.01869, 0.0140808
337, 71.83856, 0.0139201
338, 71.9052, 0.0139072
339, 70.68387, 0.0141475
340, 72.83692, 0.0137293
341, 71.69846, 0.0139473
342, 71.92899, 0.0139026
343, 71.94711, 0.0138991
344, 71.74682, 0.0139379
345, 70.3408, 0.0142165
346, 73.68274, 0.0135717
347, 71.82257, 0.0139232
348, 71.64042, 0.0139586
349, 71.65377, 0.013956
350, 70.69586, 0.0141451
351, 72.49424, 0.0137942
352, 72.46009, 0.0138007
353, 71.184, 0.0140481
354, 72.52736, 0.0137879
355, 70.54127, 0.0141761
356, 73.32883, 0.0136372
357, 71.57889, 0.0139706
358, 72.27209, 0.0138366
359, 71.53536, 0.0139791
360, 71.58144, 0.0139701
361, 71.71749, 0.0139436
362, 72.18549, 0.0138532
363, 71.81432, 0.0139248
364, 71.91813, 0.0139047
365, 71.2474, 0.0140356
366, 72.30972, 0.0138294
367, 72.32279, 0.0138269
368, 71.64864, 0.013957
369, 71.29617, 0.014026
370, 72.03002, 0.0138831
371, 71.67585, 0.0139517
372, 71.18096, 0.0140487
373, 72.39243, 0.0138136
374, 70.70436, 0.0141434
375, 69.84216, 0.014318
376, 75.65899, 0.0132172
377, 71.64864, 0.013957
378, 67.63474, 0.0147853
379, 74.98782, 0.0133355
380, 71.52206, 0.0139817
381, 72.56262, 0.0137812
382, 72.91021, 0.0137155
383, 70.39774, 0.014205
384, 71.94141, 0.0139002
385, 72.39819, 0.0138125
386, 72.07103, 0.0138752
387, 69.92078, 0.0143019
388, 73.69468, 0.0135695
389, 72.38404, 0.0138152
390, 71.91606, 0.0139051
391, 70.40073, 0.0142044
392, 73.13844, 0.0136727
393, 68.39618, 0.0146207
394, 75.56865, 0.013233
395, 71.64709, 0.0139573
396, 72.52473, 0.0137884
397, 71.73087, 0.013941
398, 71.71955, 0.0139432
399, 70.05794, 0.0142739
400, 73.66862, 0.0135743
401, 72.05856, 0.0138776
402, 71.7669, 0.013934
403, 71.75454, 0.0139364
404, 71.06917, 0.0140708
405, 40.61079, 0.024624
406, 52.40458, 0.0190823
407, 77.25647, 0.0129439
408, 72.11157, 0.0138674
409, 72.36832, 0.0138182
410, 72.72939, 0.0137496
411, 73.2837, 0.0136456
412, 72.58843, 0.0137763
413, 70.06039, 0.0142734
414, 74.60849, 0.0134033
415, 72.28986, 0.0138332
416, 70.93859, 0.0140967
417, 73.34551, 0.0136341
418, 71.99943, 0.013889
419, 72.12041, 0.0138657
420, 71.57787, 0.0139708
421, 72.26635, 0.0138377
422, 70.55321, 0.0141737
423, 73.03482, 0.0136921
424, 70.82203, 0.0141199
425, 72.66333, 0.0137621
426, 71.90003, 0.0139082
427, 71.85095, 0.0139177
428, 70.89031, 0.0141063
429, 73.03855, 0.0136914
430, 72.20216, 0.01385
431, 71.36944, 0.0140116
432, 72.0461, 0.01388
433, 70.89131, 0.0141061
434, 71.46584, 0.0139927
435, 73.28155, 0.013646
436, 72.36414, 0.013819
437, 71.36485, 0.0140125
438, 70.95419, 0.0140936
439, 72.84171, 0.0137284
440, 70.30124, 0.0142245
441, 72.78762, 0.0137386
442, 72.16361, 0.0138574
443, 71.59221, 0.013968
444, 71.33125, 0.0140191
445, 72.43647, 0.0138052
446, 71.47554, 0.0139908
447, 72.41707, 0.0138089
448, 70.66039, 0.0141522
449, 72.65488, 0.0137637
450, 72.40395, 0.0138114
451, 71.63273, 0.0139601
452, 70.89785, 0.0141048
453, 72.60846, 0.0137725
454, 72.09597, 0.0138704
455, 70.82855, 0.0141186
456, 72.86293, 0.0137244
457, 71.46278, 0.0139933
458, 71.53741, 0.0139787
459, 72.74738, 0.0137462
460, 71.09948, 0.0140648
461, 71.69487, 0.013948
462, 71.70258, 0.0139465
463, 72.15684, 0.0138587
464, 71.35976, 0.0140135
465, 71.56557, 0.0139732
466, 72.21625, 0.0138473
467, 72.50265, 0.0137926
468, 71.29514, 0.0140262
469, 71.96108, 0.0138964
470, 71.3944, 0.0140067
471, 70.77141, 0.01413
472, 73.45811, 0.0136132
473, 71.70309, 0.0139464
474, 71.46532, 0.0139928
475, 71.9585, 0.0138969
476, 71.24892, 0.0140353
477, 72.77755, 0.0137405
478, 71.60964, 0.0139646
479, 71.87109, 0.0139138
480, 71.55686, 0.0139749
481, 71.97921, 0.0138929
482, 71.39746, 0.0140061
483, 72.45852, 0.013801
484, 70.93255, 0.0140979
485, 72.65066, 0.0137645
486, 71.53075, 0.01398
487, 72.49792, 0.0137935
488, 71.67893, 0.0139511
489, 71.10808, 0.0140631
490, 72.77967, 0.0137401
491, 71.81277, 0.0139251
492, 71.67277, 0.0139523
493, 70.74187, 0.0141359
494, 72.7802, 0.01374
495, 72.06895, 0.0138756
496, 71.77, 0.0139334
497, 70.72636, 0.014139
498, 72.6496, 0.0137647
499, 71.30328, 0.0140246
500, 72.41444, 0.0138094
501, 71.47605, 0.0139907
502, 72.05182, 0.0138789
503, 71.66969, 0.0139529
504, 70.86369, 0.0141116
505, 72.80193, 0.0137359
506, 70.90087, 0.0141042
507, 71.20428, 0.0140441
508, 73.55646, 0.013595
509, 71.47146, 0.0139916
510, 71.51132, 0.0139838
511, 70.94111, 0.0140962
512, 72.22146, 0.0138463
513, 72.17403, 0.0138554
514, 72.12249, 0.0138653
515, 70.44784, 0.0141949
516, 73.31271, 0.0136402
517, 71.64966, 0.0139568
518, 71.49649, 0.0139867
519, 72.713, 0.0137527
520, 71.69384, 0.0139482
521, 71.67277, 0.0139523
522, 70.61698, 0.0141609
523, 70.62196, 0.0141599
524, 73.97544, 0.013518
525, 71.34398, 0.0140166
526, 73.11331, 0.0136774
527, 72.53999, 0.0137855
528, 70.93507, 0.0140974
529, 72.85869, 0.0137252
530, 71.56659, 0.013973
531, 71.63375, 0.0139599
532, 71.93779, 0.0139009
533, 71.53281, 0.0139796
534, 71.7, 0.013947
535, 71.07169, 0.0140703
536, 72.5221, 0.0137889
537, 69.43769, 0.0144014
538, 74.59736, 0.0134053
539, 71.35722, 0.014014
540, 71.94865, 0.0138988
541, 71.86541, 0.0139149
542, 71.35314, 0.0140148
543, 70.45231, 0.014194
544, 73.92021, 0.0135281
545, 71.67996, 0.0139509
546, 70.83356, 0.0141176
547, 72.79822, 0.0137366
548, 69.89341, 0.0143075
549, 72.60424, 0.0137733
550, 72.48267, 0.0137964
551, 72.24807, 0.0138412
552, 71.23116, 0.0140388
553, 72.41549, 0.0138092
554, 71.71903, 0.0139433
555, 70.70235, 0.0141438
556, 73.17645, 0.0136656
557, 71.46175, 0.0139935
558, 71.48576, 0.0139888
559, 70.82454, 0.0141194
560, 73.68436, 0.0135714
561, 71.00356, 0.0140838
562, 72.2272, 0.0138452
563, 72.06532, 0.0138763
564, 71.92537, 0.0139033
565, 72.08142, 0.0138732
566, 71.48321, 0.0139893
567, 70.49203, 0.014186
568, 73.22896, 0.0136558
569, 71.80142, 0.0139273
570, 70.62446, 0.0141594
571, 73.40958, 0.0136222
572, 71.74888, 0.0139375
573, 70.73436, 0.0141374
574, 72.98844, 0.0137008
575, 71.68407, 0.0139501
576, 71.7463, 0.013938
577, 71.0919, 0.0140663
578, 71.97196, 0.0138943
579, 71.45154, 0.0139955
580, 72.26582, 0.0138378
581, 71.88245, 0.0139116
582, 72.38718, 0.0138146
583, 71.89176, 0.0139098
584, 70.67687, 0.0141489
585, 72.19486, 0.0138514
586, 72.37566, 0.0138168
587, 72.69608, 0.0137559
588, 71.16728, 0.0140514
589, 71.71903, 0.0139433
590, 71.94504, 0.0138995
591, 71.38421, 0.0140087
592, 71.33583, 0.0140182
593, 73.22253, 0.013657
594, 71.3043, 0.0140244
595, 72.27104, 0.0138368
596, 71.31142, 0.014023
597, 71.55072, 0.0139761
598, 72.42913, 0.0138066
599, 71.24232, 0.0140366
600, 71.3282, 0.0140197
601, 73.09087, 0.0136816
602, 71.41429, 0.0140028
603, 71.0308, 0.0140784
604, 73.06523, 0.0136864
605, 71.88297, 0.0139115
606, 71.59273, 0.0139679
607, 72.07259, 0.0138749
608, 71.49496, 0.013987
609, 70.85213, 0.0141139
610, 73.40958, 0.0136222
611, 71.67431, 0.013952
612, 70.72336, 0.0141396
613, 72.48373, 0.0137962
614, 70.73386, 0.0141375
615, 72.82314, 0.0137319
616, 71.88969, 0.0139102
617, 71.9202, 0.0139043
618, 71.67329, 0.0139522
619, 71.09948, 0.0140648
620, 72.70242, 0.0137547
621, 71.63991, 0.0139587
622, 71.48678, 0.0139886
623, 72.46535, 0.0137997
624, 71.54048, 0.0139781
625, 70.72236, 0.0141398
626, 72.17194, 0.0138558
627, 71.33787, 0.0140178
628, 72.59054, 0.0137759
629, 71.97351, 0.013894
630, 71.20225, 0.0140445
631, 72.19434, 0.0138515
632, 72.20373, 0.0138497
633, 71.6512, 0.0139565
634, 71.33889, 0.0140176
635, 72.2392, 0.0138429
636, 71.41735, 0.0140022
637, 72.6111, 0.013772
638, 71.69178, 0.0139486
639, 69.99174, 0.0142874
640, 73.69196, 0.01357
641, 72.23294, 0.0138441
642, 71.81226, 0.0139252
643, 70.85464, 0.0141134
644, 73.03802, 0.0136915
645, 71.26111, 0.0140329
646, 71.59016, 0.0139684
647, 71.59273, 0.0139679
648, 72.42651, 0.0138071
649, 71.15918, 0.014053
650, 71.83495, 0.0139208
651, 72.00565, 0.0138878
652, 72.12302, 0.0138652
653, 71.79214, 0.0139291
654, 71.39491, 0.0140066
655, 72.15632, 0.0138588
656, 72.1532, 0.0138594
657, 71.52411, 0.0139813
658, 70.75539, 0.0141332
659, 72.198, 0.0138508
660, 72.32854, 0.0138258
661, 71.9202, 0.0139043
662, 71.83908, 0.01392
663, 71.6702, 0.0139528
664, 71.11314, 0.0140621
665, 72.19904, 0.0138506
666, 72.46639, 0.0137995
667, 71.70875, 0.0139453
668, 70.96024, 0.0140924
669, 70.51987, 0.0141804
670, 73.78223, 0.0135534
671, 72.27784, 0.0138355
672, 71.49701, 0.0139866
673, 71.51694, 0.0139827
674, 72.28828, 0.0138335
675, 71.16526, 0.0140518
676, 72.47007, 0.0137988
677, 71.66506, 0.0139538
678, 72.19486, 0.0138514
679, 71.17843, 0.0140492
680, 71.55379, 0.0139755
681, 72.63536, 0.0137674
682, 70.4538, 0.0141937
683, 73.14968, 0.0136706
684, 71.89124, 0.0139099
685, 72.02068, 0.0138849
686, 71.60964, 0.0139646
687, 71.82721, 0.0139223
688, 71.30735, 0.0140238
689, 72.66808, 0.0137612
690, 71.35467, 0.0140145
691, 71.02727, 0.0140791
692, 73.15343, 0.0136699
693, 71.70515, 0.013946
694, 71.58965, 0.0139685
695, 72.19904, 0.0138506
696, 71.15361, 0.0140541
697, 72.17663, 0.0138549
698, 71.94141, 0.0139002
699, 71.5016, 0.0139857
700, 71.23674, 0.0140377
701, 72.52367, 0.0137886
702, 70.85716, 0.0141129
703, 72.70506, 0.0137542
704, 72.02743, 0.0138836
705, 72.04767, 0.0138797
706, 71.09797, 0.0140651
707, 72.72886, 0.0137497
708, 71.73138, 0.0139409
709, 71.86696, 0.0139146
710, 71.37249, 0.014011
711, 71.85715, 0.0139165
712, 70.94714, 0.014095
713, 73.02789, 0.0136934
714, 71.39236, 0.0140071
715, 72.07207, 0.013875
716, 72.17455, 0.0138553
717, 72.27366, 0.0138363
718, 70.61399, 0.0141615
719, 73.11545, 0.013677
720, 71.7216, 0.0139428
721, 71.71697, 0.0139437
722, 70.73737, 0.0141368
723, 72.63377, 0.0137677
724, 70.0236, 0.0142809
725, 74.0302, 0.013508
726, 71.68099, 0.0139507
727, 71.66609, 0.0139536
728, 71.91348, 0.0139056
729, 71.17691, 0.0140495
730, 70.01134, 0.0142834
731, 74.51009, 0.013421
732, 71.64915, 0.0139569
733, 71.65788, 0.0139552
734, 72.15684, 0.0138587
735, 71.21138, 0.0140427
736, 69.73987, 0.014339
737, 74.77306, 0.0133738
738, 71.54356, 0.0139775
739, 71.89745, 0.0139087
740, 71.60144, 0.0139662
741, 70.98995, 0.0140865
742, 71.15007, 0.0140548
743, 72.19434, 0.0138515
744, 72.62376, 0.0137696
745, 72.22824, 0.013845
746, 70.89886, 0.0141046
747, 72.72305, 0.0137508
748, 69.94768, 0.0142964
749, 67.98743, 0.0147086
750, 79.80782, 0.0125301
751, 72.05338, 0.0138786
752, 71.49547, 0.0139869
753, 71.83546, 0.0139207
754, 69.84557, 0.0143173
755, 73.34067, 0.013635
756, 72.00513, 0.0138879
757, 70.64491, 0.0141553
758, 73.26222, 0.0136496
759, 72.07675, 0.0138741
760, 70.80347, 0.0141236
761, 72.65963, 0.0137628
762, 58.77167, 0.017015
763, 92.25858, 0.0108391
764, 71.28905, 0.0140274
765, 71.47095, 0.0139917
766, 70.52833, 0.0141787
767, 73.29874, 0.0136428
768, 70.62347, 0.0141596
769, 73.15556, 0.0136695
770, 71.83598, 0.0139206
771, 71.95487, 0.0138976
772, 71.23268, 0.0140385
773, 72.48058, 0.0137968
774, 71.5917, 0.0139681
775, 71.71235, 0.0139446
776, 72.01394, 0.0138862
777, 71.90003, 0.0139082
778, 71.42194, 0.0140013
779, 70.88881, 0.0141066
780, 72.76325, 0.0137432
781, 71.99632, 0.0138896
782, 71.71594, 0.0139439
783, 71.49138, 0.0139877
784, 72.34425, 0.0138228
785, 70.58308, 0.0141677
786, 72.49055, 0.0137949
787, 72.7961, 0.013737
788, 71.7494, 0.0139374
789, 71.97092, 0.0138945
790, 70.44287, 0.0141959
791, 72.98684, 0.0137011
792, 71.82773, 0.0139222
793, 71.2982, 0.0140256
794, 71.82463, 0.0139228
795, 72.34686, 0.0138223
796, 71.22761, 0.0140395
797, 72.79874, 0.0137365
798, 71.61426, 0.0139637
799, 71.98077, 0.0138926
800, 71.34093, 0.0140172
801, 71.48525, 0.0139889
802, 72.54578, 0.0137844
803, 71.56762, 0.0139728
804, 68.68981, 0.0145582
805, 36.79704, 0.0271761
806, 72.2439, 0.013842
807, 71.40409, 0.0140048
808, 72.36676, 0.0138185
809, 71.7355, 0.0139401
810, 71.47146, 0.0139916
811, 70.7654, 0.0141312
812, 72.92989, 0.0137118
813, 71.6435, 0.013958
814, 72.03313, 0.0138825
815, 70.18184, 0.0142487
816, 72.77914, 0.0137402
817, 72.28463, 0.0138342
818, 72.12769, 0.0138643
819, 71.44745, 0.0139963
820, 71.50826, 0.0139844
821, 33.71374, 0.0296615
822, 86.15565, 0.0116069
823, 71.9585, 0.0138969
824, 71.23065, 0.0140389
825, 71.52871, 0.0139804
826, 71.57172, 0.013972
827, 71.92485, 0.0139034
828, 71.22, 0.014041
829, 72.00305, 0.0138883
830, 71.68459, 0.01395
831, 71.62452, 0.0139617
832, 71.27177, 0.0140308
833, 72.25225, 0.0138404
834, 72.08506, 0.0138725
835, 71.69846, 0.0139473
836, 71.52155, 0.0139818
837, 71.17742, 0.0140494
838, 72.95596, 0.0137069
839, 71.42857, 0.014
840, 72.08142, 0.0138732
841, 71.49751, 0.0139865
842, 72.10378, 0.0138689
843, 70.74487, 0.0141353
844, 71.77463, 0.0139325
845, 73.08179, 0.0136833
846, 71.74888, 0.0139375
847, 71.51286, 0.0139835
848, 72.41864, 0.0138086
849, 23.77771, 0.0420562
850, 64.91273, 0.0154053
851, 81.38815, 0.0122868
852, 69.87241, 0.0143118
853, 63.37979, 0.0157779
854, 75.55038, 0.0132362
855, 82.86514, 0.0120678
856, 71.5456, 0.0139771
857, 71.3104, 0.0140232
858, 72.18757, 0.0138528
859, 70.71936, 0.0141404
860, 73.03748, 0.0136916
861, 71.10352, 0.014064
862, 71.99372, 0.0138901
863, 70.72886, 0.0141385
864, 73.37026, 0.0136295
865, 70.03194, 0.0142792
866, 73.84543, 0.0135418
867, 71.73705, 0.0139398
868, 71.54048, 0.0139781
869, 71.804, 0.0139268
870, 71.82308, 0.0139231
871, 71.40002, 0.0140056
872, 72.11521, 0.0138667
873, 72.15424, 0.0138592
874, 70.87222, 0.0141099
875, 72.77014, 0.0137419
876, 71.68099, 0.0139507
877, 71.1759, 0.0140497
878, 72.6945, 0.0137562
879, 71.67226, 0.0139524
880, 71.32668, 0.01402
881, 72.57158, 0.0137795
882, 71.02475, 0.0140796
883, 72.22877, 0.0138449
884, 72.26582, 0.0138378
885, 70.85265, 0.0141138
886, 73.08179, 0.0136833
887, 71.91761, 0.0139048
888, 71.65891, 0.013955
889, 71.40154, 0.0140053
890, 72.8539, 0.0137261
891, 70.67188, 0.0141499
892, 73.19787, 0.0136616
893, 71.53536, 0.0139791
894, 72.0648, 0.0138764
895, 70.85213, 0.0141139
896, 71.44898, 0.013996
897, 73.04816, 0.0136896
898, 70.6544, 0.0141534
899, 72.87302, 0.0137225
900, 71.76948, 0.0139335
901, 71.48219, 0.0139895
902, 71.23775, 0.0140375
903, 73.35088, 0.0136331
904, 71.7, 0.013947
905, 71.28803, 0.0140276
906, 71.93158, 0.0139021
907, 70.94865, 0.0140947
908, 72.02587, 0.0138839
909, 72.49055, 0.0137949
910, 71.65891, 0.013955
911, 71.87833, 0.0139124
912, 71.27025, 0.0140311
913, 71.42704, 0.0140003
914, 72.03054, 0.013883
915, 72.49792, 0.0137935
916, 71.95176, 0.0138982
917, 70.80097, 0.0141241
918, 71.60349, 0.0139658
919, 72.46587, 0.0137996
920, 71.89382, 0.0139094
921, 71.99735, 0.0138894
922, 71.95746, 0.0138971
923, 71.1445, 0.0140559
924, 72.48215, 0.0137965
925, 71.41479, 0.0140027
926, 72.04715, 0.0138798
927, 72.27992, 0.0138351
928, 71.47758, 0.0139904
929, 70.87473, 0.0141094
930, 72.78656, 0.0137388
931, 71.33482, 0.0140184
932, 72.00513, 0.0138879
933, 70.98643, 0.0140872
934, 72.24546, 0.0138417
935, 72.45484, 0.0138017
936, 71.86076, 0.0139158
937, 71.14906, 0.014055
938, 72.20269, 0.0138499
939, 72.27627, 0.0138358
940, 71.03433, 0.0140777
941, 72.34529, 0.0138226
942, 71.7252, 0.0139421
943, 71.96989, 0.0138947
944, 71.87419, 0.0139132
945, 71.91709, 0.0139049
946, 71.41378, 0.0140029
947, 71.94918, 0.0138987
948, 71.69641, 0.0139477
949, 71.82154, 0.0139234
950, 71.90468, 0.0139073
951, 71.44235, 0.0139973
952, 72.11625, 0.0138665
953, 72.0674, 0.0138759
954, 71.62862, 0.0139609
955, 71.66506, 0.0139538
956, 71.76227, 0.0139349
957, 70.56466, 0.0141714
958, 71.99217, 0.0138904
959, 73.29874, 0.0136428
960, 72.16205, 0.0138577
961, 71.41786, 0.0140021
962, 70.35466, 0.0142137
963, 72.62639, 0.0137691
964, 73.03695, 0.0136917
965, 71.52564, 0.013981
966, 71.30786, 0.0140237
967, 72.4349, 0.0138055
968, 71.46022, 0.0139938
969, 72.18132, 0.013854
970, 70.46471, 0.0141915
971, 72.37775, 0.0138164
972, 70.67338, 0.0141496
973, 71.14501, 0.0140558
974, 74.18948, 0.013479
975, 71.68407, 0.0139501
976, 72.12041, 0.0138657
977, 70.85516, 0.0141133
978, 72.58053, 0.0137778
979, 71.92123, 0.0139041
980, 70.49998, 0.0141844
981, 72.93999, 0.0137099
982, 71.92692, 0.013903
983, 70.32745, 0.0142192
984, 72.54314, 0.0137849
985, 71.88556, 0.013911
986, 71.57325, 0.0139717
987, 73.39557, 0.0136248
988, 72.06013, 0.0138773
989, 71.53281, 0.0139796
990, 71.59734, 0.013967
991, 72.09181, 0.0138712
992, 71.4398, 0.0139978
993, 72.0378, 0.0138816
994, 72.16726, 0.0138567
995, 70.12524, 0.0142602
996, 73.24988, 0.0136519
997, 71.15766, 0.0140533
998, 71.8267, 0.0139224
999, 72.51894, 0.0137895
1000, 72.10013, 0.0138696
1001, 71.30888, 0.0140235
1002, 71.88245, 0.0139116
1003, 71.98854, 0.0138911
1004, 70.39378, 0.0142058
1005, 73.49699, 0.013606
1006, 70.57213, 0.0141699
1007, 73.01082, 0.0136966
1008, 71.62144, 0.0139623
1009, 71.76021, 0.0139353
1010, 70.92149, 0.0141001
1011, 73.00709, 0.0136973
1012, 71.80813, 0.013926
1013, 71.44745, 0.0139963
1014, 72.40972, 0.0138103
1015, 71.63888, 0.0139589
1016, 70.67987, 0.0141483
1017, 72.00357, 0.0138882
1018, 72.68076, 0.0137588
1019, 71.98647, 0.0138915
1020, 71.86645, 0.0139147
1021, 70.89131, 0.0141061
1022, 72.43437, 0.0138056
1023, 72.24702, 0.0138414
1024, 72.62691, 0.013769
1025, 70.95772, 0.0140929
1026, 71.72469, 0.0139422
1027, 72.01601, 0.0138858
1028, 70.06187, 0.0142731
1029, 73.79202, 0.0135516
1030, 71.94814, 0.0138989
1031, 71.40205, 0.0140052
1032, 71.98129, 0.0138925
1033, 71.22913, 0.0140392
1034, 72.13758, 0.0138624
1035, 72.37671, 0.0138166
1036, 71.52001, 0.0139821
1037, 71.05856, 0.0140729
1038, 70.94916, 0.0140946
1039, 71.80246, 0.0139271
1040, 73.237, 0.0136543
1041, 71.91399, 0.0139055
1042, 71.34245, 0.0140169
1043, 73.24129, 0.0136535
1044, 71.65274, 0.0139562
1045, 71.6738, 0.0139521
1046, 70.83006, 0.0141183
1047, 73.00975, 0.0136968
1048, 71.5415, 0.0139779
1049, 72.11521, 0.0138667
1050, 71.09291, 0.0140661
1051, 71.74013, 0.0139392
1052, 70.67687, 0.0141489
1053, 73.96996, 0.013519
1054, 71.2474, 0.0140356
1055, 72.23659, 0.0138434
1056, 71.54919, 0.0139764
1057, 71.92589, 0.0139032
1058, 71.58606, 0.0139692
1059, 71.97041, 0.0138946
1060, 71.78133, 0.0139312
1061, 70.90187, 0.014104
1062, 72.39294, 0.0138135
1063, 72.42703, 0.013807
1064, 70.74638, 0.014135
1065, 73.27994, 0.0136463
1066, 71.18046, 0.0140488
1067, 72.0155, 0.0138859
1068, 71.74528, 0.0139382
1069, 71.99632, 0.0138896
1070, 71.76227, 0.0139349
1071, 71.17944, 0.014049
1072, 72.14851, 0.0138603
1073, 72.1657, 0.013857
1074, 71.93882, 0.0139007
1075, 72.03054, 0.013883
1076, 69.65778, 0.0143559
1077, 73.83289, 0.0135441
1078, 72.5079, 0.0137916
1079, 71.32108, 0.0140211
1080, 70.63045, 0.0141582
1081, 72.98684, 0.0137011
1082, 71.35772, 0.0140139
1083, 70.56715, 0.0141709
1084, 73.67568, 0.013573
1085, 71.4046, 0.0140047
1086, 72.13914, 0.0138621
1087, 71.99424, 0.01389
1088, 69.9795, 0.0142899
1089, 73.52995, 0.0135999
1090, 72.40658, 0.0138109
1091, 71.39695, 0.0140062
1092, 70.22225, 0.0142405
1093, 72.33744, 0.0138241
1094, 72.09441, 0.0138707
1095, 72.53526, 0.0137864
1096, 72.2319, 0.0138443
1097, 71.94555, 0.0138994
1098, 71.68922, 0.0139491
1099, 71.66763, 0.0139533
1100, 69.82168, 0.0143222
1101, 73.97544, 0.013518
1102, 71.76742, 0.0139339
1103, 72.03262, 0.0138826
1104, 71.76021, 0.0139353
1105, 70.71185, 0.0141419
1106, 72.1199, 0.0138658
1107, 71.63837, 0.013959
1108, 72.34686, 0.0138223
1109, 72.17506, 0.0138552
1110, 71.91606, 0.0139051
1111, 71.59785, 0.0139669
1112, 69.84313, 0.0143178
1113, 72.20216, 0.01385
1114, 73.76807, 0.013556
1115, 71.61682, 0.0139632
1116, 71.65891, 0.013955
1117, 72.07519, 0.0138744
1118, 72.04507, 0.0138802
1119, 31.73455, 0.0315114
1120, 82.75954, 0.0120832
1121, 82.89674, 0.0120632
1122, 70.29827, 0.0142251
1123, 65.10713, 0.0153593
1124, 81.94236, 0.0122037
1125, 71.97041, 0.0138946
1126, 69.99223, 0.0142873
1127, 29.47401, 0.0339282
1128, 107.7238, 0.009283
1129, 82.90224, 0.0120624
1130, 72.35838, 0.0138201
1131, 71.55584, 0.0139751
1132, 70.31805, 0.0142211
1133, 71.39746, 0.0140061
1134, 72.50527, 0.0137921
1135, 73.16199, 0.0136683
1136, 70.93305, 0.0140978
1137, 31.00891, 0.0322488
1138, 106.8844, 0.0093559
1139, 71.09645, 0.0140654
1140, 72.28881, 0.0138334
1141, 71.34398, 0.0140166
1142, 72.11521, 0.0138667
1143, 71.63477, 0.0139597
1144, 72.09753, 0.0138701
1145, 70.07561, 0.0142703
1146, 71.94814, 0.0138989
1147, 32.24059, 0.0310168
1148, 95.9785, 0.010419
1149, 70.98995, 0.0140865
1150, 72.01653, 0.0138857
1151, 70.72936, 0.0141384
1152, 72.44697, 0.0138032
1153, 72.7532, 0.0137451
1154, 71.21696, 0.0140416
1155, 72.18757, 0.0138528
1156, 70.08936, 0.0142675
1157, 31.23272, 0.0320177
1158, 107.234, 0.0093254
1159, 71.03534, 0.0140775
1160, 71.70206, 0.0139466
1161, 71.99528, 0.0138898
1162, 70.98895, 0.0140867
1163, 73.01881, 0.0136951
1164, 72.34895, 0.0138219
1165, 71.70515, 0.013946
1166, 70.15673, 0.0142538
1167, 30.44854, 0.0328423
1168, 116.629, 0.0085742
1169, 71.32515, 0.0140203
1170, 71.43929, 0.0139979
1171, 71.64966, 0.0139568
1172, 72.5079, 0.0137916
1173, 71.0419, 0.0140762
1174, 72.22198, 0.0138462
1175, 71.7906, 0.0139294
1176, 71.50826, 0.0139844
1177, 30.24309, 0.0330654
1178, 107.4414, 0.0093074
1179, 75.40341, 0.013262
1180, 71.01819, 0.0140809
1181, 72.31077, 0.0138292
1182, 71.9932, 0.0138902
1183, 71.72417, 0.0139423
1184, 70.90438, 0.0141035
1185, 72.90543, 0.0137164
1186, 69.80997, 0.0143246
1187, 29.55904, 0.0338306
1188, 106.4453, 0.0093945
1189, 81.25523, 0.0123069
1190, 74.03404, 0.0135073
1191, 71.7319, 0.0139408
1192, 71.3455, 0.0140163
1193, 71.92226, 0.0139039
1194, 71.9989, 0.0138891
1195, 70.56216, 0.0141719
1196, 70.88729, 0.0141069
1197, 30.74019, 0.0325307
1198, 113.4893, 0.0088114
1199, 71.0919, 0.0140663
1200, 70.34872, 0.0142149
1201, 73.26759, 0.0136486
1202, 72.60846, 0.0137725
1203, 71.32362, 0.0140206
1204, 71.9295, 0.0139025
1205, 72.14851, 0.0138603
1206, 69.57635, 0.0143727
1207, 30.38599, 0.0329099
1208, 120.8036, 0.0082779
1209, 71.62965, 0.0139607
1210, 71.47196, 0.0139915
1211, 70.73186, 0.0141379
1212, 73.48618, 0.013608
1213, 72.04404, 0.0138804
1214, 71.17286, 0.0140503
1215, 72.08506, 0.0138725
1216, 69.73501, 0.01434
1217, 32.4512, 0.0308155
1218, 95.70294, 0.010449
1219, 71.35467, 0.0140145
1220, 71.86748, 0.0139145
1221, 70.8682, 0.0141107
1222, 71.4781, 0.0139903
1223, 73.03001, 0.013693
1224, 71.61631, 0.0139633
1225, 72.0565, 0.013878
1226, 70.30173, 0.0142244
1227, 32.1561, 0.0310983
1228, 96.04303, 0.010412
1229, 71.38625, 0.0140083
1230, 71.57121, 0.0139721
1231, 72.61214, 0.0137718
1232, 71.04694, 0.0140752
1233, 71.9233, 0.0139037
1234, 72.27418, 0.0138362
1235, 71.45256, 0.0139953
1236, 71.55072, 0.0139761
1237, 32.08223, 0.0311699
1238, 95.40256, 0.0104819
1239, 71.84373, 0.0139191
1240, 72.08558, 0.0138724
1241, 71.19009, 0.0140469
1242, 71.51899, 0.0139823
1243, 71.34805, 0.0140158
1244, 71.92589, 0.0139032
1245, 72.61426, 0.0137714
1246, 72.02535, 0.013884
1247, 72.27104, 0.0138368
1248, 71.32515, 0.0140203
1249, 72.13238, 0.0138634
1250, 72.19486, 0.0138514
1251, 71.50263, 0.0139855
1252, 71.75557, 0.0139362
1253, 71.81483, 0.0139247
1254, 70.81401, 0.0141215
1255, 71.00054, 0.0140844
1256, 72.27209, 0.0138366
1257, 70.2795, 0.0142289
1258, 29.44103, 0.0339662
1259, 111.2063, 0.0089923
1260, 81.93363, 0.012205
1261, 71.77308, 0.0139328
1262, 72.26478, 0.013838
1263, 71.52769, 0.0139806
1264, 71.82876, 0.013922
1265, 71.425, 0.0140007
1266, 72.71881, 0.0137516
1267, 70.42849, 0.0141988
1268, 32.08368, 0.0311685
1269, 96.90768, 0.0103191
1270, 71.45613, 0.0139946
1271, 72.66386, 0.013762
1272, 71.49547, 0.0139869
1273, 70.54922, 0.0141745
1274, 73.90874, 0.0135302
1275, 71.70103, 0.0139468
1276, 71.68407, 0.0139501
1277, 71.06967, 0.0140707
1278, 31.82676, 0.0314201
1279, 96.69965, 0.0103413
1280, 72.31495, 0.0138284
1281, 71.91244, 0.0139058
1282, 71.12022, 0.0140607
1283, 72.42388, 0.0138076
1284, 71.65839, 0.0139551
1285, 72.41811, 0.0138087
1286, 71.52257, 0.0139816
1287, 71.23775, 0.0140375
1288, 32.34132, 0.0309202
1289, 92.58231, 0.0108012
1290, 71.30227, 0.0140248
1291, 72.23241, 0.0138442
1292, 71.98543, 0.0138917
1293, 72.11261, 0.0138672
1294, 71.59016, 0.0139684
1295, 71.42245, 0.0140012
1296, 72.6438, 0.0137658
1297, 71.04443, 0.0140757
1298, 31.11146, 0.0321425
1299, 103.3902, 0.0096721
1300, 71.99424, 0.01389
1301, 72.07675, 0.0138741
1302, 72.06895, 0.0138756
1303, 71.47554, 0.0139908
1304, 72.29874, 0.0138315
1305, 71.2794, 0.0140293
1306, 71.77617, 0.0139322
1307, 71.46635, 0.0139926
1308, 32.05693, 0.0311945
1309, 95.34525, 0.0104882
1310, 71.40715, 0.0140042
1311, 72.14122, 0.0138617
1312, 72.77332, 0.0137413
1313, 70.45727, 0.014193
1314, 71.5369, 0.0139788
1315, 72.08765, 0.013872
1316, 72.25956, 0.013839
1317, 65.80723, 0.0151959
1318, 31.00169, 0.0322563
1319, 100.2255, 0.0099775
1320, 82.54435, 0.0121147
1321, 72.24076, 0.0138426
1322, 70.18922, 0.0142472
1323, 73.10636, 0.0136787
1324, 72.13446, 0.013863
1325, 71.89641, 0.0139089
1326, 71.73138, 0.0139409
1327, 70.75539, 0.0141332
1328, 31.89386, 0.031354
1329, 98.95504, 0.0101056
1330, 71.16019, 0.0140528
1331, 71.88556, 0.013911
1332, 71.61836, 0.0139629
1333, 71.33329, 0.0140187
1334, 72.61373, 0.0137715
1335, 71.75197, 0.0139369
1336, 71.53793, 0.0139786
1337, 70.56416, 0.0141715
1338, 31.2757, 0.0319737
1339, 106.9176, 0.009353
1340, 70.99097, 0.0140863
1341, 71.87264, 0.0139135
1342, 71.7669, 0.013934
1343, 71.26771, 0.0140316
1344, 71.48781, 0.0139884
1345, 72.92509, 0.0137127
1346, 71.18654, 0.0140476
1347, 71.00458, 0.0140836
1348, 31.60407, 0.0316415
1349, 100.635, 0.0099369
1350, 72.44067, 0.0138044
1351, 71.6738, 0.0139521
1352, 71.99424, 0.01389
1353, 71.20782, 0.0140434
1354, 71.92847, 0.0139027
1355, 72.07103, 0.0138752
1356, 72.06947, 0.0138755
1357, 71.21696, 0.0140416
1358, 32.877, 0.0304164
1359, 89.50148, 0.011173
1360, 70.98743, 0.014087
1361, 70.9819, 0.0140881
1362, 73.55862, 0.0135946
1363, 70.63793, 0.0141567
1364, 72.86134, 0.0137247
1365, 71.77308, 0.0139328
1366, 71.93417, 0.0139016
1367, 71.38676, 0.0140082
1368, 32.19305, 0.0310626
1369, 93.46231, 0.0106995
1370, 71.94814, 0.0138989
1371, 71.88969, 0.0139102
1372, 71.89951, 0.0139083
1373, 59.1373, 0.0169098
1374, 78.98707, 0.0126603
1375, 84.27653, 0.0118657
1376, 71.91968, 0.0139044
1377, 70.73186, 0.0141379
1378, 31.75329, 0.0314928
1379, 98.21445, 0.0101818
1380, 71.56762, 0.0139728
1381, 69.80511, 0.0143256
1382, 73.13256, 0.0136738
1383, 73.10209, 0.0136795
1384, 71.6625, 0.0139543
1385, 71.51848, 0.0139824
1386, 71.45205, 0.0139954
1387, 71.44643, 0.0139965
1388, 32.31926, 0.0309413
1389, 89.56319, 0.0111653
1390, 72.98631, 0.0137012
1391, 71.32464, 0.0140204
1392, 73.48025, 0.0136091
1393, 72.14278, 0.0138614
1394, 71.82102, 0.0139235
1395, 71.79627, 0.0139283
1396, 71.48474, 0.013989
1397, 71.0419, 0.0140762
1398, 30.87268, 0.0323911
1399, 105.3874, 0.0094888
1400, 72.37775, 0.0138164
1401, 70.95218, 0.014094
1402, 73.79801, 0.0135505
1403, 72.24755, 0.0138413
1404, 71.13387, 0.014058
1405, 72.40868, 0.0138105
1406, 71.54407, 0.0139774
1407, 71.34449, 0.0140165
1408, 28.65305, 0.0349003
1409, 136.2732, 0.0073382
1410, 74.40808, 0.0134394
1411, 72.54472, 0.0137846
1412, 72.4538, 0.0138019
1413, 71.33125, 0.0140191
1414, 71.56966, 0.0139724
1415, 70.23557, 0.0142378
1416, 74.22913, 0.0134718
1417, 70.64791, 0.0141547
1418, 29.60577, 0.0337772
1419, 124.8533, 0.0080094
1420, 72.9267, 0.0137124
1421, 71.10201, 0.0140643
1422, 72.40186, 0.0138118
1423, 72.29874, 0.0138315
1424, 70.88579, 0.0141072
1425, 72.69872, 0.0137554
1426, 71.37249, 0.014011
1427, 70.60801, 0.0141627
1428, 73.71315, 0.0135661
1429, 71.6081, 0.0139649
1430, 71.00659, 0.0140832
1431, 72.56262, 0.0137812
1432, 69.56086, 0.0143759
1433, 73.49915, 0.0136056
1434, 71.23674, 0.0140377
1435, 72.29404, 0.0138324
1436, 71.51848, 0.0139824
1437, 72.1459, 0.0138608
1438, 68.93366, 0.0145067
1439, 28.52465, 0.0350574
1440, 124.6696, 0.0080212
1441, 83.87924, 0.0119219
1442, 71.65685, 0.0139554
1443, 72.26112, 0.0138387
1444, 70.11147, 0.014263
1445, 73.21877, 0.0136577
1446, 71.49701, 0.0139866
1447, 72.20373, 0.0138497
1448, 70.45478, 0.0141935
1449, 32.40042, 0.0308638
1450, 94.29781, 0.0106047
1451, 71.42398, 0.0140009
1452, 71.77412, 0.0139326
1453, 71.94865, 0.0138988
1454, 71.91141, 0.013906
1455, 70.90438, 0.0141035
1456, 72.90968, 0.0137156
1457, 71.86748, 0.0139145
1458, 70.34328, 0.014216
1459, 32.03978, 0.0312112
1460, 96.16772, 0.0103985
1461, 72.79769, 0.0137367
1462, 71.60041, 0.0139664
1463, 71.49036, 0.0139879
1464, 71.85715, 0.0139165
1465, 71.74682, 0.0139379
1466, 71.07169, 0.0140703
1467, 71.78236, 0.013931
1468, 71.09039, 0.0140666
1469, 31.95429, 0.0312947
1470, 98.58239, 0.0101438
1471, 70.74087, 0.0141361
1472, 72.89905, 0.0137176
1473, 72.09961, 0.0138697
1474, 71.37861, 0.0140098
1475, 71.73756, 0.0139397
1476, 71.45971, 0.0139939
1477, 71.03938, 0.0140767
1478, 72.62955, 0.0137685
1479, 31.77327, 0.031473
1480, 99.11392, 0.0100894
1481, 71.14298, 0.0140562
1482, 71.80142, 0.0139273
1483, 71.60452, 0.0139656
1484, 72.8486, 0.0137271
1485, 70.90237, 0.0141039
1486, 72.3207, 0.0138273
1487, 70.96829, 0.0140908
1488, 71.5195, 0.0139822
1489, 31.27541, 0.031974
1490, 105.3696, 0.0094904
1491, 71.4046, 0.0140047
1492, 71.60605, 0.0139653
1493, 70.56068, 0.0141722
1494, 72.41339, 0.0138096
1495, 71.9295, 0.0139025
1496, 71.20631, 0.0140437
1497, 72.49266, 0.0137945
1498, 69.54344, 0.0143795
1499, 29.70726, 0.0336618
1500, 109.1453, 0.0091621
1501, 81.25325, 0.0123072
1502, 72.15372, 0.0138593
1503, 71.45664, 0.0139945
1504, 71.03635, 0.0140773
1505, 72.86028, 0.0137249
1506, 71.22304, 0.0140404
1507, 72.49213, 0.0137946
1508, 70.42551, 0.0141994
1509, 31.56855, 0.0316771
1510, 102.9484, 0.0097136
1511, 70.75739, 0.0141328
1512, 71.96626, 0.0138954
1513, 72.03158, 0.0138828
1514, 71.02879, 0.0140788
1515, 71.89331, 0.0139095
1516, 72.2152, 0.0138475
1517, 72.36676, 0.0138185
1518, 70.74137, 0.014136
1519, 32.02593, 0.0312247
1520, 92.75406, 0.0107812
1521, 74.40864, 0.0134393
1522, 70.88428, 0.0141075
1523, 72.78285, 0.0137395
1524, 71.47248, 0.0139914
1525, 72.1506, 0.0138599
1526, 71.48474, 0.013989
1527, 71.56352, 0.0139736
1528, 71.77463, 0.0139325
1529, 32.04491, 0.0312062
1530, 95.58768, 0.0104616
1531, 71.52718, 0.0139807
1532, 71.25704, 0.0140337
1533, 72.6908, 0.0137569
1534, 71.60093, 0.0139663
1535, 72.1881, 0.0138527
1536, 71.01415, 0.0140817
1537, 72.38456, 0.0138151
1538, 70.92752, 0.0140989
1539, 30.516, 0.0327697
1540, 111.4392, 0.0089735
1541, 73.27886, 0.0136465
1542, 71.29159, 0.0140269
1543, 72.30501, 0.0138303
1544, 71.9202, 0.0139043
1545, 71.7144, 0.0139442
1546, 71.51439, 0.0139832
1547, 71.89745, 0.0139087
1548, 71.01517, 0.0140815
1549, 32.07071, 0.0311811
1550, 97.19873, 0.0102882
1551, 71.19363, 0.0140462
1552, 71.94193, 0.0139001
1553, 71.2738, 0.0140304
1554, 72.61954, 0.0137704
1555, 71.79988, 0.0139276
1556, 71.43623, 0.0139985
1557, 71.86748, 0.0139145
1558, 71.56813, 0.0139727
1559, 31.00804, 0.0322497
1560, 106.7851, 0.0093646
1561, 71.67637, 0.0139516
1562, 71.54919, 0.0139764
1563, 71.5103, 0.013984
1564, 72.00047, 0.0138888
1565, 71.88918, 0.0139103
1566, 72.24285, 0.0138422
1567, 71.57121, 0.0139721
1568, 71.01113, 0.0140823
1569, 31.83537, 0.0314116
1570, 98.29749, 0.0101732
1571, 71.91968, 0.0139044
1572, 71.80658, 0.0139263
1573, 71.40409, 0.0140048
1574, 72.25799, 0.0138393
1575, 71.23725, 0.0140376
1576, 70.1656, 0.014252
1577, 73.85797, 0.0135395
1578, 71.19718, 0.0140455
1579, 72.06844, 0.0138757
1580, 72.13602, 0.0138627
1581, 71.77617, 0.0139322
1582, 71.65839, 0.0139551
1583, 71.81999, 0.0139237
1584, 72.18757, 0.0138528
1585, 71.89021, 0.0139101
1586, 71.15868, 0.0140531
1587, 72.60583, 0.013773
1588, 70.98693, 0.0140871
1589, 70.78043, 0.0141282
1590, 73.56511, 0.0135934
1591, 71.39339, 0.0140069
1592, 72.70137, 0.0137549
1593, 71.26568, 0.014032
1594, 70.50198, 0.014184
1595, 73.38857, 0.0136261
1596, 71.93468, 0.0139015
1597, 71.59477, 0.0139675
1598, 71.80813, 0.013926
1599, 71.63888, 0.0139589
1600, 66.98148, 0.0149295
1601, 30.68548, 0.0325887
1602, 102.8087, 0.0097268
1603, 81.24269, 0.0123088
1604, 71.53587, 0.013979
1605, 71.64504, 0.0139577
1606, 72.69978, 0.0137552
1607, 71.77926, 0.0139316
1608, 70.50098, 0.0141842
1609, 72.80246, 0.0137358
1610, 71.33075, 0.0140192
1611, 30.75617, 0.0325138
1612, 111.4256, 0.0089746
1613, 70.85616, 0.0141131
1614, 71.96574, 0.0138955
1615, 71.22609, 0.0140398
1616, 71.57223, 0.0139719
1617, 72.62691, 0.013769
1618, 70.96779, 0.0140909
1619, 72.35995, 0.0138198
1620, 71.42857, 0.014
1621, 31.98219, 0.0312674
1622, 94.78044, 0.0105507
1623, 72.24076, 0.0138426
1624, 72.30553, 0.0138302
1625, 71.24994, 0.0140351
1626, 71.48933, 0.0139881
1627, 71.5876, 0.0139689
1628, 71.12376, 0.01406
1629, 72.56999, 0.0137798
1630, 72.15476, 0.0138591
1631, 30.27606, 0.0330294
1632, 112.2902, 0.0089055
1633, 73.65234, 0.0135773
1634, 72.19434, 0.0138515
1635, 71.78339, 0.0139308
1636, 58.32638, 0.0171449
1637, 58.09124, 0.0172143
1638, 132.2017, 0.0075642
1639, 72.72675, 0.0137501
1640, 69.85191, 0.014316
1641, 32.17162, 0.0310833
1642, 96.27419, 0.010387
1643, 70.01575, 0.0142825
1644, 74.01102, 0.0135115
1645, 70.13557, 0.0142581
1646, 72.01342, 0.0138863
1647, 73.27403, 0.0136474
1648, 71.40052, 0.0140055
1649, 71.7803, 0.0139314
1650, 71.25501, 0.0140341
1651, 31.68889, 0.0315568
1652, 99.73869, 0.0100262
1653, 71.55021, 0.0139762
1654, 70.27012, 0.0142308
1655, 73.48834, 0.0136076
1656, 71.35823, 0.0140138
1657, 72.60003, 0.0137741
1658, 71.75815, 0.0139357
1659, 71.48525, 0.0139889
1660, 68.71105, 0.0145537
1661, 30.22143, 0.0330891
1662, 101.103, 0.0098909
1663, 82.64668, 0.0120997
1664, 72.14122, 0.0138617
1665, 70.35268, 0.0142141
1666, 72.49739, 0.0137936
1667, 72.80882, 0.0137346
1668, 71.65274, 0.0139562
1669, 72.07883, 0.0138737
1670, 70.39478, 0.0142056
1671, 32.56777, 0.0307052
1672, 92.47272, 0.010814
1673, 70.84913, 0.0141145
1674, 72.73785, 0.013748
1675, 71.57427, 0.0139715
1676, 71.00458, 0.0140836
1677, 72.69238, 0.0137566
1678, 72.62691, 0.013769
1679, 71.3399, 0.0140174
1680, 70.7684, 0.0141306
1681, 31.3954, 0.0318518
1682, 103.294, 0.0096811
1683, 71.2129, 0.0140424
1684, 71.38625, 0.0140083
1685, 71.93623, 0.0139012
1686, 72.96661, 0.0137049
1687, 70.23458, 0.014238
1688, 73.12561, 0.0136751
1689, 71.70103, 0.0139468
1690, 71.5753, 0.0139713
1691, 29.15843, 0.0342954
1692, 135.6797, 0.0073703
1693, 71.77875, 0.0139317
1694, 71.64452, 0.0139578
1695, 72.05805, 0.0138777
1696, 71.62656, 0.0139613
1697, 72.15112, 0.0138598
1698, 69.77101, 0.0143326
1699, 73.65126, 0.0135775
1700, 71.42142, 0.0140014
1701, 32.40619, 0.0308583
1702, 92.66123, 0.010792
1703, 71.21645, 0.0140417
1704, 73.05669, 0.013688
1705, 71.07825, 0.014069
1706, 71.84888, 0.0139181
1707, 72.14122, 0.0138617
1708, 71.99994, 0.0138889
1709, 68.90137, 0.0145135
1710, 74.03294, 0.0135075
1711, 31.47772, 0.0317685
1712, 100.9734, 0.0099036
1713, 72.26269, 0.0138384
1714, 71.78596, 0.0139303
1715, 71.97921, 0.0138929
1716, 72.00668, 0.0138876
1717, 71.22, 0.014041
1718, 71.47656, 0.0139906
1719, 72.03002, 0.0138831
1720, 70.43047, 0.0141984
1721, 32.48948, 0.0307792
1722, 93.24792, 0.0107241
1723, 72.27418, 0.0138362
1724, 71.74476, 0.0139383
1725, 71.8267, 0.0139224
1726, 71.00356, 0.0140838
1727, 72.8624, 0.0137245
1728, 71.58555, 0.0139693
1729, 71.4735, 0.0139912
1730, 71.20479, 0.014044
1731, 31.75621, 0.0314899
1732, 100.5257, 0.0099477
1733, 71.03333, 0.0140779
1734, 71.94245, 0.0139
1735, 71.91606, 0.0139051
1736, 71.7067, 0.0139457
1737, 70.57113, 0.0141701
1738, 73.27081, 0.013648
1739, 71.80916, 0.0139258
1740, 68.19283, 0.0146643
1741, 32.06968, 0.0311821
1742, 102.1649, 0.0097881
1743, 71.98284, 0.0138922
1744, 71.35874, 0.0140137
1745, 71.90313, 0.0139076
1746, 71.82515, 0.0139227
1747, 71.97092, 0.0138945
1748, 70.15083, 0.014255
1749, 73.57431, 0.0135917
1750, 71.20326, 0.0140443
1751, 32.35995, 0.0309024
1752, 91.34005, 0.0109481
1753, 70.96124, 0.0140922
1754, 74.31795, 0.0134557
1755, 71.64761, 0.0139572
1756, 71.19009, 0.0140469
1757, 72.35419, 0.0138209
1758, 71.44797, 0.0139962
1759, 71.50672, 0.0139847
1760, 71.92226, 0.0139039
1761, 32.4063, 0.0308582
1762, 93.20012, 0.0107296
1763, 70.87524, 0.0141093
1764, 70.93959, 0.0140965
1765, 72.74844, 0.013746
1766, 71.73756, 0.0139397
1767, 71.33787, 0.0140178
1768, 70.47514, 0.0141894
1769, 72.74632, 0.0137464
1770, 68.12778, 0.0146783
1771, 29.42769, 0.0339816
1772, 121.4934, 0.0082309
1773, 80.33871, 0.0124473
1774, 70.30717, 0.0142233
1775, 71.67123, 0.0139526
1776, 73.57431, 0.0135917
1777, 72.39714, 0.0138127
1778, 71.21239, 0.0140425
1779, 70.11344, 0.0142626
1780, 73.17056, 0.0136667
1781, 31.80985, 0.0314368
1782, 99.72277, 0.0100278
1783, 70.79596, 0.0141251
1784, 71.71286, 0.0139445
1785, 71.68304, 0.0139503
1786, 71.08179, 0.0140683
1787, 72.9118, 0.0137152
1788, 70.55769, 0.0141728
1789, 73.62957, 0.0135815
1790, 71.20834, 0.0140433
1791, 32.32072, 0.0309399
1792, 92.53005, 0.0108073
1793, 71.84012, 0.0139198
1794, 72.11573, 0.0138666
1795, 71.17033, 0.0140508
1796, 71.74374, 0.0139385
1797, 70.91544, 0.0141013
1798, 73.62903, 0.0135816
1799, 71.4735, 0.0139912
1800, 71.51439, 0.0139832
1801, 30.78799, 0.0324802
1802, 105.7161, 0.0094593
1803, 72.73891, 0.0137478
1804, 72.52052, 0.0137892
1805, 70.64891, 0.0141545
1806, 72.01861, 0.0138853
1807, 71.69898, 0.0139472
1808, 72.32907, 0.0138257
1809, 72.34582, 0.0138225
1810, 70.75339, 0.0141336
1811, 31.85555, 0.0313917
1812, 97.78708, 0.0102263
1813, 71.71852, 0.0139434
1814, 71.41276, 0.0140031
1815, 72.42021, 0.0138083
1816, 70.85063, 0.0141142
1817, 72.56157, 0.0137814
1818, 71.93934, 0.0139006
1819, 71.64145, 0.0139584
1820, 69.00692, 0.0144913
1821, 30.76402, 0.0325055
1822, 87.99718, 0.011364
1823, 89.14563, 0.0112176
1824, 71.3282, 0.0140197
1825, 72.186, 0.0138531
1826, 71.89382, 0.0139094
1827, 71.52206, 0.0139817
1828, 35.9216, 0.0278384
1829, 70.61598, 0.0141611
1830, 31.10497, 0.0321492
1831, 107.2513, 0.0093239
1832, 71.0419, 0.0140762
1833, 69.72479, 0.0143421
1834, 73.2043, 0.0136604
1835, 72.20373, 0.0138497
1836, 72.95755, 0.0137066
1837, 69.93985, 0.014298
1838, 72.60107, 0.0137739
1839, 71.4689, 0.0139921
1840, 30.5295, 0.0327552
1841, 113.4533, 0.0088142
1842, 71.81741, 0.0139242
1843, 72.49213, 0.0137946
1844, 71.36179, 0.0140131
1845, 71.81277, 0.0139251
1846, 70.21288, 0.0142424
1847, 73.23432, 0.0136548
1848, 72.48215, 0.0137965
1849, 71.3567, 0.0140141
1850, 28.57257, 0.0349986
1851, 142.9143, 0.0069972
1852, 73.29067, 0.0136443
1853, 72.54051, 0.0137854
1854, 71.86128, 0.0139157
1855, 71.43317, 0.0139991
1856, 71.54356, 0.0139775
1857, 70.78293, 0.0141277
1858, 73.13363, 0.0136736
1859, 70.85265, 0.0141138
1860, 31.53241, 0.0317134
1861, 100.1894, 0.0099811
1862, 71.39134, 0.0140073
1863, 72.93095, 0.0137116
1864, 72.17976, 0.0138543
1865, 71.34907, 0.0140156
1866, 71.54099, 0.013978
1867, 72.36571, 0.0138187
1868, 71.12932, 0.0140589
1869, 71.46379, 0.0139931
1870, 32.00133, 0.0312487
1871, 95.67455, 0.0104521
1872, 72.39924, 0.0138123
1873, 71.00407, 0.0140837
1874, 72.4412, 0.0138043
1875, 72.02743, 0.0138836
1876, 71.5497, 0.0139763
1877, 71.92123, 0.0139041
1878, 71.78442, 0.0139306
1879, 70.29136, 0.0142265
1880, 32.5821, 0.0306917
1881, 92.51892, 0.0108086
1882, 72.19643, 0.0138511
1883, 71.28498, 0.0140282
1884, 71.5794, 0.0139705
1885, 72.45432, 0.0138018
1886, 72.52052, 0.0137892
1887, 71.37861, 0.0140098
1888, 71.9673, 0.0138952
1889, 70.59704, 0.0141649
1890, 32.53641, 0.0307348
1891, 92.49581, 0.0108113
1892, 72.07519, 0.0138744
1893, 71.74219, 0.0139388
1894, 71.53127, 0.0139799
1895, 71.66455, 0.0139539
1896, 71.77978, 0.0139315
1897, 72.45326, 0.013802
1898, 71.68253, 0.0139504
1899, 70.47067, 0.0141903
1900, 31.45594, 0.0317905
1901, 102.8944, 0.0097187
1902, 71.97766, 0.0138932
1903, 71.80761, 0.0139261
1904, 71.286, 0.014028
1905, 71.973, 0.0138941
1906, 58.73267, 0.0170263
1907, 58.97513, 0.0169563
1908, 122.0673, 0.0081922
1909, 70.1848, 0.0142481
1910, 30.4971, 0.03279
1911, 98.79665, 0.0101218
1912, 83.89825, 0.0119192
1913, 71.83031, 0.0139217
1914, 71.26263, 0.0140326
1915, 72.09857, 0.0138699
1916, 71.26974, 0.0140312
1917, 72.00668, 0.0138876
1918, 71.72623, 0.0139419
1919, 70.04813, 0.0142759
1920, 31.692, 0.0315537
1921, 102.2296, 0.0097819
1922, 71.04493, 0.0140756
1923, 72.48267, 0.0137964
1924, 72.39504, 0.0138131
1925, 71.43623, 0.0139985
1926, 69.63012, 0.0143616
1927, 73.92184, 0.0135278
1928, 70.6534, 0.0141536
1929, 73.34121, 0.0136349
1930, 30.91066, 0.0323513
1931, 108.672, 0.009202
1932, 71.10403, 0.0140639
1933, 71.5062, 0.0139848
1934, 72.24181, 0.0138424
1935, 71.98906, 0.013891
1936, 70.00203, 0.0142853
1937, 73.6594, 0.013576
1938, 71.69435, 0.0139481
1939, 70.82454, 0.0141194
1940, 31.94531, 0.0313035
1941, 97.96814, 0.0102074
1942, 71.38676, 0.0140082
1943, 72.08247, 0.013873
1944, 70.94614, 0.0140952
1945, 70.45826, 0.0141928
1946, 74.51176, 0.0134207
1947, 71.17944, 0.014049
1948, 72.02847, 0.0138834
1949, 70.95319, 0.0140938
1950, 32.18705, 0.0310684
1951, 94.67455, 0.0105625
1952, 71.94141, 0.0139002
1953, 71.21138, 0.0140427
1954, 72.06688, 0.013876
1955, 71.51797, 0.0139825
1956, 72.04144, 0.0138809
1957, 72.31285, 0.0138288
1958, 71.26466, 0.0140322
1959, 69.75933, 0.014335
1960, 29.7055, 0.0336638
1961, 106.5553, 0.0093848
1962, 82.7212, 0.0120888
1963, 72.21207, 0.0138481
1964, 71.90934, 0.0139064
1965, 71.20225, 0.0140445
1966, 71.66199, 0.0139544
1967, 72.2674, 0.0138375
1968, 71.52615, 0.0139809
1969, 69.64564, 0.0143584
1970, 31.28177, 0.0319675
1971, 107.9331, 0.009265
1972, 70.48209, 0.014188
1973, 73.43276, 0.0136179
1974, 71.7906, 0.0139294
1975, 71.68407, 0.0139501
1976, 70.98895, 0.0140867
1977, 72.72621, 0.0137502
1978, 71.38013, 0.0140095
1979, 71.5011, 0.0139858
1980, 30.81892, 0.0324476
1981, 108.1982, 0.0092423
1982, 70.64192, 0.0141559
1983, 73.19948, 0.0136613
1984, 71.67893, 0.0139511
1985, 72.44434, 0.0138037
1986, 71.53946, 0.0139783
1987, 71.00861, 0.0140828
1988, 72.0404, 0.0138811
1989, 71.46379, 0.0139931
1990, 32.2057, 0.0310504
1991, 94.49117, 0.010583
1992, 72.31181, 0.013829
1993, 71.60452, 0.0139656
1994, 70.99348, 0.0140858
1995, 72.33012, 0.0138255
1996, 71.62452, 0.0139617
1997, 72.31285, 0.0138288
1998, 71.73344, 0.0139405
1999, 70.83909, 0.0141165
2000, 31.67273, 0.0315729
2001, 101.5198, 0.0098503
2002, 71.1273, 0.0140593
2003, 71.79163, 0.0139292
2004, 71.94348, 0.0138998
2005, 71.8004, 0.0139275
2006, 71.93623, 0.0139012
2007, 71.89538, 0.0139091
2008, 71.36638, 0.0140122
2009, 71.70258, 0.0139465
2010, 30.15782, 0.0331589
2011, 120.3008, 0.0083125
2012, 71.21594, 0.0140418
2013, 71.69127, 0.0139487
2014, 71.67688, 0.0139515
2015, 72.03937, 0.0138813
2016, 70.48956, 0.0141865
2017, 72.14071, 0.0138618
2018, 72.77279, 0.0137414
2019, 71.05048, 0.0140745
2020, 33.03928, 0.030267
2021, 88.08477, 0.0113527
2022, 71.83392, 0.013921
2023, 72.01809, 0.0138854
2024, 72.02639, 0.0138838
2025, 71.78596, 0.0139303
2026, 71.44541, 0.0139967
2027, 71.49342, 0.0139873
2028, 72.98258, 0.0137019
2029, 70.67638, 0.014149
2030, 30.90388, 0.0323584
2031, 105.8111, 0.0094508
2032, 71.23928, 0.0140372
2033, 72.65171, 0.0137643
2034, 71.9202, 0.0139043
2035, 71.43571, 0.0139986
2036, 70.94563, 0.0140953
2037, 70.76941, 0.0141304
2038, 73.55429, 0.0135954
2039, 69.57635, 0.0143727
2040, 30.58834, 0.0326922
2041, 98.98246, 0.0101028
2042, 81.3299, 0.0122956
2043, 71.56966, 0.0139724
2044, 71.17995, 0.0140489
2045, 72.14227, 0.0138615
2046, 72.78815, 0.0137385
2047, 71.48985, 0.013988
2048, 71.36129, 0.0140132
2049, 69.97655, 0.0142905
2050, 29.88831, 0.0334579
2051, 128.2956, 0.0077945
2052, 70.45181, 0.0141941
2053, 72.00305, 0.0138883
2054, 71.37861, 0.0140098
2055, 73.48618, 0.013608
2056, 70.60152, 0.014164
2057, 72.76485, 0.0137429
2058, 71.66148, 0.0139545
2059, 71.0419, 0.0140762
2060, 31.32518, 0.0319232
2061, 106.165, 0.0094193
2062, 71.64094, 0.0139585
2063, 71.49649, 0.0139867
2064, 72.25329, 0.0138402
2065, 70.98794, 0.0140869
2066, 72.1199, 0.0138658
2067, 72.3788, 0.0138162
2068, 70.81702, 0.0141209
2069, 71.71903, 0.0139433
2070, 31.87292, 0.0313746
2071, 96.64264, 0.0103474
2072, 71.63324, 0.01396
2073, 71.57684, 0.013971
2074, 71.95021, 0.0138985
2075, 71.2408, 0.0140369
2076, 71.72263, 0.0139426
2077, 72.52, 0.0137893
2078, 71.57223, 0.0139719
2079, 69.8017, 0.0143263
2080, 29.83231, 0.0335207
2081, 100.3301, 0.0099671
2082, 85.92173, 0.0116385
2083, 71.88297, 0.0139115
2084, 71.81895, 0.0139239
2085, 71.29464, 0.0140263
2086, 71.92485, 0.0139034
2087, 71.79111, 0.0139293
2088, 70.9557, 0.0140933
2089, 72.08454, 0.0138726
2090, 32.16572, 0.031089
2091, 95.5557, 0.0104651
2092, 71.43011, 0.0139997
2093, 71.80658, 0.0139263
2094, 71.3399, 0.0140174
2095, 72.33534, 0.0138245
2096, 71.26619, 0.0140319
2097, 72.49161, 0.0137947
2098, 71.93003, 0.0139024
2099, 69.94425, 0.0142971
2100, 31.08621, 0.0321686
2101, 110.4472, 0.0090541
2102, 71.08482, 0.0140677
2103, 71.4643, 0.013993
2104, 71.48576, 0.0139888
2105, 71.868, 0.0139144
2106, 72.74738, 0.0137462
2107, 71.39288, 0.014007
2108, 71.68304, 0.0139503
2109, 71.52769, 0.0139806
2110, 32.13533, 0.0311184
2111, 95.4244, 0.0104795
2112, 71.55328, 0.0139756
2113, 71.32057, 0.0140212
2114, 72.31338, 0.0138287
2115, 71.65788, 0.0139552
2116, 72.30501, 0.0138303
2117, 70.74787, 0.0141347
2118, 72.94691, 0.0137086
2119, 70.38139, 0.0142083
2120, 30.987, 0.0322716
2121, 109.3948, 0.0091412
2122, 70.18085, 0.0142489
2123, 72.48058, 0.0137968
2124, 72.24911, 0.013841
2125, 71.71749, 0.0139436
2126, 70.73637, 0.014137
2127, 73.07271, 0.013685
2128, 71.50467, 0.0139851
2129, 71.40664, 0.0140043
2130, 31.32027, 0.0319282
2131, 103.5229, 0.0096597
2132, 71.64401, 0.0139579
2133, 71.60913, 0.0139647
2134, 71.66352, 0.0139541
2135, 71.23319, 0.0140384
2136, 72.7712, 0.0137417
2137, 72.20581, 0.0138493
2138, 69.98782, 0.0142882
2139, 71.48219, 0.0139895
2140, 30.77113, 0.032498
2141, 111.6869, 0.0089536
2142, 69.7005, 0.0143471
2143, 74.39148, 0.0134424
2144, 70.63245, 0.0141578
2145, 72.86718, 0.0137236
2146, 72.09545, 0.0138705
2147, 71.52769, 0.0139806
2148, 71.13387, 0.014058
2149, 71.63683, 0.0139593
2150, 26.2315, 0.0381221
2151, 56.1476, 0.0178102
2152, 72.94159, 0.0137096
2153, 73.30733, 0.0136412
2154, 71.64606, 0.0139575
2155, 71.46328, 0.0139932
2156, 73.13684, 0.013673
2157, 70.31063, 0.0142226
2158, 66.10041, 0.0151285
2159, 29.73146, 0.0336344
2160, 95.96653, 0.0104203
2161, 99.10213, 0.0100906
2162, 70.29976, 0.0142248
2163, 70.61598, 0.0141611
2164, 74.55843, 0.0134123
2165, 69.90416, 0.0143053
2166, 72.78339, 0.0137394
2167, 72.96341, 0.0137055
2168, 70.60003, 0.0141643
2169, 31.38998, 0.0318573
2170, 101.352, 0.0098666
2171, 72.56736, 0.0137803
2172, 69.65244, 0.014357
2173, 72.52158, 0.013789
2174, 72.29822, 0.0138316
2175, 72.4811, 0.0137967
2176, 72.78233, 0.0137396
2177, 71.78905, 0.0139297
2178, 70.5542, 0.0141735
2179, 26.43782, 0.0378246
2180, 54.94083, 0.0182014
2181, 73.68002, 0.0135722
2182, 73.17751, 0.0136654
2183, 72.10741, 0.0138682
2184, 70.29976, 0.0142248
2185, 73.45325, 0.0136141
2186, 71.31702, 0.0140219
2187, 70.97081, 0.0140903
2188, 31.92838, 0.0313201
2189, 94.15398, 0.0106209
2190, 72.51106, 0.013791
2191, 72.73309, 0.0137489
2192, 71.00609, 0.0140833
2193, 72.03521, 0.0138821
2194, 71.33939, 0.0140175
2195, 70.51042, 0.0141823
2196, 73.83997, 0.0135428
2197, 68.87242, 0.0145196
2198, 30.77027, 0.0324989
2199, 94.44386, 0.0105883
2200, 83.27365, 0.0120086
2201, 72.34476, 0.0138227
2202, 71.3511, 0.0140152
2203, 72.25903, 0.0138391
2204, 71.74837, 0.0139376
2205, 71.44592, 0.0139966
2206, 71.20174, 0.0140446
2207, 71.85095, 0.0139177
2208, 31.73062, 0.0315153
2209, 100.3653, 0.0099636
2210, 71.12426, 0.0140599
2211, 70.93658, 0.0140971
2212, 72.46167, 0.0138004
2213, 71.99994, 0.0138889
2214, 72.06168, 0.013877
2215, 71.94348, 0.0138998
2216, 70.85314, 0.0141137
2217, 70.79446, 0.0141254
2218, 31.92298, 0.0313254
2219, 100.9622, 0.0099047
2220, 70.68087, 0.0141481
2221, 72.14903, 0.0138602
2222, 71.42142, 0.0140014
2223, 72.57737, 0.0137784
2224, 71.27634, 0.0140299
2225, 71.4097, 0.0140037
2226, 72.50738, 0.0137917
2227, 70.67188, 0.0141499
2228, 31.84622, 0.0314009
2229, 99.20438, 0.0100802
2230, 71.07068, 0.0140705
2231, 72.45117, 0.0138024
2232, 71.29007, 0.0140272
2233, 71.73395, 0.0139404
2234, 71.71029, 0.013945
2235, 72.71934, 0.0137515
2236, 71.87729, 0.0139126
2237, 70.81852, 0.0141206
2238, 31.95164, 0.0312973
2239, 96.93867, 0.0103158
2240, 71.12072, 0.0140606
2241, 72.08818, 0.0138719
2242, 72.02016, 0.013885
2243, 71.34143, 0.0140171
2244, 71.99787, 0.0138893
2245, 71.84114, 0.0139196
2246, 72.81731, 0.013733
2247, 70.57113, 0.0141701
2248, 31.98281, 0.0312668
2249, 96.81948, 0.0103285
2250, 71.40868, 0.0140039
2251, 71.66558, 0.0139537
2252, 72.42703, 0.013807
2253, 72.08818, 0.0138719
2254, 71.7319, 0.0139408
2255, 70.83206, 0.0141179
2256, 71.35925, 0.0140136
2257, 72.09181, 0.0138712
2258, 29.69597, 0.0336746
2259, 122.9967, 0.0081303
2260, 71.13084, 0.0140586
2261, 73.11598, 0.0136769
2262, 72.09702, 0.0138702
2263, 72.10689, 0.0138683
2264, 72.10169, 0.0138693
2265, 71.74374, 0.0139385
2266, 71.08432, 0.0140678
2267, 71.19617, 0.0140457
2268, 30.48892, 0.0327988
2269, 109.162, 0.0091607
2270, 74.08944, 0.0134972
2271, 72.68604, 0.0137578
2272, 71.70258, 0.0139465
2273, 71.98284, 0.0138922
2274, 71.48627, 0.0139887
2275, 71.58965, 0.0139685
2276, 71.66045, 0.0139547
2277, 70.94362, 0.0140957
2278, 72.46902, 0.013799
2279, 71.76381, 0.0139346
2280, 71.86593, 0.0139148
2281, 70.79044, 0.0141262
2282, 73.81, 0.0135483
2283, 71.74064, 0.0139391
2284, 71.89486, 0.0139092
2285, 71.46481, 0.0139929
2286, 71.87471, 0.0139131
2287, 71.31091, 0.0140231
2288, 71.34958, 0.0140155
2289, 72.65594, 0.0137635
2290, 71.29565, 0.0140261
2291, 70.88428, 0.0141075
2292, 73.31217, 0.0136403
2293, 71.62656, 0.0139613
2294, 71.88556, 0.013911
2295, 71.3338, 0.0140186
2296, 71.98129, 0.0138925
2297, 72.06429, 0.0138765
2298, 71.21442, 0.0140421
2299, 70.72486, 0.0141393
2300, 73.13684, 0.013673
2301, 71.92485, 0.0139034
2302, 70.21486, 0.014242
2303, 73.49267, 0.0136068
2304, 71.76021, 0.0139353
2305, 71.69487, 0.013948
2306, 71.78391, 0.0139307
2307, 71.36434, 0.0140126
2308, 71.94504, 0.0138995
2309, 72.43437, 0.0138056
2310, 70.88328, 0.0141077
2311, 72.60003, 0.0137741
2312, 70.89082, 0.0141062
2313, 72.94212, 0.0137095
2314, 71.61528, 0.0139635
2315, 72.29717, 0.0138318
2316, 70.5542, 0.0141735
2317, 72.83746, 0.0137292
2318, 71.04291, 0.014076
2319, 72.41654, 0.013809
2320, 71.51081, 0.0139839
2321, 71.54457, 0.0139773
2322, 71.58401, 0.0139696
2323, 72.12302, 0.0138652
2324, 72.49319, 0.0137944
2325, 71.84528, 0.0139188
2326, 70.71585, 0.0141411
2327, 73.17216, 0.0136664
2328, 71.98802, 0.0138912
2329, 71.65788, 0.0139552
2330, 71.49189, 0.0139876
2331, 72.08454, 0.0138726
2332, 70.25926, 0.014233
2333, 72.55051, 0.0137835
2334, 71.65993, 0.0139548
2335, 72.59106, 0.0137758
2336, 71.20884, 0.0140432
2337, 72.27784, 0.0138355
2338, 71.29921, 0.0140254
2339, 72.88948, 0.0137194
2340, 71.42041, 0.0140016
2341, 72.07519, 0.0138744
2342, 70.96376, 0.0140917
2343, 72.05441, 0.0138784
2344, 70.63744, 0.0141568
2345, 73.01881, 0.0136951
2346, 71.66352, 0.0139541
2347, 71.59528, 0.0139674
2348, 71.8649, 0.013915
2349, 72.01342, 0.0138863
2350, 69.16347, 0.0144585
2351, 73.524, 0.013601
2352, 72.52894, 0.0137876
2353, 71.88297, 0.0139115
2354, 69.69273, 0.0143487
2355, 29.81799, 0.0335368
2356, 108.3377, 0.0092304
2357, 81.39941, 0.0122851
2358, 71.95798, 0.013897
2359, 71.65993, 0.0139548
2360, 72.06429, 0.0138765
2361, 70.33684, 0.0142173
2362, 73.73815, 0.0135615
2363, 71.53741, 0.0139787
2364, 71.12274, 0.0140602
2365, 31.31116, 0.0319375
2366, 102.2673, 0.0097783
2367, 71.66506, 0.0139538
2368, 72.06324, 0.0138767
2369, 70.81, 0.0141223
2370, 73.02148, 0.0136946
2371, 71.59375, 0.0139677
2372, 71.34042, 0.0140173
2373, 72.41182, 0.0138099
2374, 71.13944, 0.0140569
2375, 32.08491, 0.0311673
2376, 94.56264, 0.010575
2377, 71.70824, 0.0139454
2378, 71.67688, 0.0139515
2379, 71.9021, 0.0139078
2380, 72.51685, 0.0137899
2381, 71.72881, 0.0139414
2382, 71.42245, 0.0140012
2383, 71.20123, 0.0140447
2384, 71.57632, 0.0139711
2385, 32.06958, 0.0311822
2386, 93.65927, 0.010677
2387, 72.58053, 0.0137778
2388, 72.62586, 0.0137692
2389, 71.66506, 0.0139538
2390, 71.69435, 0.0139481
2391, 71.93779, 0.0139009
2392, 71.77566, 0.0139323
2393, 72.24181, 0.0138424
2394, 70.42502, 0.0141995
2395, 31.33038, 0.0319179
2396, 104.8306, 0.0095392
2397, 70.69536, 0.0141452
2398, 72.32959, 0.0138256
2399, 71.72417, 0.0139423
2400, 71.91606, 0.0139051
2401, 71.45154, 0.0139955
2402, 70.71835, 0.0141406
2403, 73.30894, 0.0136409
2404, 71.24689, 0.0140357
2405, 31.31174, 0.0319369
2406, 103.9317, 0.0096217
2407, 71.03584, 0.0140774
2408, 71.14906, 0.014055
2409, 72.48005, 0.0137969
2410, 71.89745, 0.0139087
2411, 71.21645, 0.0140417
2412, 72.19279, 0.0138518
2413, 71.75042, 0.0139372
2414, 68.90611, 0.0145125
2415, 30.55105, 0.0327321
2416, 98.16144, 0.0101873
2417, 82.96552, 0.0120532
2418, 71.92123, 0.0139041
2419, 71.76793, 0.0139338
2420, 71.65633, 0.0139555
2421, 71.80091, 0.0139274
2422, 70.93104, 0.0140982
2423, 72.90649, 0.0137162
2424, 69.99419, 0.0142869
2425, 31.31252, 0.0319361
2426, 106.6053, 0.0093804
2427, 68.9503, 0.0145032
2428, 74.92208, 0.0133472
2429, 71.2271, 0.0140396
2430, 72.19279, 0.0138518
2431, 71.15665, 0.0140535
2432, 72.27836, 0.0138354
2433, 70.00546, 0.0142846
2434, 72.88258, 0.0137207
2435, 32.41954, 0.0308456
2436, 93.24619, 0.0107243
2437, 71.81123, 0.0139254
2438, 70.95671, 0.0140931
2439, 72.63641, 0.0137672
2440, 72.37304, 0.0138173
2441, 71.60708, 0.0139651
2442, 71.2474, 0.0140356
2443, 71.19971, 0.014045
2444, 70.71535, 0.0141412
2445, 32.03568, 0.0312152
2446, 99.75062, 0.010025
2447, 71.46278, 0.0139933
2448, 71.92692, 0.013903
2449, 71.20326, 0.0140443
2450, 72.27627, 0.0138358
2451, 69.97362, 0.0142911
2452, 73.10636, 0.0136787
2453, 72.04404, 0.0138804
2454, 71.61375, 0.0139638
2455, 30.35049, 0.0329484
2456, 116.6181, 0.008575
2457, 71.50467, 0.0139851
2458, 70.90639, 0.0141031
2459, 72.59897, 0.0137743
2460, 70.22127, 0.0142407
2461, 73.07591, 0.0136844
2462, 72.74738, 0.0137462
2463, 71.3221, 0.0140209
2464, 71.70052, 0.0139469
2465, 31.01727, 0.0322401
2466, 104.9847, 0.0095252
2467, 72.48531, 0.0137959
2468, 71.55533, 0.0139752
2469, 70.79596, 0.0141251
2470, 72.58211, 0.0137775
2471, 70.83809, 0.0141167
2472, 73.09567, 0.0136807
2473, 72.18549, 0.0138532
2474, 70.08789, 0.0142678
2475, 29.96677, 0.0333703
2476, 116.2264, 0.0086039
2477, 74.04994, 0.0135044
2478, 72.15997, 0.0138581
2479, 71.66301, 0.0139542
2480, 72.04559, 0.0138801
2481, 71.5016, 0.0139857
2482, 71.43674, 0.0139984
2483, 72.42231, 0.0138079
2484, 70.45231, 0.014194
2485, 25.44057, 0.0393073
2486, 43.03222, 0.0232384
2487, 125.025, 0.0079984
2488, 81.72806, 0.0122357
2489, 71.92072, 0.0139042
2490, 71.17995, 0.0140489
2491, 72.02224, 0.0138846
2492, 70.2558, 0.0142337
2493, 71.9989, 0.0138891
2494, 72.10169, 0.0138693
2495, 71.95642, 0.0138973
2496, 71.68613, 0.0139497
2497, 71.30074, 0.0140251
2498, 70.38536, 0.0142075
2499, 73.81272, 0.0135478
2500, 72.08765, 0.013872
2501, 71.38727, 0.0140081
2502, 71.46124, 0.0139936
2503, 72.15112, 0.0138598
2504, 70.48161, 0.0141881
2505, 72.45642, 0.0138014
2506, 72.50527, 0.0137921
2507, 70.6554, 0.0141532
2508, 73.16145, 0.0136684
2509, 71.79575, 0.0139284
2510, 70.55669, 0.014173
2511, 72.73891, 0.0137478
2512, 72.20998, 0.0138485
2513, 71.42194, 0.0140013
2514, 71.87626, 0.0139128
2515, 70.91193, 0.014102
2516, 72.42126, 0.0138081
2517, 71.71955, 0.0139432
2518, 72.32279, 0.0138269
2519, 71.61015, 0.0139645
2520, 71.70772, 0.0139455
2521, 71.20985, 0.014043
2522, 70.8421, 0.0141159
2523, 73.74305, 0.0135606
2524, 70.98895, 0.0140867
2525, 72.68551, 0.0137579
2526, 70.51987, 0.0141804
2527, 73.23915, 0.0136539
2528, 71.62605, 0.0139614
2529, 71.8365, 0.0139205
2530, 71.02727, 0.0140791
2531, 72.94372, 0.0137092
2532, 71.39746, 0.0140061
2533, 71.80607, 0.0139264
2534, 69.97068, 0.0142917
2535, 73.89126, 0.0135334
2536, 72.17351, 0.0138555
2537, 69.76469, 0.0143339
2538, 73.94535, 0.0135235
2539, 71.61477, 0.0139636
2540, 71.97662, 0.0138934
2541, 71.44235, 0.0139973
2542, 72.12509, 0.0138648
2543, 71.16273, 0.0140523
2544, 72.48636, 0.0137957
2545, 71.90985, 0.0139063
2546, 70.93305, 0.0140978
2547, 72.30135, 0.013831
2548, 71.24131, 0.0140368
2549, 73.02789, 0.0136934
2550, 71.36791, 0.0140119
2551, 71.98232, 0.0138923
2552, 71.5057, 0.0139849
2553, 71.7355, 0.0139401
2554, 72.55209, 0.0137832
2555, 71.35823, 0.0140138
2556, 72.03365, 0.0138824
2557, 71.45664, 0.0139945
2558, 69.86411, 0.0143135
2559, 73.8307, 0.0135445
2560, 72.64539, 0.0137655
2561, 70.88277, 0.0141078
2562, 72.35419, 0.0138209
2563, 72.0015, 0.0138886
2564, 71.8004, 0.0139275
2565, 71.41021, 0.0140036
2566, 72.41182, 0.0138099
2567, 71.85818, 0.0139163
2568, 71.49342, 0.0139873
2569, 71.79008, 0.0139295
2570, 68.24867, 0.0146523
2571, 75.96072, 0.0131647
2572, 71.72366, 0.0139424
2573, 71.28905, 0.0140274
2574, 72.27366, 0.0138363
2575, 71.15716, 0.0140534
2576, 72.12562, 0.0138647
2577, 72.04144, 0.0138809
2578, 71.72829, 0.0139415
2579, 72.23555, 0.0138436
2580, 71.54611, 0.013977
2581, 70.74037, 0.0141362
2582, 71.60657, 0.0139652
2583, 72.73679, 0.0137482
2584, 72.30344, 0.0138306
2585, 71.59426, 0.0139676
2586, 72.15893, 0.0138583
2587, 71.04038, 0.0140765
2588, 72.45484, 0.0138017
2589, 71.10454, 0.0140638
2590, 72.77491, 0.013741
2591, 72.0072, 0.0138875
2592, 69.94328, 0.0142973
2593, 73.0583, 0.0136877
2594, 71.09594, 0.0140655
2595, 73.01775, 0.0136953
2596, 72.03054, 0.013883
2597, 71.56403, 0.0139735
2598, 71.66148, 0.0139545
2599, 72.51369, 0.0137905
2600, 71.53638, 0.0139789
2601, 71.13135, 0.0140585
2602, 73.11652, 0.0136768
2603, 70.94161, 0.0140961
2604, 71.99424, 0.01389
2605, 72.03625, 0.0138819
2606, 70.28197, 0.0142284
2607, 71.25095, 0.0140349
2608, 74.27103, 0.0134642
2609, 72.30553, 0.0138302
2610, 71.53793, 0.0139786
2611, 71.69898, 0.0139472
2612, 71.46278, 0.0139933
2613, 71.61682, 0.0139632
2614, 70.30717, 0.0142233
2615, 73.71315, 0.0135661
2616, 72.12509, 0.0138648
2617, 70.80097, 0.0141241
2618, 71.75712, 0.0139359
2619, 71.74837, 0.0139376
2620, 73.3848, 0.0136268
2621, 71.5415, 0.0139779
2622, 71.38879, 0.0140078
2623, 72.49213, 0.0137946
2624, 71.80246, 0.0139271
2625, 68.97265, 0.0144985
2626, 75.36136, 0.0132694
2627, 71.31854, 0.0140216
2628, 71.89796, 0.0139086
2629, 71.5415, 0.0139779
2630, 70.91544, 0.0141013
2631, 72.10221, 0.0138692
2632, 73.20537, 0.0136602
2633, 71.3995, 0.0140057
2634, 72.07986, 0.0138735
2635, 71.82205, 0.0139233
2636, 71.13489, 0.0140578
2637, 71.88349, 0.0139114
2638, 72.1381, 0.0138623
2639, 72.4286, 0.0138067
2640, 71.38013, 0.0140095
2641, 71.74013, 0.0139392
2642, 70.83257, 0.0141178
2643, 71.37148, 0.0140112
2644, 73.79965, 0.0135502
2645, 71.58504, 0.0139694
2646, 71.53895, 0.0139784
2647, 70.69686, 0.0141449
2648, 73.49861, 0.0136057
2649, 71.03786, 0.014077
2650, 72.73521, 0.0137485
2651, 71.48678, 0.0139886
2652, 71.56301, 0.0139737
2653, 71.91761, 0.0139048
2654, 69.81144, 0.0143243
2655, 73.01028, 0.0136967
2656, 72.86134, 0.0137247
2657, 71.91813, 0.0139047
2658, 71.49087, 0.0139878
2659, 72.68182, 0.0137586
2660, 71.15209, 0.0140544
2661, 70.94865, 0.0140947
2662, 72.77755, 0.0137405
2663, 71.83495, 0.0139208
2664, 71.77051, 0.0139333
2665, 71.60093, 0.0139663
2666, 71.36282, 0.0140129
2667, 72.24964, 0.0138409
2668, 72.25016, 0.0138408
2669, 71.1106, 0.0140626
2670, 72.50317, 0.0137925
2671, 71.93313, 0.0139018
2672, 71.44745, 0.0139963
2673, 70.85516, 0.0141133
2674, 72.90118, 0.0137172
2675, 72.03158, 0.0138828
2676, 70.51589, 0.0141812
2677, 71.82205, 0.0139233
2678, 70.06874, 0.0142717
2679, 73.17056, 0.0136667
2680, 73.42791, 0.0136188
2681, 72.12145, 0.0138655
2682, 72.29874, 0.0138315
2683, 71.48933, 0.0139881
2684, 72.05805, 0.0138777
2685, 71.0621, 0.0140722
2686, 70.62646, 0.014159
2687, 72.71141, 0.013753
2688, 72.9267, 0.0137124
2689, 71.03736, 0.0140771
2690, 71.90158, 0.0139079
2691, 71.32311, 0.0140207
2692, 72.29769, 0.0138317
2693, 72.30449, 0.0138304
2694, 53.93278, 0.0185416
2695, 98.24533, 0.0101786
2696, 73.76862, 0.0135559
2697, 72.03417, 0.0138823
2698, 71.753, 0.0139367
2699, 73.88799, 0.013534
2700, 69.67136, 0.0143531
2701, 72.10845, 0.013868
2702, 70.93809, 0.0140968
2703, 72.93148, 0.0137115
2704, 71.65993, 0.0139548
2705, 70.37149, 0.0142103
2706, 70.89986, 0.0141044
2707, 72.25121, 0.0138406
2708, 36.43173, 0.0274486
2709, 56.17694, 0.0178009
2710, 96.63142, 0.0103486
2711, 69.8363, 0.0143192
2712, 72.39662, 0.0138128
2713, 74.85814, 0.0133586
2714, 73.17966, 0.013665
2715, 66.24535, 0.0150954
2716, 79.92838, 0.0125112
2717, 72.10326, 0.013869
2718, 71.42245, 0.0140012
2719, 71.24943, 0.0140352
2720, 69.62867, 0.0143619
2721, 71.68973, 0.013949
2722, 72.09441, 0.0138707
2723, 71.53281, 0.0139796
2724, 71.9761, 0.0138935
2725, 71.75042, 0.0139372
2726, 71.67277, 0.0139523
2727, 68.1134, 0.0146814
2728, 76.36269, 0.0130954
2729, 71.49802, 0.0139864
2730, 72.77702, 0.0137406
2731, 71.16171, 0.0140525
2732, 72.10637, 0.0138684
2733, 74.86487, 0.0133574
2734, 71.11162, 0.0140624
2735, 72.44067, 0.0138044
2736, 67.6764, 0.0147762
2737, 73.34497, 0.0136342
2738, 72.27261, 0.0138365
2739, 71.38319, 0.0140089
2740, 72.03728, 0.0138817
2741, 71.5057, 0.0139849
2742, 71.17691, 0.0140495
2743, 72.4832, 0.0137963
2744, 72.12822, 0.0138642
2745, 69.04885, 0.0144825
2746, 72.64433, 0.0137657
2747, 73.85306, 0.0135404
2748, 71.45256, 0.0139953
2749, 70.5537, 0.0141736
2750, 72.83374, 0.0137299
2751, 69.84069, 0.0143183
2752, 77.27139, 0.0129414
2753, 69.38374, 0.0144126
2754, 72.17559, 0.0138551
2755, 70.08102, 0.0142692
2756, 72.31495, 0.0138284
2757, 71.04796, 0.014075
2758, 77.46413, 0.0129092
2759, 71.13893, 0.014057
2760, 67.9417, 0.0147185
2761, 73.42683, 0.013619
2762, 71.97403, 0.0138939
2763, 68.89852, 0.0145141
2764, 76.67359, 0.0130423
2765, 72.77332, 0.0137413
2766, 42.1594, 0.0237195
2767, 54.47929, 0.0183556
2768, 71.10707, 0.0140633
2769, 74.75294, 0.0133774
2770, 71.04089, 0.0140764
2771, 22.7328, 0.0439893
