Frame, FPS, Frame Time
1, 50, 0.02
2, 50, 0.02
3, 3, 0.3333333
4, 8.477931, 0.1179533
5, 82.84661, 0.0120705
6, 205.952, 0.0048555
7, 202.2163, 0.0049452
8, 191.4279, 0.0052239
9, 197.4022, 0.0050658
10, 228.4409, 0.0043775
11, 212.2511, 0.0047114
12, 171.3914, 0.0058346
13, 241.6918, 0.0041375
14, 192.1747, 0.0052036
15, 220.1431, 0.0045425
16, 229.321, 0.0043607
17, 227.056, 0.0044042
18, 204.6832, 0.0048856
19, 225.5809, 0.004433
20, 216.5111, 0.0046187
21, 196.9357, 0.0050778
22, 205.4105, 0.0048683
23, 200.2002, 0.004995
24, 231.0323, 0.0043284
25, 205.0273, 0.0048774
26, 174.5018, 0.0057306
27, 188.1467, 0.005315
28, 223.3389, 0.0044775
29, 185.0789, 0.0054031
30, 199.984, 0.0050004
31, 189.0609, 0.0052893
32, 231.3102, 0.0043232
33, 224.0695, 0.0044629
34, 217.5663, 0.0045963
35, 236.6472, 0.0042257
36, 218.8232, 0.0045699
37, 235.7212, 0.0042423
38, 240.5639, 0.0041569
39, 221.058, 0.0045237
40, 200.4812, 0.004988
41, 233.2198, 0.0042878
42, 206.6073, 0.0048401
43, 244.2002, 0.004095
44, 191.2631, 0.0052284
45, 246.4147, 0.0040582
46, 194.5753, 0.0051394
47, 212.0846, 0.0047151
48, 216.619, 0.0046164
49, 214.0594, 0.0046716
50, 239.3604, 0.0041778
51, 190.898, 0.0052384
52, 220.8773, 0.0045274
53, 183.9723, 0.0054356
54, 193.4049, 0.0051705
55, 211.5104, 0.0047279
56, 197.7809, 0.0050561
57, 191.7987, 0.0052138
58, 209.4855, 0.0047736
59, 207.3269, 0.0048233
60, 189.2255, 0.0052847
61, 227.4019, 0.0043975
62, 209.6172, 0.0047706
63, 233.4485, 0.0042836
64, 165.9916, 0.0060244
65, 190.7924, 0.0052413
66, 26.79959, 0.037314
67, 202.8233, 0.0049304
68, 239.2631, 0.0041795
69, 219.0532, 0.0045651
70, 231.1551, 0.0043261
71, 201.0172, 0.0049747
72, 238.2314, 0.0041976
73, 217.1977, 0.0046041
74, 218.2167, 0.0045826
75, 206.4921, 0.0048428
76, 223.5636, 0.004473
77, 231.2299, 0.0043247
78, 224.9415, 0.0044456
79, 202.6712, 0.0049341
80, 236.4569, 0.0042291
81, 250.9032, 0.0039856
82, 208.0862, 0.0048057
83, 183.3382, 0.0054544
84, 222.3161, 0.0044981
85, 228.7126, 0.0043723
86, 190.3094, 0.0052546
87, 229.7161, 0.0043532
88, 241.5692, 0.0041396
89, 222.6924, 0.0044905
90, 201.6251, 0.0049597
91, 223.3788, 0.0044767
92, 232.3096, 0.0043046
93, 221.332, 0.0045181
94, 226.9426, 0.0044064
95, 228.9377, 0.004368
96, 176.6504, 0.0056609
97, 176.4135, 0.0056685
98, 230.8936, 0.004331
99, 204.9642, 0.0048789
100, 209.7447, 0.0047677
101, 230.6805, 0.004335
102, 229.79, 0.0043518
103, 228.4096, 0.0043781
104, 217.0563, 0.0046071
105, 214.1511, 0.0046696
106, 189.4047, 0.0052797
107, 225.9376, 0.004426
108, 207.2883, 0.0048242
109, 232.8777, 0.0042941
110, 220.3371, 0.0045385
111, 206.7696, 0.0048363
112, 46.16038, 0.0216636
113, 221.4398, 0.0045159
114, 216.4877, 0.0046192
115, 181.2152, 0.0055183
116, 199.5968, 0.0050101
117, 165.5766, 0.0060395
118, 168.6454, 0.0059296
119, 220.2983, 0.0045393
120, 196.2054, 0.0050967
121, 191.3766, 0.0052253
122, 189.8254, 0.005268
123, 230.6805, 0.004335
124, 201.2477, 0.004969
125, 192.1193, 0.0052051
126, 172.7683, 0.0057881
127, 204.9348, 0.0048796
128, 185.7252, 0.0053843
129, 182.9056, 0.0054673
130, 176.4509, 0.0056673
131, 199.0327, 0.0050243
132, 179.95, 0.0055571
133, 159.7163, 0.0062611
134, 192.9682, 0.0051822
135, 201.5885, 0.0049606
136, 191.5856, 0.0052196
137, 191.6517, 0.0052178
138, 234.5766, 0.004263
139, 218.9573, 0.0045671
140, 214.8412, 0.0046546
141, 200.7871, 0.0049804
142, 203.6245, 0.004911
143, 229.6633, 0.0043542
144, 204.0317, 0.0049012
145, 214.6107, 0.0046596
146, 214.4956, 0.0046621
147, 178.6512, 0.0055975
148, 221.283, 0.0045191
149, 212.0216, 0.0047165
150, 179.5203, 0.0055704
151, 211.2289, 0.0047342
152, 196.0823, 0.0050999
153, 192.6448, 0.0051909
154, 178.4886, 0.0056026
155, 199.4694, 0.0050133
156, 207.8872, 0.0048103
157, 177.3175, 0.0056396
158, 186.9019, 0.0053504
159, 199.936, 0.0050016
160, 170.2417, 0.005874
161, 190.4726, 0.0052501
162, 199.553, 0.0050112
163, 181.2251, 0.005518
164, 21.77221, 0.0459301
165, 123.8881, 0.0080718
166, 191.8171, 0.0052133
167, 184.7814, 0.0054118
168, 179.4237, 0.0055734
169, 199.7443, 0.0050064
170, 188.4978, 0.0053051
171, 205.0861, 0.004876
172, 215.3919, 0.0046427
173, 194.171, 0.0051501
174, 188.6828, 0.0052999
175, 195.9593, 0.0051031
176, 188.0052, 0.005319
177, 229.7741, 0.0043521
178, 212.2692, 0.004711
179, 226.0909, 0.004423
180, 206.9408, 0.0048323
181, 190.5488, 0.005248
182, 203.803, 0.0049067
183, 201.8367, 0.0049545
184, 187.6243, 0.0053298
185, 216.7129, 0.0046144
186, 215.9501, 0.0046307
187, 185.0755, 0.0054032
188, 177.9993, 0.005618
189, 194.6396, 0.0051377
190, 211.694, 0.0047238
191, 210.9794, 0.0047398
192, 192.3299, 0.0051994
193, 208.2552, 0.0048018
194, 200.8516, 0.0049788
195, 201.7512, 0.0049566
196, 200.3486, 0.0049913
197, 197.691, 0.0050584
198, 171.4061, 0.0058341
199, 227.1901, 0.0044016
200, 204.4488, 0.0048912
201, 196.7729, 0.005082
202, 192.8492, 0.0051854
203, 239.0057, 0.004184
204, 162.9726, 0.006136
205, 146.9853, 0.0068034
206, 180.7305, 0.0055331
207, 178.8237, 0.0055921
208, 198.4875, 0.0050381
209, 204.2609, 0.0048957
210, 187.6454, 0.0053292
211, 202.1141, 0.0049477
212, 174.6664, 0.0057252
213, 174.5048, 0.0057305
214, 172.0105, 0.0058136
215, 163.1188, 0.0061305
216, 199.3581, 0.0050161
217, 191.9865, 0.0052087
218, 178.4408, 0.0056041
219, 194.3219, 0.0051461
220, 196.2015, 0.0050968
221, 174.216, 0.00574
222, 194.4579, 0.0051425
223, 203.1034, 0.0049236
224, 192.812, 0.0051864
225, 190.6578, 0.005245
226, 190.6069, 0.0052464
227, 214.2888, 0.0046666
228, 198.4836, 0.0050382
229, 195.2057, 0.0051228
230, 46.31366, 0.0215919
231, 201.2072, 0.00497
232, 240.6797, 0.0041549
233, 213.8854, 0.0046754
234, 226.398, 0.004417
235, 225.6521, 0.0044316
236, 197.1687, 0.0050718
237, 219.356, 0.0045588
238, 224.6232, 0.0044519
239, 220.4342, 0.0045365
240, 188.5618, 0.0053033
241, 187.1643, 0.0053429
242, 231.1978, 0.0043253
243, 206.2536, 0.0048484
244, 232.1047, 0.0043084
245, 227.9722, 0.0043865
246, 225.0174, 0.0044441
247, 190.5851, 0.005247
248, 221.946, 0.0045056
249, 241.686, 0.0041376
250, 220.7554, 0.0045299
251, 214.2337, 0.0046678
252, 223.314, 0.004478
253, 231.3904, 0.0043217
254, 221.3173, 0.0045184
255, 197.0094, 0.0050759
256, 213.8123, 0.004677
257, 230.2397, 0.0043433
258, 202.2735, 0.0049438
259, 225.6929, 0.0044308
260, 200.1281, 0.0049968
261, 210.6372, 0.0047475
262, 233.8251, 0.0042767
263, 213.5429, 0.0046829
264, 197.5855, 0.0050611
265, 199.5291, 0.0050118
266, 213.4062, 0.0046859
267, 227.8372, 0.0043891
268, 227.8994, 0.0043879
269, 204.1191, 0.0048991
270, 171.8685, 0.0058184
271, 228.0242, 0.0043855
272, 185.1852, 0.0054
273, 184.0807, 0.0054324
274, 178.5109, 0.0056019
275, 172.2682, 0.0058049
276, 168.9389, 0.0059193
277, 159.1242, 0.0062844
278, 156.2866, 0.0063985
279, 165.942, 0.0060262
280, 162.4695, 0.006155
281, 171.0132, 0.0058475
282, 170.9548, 0.0058495
283, 156.9612, 0.006371
284, 167.7712, 0.0059605
285, 170.9402, 0.00585
286, 170.2852, 0.0058725
287, 160.4338, 0.0062331
288, 169.5318, 0.0058986
289, 164.8343, 0.0060667
290, 168.8248, 0.0059233
291, 168.1096, 0.0059485
292, 170.1548, 0.005877
293, 168.3303, 0.0059407
294, 169.0246, 0.0059163
295, 185.2675, 0.0053976
296, 235.2775, 0.0042503
297, 238.4529, 0.0041937
298, 255.6956, 0.0039109
299, 261.8761, 0.0038186
300, 268.6222, 0.0037227
301, 254.0457, 0.0039363
302, 247.7394, 0.0040365
303, 261.52, 0.0038238
304, 257.5328, 0.003883
305, 251.0481, 0.0039833
306, 265.2098, 0.0037706
307, 231.954, 0.0043112
308, 260.5659, 0.0038378
309, 253.4083, 0.0039462
310, 258.826, 0.0038636
311, 256.7921, 0.0038942
312, 254.6149, 0.0039275
313, 238.1349, 0.0041993
314, 31.46168, 0.0317847
315, 205.2461, 0.0048722
316, 224.0344, 0.0044636
317, 207.4344, 0.0048208
318, 256.3445, 0.003901
319, 244.7861, 0.0040852
320, 232.3582, 0.0043037
321, 262.1713, 0.0038143
322, 249.2274, 0.0040124
323, 264.1031, 0.0037864
324, 239.4005, 0.0041771
325, 243.546, 0.004106
326, 259.9563, 0.0038468
327, 265.4773, 0.0037668
328, 235.095, 0.0042536
329, 250.6203, 0.0039901
330, 251.8194, 0.0039711
331, 263.6922, 0.0037923
332, 243.3031, 0.0041101
333, 253.2607, 0.0039485
334, 262.8743, 0.0038041
335, 251.3447, 0.0039786
336, 251.4774, 0.0039765
337, 242.9838, 0.0041155
338, 249.1529, 0.0040136
339, 258.3312, 0.003871
340, 232.3636, 0.0043036
341, 249.2026, 0.0040128
342, 254.7252, 0.0039258
343, 259.0606, 0.0038601
344, 253.5754, 0.0039436
345, 246.7734, 0.0040523
346, 263.3936, 0.0037966
347, 264.4733, 0.0037811
348, 248.8429, 0.0040186
349, 250.4383, 0.003993
350, 245.5132, 0.0040731
351, 268.2188, 0.0037283
352, 248.1082, 0.0040305
353, 253.2159, 0.0039492
354, 261.5063, 0.003824
355, 245.068, 0.0040805
356, 225.3775, 0.004437
357, 266.2407, 0.003756
358, 259.6998, 0.0038506
359, 258.1378, 0.0038739
360, 233.2579, 0.0042871
361, 242.8599, 0.0041176
362, 255.8592, 0.0039084
363, 250.2502, 0.003996
364, 268.075, 0.0037303
365, 247.0234, 0.0040482
366, 244.1704, 0.0040955
367, 39.42456, 0.0253649
368, 211.345, 0.0047316
369, 234.4336, 0.0042656
370, 258.2311, 0.0038725
371, 262.4465, 0.0038103
372, 262.4603, 0.0038101
373, 235.7045, 0.0042426
374, 241.6101, 0.0041389
375, 264.0473, 0.0037872
376, 251.7687, 0.0039719
377, 215.5312, 0.0046397
378, 250.0875, 0.0039986
379, 255.1802, 0.0039188
380, 259.1143, 0.0038593
381, 246.5787, 0.0040555
382, 257.1024, 0.0038895
383, 263.7687, 0.0037912
384, 258.6318, 0.0038665
385, 244.7741, 0.0040854
386, 245.038, 0.004081
387, 248.9978, 0.0040161
388, 258.5182, 0.0038682
389, 247.8991, 0.0040339
390, 257.1091, 0.0038894
391, 264.0543, 0.0037871
392, 257.5992, 0.003882
393, 257.3009, 0.0038865
394, 241.8965, 0.004134
395, 263.2965, 0.003798
396, 247.176, 0.0040457
397, 261.7047, 0.0038211
398, 239.3146, 0.0041786
399, 249.9063, 0.0040015
400, 258.1911, 0.0038731
401, 268.5429, 0.0037238
402, 252.7614, 0.0039563
403, 254.5177, 0.003929
404, 251.5913, 0.0039747
405, 256.9241, 0.0038922
406, 260.2405, 0.0038426
407, 255.4344, 0.0039149
408, 228.4305, 0.0043777
409, 260.4235, 0.0038399
410, 255.761, 0.0039099
411, 242.8363, 0.004118
412, 233.8251, 0.0042767
413, 259.1345, 0.003859
414, 261.931, 0.0038178
415, 219.0197, 0.0045658
416, 250.7648, 0.0039878
417, 261.0966, 0.00383
418, 257.4997, 0.0038835
419, 246.2023, 0.0040617
420, 231.7497, 0.004315
421, 270.4237, 0.0036979
422, 247.9175, 0.0040336
423, 249.0102, 0.0040159
424, 217.9741, 0.0045877
425, 193.2628, 0.0051743
426, 4.56019, 0.2192891
427, 84.20273, 0.0118761
428, 117.0371, 0.0085443
429, 245.3566, 0.0040757
430, 240.8478, 0.004152
431, 218.3311, 0.0045802
432, 201.2558, 0.0049688
433, 235.7434, 0.0042419
434, 211.7298, 0.004723
435, 208.838, 0.0047884
436, 204.8593, 0.0048814
437, 234.8245, 0.0042585
438, 228.4461, 0.0043774
439, 252.7422, 0.0039566
440, 247.7333, 0.0040366
441, 230.521, 0.004338
442, 232.3312, 0.0043042
443, 234.5216, 0.004264
444, 215.652, 0.0046371
445, 205.9308, 0.004856
446, 251.3194, 0.003979
447, 248.4102, 0.0040256
448, 227.433, 0.0043969
449, 240.813, 0.0041526
450, 231.8195, 0.0043137
451, 243.3623, 0.0041091
452, 249.5819, 0.0040067
453, 234.9569, 0.0042561
454, 252.8125, 0.0039555
455, 222.6824, 0.0044907
456, 242.7951, 0.0041187
457, 225.9734, 0.0044253
458, 236.2168, 0.0042334
459, 230.9789, 0.0043294
460, 196.1861, 0.0050972
461, 242.5242, 0.0041233
462, 256.4826, 0.0038989
463, 229.1581, 0.0043638
464, 212.4044, 0.004708
465, 247.335, 0.0040431
466, 252.5061, 0.0039603
467, 227.7645, 0.0043905
468, 244.7801, 0.0040853
469, 240.5928, 0.0041564
470, 246.6517, 0.0040543
471, 227.9566, 0.0043868
472, 242.7892, 0.0041188
473, 254.2912, 0.0039325
474, 224.7898, 0.0044486
475, 232.7693, 0.0042961
476, 244.7022, 0.0040866
477, 236.6808, 0.0042251
478, 230.787, 0.004333
479, 234.9624, 0.004256
480, 248.1636, 0.0040296
481, 235.8713, 0.0042396
482, 234.6537, 0.0042616
483, 189.3473, 0.0052813
484, 217.8887, 0.0045895
485, 225.5097, 0.0044344
486, 245.4289, 0.0040745
487, 241.7386, 0.0041367
488, 227.2314, 0.0044008
489, 236.5856, 0.0042268
490, 250.6957, 0.0039889
491, 227.5365, 0.0043949
492, 228.5505, 0.0043754
493, 248.4843, 0.0040244
494, 247.3288, 0.0040432
495, 236.0383, 0.0042366
496, 242.854, 0.0041177
497, 241.6743, 0.0041378
498, 225.0782, 0.0044429
499, 237.4902, 0.0042107
500, 247.7946, 0.0040356
501, 248.3485, 0.0040266
502, 234.8079, 0.0042588
503, 225.9938, 0.0044249
504, 251.9209, 0.0039695
505, 245.2543, 0.0040774
506, 250.0188, 0.0039997
507, 221.9953, 0.0045046
508, 244.1228, 0.0040963
509, 252.7231, 0.0039569
510, 236.8602, 0.0042219
511, 241.9901, 0.0041324
512, 240.3326, 0.0041609
513, 249.95, 0.0040008
514, 231.0536, 0.004328
515, 240.3211, 0.0041611
516, 241.2022, 0.0041459
517, 256.9967, 0.0038911
518, 242.4595, 0.0041244
519, 244.7561, 0.0040857
520, 223.1993, 0.0044803
521, 238.9429, 0.0041851
522, 218.6031, 0.0045745
523, 246.3297, 0.0040596
524, 252.1687, 0.0039656
525, 233.2906, 0.0042865
526, 235.3606, 0.0042488
527, 254.2459, 0.0039332
528, 246.4329, 0.0040579
529, 237.6031, 0.0042087
530, 236.6696, 0.0042253
531, 228.1126, 0.0043838
532, 245.8211, 0.004068
533, 228.6341, 0.0043738
534, 233.4212, 0.0042841
535, 236.7985, 0.004223
536, 229.8639, 0.0043504
537, 225.1847, 0.0044408
538, 225.856, 0.0044276
539, 248.293, 0.0040275
540, 222.6229, 0.0044919
541, 236.1777, 0.0042341
542, 216.4034, 0.004621
543, 205.3557, 0.0048696
544, 206.522, 0.0048421
545, 236.3452, 0.0042311
546, 210.7304, 0.0047454
547, 208.1555, 0.0048041
548, 206.3472, 0.0048462
549, 204.2359, 0.0048963
550, 193.5471, 0.0051667
551, 218.7514, 0.0045714
552, 194.405, 0.0051439
553, 153.3554, 0.0065208
554, 194.2993, 0.0051467
555, 179.4494, 0.0055726
556, 187.4766, 0.005334
557, 197.7926, 0.0050558
558, 224.7797, 0.0044488
559, 191.9791, 0.0052089
560, 216.6565, 0.0046156
561, 216.483, 0.0046193
562, 177.898, 0.0056212
563, 200.104, 0.0049974
564, 217.3441, 0.004601
565, 181.3598, 0.0055139
566, 193.9638, 0.0051556
567, 191.8686, 0.0052119
568, 193.9187, 0.0051568
569, 193.821, 0.0051594
570, 232.9427, 0.0042929
571, 219.5775, 0.0045542
572, 219.8189, 0.0045492
573, 214.9706, 0.0046518
574, 230.5582, 0.0043373
575, 223.0699, 0.0044829
576, 223.7787, 0.0044687
577, 231.911, 0.004312
578, 230.1496, 0.004345
579, 249.9125, 0.0040014
580, 241.2429, 0.0041452
581, 249.1591, 0.0040135
582, 233.951, 0.0042744
583, 248.5151, 0.0040239
584, 230.367, 0.0043409
585, 227.2727, 0.0044
586, 245.2964, 0.0040767
587, 242.6949, 0.0041204
588, 238.7318, 0.0041888
589, 234.2963, 0.0042681
590, 228.676, 0.004373
591, 234.4941, 0.0042645
592, 237.0342, 0.0042188
593, 239.5841, 0.0041739
594, 253.7878, 0.0039403
595, 249.5944, 0.0040065
596, 220.8871, 0.0045272
597, 246.8404, 0.0040512
598, 256.6208, 0.0038968
599, 230.7657, 0.0043334
600, 236.5408, 0.0042276
601, 239.7104, 0.0041717
602, 195.1105, 0.0051253
603, 240.8536, 0.0041519
604, 245.1341, 0.0040794
605, 237.096, 0.0042177
606, 251.978, 0.0039686
607, 243.1138, 0.0041133
608, 233.6994, 0.004279
609, 245.9541, 0.0040658
610, 243.0488, 0.0041144
611, 242.4478, 0.0041246
612, 232.2772, 0.0043052
613, 240.0903, 0.0041651
614, 251.1932, 0.003981
615, 236.2726, 0.0042324
616, 239.7851, 0.0041704
617, 243.037, 0.0041146
618, 229.7794, 0.004352
619, 239.9981, 0.0041667
620, 185.2058, 0.0053994
621, 232.1263, 0.004308
622, 236.1275, 0.004235
623, 236.5128, 0.0042281
624, 231.0002, 0.004329
625, 253.1453, 0.0039503
626, 246.0025, 0.004065
627, 210.7615, 0.0047447
628, 243.0252, 0.0041148
629, 195.2744, 0.005121
630, 245.7304, 0.0040695
631, 229.9591, 0.0043486
632, 243.7063, 0.0041033
633, 239.8887, 0.0041686
634, 210.2872, 0.0047554
635, 227.4951, 0.0043957
636, 239.7047, 0.0041718
637, 255.8264, 0.0039089
638, 237.7217, 0.0042066
639, 236.9893, 0.0042196
640, 230.1973, 0.0043441
641, 245.4891, 0.0040735
642, 238.2711, 0.0041969
643, 200.1641, 0.0049959
644, 209.2357, 0.0047793
645, 242.2598, 0.0041278
646, 250.7585, 0.0039879
647, 225.5554, 0.0044335
648, 236.5632, 0.0042272
649, 247.8929, 0.004034
650, 193.7384, 0.0051616
651, 240.4887, 0.0041582
652, 213.8077, 0.0046771
653, 236.9612, 0.0042201
654, 196.3865, 0.005092
655, 241.1905, 0.0041461
656, 210.6416, 0.0047474
657, 237.7952, 0.0042053
658, 238.5496, 0.004192
659, 212.2466, 0.0047115
660, 247.9544, 0.004033
661, 220.7749, 0.0045295
662, 201.4139, 0.0049649
663, 187.5152, 0.0053329
664, 210.0046, 0.0047618
665, 197.1764, 0.0050716
666, 220.4829, 0.0045355
667, 203.9276, 0.0049037
668, 210.8015, 0.0047438
669, 186.0431, 0.0053751
670, 221.0775, 0.0045233
671, 217.6563, 0.0045944
672, 214.422, 0.0046637
673, 203.3264, 0.0049182
674, 203.5955, 0.0049117
675, 197.0987, 0.0050736
676, 188.633, 0.0053013
677, 197.6558, 0.0050593
678, 211.015, 0.004739
679, 235.3495, 0.004249
680, 197.8279, 0.0050549
681, 221.6263, 0.0045121
682, 209.648, 0.0047699
683, 200.092, 0.0049977
684, 242.2481, 0.004128
685, 217.9979, 0.0045872
686, 207.4043, 0.0048215
687, 210.8904, 0.0047418
688, 241.0045, 0.0041493
689, 207.2367, 0.0048254
690, 231.3797, 0.0043219
691, 243.4334, 0.0041079
692, 245.9299, 0.0040662
693, 245.3566, 0.0040757
694, 244.5825, 0.0040886
695, 237.8857, 0.0042037
696, 258.1578, 0.0038736
697, 254.1361, 0.0039349
698, 236.267, 0.0042325
699, 246.8648, 0.0040508
700, 249.8938, 0.0040017
701, 226.7677, 0.0044098
702, 219.0245, 0.0045657
703, 242.972, 0.0041157
704, 253.4597, 0.0039454
705, 226.7728, 0.0044097
706, 235.799, 0.0042409
707, 257.4732, 0.0038839
708, 246.1296, 0.0040629
709, 232.8451, 0.0042947
710, 236.524, 0.0042279
711, 251.6863, 0.0039732
712, 262.0202, 0.0038165
713, 226.9942, 0.0044054
714, 232.1478, 0.0043076
715, 251.1742, 0.0039813
716, 247.7455, 0.0040364
717, 261.233, 0.003828
718, 229.9273, 0.0043492
719, 241.4992, 0.0041408
720, 255.0825, 0.0039203
721, 260.0442, 0.0038455
722, 235.9214, 0.0042387
723, 253.4597, 0.0039454
724, 232.8235, 0.0042951
725, 253.3506, 0.0039471
726, 253.7685, 0.0039406
727, 257.4069, 0.0038849
728, 238.5838, 0.0041914
729, 253.4597, 0.0039454
730, 248.2991, 0.0040274
731, 246.1841, 0.004062
732, 251.5786, 0.0039749
733, 255.0175, 0.0039213
734, 232.5149, 0.0043008
735, 240.3153, 0.0041612
736, 261.8349, 0.0038192
737, 256.7196, 0.0038953
738, 248.2437, 0.0040283
739, 235.3384, 0.0042492
740, 250.3192, 0.0039949
741, 256.3708, 0.0039006
742, 250.5198, 0.0039917
743, 248.8801, 0.004018
744, 240.6102, 0.0041561
745, 248.7934, 0.0040194
746, 239.7507, 0.004171
747, 227.5106, 0.0043954
748, 252.6912, 0.0039574
749, 243.102, 0.0041135
750, 263.0679, 0.0038013
751, 238.0159, 0.0042014
752, 246.8648, 0.0040508
753, 256.8449, 0.0038934
754, 253.9554, 0.0039377
755, 235.7934, 0.004241
756, 251.2247, 0.0039805
757, 256.5221, 0.0038983
758, 251.8511, 0.0039706
759, 226.3775, 0.0044174
760, 255.9705, 0.0039067
761, 261.2194, 0.0038282
762, 233.0622, 0.0042907
763, 249.2895, 0.0040114
764, 238.4643, 0.0041935
765, 244.6603, 0.0040873
766, 250.5952, 0.0039905
767, 239.1029, 0.0041823
768, 252.5125, 0.0039602
769, 256.812, 0.0038939
770, 252.0987, 0.0039667
771, 236.1219, 0.0042351
772, 251.1805, 0.0039812
773, 253.1966, 0.0039495
774, 237.3268, 0.0042136
775, 247.8008, 0.0040355
776, 250.545, 0.0039913
777, 245.4891, 0.0040735
778, 258.438, 0.0038694
779, 238.4245, 0.0041942
780, 245.664, 0.0040706
781, 222.4892, 0.0044946
782, 209.4855, 0.0047736
783, 229.3262, 0.0043606
784, 239.2745, 0.0041793
785, 199.2985, 0.0050176
786, 190.2406, 0.0052565
787, 181.3401, 0.0055145
788, 163.5056, 0.006116
789, 200.2563, 0.0049936
790, 140.998, 0.0070923
791, 170.9869, 0.0058484
792, 177.9898, 0.0056183
793, 182.6284, 0.0054756
794, 161.517, 0.0061913
795, 160.8777, 0.0062159
796, 185.9427, 0.005378
797, 179.4012, 0.0055741
798, 165.9806, 0.0060248
799, 180.822, 0.0055303
800, 193.4985, 0.005168
801, 155.9017, 0.0064143
802, 167.6024, 0.0059665
803, 194.2917, 0.0051469
804, 180.3394, 0.0055451
805, 170.4216, 0.0058678
806, 177.195, 0.0056435
807, 184.9523, 0.0054068
808, 172.4673, 0.0057982
809, 173.6533, 0.0057586
810, 139.0859, 0.0071898
811, 190.342, 0.0052537
812, 150.989, 0.006623
813, 180.9005, 0.0055279
814, 110.9792, 0.0090107
815, 119.5714, 0.0083632
816, 128.5017, 0.007782
817, 118.8933, 0.0084109
818, 138.9622, 0.0071962
819, 124.8673, 0.0080085
820, 128.8743, 0.0077595
821, 158.6496, 0.0063032
822, 159.9846, 0.0062506
823, 135.472, 0.0073816
824, 202.8274, 0.0049303
825, 161.0021, 0.0062111
826, 140.7856, 0.007103
827, 207.3312, 0.0048232
828, 221.1313, 0.0045222
829, 220.1867, 0.0045416
830, 197.1803, 0.0050715
831, 204.9852, 0.0048784
832, 179.8399, 0.0055605
833, 153.6877, 0.0065067
834, 169.4829, 0.0059003
835, 183.756, 0.005442
836, 165.9118, 0.0060273
837, 127.5592, 0.0078395
838, 162.9408, 0.0061372
839, 180.6979, 0.0055341
840, 113.0467, 0.0088459
841, 183.7391, 0.0054425
842, 134.358, 0.0074428
843, 177.1165, 0.005646
844, 198.1375, 0.005047
845, 189.3151, 0.0052822
846, 217.8365, 0.0045906
847, 209.5426, 0.0047723
848, 230.9415, 0.0043301
849, 216.915, 0.0046101
850, 203.3967, 0.0049165
851, 224.7191, 0.00445
852, 232.342, 0.004304
853, 223.6986, 0.0044703
854, 186.7762, 0.005354
855, 164.0312, 0.0060964
856, 122.9785, 0.0081315
857, 180.6979, 0.0055341
858, 161.7599, 0.006182
859, 197.0133, 0.0050758
860, 186.6089, 0.0053588
861, 178.2309, 0.0056107
862, 186.0292, 0.0053755
863, 115.6992, 0.0086431
864, 185.4427, 0.0053925
865, 168.0249, 0.0059515
866, 189.7929, 0.0052689
867, 189.5447, 0.0052758
868, 159.9565, 0.0062517
869, 167.5154, 0.0059696
870, 122.6783, 0.0081514
871, 181.3138, 0.0055153
872, 175.3432, 0.0057031
873, 163.7868, 0.0061055
874, 193.5509, 0.0051666
875, 126.547, 0.0079022
876, 165.5821, 0.0060393
877, 196.742, 0.0050828
878, 187.924, 0.0053213
879, 190.049, 0.0052618
880, 231.3102, 0.0043232
881, 247.7639, 0.0040361
882, 229.6422, 0.0043546
883, 230.9256, 0.0043304
884, 243.2557, 0.0041109
885, 231.0109, 0.0043288
886, 213.5155, 0.0046835
887, 233.209, 0.004288
888, 249.8189, 0.0040029
889, 233.0242, 0.0042914
890, 248.6325, 0.004022
891, 236.6136, 0.0042263
892, 257.4334, 0.0038845
893, 250.834, 0.0039867
894, 251.5217, 0.0039758
895, 248.4781, 0.0040245
896, 233.503, 0.0042826
897, 247.0783, 0.0040473
898, 265.7807, 0.0037625
899, 248.5769, 0.0040229
900, 245.1521, 0.0040791
901, 246.4572, 0.0040575
902, 243.9858, 0.0040986
903, 245.658, 0.0040707
904, 244.0096, 0.0040982
905, 238.8288, 0.0041871
906, 248.3485, 0.0040266
907, 242.6125, 0.0041218
908, 241.1731, 0.0041464
909, 237.096, 0.0042177
910, 258.8595, 0.0038631
911, 207.3011, 0.0048239
912, 251.8257, 0.003971
913, 257.2744, 0.0038869
914, 252.5571, 0.0039595
915, 230.049, 0.0043469
916, 243.4275, 0.004108
917, 263.5602, 0.0037942
918, 261.4584, 0.0038247
919, 230.5157, 0.0043381
920, 254.589, 0.0039279
921, 246.9258, 0.0040498
922, 257.6722, 0.0038809
923, 229.7741, 0.0043521
924, 242.6301, 0.0041215
925, 253.5497, 0.003944
926, 241.3477, 0.0041434
927, 249.9438, 0.0040009
928, 252.8062, 0.0039556
929, 236.9163, 0.0042209
930, 251.9653, 0.0039688
931, 254.233, 0.0039334
932, 245.8875, 0.0040669
933, 247.6964, 0.0040372
934, 241.272, 0.0041447
935, 253.0365, 0.003952
936, 223.1047, 0.0044822
937, 253.3634, 0.0039469
938, 249.6131, 0.0040062
939, 259.1748, 0.0038584
940, 239.6185, 0.0041733
941, 258.4848, 0.0038687
942, 253.2607, 0.0039485
943, 262.2401, 0.0038133
944, 199.0842, 0.005023
945, 231.6584, 0.0043167
946, 234.5656, 0.0042632
947, 250.6643, 0.0039894
948, 244.0155, 0.0040981
949, 235.6879, 0.0042429
950, 239.1944, 0.0041807
951, 246.6395, 0.0040545
952, 241.9316, 0.0041334
953, 247.7394, 0.0040365
954, 254.4335, 0.0039303
955, 242.9307, 0.0041164
956, 245.2363, 0.0040777
957, 245.8815, 0.004067
958, 249.7191, 0.0040045
959, 253.9682, 0.0039375
960, 226.0602, 0.0044236
961, 252.0415, 0.0039676
962, 249.4388, 0.004009
963, 260.166, 0.0038437
964, 226.3365, 0.0044182
965, 241.0103, 0.0041492
966, 233.503, 0.0042826
967, 260.3692, 0.0038407
968, 236.6752, 0.0042252
969, 239.3547, 0.0041779
970, 249.0164, 0.0040158
971, 245.2964, 0.0040767
972, 243.9441, 0.0040993
973, 243.5342, 0.0041062
974, 252.9788, 0.0039529
975, 234.9017, 0.0042571
976, 244.936, 0.0040827
977, 230.3882, 0.0043405
978, 254.0005, 0.003937
979, 231.8249, 0.0043136
980, 249.7128, 0.0040046
981, 254.563, 0.0039283
982, 232.9482, 0.0042928
983, 246.7247, 0.0040531
984, 225.6725, 0.0044312
985, 260.2811, 0.003842
986, 241.955, 0.004133
987, 254.4724, 0.0039297
988, 249.2833, 0.0040115
989, 245.5675, 0.0040722
990, 249.302, 0.0040112
991, 257.5527, 0.0038827
992, 255.2583, 0.0039176
993, 228.8539, 0.0043696
994, 238.1746, 0.0041986
995, 257.4334, 0.0038845
996, 257.3605, 0.0038856
997, 234.0386, 0.0042728
998, 251.7813, 0.0039717
999, 244.2241, 0.0040946
1000, 262.5706, 0.0038085
1001, 222.6725, 0.0044909
1002, 210.9082, 0.0047414
1003, 246.8831, 0.0040505
1004, 248.0343, 0.0040317
1005, 246.7369, 0.0040529
1006, 246.9929, 0.0040487
1007, 260.7834, 0.0038346
1008, 247.813, 0.0040353
1009, 240.5581, 0.004157
1010, 247.0051, 0.0040485
1011, 261.8555, 0.0038189
1012, 246.3176, 0.0040598
1013, 245.4831, 0.0040736
1014, 235.3273, 0.0042494
1015, 261.3559, 0.0038262
1016, 255.063, 0.0039206
1017, 243.4571, 0.0041075
1018, 262.8812, 0.003804
1019, 236.5688, 0.0042271
1020, 250.8781, 0.003986
1021, 251.9653, 0.0039688
1022, 247.2555, 0.0040444
1023, 243.6944, 0.0041035
1024, 242.6655, 0.0041209
1025, 259.6526, 0.0038513
1026, 242.7008, 0.0041203
1027, 224.4719, 0.0044549
1028, 242.2011, 0.0041288
1029, 251.3636, 0.0039783
1030, 243.3919, 0.0041086
1031, 234.7142, 0.0042605
1032, 250.9536, 0.0039848
1033, 255.8134, 0.0039091
1034, 244.4928, 0.0040901
1035, 241.3302, 0.0041437
1036, 256.1279, 0.0039043
1037, 235.7045, 0.0042426
1038, 216.558, 0.0046177
1039, 231.8518, 0.0043131
1040, 260.8854, 0.0038331
1041, 266.1415, 0.0037574
1042, 234.6206, 0.0042622
1043, 229.9802, 0.0043482
1044, 235.5935, 0.0042446
1045, 245.8875, 0.0040669
1046, 209.4592, 0.0047742
1047, 216.9292, 0.0046098
1048, 191.2704, 0.0052282
1049, 231.5351, 0.004319
1050, 255.3365, 0.0039164
1051, 251.37, 0.0039782
1052, 239.7104, 0.0041717
1053, 242.0018, 0.0041322
1054, 257.7386, 0.0038799
1055, 260.9808, 0.0038317
1056, 258.692, 0.0038656
1057, 221.7541, 0.0045095
1058, 232.3366, 0.0043041
1059, 257.0694, 0.00389
1060, 249.3268, 0.0040108
1061, 255.2648, 0.0039175
1062, 243.0015, 0.0041152
1063, 253.2159, 0.0039492
1064, 248.6573, 0.0040216
1065, 249.9375, 0.004001
1066, 249.5259, 0.0040076
1067, 243.9798, 0.0040987
1068, 244.2539, 0.0040941
1069, 260.8854, 0.0038331
1070, 246.7247, 0.0040531
1071, 248.0466, 0.0040315
1072, 236.1387, 0.0042348
1073, 255.0565, 0.0039207
1074, 247.3288, 0.0040432
1075, 251.737, 0.0039724
1076, 232.067, 0.0043091
1077, 250.4069, 0.0039935
1078, 252.9596, 0.0039532
1079, 257.195, 0.0038881
1080, 239.0457, 0.0041833
1081, 255.6826, 0.0039111
1082, 242.078, 0.0041309
1083, 253.2415, 0.0039488
1084, 237.0455, 0.0042186
1085, 248.2807, 0.0040277
1086, 246.8709, 0.0040507
1087, 236.8321, 0.0042224
1088, 242.5359, 0.0041231
1089, 256.6076, 0.003897
1090, 252.4679, 0.0039609
1091, 231.5297, 0.0043191
1092, 242.5536, 0.0041228
1093, 255.5845, 0.0039126
1094, 265.1746, 0.0037711
1095, 238.7375, 0.0041887
1096, 249.1405, 0.0040138
1097, 241.6568, 0.0041381
1098, 256.8647, 0.0038931
1099, 240.9406, 0.0041504
1100, 239.7277, 0.0041714
1101, 225.5707, 0.0044332
1102, 238.2995, 0.0041964
1103, 235.2111, 0.0042515
1104, 257.4003, 0.003885
1105, 258.4113, 0.0038698
1106, 236.0551, 0.0042363
1107, 247.5554, 0.0040395
1108, 249.4823, 0.0040083
1109, 257.8715, 0.0038779
1110, 242.6301, 0.0041215
1111, 236.5968, 0.0042266
1112, 253.1517, 0.0039502
1113, 249.6193, 0.0040061
1114, 247.39, 0.0040422
1115, 245.3747, 0.0040754
1116, 236.9388, 0.0042205
1117, 251.4332, 0.0039772
1118, 236.1052, 0.0042354
1119, 227.993, 0.0043861
1120, 254.7252, 0.0039258
1121, 236.2614, 0.0042326
1122, 225.5503, 0.0044336
1123, 241.7853, 0.0041359
1124, 255.2974, 0.003917
1125, 244.96, 0.0040823
1126, 252.4169, 0.0039617
1127, 246.0267, 0.0040646
1128, 257.958, 0.0038766
1129, 226.7677, 0.0044098
1130, 219.9688, 0.0045461
1131, 237.3493, 0.0042132
1132, 242.5007, 0.0041237
1133, 215.2574, 0.0046456
1134, 236.748, 0.0042239
1135, 232.8072, 0.0042954
1136, 232.6772, 0.0042978
1137, 253.7813, 0.0039404
1138, 257.9713, 0.0038764
1139, 242.7833, 0.0041189
1140, 228.7178, 0.0043722
1141, 255.0045, 0.0039215
1142, 246.67, 0.004054
1143, 229.8586, 0.0043505
1144, 255.1606, 0.0039191
1145, 243.3327, 0.0041096
1146, 258.1844, 0.0038732
1147, 234.0605, 0.0042724
1148, 236.5688, 0.0042271
1149, 249.9625, 0.0040006
1150, 255.6695, 0.0039113
1151, 247.586, 0.004039
1152, 246.6395, 0.0040545
1153, 249.95, 0.0040008
1154, 258.7188, 0.0038652
1155, 231.6209, 0.0043174
1156, 249.0784, 0.0040148
1157, 250.5826, 0.0039907
1158, 257.1091, 0.0038894
1159, 238.1746, 0.0041986
1160, 240.2691, 0.004162
1161, 258.7054, 0.0038654
1162, 254.0263, 0.0039366
1163, 246.676, 0.0040539
1164, 239.9751, 0.0041671
1165, 246.2448, 0.004061
1166, 254.233, 0.0039334
1167, 234.9679, 0.0042559
1168, 248.7067, 0.0040208
1169, 253.8329, 0.0039396
1170, 249.7627, 0.0040038
1171, 255.024, 0.0039212
1172, 244.7261, 0.0040862
1173, 245.2062, 0.0040782
1174, 251.149, 0.0039817
1175, 217.2119, 0.0046038
1176, 227.7126, 0.0043915
1177, 251.8955, 0.0039699
1178, 230.0913, 0.0043461
1179, 240.4424, 0.004159
1180, 244.972, 0.0040821
1181, 255.0305, 0.0039211
1182, 239.6932, 0.004172
1183, 255.578, 0.0039127
1184, 229.6317, 0.0043548
1185, 251.68, 0.0039733
1186, 26.81922, 0.0372867
1187, 238.0102, 0.0042015
1188, 238.1973, 0.0041982
1189, 232.6122, 0.004299
1190, 233.345, 0.0042855
1191, 233.3341, 0.0042857
1192, 212.2601, 0.0047112
1193, 217.4386, 0.004599
1194, 228.4513, 0.0043773
1195, 220.4829, 0.0045355
1196, 227.345, 0.0043986
1197, 252.5571, 0.0039595
1198, 262.1851, 0.0038141
1199, 252.2195, 0.0039648
1200, 216.1928, 0.0046255
1201, 226.8242, 0.0044087
1202, 256.0557, 0.0039054
1203, 258.5449, 0.0038678
1204, 226.1574, 0.0044217
1205, 231.2032, 0.0043252
1206, 257.8715, 0.0038779
1207, 245.6761, 0.0040704
1208, 230.6752, 0.0043351
1209, 239.7737, 0.0041706
1210, 237.4395, 0.0042116
1211, 242.7892, 0.0041188
1212, 243.962, 0.004099
1213, 242.3714, 0.0041259
1214, 252.3023, 0.0039635
1215, 250.3568, 0.0039943
1216, 236.8826, 0.0042215
1217, 259.0539, 0.0038602
1218, 248.7376, 0.0040203
1219, 227.8216, 0.0043894
1220, 243.1197, 0.0041132
1221, 248.4904, 0.0040243
1222, 221.9509, 0.0045055
1223, 259.4168, 0.0038548
1224, 231.1818, 0.0043256
1225, 245.3446, 0.0040759
1226, 242.8245, 0.0041182
1227, 262.4534, 0.0038102
1228, 221.2781, 0.0045192
1229, 240.4598, 0.0041587
1230, 236.5296, 0.0042278
1231, 240.7318, 0.004154
1232, 239.8714, 0.0041689
1233, 247.4574, 0.0040411
1234, 223.9742, 0.0044648
1235, 252.7806, 0.003956
1236, 246.7065, 0.0040534
1237, 246.0388, 0.0040644
1238, 260.2202, 0.0038429
1239, 248.9482, 0.0040169
1240, 236.2279, 0.0042332
1241, 246.7247, 0.0040531
1242, 243.3623, 0.0041091
1243, 257.4334, 0.0038845
1244, 233.2906, 0.0042865
1245, 224.9871, 0.0044447
1246, 237.0342, 0.0042188
1247, 249.2212, 0.0040125
1248, 224.1399, 0.0044615
1249, 234.2579, 0.0042688
1250, 253.8458, 0.0039394
1251, 262.6188, 0.0038078
1252, 240.5928, 0.0041564
1253, 242.5124, 0.0041235
1254, 258.5717, 0.0038674
1255, 253.2479, 0.0039487
1256, 225.1999, 0.0044405
1257, 255.0565, 0.0039207
1258, 244.7381, 0.004086
1259, 256.4629, 0.0038992
1260, 253.7749, 0.0039405
1261, 246.1478, 0.0040626
1262, 240.8536, 0.0041519
1263, 252.0542, 0.0039674
1264, 239.4808, 0.0041757
1265, 233.9565, 0.0042743
1266, 247.5247, 0.00404
1267, 243.2735, 0.0041106
1268, 248.4781, 0.0040245
1269, 236.7817, 0.0042233
1270, 245.4952, 0.0040734
1271, 242.9838, 0.0041155
1272, 262.3226, 0.0038121
1273, 239.6472, 0.0041728
1274, 244.6364, 0.0040877
1275, 239.3719, 0.0041776
1276, 218.7657, 0.0045711
1277, 246.7978, 0.0040519
1278, 244.822, 0.0040846
1279, 250.2252, 0.0039964
1280, 255.1151, 0.0039198
1281, 242.4889, 0.0041239
1282, 247.9544, 0.004033
1283, 221.3761, 0.0045172
1284, 252.8573, 0.0039548
1285, 248.2129, 0.0040288
1286, 238.1973, 0.0041982
1287, 246.3297, 0.0040596
1288, 264.6413, 0.0037787
1289, 229.321, 0.0043607
1290, 241.6101, 0.0041389
1291, 257.3141, 0.0038863
1292, 245.8392, 0.0040677
1293, 240.5234, 0.0041576
1294, 246.3418, 0.0040594
1295, 256.0492, 0.0039055
1296, 255.4801, 0.0039142
1297, 237.4395, 0.0042116
1298, 249.066, 0.004015
1299, 248.5151, 0.0040239
1300, 252.6529, 0.003958
1301, 255.7152, 0.0039106
1302, 235.2997, 0.0042499
1303, 254.233, 0.0039334
1304, 261.9378, 0.0038177
1305, 250.5136, 0.0039918
1306, 246.8283, 0.0040514
1307, 242.2187, 0.0041285
1308, 261.5268, 0.0038237
1309, 262.1026, 0.0038153
1310, 239.7392, 0.0041712
1311, 237.5974, 0.0042088
1312, 229.463, 0.004358
1313, 247.5676, 0.0040393
1314, 239.7794, 0.0041705
1315, 244.7621, 0.0040856
1316, 253.0108, 0.0039524
1317, 240.616, 0.004156
1318, 228.6969, 0.0043726
1319, 251.1869, 0.0039811
1320, 243.4867, 0.004107
1321, 241.3768, 0.0041429
1322, 242.0311, 0.0041317
1323, 246.4815, 0.0040571
1324, 255.8854, 0.003908
1325, 256.5747, 0.0038975
1326, 248.6758, 0.0040213
1327, 241.2545, 0.004145
1328, 251.6926, 0.0039731
1329, 252.7422, 0.0039566
1330, 222.7072, 0.0044902
1331, 245.2423, 0.0040776
1332, 234.99, 0.0042555
1333, 228.3053, 0.0043801
1334, 200.3205, 0.004992
1335, 217.4339, 0.0045991
1336, 203.8071, 0.0049066
1337, 235.1779, 0.0042521
1338, 247.6044, 0.0040387
1339, 246.3176, 0.0040598
1340, 248.8801, 0.004018
1341, 243.2853, 0.0041104
1342, 236.4402, 0.0042294
1343, 249.7939, 0.0040033
1344, 256.6472, 0.0038964
1345, 252.0352, 0.0039677
1346, 242.0311, 0.0041317
1347, 245.3807, 0.0040753
1348, 256.9373, 0.003892
1349, 260.2202, 0.0038429
1350, 248.8243, 0.0040189
1351, 239.2173, 0.0041803
1352, 258.759, 0.0038646
1353, 249.9125, 0.0040014
1354, 227.8423, 0.004389
1355, 252.3023, 0.0039635
1356, 248.5275, 0.0040237
1357, 256.1869, 0.0039034
1358, 244.3136, 0.0040931
1359, 248.9544, 0.0040168
1360, 259.1949, 0.0038581
1361, 251.2689, 0.0039798
1362, 222.1581, 0.0045013
1363, 248.0713, 0.0040311
1364, 251.642, 0.0039739
1365, 256.9307, 0.0038921
1366, 220.4245, 0.0045367
1367, 252.5508, 0.0039596
1368, 250.5701, 0.0039909
1369, 257.7917, 0.0038791
1370, 252.1114, 0.0039665
1371, 234.0879, 0.0042719
1372, 248.8986, 0.0040177
1373, 248.7067, 0.0040208
1374, 241.6042, 0.004139
1375, 248.911, 0.0040175
1376, 231.9594, 0.0043111
1377, 239.4636, 0.004176
1378, 248.0282, 0.0040318
1379, 254.7316, 0.0039257
1380, 248.614, 0.0040223
1381, 230.8456, 0.0043319
1382, 231.1711, 0.0043258
1383, 249.5446, 0.0040073
1384, 243.1788, 0.0041122
1385, 232.8668, 0.0042943
1386, 252.8509, 0.0039549
1387, 233.4976, 0.0042827
1388, 233.8853, 0.0042756
1389, 253.7491, 0.0039409
1390, 243.6885, 0.0041036
1391, 246.8526, 0.004051
1392, 244.5167, 0.0040897
1393, 262.6533, 0.0038073
1394, 262.1644, 0.0038144
1395, 226.8551, 0.0044081
1396, 238.9886, 0.0041843
1397, 254.3688, 0.0039313
1398, 259.5111, 0.0038534
1399, 240.5118, 0.0041578
1400, 237.4507, 0.0042114
1401, 251.067, 0.003983
1402, 252.4105, 0.0039618
1403, 228.2897, 0.0043804
1404, 243.8132, 0.0041015
1405, 241.5867, 0.0041393
1406, 253.9876, 0.0039372
1407, 246.9197, 0.0040499
1408, 242.1894, 0.004129
1409, 242.0839, 0.0041308
1410, 230.367, 0.0043409
1411, 243.9262, 0.0040996
1412, 252.3023, 0.0039635
1413, 257.248, 0.0038873
1414, 257.0364, 0.0038905
1415, 231.4815, 0.00432
1416, 243.6528, 0.0041042
1417, 258.7188, 0.0038652
1418, 253.2415, 0.0039488
1419, 250.1376, 0.0039978
1420, 233.6722, 0.0042795
1421, 241.3651, 0.0041431
1422, 259.9563, 0.0038468
1423, 229.9749, 0.0043483
1424, 234.2743, 0.0042685
1425, 247.979, 0.0040326
1426, 250.4822, 0.0039923
1427, 253.9167, 0.0039383
1428, 249.6318, 0.0040059
1429, 243.95, 0.0040992
1430, 255.1736, 0.0039189
1431, 247.7946, 0.0040356
1432, 250.9599, 0.0039847
1433, 252.5125, 0.0039602
1434, 243.3682, 0.004109
1435, 251.9907, 0.0039684
1436, 245.9359, 0.0040661
1437, 263.3936, 0.0037966
1438, 247.4023, 0.004042
1439, 248.1328, 0.0040301
1440, 246.8709, 0.0040507
1441, 252.8381, 0.0039551
1442, 229.9908, 0.004348
1443, 256.246, 0.0039025
1444, 233.3015, 0.0042863
1445, 244.445, 0.0040909
1446, 236.3228, 0.0042315
1447, 261.6842, 0.0038214
1448, 239.1429, 0.0041816
1449, 242.742, 0.0041196
1450, 231.0429, 0.0043282
1451, 261.1648, 0.003829
1452, 255.2648, 0.0039175
1453, 258.5984, 0.003867
1454, 239.4063, 0.004177
1455, 259.9158, 0.0038474
1456, 256.5089, 0.0038985
1457, 253.0556, 0.0039517
1458, 244.7202, 0.0040863
1459, 250.501, 0.003992
1460, 258.5115, 0.0038683
1461, 249.6256, 0.004006
1462, 229.1213, 0.0043645
1463, 242.7892, 0.0041188
1464, 244.087, 0.0040969
1465, 240.7376, 0.0041539
1466, 245.8452, 0.0040676
1467, 261.5473, 0.0038234
1468, 250.8655, 0.0039862
1469, 230.3935, 0.0043404
1470, 250.4006, 0.0039936
1471, 255.5323, 0.0039134
1472, 257.8183, 0.0038787
1473, 232.5257, 0.0043006
1474, 230.9256, 0.0043304
1475, 244.912, 0.0040831
1476, 246.5848, 0.0040554
1477, 225.7489, 0.0044297
1478, 253.9489, 0.0039378
1479, 249.5695, 0.0040069
1480, 258.8059, 0.0038639
1481, 233.1328, 0.0042894
1482, 261.6431, 0.003822
1483, 254.7511, 0.0039254
1484, 226.9117, 0.004407
1485, 250.4885, 0.0039922
1486, 246.0812, 0.0040637
1487, 257.3075, 0.0038864
1488, 238.1746, 0.0041986
1489, 241.4526, 0.0041416
1490, 243.4275, 0.004108
1491, 257.0694, 0.00389
1492, 249.3517, 0.0040104
1493, 257.8582, 0.0038781
1494, 228.4044, 0.0043782
1495, 255.5584, 0.003913
1496, 221.6017, 0.0045126
1497, 233.1274, 0.0042895
1498, 220.0995, 0.0045434
1499, 240.1306, 0.0041644
1500, 235.8602, 0.0042398
1501, 229.2684, 0.0043617
1502, 200.8839, 0.004978
1503, 219.5293, 0.0045552
1504, 222.6626, 0.0044911
1505, 234.0714, 0.0042722
1506, 212.2601, 0.0047112
1507, 201.5235, 0.0049622
1508, 234.3402, 0.0042673
1509, 171.2857, 0.0058382
1510, 172.5715, 0.0057947
1511, 227.7749, 0.0043903
1512, 205.571, 0.0048645
1513, 229.1843, 0.0043633
1514, 237.5748, 0.0042092
1515, 233.694, 0.0042791
1516, 216.6237, 0.0046163
1517, 229.2211, 0.0043626
1518, 236.0773, 0.0042359
1519, 213.206, 0.0046903
1520, 212.5128, 0.0047056
1521, 236.4178, 0.0042298
1522, 241.4467, 0.0041417
1523, 206.6884, 0.0048382
1524, 239.4579, 0.0041761
1525, 228.2271, 0.0043816
1526, 222.2321, 0.0044998
1527, 218.2977, 0.0045809
1528, 225.8152, 0.0044284
1529, 216.4081, 0.0046209
1530, 218.7657, 0.0045711
1531, 221.6853, 0.0045109
1532, 230.0437, 0.004347
1533, 210.6461, 0.0047473
1534, 201.8815, 0.0049534
1535, 243.2735, 0.0041106
1536, 255.0955, 0.0039201
1537, 254.1425, 0.0039348
1538, 228.097, 0.0043841
1539, 241.9725, 0.0041327
1540, 240.4366, 0.0041591
1541, 96.68001, 0.0103434
1542, 132.7439, 0.0075333
1543, 137.1159, 0.0072931
1544, 79.47988, 0.0125818
1545, 220.8432, 0.0045281
1546, 252.8445, 0.003955
1547, 245.6942, 0.0040701
1548, 250.7208, 0.0039885
1549, 240.6102, 0.0041561
1550, 253.878, 0.0039389
1551, 251.699, 0.003973
1552, 235.4049, 0.004248
1553, 249.4325, 0.0040091
1554, 254.6668, 0.0039267
1555, 241.4234, 0.0041421
1556, 243.546, 0.004106
1557, 233.7104, 0.0042788
1558, 232.9048, 0.0042936
1559, 262.3777, 0.0038113
1560, 250.2565, 0.0039959
1561, 252.4233, 0.0039616
1562, 227.3502, 0.0043985
1563, 224.4921, 0.0044545
1564, 245.9964, 0.0040651
1565, 239.1944, 0.0041807
1566, 219.1541, 0.004563
1567, 240.3788, 0.0041601
1568, 261.158, 0.0038291
1569, 235.0618, 0.0042542
1570, 235.6268, 0.004244
1571, 241.0394, 0.0041487
1572, 244.1764, 0.0040954
1573, 227.6815, 0.0043921
1574, 248.4781, 0.0040245
1575, 242.2892, 0.0041273
1576, 248.3177, 0.0040271
1577, 237.6821, 0.0042073
1578, 244.4032, 0.0040916
1579, 253.2672, 0.0039484
1580, 251.959, 0.0039689
1581, 235.5158, 0.004246
1582, 251.3636, 0.0039783
1583, 255.5061, 0.0039138
1584, 260.3082, 0.0038416
1585, 251.4648, 0.0039767
1586, 247.3411, 0.004043
1587, 252.4105, 0.0039618
1588, 259.4909, 0.0038537
1589, 240.0961, 0.004165
1590, 240.0672, 0.0041655
1591, 246.7491, 0.0040527
1592, 242.0663, 0.0041311
1593, 246.9197, 0.0040499
1594, 244.1645, 0.0040956
1595, 253.3056, 0.0039478
1596, 233.3777, 0.0042849
1597, 257.712, 0.0038803
1598, 252.8893, 0.0039543
1599, 250.2628, 0.0039958
1600, 224.482, 0.0044547
1601, 245.1761, 0.0040787
1602, 229.4894, 0.0043575
1603, 249.5508, 0.0040072
1604, 227.1334, 0.0044027
1605, 247.2066, 0.0040452
1606, 239.952, 0.0041675
1607, 239.4636, 0.004176
1608, 251.0292, 0.0039836
1609, 260.7834, 0.0038346
1610, 239.7851, 0.0041704
1611, 223.6536, 0.0044712
1612, 252.3723, 0.0039624
1613, 254.7706, 0.0039251
1614, 238.6407, 0.0041904
1615, 237.6595, 0.0042077
1616, 242.3244, 0.0041267
1617, 258.8595, 0.0038631
1618, 248.0159, 0.004032
1619, 232.342, 0.004304
1620, 239, 0.0041841
1621, 250.5198, 0.0039917
1622, 245.032, 0.0040811
1623, 238.4757, 0.0041933
1624, 251.37, 0.0039782
1625, 246.6882, 0.0040537
1626, 235.9993, 0.0042373
1627, 249.5072, 0.0040079
1628, 247.7333, 0.0040366
1629, 248.3546, 0.0040265
1630, 232.5581, 0.0043
1631, 244.0274, 0.0040979
1632, 258.7121, 0.0038653
1633, 267.2011, 0.0037425
1634, 233.8416, 0.0042764
1635, 232.1694, 0.0043072
1636, 246.3904, 0.0040586
1637, 236.4457, 0.0042293
1638, 238.8174, 0.0041873
1639, 235.0453, 0.0042545
1640, 247.629, 0.0040383
1641, 236.5632, 0.0042272
1642, 265.6254, 0.0037647
1643, 237.7443, 0.0042062
1644, 246.7673, 0.0040524
1645, 237.1804, 0.0042162
1646, 254.5242, 0.0039289
1647, 252.1178, 0.0039664
1648, 255.3496, 0.0039162
1649, 252.5571, 0.0039595
1650, 239.08, 0.0041827
1651, 239.0915, 0.0041825
1652, 253.7234, 0.0039413
1653, 243.0843, 0.0041138
1654, 252.4679, 0.0039609
1655, 242.9661, 0.0041158
1656, 249.8189, 0.0040029
1657, 251.0355, 0.0039835
1658, 255.8068, 0.0039092
1659, 251.8384, 0.0039708
1660, 234.4996, 0.0042644
1661, 256.4958, 0.0038987
1662, 259.4505, 0.0038543
1663, 228.2271, 0.0043816
1664, 231.3316, 0.0043228
1665, 239.7162, 0.0041716
1666, 256.634, 0.0038966
1667, 255.6826, 0.0039111
1668, 228.1438, 0.0043832
1669, 253.5433, 0.0039441
1670, 242.9661, 0.0041158
1671, 248.4472, 0.004025
1672, 240.3326, 0.0041609
1673, 247.4635, 0.004041
1674, 246.2448, 0.004061
1675, 263.6158, 0.0037934
1676, 238.692, 0.0041895
1677, 253.171, 0.0039499
1678, 255.7806, 0.0039096
1679, 220.6191, 0.0045327
1680, 225.6165, 0.0044323
1681, 230.2185, 0.0043437
1682, 236.5408, 0.0042276
1683, 226.3826, 0.0044173
1684, 236.8321, 0.0042224
1685, 240.6333, 0.0041557
1686, 257.2612, 0.0038871
1687, 249.7253, 0.0040044
1688, 247.1516, 0.0040461
1689, 241.2487, 0.0041451
1690, 252.7359, 0.0039567
1691, 253.2672, 0.0039484
1692, 225.063, 0.0044432
1693, 250.9977, 0.0039841
1694, 231.0323, 0.0043284
1695, 242.389, 0.0041256
1696, 256.0951, 0.0039048
1697, 253.1325, 0.0039505
1698, 243.837, 0.0041011
1699, 244.1585, 0.0040957
1700, 241.996, 0.0041323
1701, 245.447, 0.0040742
1702, 244.93, 0.0040828
1703, 238.4188, 0.0041943
1704, 238.6578, 0.0041901
1705, 249.3579, 0.0040103
1706, 254.907, 0.003923
1707, 253.8715, 0.003939
1708, 247.9728, 0.0040327
1709, 239.6128, 0.0041734
1710, 250.1689, 0.0039973
1711, 240.1364, 0.0041643
1712, 231.7175, 0.0043156
1713, 240.246, 0.0041624
1714, 257.2744, 0.0038869
1715, 262.7983, 0.0038052
1716, 219.4378, 0.0045571
1717, 252.1432, 0.003966
1718, 248.4287, 0.0040253
1719, 252.9916, 0.0039527
1720, 221.0971, 0.0045229
1721, 192.5113, 0.0051945
1722, 242.1366, 0.0041299
1723, 233.5575, 0.0042816
1724, 220.8286, 0.0045284
1725, 245.6882, 0.0040702
1726, 252.2132, 0.0039649
1727, 237.2592, 0.0042148
1728, 229.2526, 0.004362
1729, 242.4889, 0.0041239
1730, 253.8071, 0.00394
1731, 243.9977, 0.0040984
1732, 227.9462, 0.004387
1733, 258.7255, 0.0038651
1734, 256.6603, 0.0038962
1735, 240.5581, 0.004157
1736, 229.2264, 0.0043625
1737, 248.4349, 0.0040252
1738, 254.2653, 0.0039329
1739, 223.0948, 0.0044824
1740, 213.698, 0.0046795
1741, 241.2196, 0.0041456
1742, 242.1894, 0.004129
1743, 256.555, 0.0038978
1744, 245.8815, 0.004067
1745, 253.0813, 0.0039513
1746, 235.8213, 0.0042405
1747, 242.078, 0.0041309
1748, 241.4701, 0.0041413
1749, 241.1905, 0.0041461
1750, 229.79, 0.0043518
1751, 255.4931, 0.003914
1752, 221.6951, 0.0045107
1753, 252.1941, 0.0039652
1754, 248.2067, 0.0040289
1755, 259.8482, 0.0038484
1756, 241.2196, 0.0041456
1757, 234.3183, 0.0042677
1758, 237.9763, 0.0042021
1759, 259.1815, 0.0038583
1760, 226.0296, 0.0044242
1761, 212.2782, 0.0047108
1762, 74.96814, 0.013339
1763, 16.35647, 0.0611379
1764, 145.3446, 0.0068802
1765, 182.3819, 0.005483
1766, 182.1693, 0.0054894
1767, 186.6612, 0.0053573
1768, 156.7816, 0.0063783
1769, 180.9857, 0.0055253
1770, 177.9581, 0.0056193
1771, 173.7499, 0.0057554
1772, 179.4044, 0.005574
1773, 182.5684, 0.0054774
1774, 210.1988, 0.0047574
1775, 194.5033, 0.0051413
1776, 199.0565, 0.0050237
1777, 171.1596, 0.0058425
1778, 169.2276, 0.0059092
1779, 204.6161, 0.0048872
1780, 181.4619, 0.0055108
1781, 90.68978, 0.0110266
1782, 143.3116, 0.0069778
1783, 82.88919, 0.0120643
1784, 72.08298, 0.0138729
1785, 61.72954, 0.0161997
1786, 110.0171, 0.0090895
1787, 196.7884, 0.0050816
1788, 177.3458, 0.0056387
1789, 201.2477, 0.004969
1790, 200.1762, 0.0049956
1791, 178.3899, 0.0056057
1792, 205.969, 0.0048551
1793, 189.7929, 0.0052689
1794, 186.853, 0.0053518
1795, 209.0563, 0.0047834
1796, 238.8402, 0.0041869
1797, 222.6725, 0.0044909
1798, 182.8521, 0.0054689
1799, 201.0939, 0.0049728
1800, 207.8699, 0.0048107
1801, 205.5118, 0.0048659
1802, 229.9591, 0.0043486
1803, 235.5047, 0.0042462
1804, 227.9618, 0.0043867
1805, 218.804, 0.0045703
1806, 233.5139, 0.0042824
1807, 188.4375, 0.0053068
1808, 180.5445, 0.0055388
1809, 219.6209, 0.0045533
1810, 197.6753, 0.0050588
1811, 181.4948, 0.0055098
1812, 221.4447, 0.0045158
1813, 213.6068, 0.0046815
1814, 243.8549, 0.0041008
1815, 217.8887, 0.0045895
1816, 178.3262, 0.0056077
1817, 198.7795, 0.0050307
1818, 171.9336, 0.0058162
1819, 204.545, 0.0048889
1820, 234.6702, 0.0042613
1821, 220.9505, 0.0045259
1822, 225.2658, 0.0044392
1823, 228.7858, 0.0043709
1824, 176.5568, 0.0056639
1825, 211.113, 0.0047368
1826, 176.2549, 0.0056736
1827, 184.0841, 0.0054323
1828, 206.7226, 0.0048374
1829, 213.5201, 0.0046834
1830, 204.7209, 0.0048847
1831, 244.996, 0.0040817
1832, 185.9842, 0.0053768
1833, 202.0569, 0.0049491
1834, 213.3106, 0.004688
1835, 179.2372, 0.0055792
1836, 201.6536, 0.004959
1837, 214.8782, 0.0046538
1838, 205.7274, 0.0048608
1839, 225.139, 0.0044417
1840, 182.4451, 0.0054811
1841, 182.8588, 0.0054687
1842, 179.5461, 0.0055696
1843, 208.5245, 0.0047956
1844, 202.9921, 0.0049263
1845, 193.7834, 0.0051604
1846, 176.047, 0.0056803
1847, 193.2815, 0.0051738
1848, 197.9492, 0.0050518
1849, 189.0788, 0.0052888
1850, 219.8479, 0.0045486
1851, 182.7953, 0.0054706
1852, 228.123, 0.0043836
1853, 234.8465, 0.0042581
1854, 194.0994, 0.005152
1855, 225.5046, 0.0044345
1856, 185.3568, 0.005395
1857, 183.783, 0.0054412
1858, 228.7858, 0.0043709
1859, 235.4326, 0.0042475
1860, 193.9488, 0.005156
1861, 235.8268, 0.0042404
1862, 238.3109, 0.0041962
1863, 232.3474, 0.0043039
1864, 216.7411, 0.0046138
1865, 205.8333, 0.0048583
1866, 205.2756, 0.0048715
1867, 191.1425, 0.0052317
1868, 176.7284, 0.0056584
1869, 218.627, 0.004574
1870, 230.6805, 0.004335
1871, 187.8993, 0.005322
1872, 213.8626, 0.0046759
1873, 177.0883, 0.0056469
1874, 197.5075, 0.0050631
1875, 227.0148, 0.004405
1876, 190.4508, 0.0052507
1877, 234.3073, 0.0042679
1878, 246.603, 0.0040551
1879, 244.894, 0.0040834
1880, 213.3515, 0.0046871
1881, 177.9106, 0.0056208
1882, 211.5686, 0.0047266
1883, 168.3558, 0.0059398
1884, 221.4202, 0.0045163
1885, 231.9917, 0.0043105
1886, 211.8869, 0.0047195
1887, 215.0353, 0.0046504
1888, 243.5105, 0.0041066
1889, 179.3851, 0.0055746
1890, 198.1414, 0.0050469
1891, 226.316, 0.0044186
1892, 230.5901, 0.0043367
1893, 225.1644, 0.0044412
1894, 221.9756, 0.004505
1895, 216.1087, 0.0046273
1896, 217.1317, 0.0046055
1897, 225.3521, 0.0044375
1898, 165.4917, 0.0060426
1899, 236.6192, 0.0042262
1900, 234.4666, 0.004265
1901, 216.8821, 0.0046108
1902, 222.2568, 0.0044993
1903, 223.4487, 0.0044753
1904, 223.4837, 0.0044746
1905, 220.0704, 0.004544
1906, 168.8448, 0.0059226
1907, 207.4646, 0.0048201
1908, 226.5262, 0.0044145
1909, 218.3168, 0.0045805
1910, 215.0353, 0.0046504
1911, 197.7653, 0.0050565
1912, 237.8743, 0.0042039
1913, 183.702, 0.0054436
1914, 194.7913, 0.0051337
1915, 213.2787, 0.0046887
1916, 213.762, 0.0046781
1917, 232.369, 0.0043035
1918, 228.149, 0.0043831
1919, 214.1878, 0.0046688
1920, 228.655, 0.0043734
1921, 224.8555, 0.0044473
1922, 173.7559, 0.0057552
1923, 40.76774, 0.0245292
1924, 74.24731, 0.0134685
1925, 70.66039, 0.0141522
1926, 73.11278, 0.0136775
1927, 73.08926, 0.0136819
1928, 71.74682, 0.0139379
1929, 71.24994, 0.0140351
1930, 72.54999, 0.0137836
1931, 71.64248, 0.0139582
1932, 70.54127, 0.0141761
1933, 73.85416, 0.0135402
1934, 71.86541, 0.0139149
1935, 71.84269, 0.0139193
1936, 72.50002, 0.0137931
1937, 73.21931, 0.0136576
1938, 70.62446, 0.0141594
1939, 71.61785, 0.013963
1940, 73.49699, 0.013606
1941, 71.95901, 0.0138968
1942, 71.01365, 0.0140818
1943, 71.82102, 0.0139235
1944, 71.79214, 0.0139291
1945, 73.52617, 0.0136006
1946, 71.82205, 0.0139233
1947, 70.93356, 0.0140977
1948, 71.39594, 0.0140064
1949, 72.5463, 0.0137843
1950, 70.07806, 0.0142698
1951, 74.11415, 0.0134927
1952, 73.32722, 0.0136375
1953, 71.74734, 0.0139378
1954, 71.9616, 0.0138963
1955, 69.03598, 0.0144852
1956, 74.47181, 0.0134279
1957, 73.05402, 0.0136885
1958, 49.041, 0.0203911
1959, 81.06618, 0.0123356
1960, 14.0369, 0.0712408
1961, 70.28691, 0.0142274
1962, 73.31593, 0.0136396
1963, 70.00889, 0.0142839
1964, 71.42908, 0.0139999
1965, 67.71535, 0.0147677
1966, 69.242, 0.0144421
1967, 69.37988, 0.0144134
1968, 70.62945, 0.0141584
1969, 70.51093, 0.0141822
1970, 72.04352, 0.0138805
1971, 70.82002, 0.0141203
1972, 70.53828, 0.0141767
1973, 69.46567, 0.0143956
1974, 73.40311, 0.0136234
1975, 72.12769, 0.0138643
1976, 70.79245, 0.0141258
1977, 71.27533, 0.0140301
1978, 70.22521, 0.0142399
1979, 73.22359, 0.0136568
1980, 70.19958, 0.0142451
1981, 71.11111, 0.0140625
1982, 72.61268, 0.0137717
1983, 72.5363, 0.0137862
1984, 71.74528, 0.0139382
1985, 69.45168, 0.0143985
1986, 74.08176, 0.0134986
1987, 71.88763, 0.0139106
1988, 71.71955, 0.0139432
1989, 68.98074, 0.0144968
1990, 72.57104, 0.0137796
1991, 73.20644, 0.01366
1992, 71.60861, 0.0139648
1993, 72.7442, 0.0137468
1994, 69.2281, 0.014445
1995, 73.53535, 0.0135989
1996, 71.02626, 0.0140793
1997, 72.96873, 0.0137045
1998, 70.80247, 0.0141238
1999, 72.36623, 0.0138186
2000, 71.18096, 0.0140487
2001, 70.612, 0.0141619
2002, 72.50896, 0.0137914
2003, 71.94504, 0.0138995
2004, 68.97741, 0.0144975
2005, 75.12584, 0.013311
2006, 71.71543, 0.013944
2007, 72.2606, 0.0138388
2008, 71.82721, 0.0139223
2009, 69.13812, 0.0144638
2010, 73.29282, 0.0136439
2011, 73.8929, 0.0135331
2012, 71.37453, 0.0140106
2013, 72.11261, 0.0138672
2014, 71.47758, 0.0139904
2015, 70.81, 0.0141223
2016, 72.02068, 0.0138849
2017, 71.71955, 0.0139432
2018, 72.2606, 0.0138388
2019, 71.63426, 0.0139598
2020, 71.4592, 0.013994
2021, 71.14653, 0.0140555
2022, 72.54209, 0.0137851
2023, 71.74991, 0.0139373
2024, 71.22203, 0.0140406
2025, 71.94452, 0.0138996
2026, 70.97786, 0.0140889
2027, 72.32018, 0.0138274
2028, 72.17715, 0.0138548
2029, 71.83083, 0.0139216
2030, 71.46635, 0.0139926
2031, 71.26263, 0.0140326
2032, 72.43962, 0.0138046
2033, 71.38268, 0.014009
2034, 71.98906, 0.013891
2035, 71.11414, 0.0140619
2036, 72.96128, 0.0137059
2037, 70.76239, 0.0141318
2038, 72.64486, 0.0137656
2039, 71.0202, 0.0140805
2040, 72.55946, 0.0137818
2041, 72.07571, 0.0138743
2042, 71.48372, 0.0139892
2043, 72.20529, 0.0138494
2044, 71.3221, 0.0140209
2045, 71.6702, 0.0139528
2046, 72.19226, 0.0138519
2047, 71.45306, 0.0139952
2048, 71.57018, 0.0139723
2049, 72.55209, 0.0137832
2050, 70.21486, 0.014242
2051, 72.66228, 0.0137623
2052, 72.38666, 0.0138147
2053, 71.92278, 0.0139038
2054, 71.33228, 0.0140189
2055, 71.93882, 0.0139007
2056, 71.73962, 0.0139393
2057, 70.1341, 0.0142584
2058, 73.44085, 0.0136164
2059, 71.18907, 0.0140471
2060, 71.79472, 0.0139286
2061, 72.63166, 0.0137681
2062, 70.90489, 0.0141034
2063, 72.1907, 0.0138522
2064, 71.35009, 0.0140154
2065, 71.66558, 0.0139537
2066, 72.46377, 0.0138
2067, 70.45528, 0.0141934
2068, 72.87514, 0.0137221
2069, 71.70567, 0.0139459
2070, 72.21468, 0.0138476
2071, 70.26864, 0.0142311
2072, 73.34712, 0.0136338
2073, 71.76742, 0.0139339
2074, 71.4781, 0.0139903
2075, 70.52435, 0.0141795
2076, 73.59489, 0.0135879
2077, 71.43571, 0.0139986
2078, 72.31181, 0.013829
2079, 71.59888, 0.0139667
2080, 71.44797, 0.0139962
2081, 71.69024, 0.0139489
2082, 71.76124, 0.0139351
2083, 70.60801, 0.0141627
2084, 73.37833, 0.013628
2085, 71.95021, 0.0138985
2086, 71.88142, 0.0139118
2087, 71.30735, 0.0140238
2088, 71.61324, 0.0139639
2089, 70.98643, 0.0140872
2090, 73.00016, 0.0136986
2091, 72.2559, 0.0138397
2092, 70.90489, 0.0141034
2093, 71.7, 0.013947
2094, 72.69238, 0.0137566
2095, 69.44107, 0.0144007
2096, 73.74741, 0.0135598
2097, 70.68536, 0.0141472
2098, 73.67351, 0.0135734
2099, 71.3674, 0.014012
2100, 71.89951, 0.0139083
2101, 71.48321, 0.0139893
2102, 72.24181, 0.0138424
2103, 71.93934, 0.0139006
2104, 71.50467, 0.0139851
2105, 71.97196, 0.0138943
2106, 71.36587, 0.0140123
2107, 71.74837, 0.0139376
2108, 71.99165, 0.0138905
2109, 72.51789, 0.0137897
2110, 71.64248, 0.0139582
2111, 71.46073, 0.0139937
2112, 71.68099, 0.0139507
2113, 71.54356, 0.0139775
2114, 71.84269, 0.0139193
2115, 72.24598, 0.0138416
2116, 71.1916, 0.0140466
2117, 71.60093, 0.0139663
2118, 71.87212, 0.0139136
2119, 71.38472, 0.0140086
2120, 72.02328, 0.0138844
2121, 72.33953, 0.0138237
2122, 71.72778, 0.0139416
2123, 71.62708, 0.0139612
2124, 71.48525, 0.0139889
2125, 71.99113, 0.0138906
2126, 72.03106, 0.0138829
2127, 71.48576, 0.0139888
2128, 70.40816, 0.0142029
2129, 73.99022, 0.0135153
2130, 71.65326, 0.0139561
2131, 71.78287, 0.0139309
2132, 71.5497, 0.0139763
2133, 71.62503, 0.0139616
2134, 71.73705, 0.0139398
2135, 72.06844, 0.0138757
2136, 70.61948, 0.0141604
2137, 71.15462, 0.0140539
2138, 73.41389, 0.0136214
2139, 72.22824, 0.013845
2140, 71.06109, 0.0140724
2141, 72.38404, 0.0138152
2142, 71.39236, 0.0140071
2143, 72.01134, 0.0138867
2144, 71.72881, 0.0139414
2145, 71.46175, 0.0139935
2146, 72.14643, 0.0138607
2147, 72.05182, 0.0138789
2148, 71.0419, 0.0140762
2149, 72.45326, 0.013802
2150, 72.10897, 0.0138679
2151, 71.68407, 0.0139501
2152, 70.64491, 0.0141553
2153, 72.39871, 0.0138124
2154, 71.5016, 0.0139857
2155, 71.77824, 0.0139318
2156, 72.1506, 0.0138599
2157, 71.28752, 0.0140277
2158, 71.47298, 0.0139913
2159, 72.53946, 0.0137856
2160, 70.57312, 0.0141697
2161, 73.7523, 0.0135589
2162, 71.50314, 0.0139854
2163, 71.83443, 0.0139209
2164, 71.32871, 0.0140196
2165, 71.77721, 0.013932
2166, 71.59375, 0.0139677
2167, 72.07727, 0.013874
2168, 72.71934, 0.0137515
2169, 71.184, 0.0140481
2170, 71.67482, 0.0139519
2171, 71.90262, 0.0139077
2172, 71.80091, 0.0139274
2173, 71.91502, 0.0139053
2174, 71.99839, 0.0138892
2175, 71.83443, 0.0139209
2176, 71.70103, 0.0139468
2177, 71.42296, 0.0140011
2178, 71.09847, 0.014065
2179, 73.26813, 0.0136485
2180, 71.0823, 0.0140682
2181, 72.51685, 0.0137899
2182, 71.79988, 0.0139276
2183, 71.6887, 0.0139492
2184, 71.1683, 0.0140512
2185, 72.07051, 0.0138753
2186, 71.8525, 0.0139174
2187, 72.186, 0.0138531
2188, 71.00105, 0.0140843
2189, 72.71406, 0.0137525
2190, 71.67945, 0.013951
2191, 71.08482, 0.0140677
2192, 71.57838, 0.0139707
2193, 72.74208, 0.0137472
2194, 71.86386, 0.0139152
2195, 71.48219, 0.0139895
2196, 71.86954, 0.0139141
2197, 70.34476, 0.0142157
2198, 71.64915, 0.0139569
2199, 73.97325, 0.0135184
2200, 71.66969, 0.0139529
2201, 71.92796, 0.0139028
2202, 71.41276, 0.0140031
2203, 72.29142, 0.0138329
2204, 71.03988, 0.0140766
2205, 72.68762, 0.0137575
2206, 71.90468, 0.0139073
2207, 71.12022, 0.0140607
2208, 72.30449, 0.0138304
2209, 72.09961, 0.0138697
2210, 70.25679, 0.0142335
2211, 73.73924, 0.0135613
2212, 71.19312, 0.0140463
2213, 72.21259, 0.013848
2214, 70.74938, 0.0141344
2215, 72.77967, 0.0137401
2216, 70.7654, 0.0141312
2217, 73.03748, 0.0136916
2218, 71.14754, 0.0140553
2219, 72.94957, 0.0137081
2220, 71.44541, 0.0139967
2221, 71.73138, 0.0139409
2222, 71.1187, 0.014061
2223, 72.55367, 0.0137829
2224, 71.43163, 0.0139994
2225, 72.12302, 0.0138652
2226, 70.4275, 0.014199
2227, 71.54713, 0.0139768
2228, 70.36604, 0.0142114
2229, 74.21646, 0.0134741
2230, 71.26212, 0.0140327
2231, 72.21364, 0.0138478
2232, 72.48163, 0.0137966
2233, 72.04871, 0.0138795
2234, 71.0424, 0.0140761
2235, 73.1652, 0.0136677
2236, 72.67812, 0.0137593
2237, 71.74425, 0.0139384
2238, 69.2008, 0.0144507
2239, 66.03232, 0.0151441
2240, 71.94504, 0.0138995
2241, 156.0622, 0.0064077
2242, 222.0298, 0.0045039
2243, 196.4598, 0.0050901
2244, 148.7055, 0.0067247
2245, 229.6844, 0.0043538
2246, 170.0333, 0.0058812
2247, 205.6175, 0.0048634
2248, 206.3047, 0.0048472
2249, 171.1362, 0.0058433
2250, 204.0775, 0.0049001
2251, 184.8497, 0.0054098
2252, 162.681, 0.006147
2253, 147.7978, 0.006766
2254, 218.4312, 0.0045781
2255, 192.7339, 0.0051885
2256, 232.1586, 0.0043074
2257, 231.6155, 0.0043175
2258, 225.21, 0.0044403
2259, 225.0782, 0.0044429
2260, 237.1691, 0.0042164
2261, 249.4263, 0.0040092
2262, 228.4983, 0.0043764
2263, 212.7252, 0.0047009
2264, 196.2824, 0.0050947
2265, 235.2997, 0.0042499
2266, 248.5893, 0.0040227
2267, 238.2654, 0.004197
2268, 218.212, 0.0045827
2269, 232.8777, 0.0042941
2270, 231.0269, 0.0043285
2271, 219.8865, 0.0045478
2272, 222.4397, 0.0044956
2273, 235.5546, 0.0042453
2274, 227.9462, 0.004387
2275, 235.6934, 0.0042428
2276, 222.3556, 0.0044973
2277, 237.3887, 0.0042125
2278, 233.6067, 0.0042807
2279, 238.863, 0.0041865
2280, 251.7243, 0.0039726
2281, 254.317, 0.0039321
2282, 237.4338, 0.0042117
2283, 236.5576, 0.0042273
2284, 246.36, 0.0040591
2285, 253.9618, 0.0039376
2286, 230.8136, 0.0043325
2287, 227.5934, 0.0043938
2288, 250.7208, 0.0039885
2289, 248.9234, 0.0040173
2290, 244.4749, 0.0040904
2291, 218.1263, 0.0045845
2292, 238.903, 0.0041858
2293, 253.8715, 0.003939
2294, 224.1549, 0.0044612
2295, 246.3661, 0.004059
2296, 242.6301, 0.0041215
2297, 256.1804, 0.0039035
2298, 216.7693, 0.0046132
2299, 249.8688, 0.0040021
2300, 257.9314, 0.003877
2301, 237.6143, 0.0042085
2302, 223.5636, 0.004473
2303, 256.2788, 0.003902
2304, 243.8132, 0.0041015
2305, 248.1636, 0.0040296
2306, 230.8562, 0.0043317
2307, 251.3953, 0.0039778
2308, 251.8384, 0.0039708
2309, 237.5579, 0.0042095
2310, 245.7727, 0.0040688
2311, 245.5434, 0.0040726
2312, 246.166, 0.0040623
2313, 240.2229, 0.0041628
2314, 252.538, 0.0039598
2315, 241.0103, 0.0041492
2316, 236.6248, 0.0042261
2317, 247.9113, 0.0040337
2318, 33.47762, 0.0298707
2319, 230.6752, 0.0043351
2320, 249.501, 0.004008
2321, 234.9514, 0.0042562
2322, 220.7798, 0.0045294
2323, 245.1882, 0.0040785
2324, 230.4997, 0.0043384
2325, 243.309, 0.00411
2326, 254.9005, 0.0039231
2327, 249.9375, 0.004001
2328, 255.833, 0.0039088
2329, 219.6257, 0.0045532
2330, 227.9774, 0.0043864
2331, 257.3936, 0.0038851
2332, 219.9542, 0.0045464
2333, 224.0695, 0.0044629
2334, 239.0629, 0.004183
2335, 250.3568, 0.0039943
2336, 241.3535, 0.0041433
2337, 250.1188, 0.0039981
2338, 239.9693, 0.0041672
2339, 246.2811, 0.0040604
2340, 214.0915, 0.0046709
2341, 237.1017, 0.0042176
2342, 253.9618, 0.0039376
2343, 233.0948, 0.0042901
2344, 242.0311, 0.0041317
2345, 250.7837, 0.0039875
2346, 254.2588, 0.003933
2347, 229.7794, 0.004352
2348, 237.8121, 0.004205
2349, 249.6318, 0.0040059
2350, 250.2127, 0.0039966
2351, 207.5335, 0.0048185
2352, 194.8178, 0.005133
2353, 199.6486, 0.0050088
2354, 214.7582, 0.0046564
2355, 237.2592, 0.0042148
2356, 208.9427, 0.004786
2357, 200.5696, 0.0049858
2358, 216.7505, 0.0046136
2359, 221.8229, 0.0045081
2360, 228.8068, 0.0043705
2361, 232.1748, 0.0043071
2362, 205.6725, 0.0048621
2363, 230.0014, 0.0043478
2364, 222.2321, 0.0044998
2365, 218.2787, 0.0045813
2366, 217.3488, 0.0046009
2367, 202.6712, 0.0049341
2368, 226.2546, 0.0044198
2369, 221.2047, 0.0045207
2370, 171.5207, 0.0058302
2371, 217.3393, 0.0046011
2372, 209.3934, 0.0047757
2373, 195.1181, 0.0051251
2374, 205.1661, 0.0048741
2375, 224.0695, 0.0044629
2376, 219.3415, 0.0045591
2377, 201.1101, 0.0049724
2378, 202.811, 0.0049307
2379, 221.2389, 0.00452
2380, 181.977, 0.0054952
2381, 202.7041, 0.0049333
2382, 193.8999, 0.0051573
2383, 193.2143, 0.0051756
2384, 198.0904, 0.0050482
2385, 232.9156, 0.0042934
2386, 206.3558, 0.004846
2387, 214.1649, 0.0046693
2388, 224.1801, 0.0044607
2389, 212.1701, 0.0047132
2390, 237.2198, 0.0042155
2391, 204.3903, 0.0048926
2392, 218.895, 0.0045684
2393, 170.0362, 0.0058811
2394, 201.2882, 0.004968
2395, 198.4757, 0.0050384
2396, 229.0741, 0.0043654
2397, 220.4683, 0.0045358
2398, 216.0434, 0.0046287
2399, 210.3492, 0.004754
2400, 230.3988, 0.0043403
2401, 205.1492, 0.0048745
2402, 212.6981, 0.0047015
2403, 210.6682, 0.0047468
2404, 219.3897, 0.0045581
2405, 190.4762, 0.00525
2406, 188.8574, 0.005295
2407, 192.415, 0.0051971
2408, 173.4094, 0.0057667
2409, 195.0535, 0.0051268
2410, 180.7207, 0.0055334
2411, 178.8781, 0.0055904
2412, 196.2747, 0.0050949
2413, 198.2986, 0.0050429
2414, 185.9116, 0.0053789
2415, 211.6537, 0.0047247
2416, 228.812, 0.0043704
2417, 219.2117, 0.0045618
2418, 211.3316, 0.0047319
2419, 205.5541, 0.0048649
2420, 224.16, 0.0044611
2421, 210.1812, 0.0047578
2422, 217.8222, 0.0045909
2423, 219.1349, 0.0045634
2424, 211.6716, 0.0047243
2425, 211.1219, 0.0047366
2426, 226.557, 0.0044139
2427, 214.1786, 0.004669
2428, 224.3712, 0.0044569
2429, 218.4312, 0.0045781
2430, 215.1648, 0.0046476
2431, 220.658, 0.0045319
2432, 202.204, 0.0049455
2433, 219.3127, 0.0045597
2434, 211.9138, 0.0047189
2435, 232.2287, 0.0043061
2436, 213.5247, 0.0046833
2437, 203.4133, 0.0049161
2438, 215.2482, 0.0046458
2439, 175.917, 0.0056845
2440, 199.9041, 0.0050024
2441, 120.9131, 0.0082704
2442, 220.5461, 0.0045342
2443, 239.9981, 0.0041667
2444, 244.5945, 0.0040884
2445, 252.787, 0.0039559
2446, 236.6528, 0.0042256
2447, 250.2189, 0.0039965
2448, 248.8553, 0.0040184
2449, 249.2088, 0.0040127
2450, 229.6317, 0.0043548
2451, 248.3978, 0.0040258
2452, 250.2064, 0.0039967
2453, 252.4042, 0.0039619
2454, 221.2389, 0.00452
2455, 244.6304, 0.0040878
2456, 247.5247, 0.00404
2457, 236.5688, 0.0042271
2458, 227.9878, 0.0043862
2459, 247.2677, 0.0040442
2460, 259.5919, 0.0038522
2461, 238.1519, 0.004199
2462, 235.5602, 0.0042452
2463, 237.4113, 0.0042121
2464, 250.0875, 0.0039986
2465, 222.1581, 0.0045013
2466, 239.4751, 0.0041758
2467, 242.7656, 0.0041192
2468, 235.6157, 0.0042442
2469, 248.2067, 0.0040289
2470, 243.9322, 0.0040995
2471, 252.245, 0.0039644
2472, 242.9366, 0.0041163
2473, 235.2332, 0.0042511
2474, 237.4282, 0.0042118
2475, 249.2957, 0.0040113
2476, 250.9914, 0.0039842
2477, 246.8283, 0.0040514
2478, 229.6053, 0.0043553
2479, 231.2834, 0.0043237
2480, 246.4268, 0.004058
2481, 251.661, 0.0039736
2482, 246.3722, 0.0040589
2483, 242.7951, 0.0041187
2484, 243.1552, 0.0041126
2485, 255.7087, 0.0039107
2486, 247.6106, 0.0040386
2487, 243.0606, 0.0041142
2488, 219.1541, 0.004563
2489, 258.0579, 0.0038751
2490, 232.4987, 0.0043011
2491, 243.4808, 0.0041071
2492, 217.5095, 0.0045975
2493, 253.2543, 0.0039486
2494, 250.9851, 0.0039843
2495, 253.9038, 0.0039385
2496, 241.7678, 0.0041362
2497, 246.8892, 0.0040504
2498, 243.6588, 0.0041041
2499, 235.8713, 0.0042396
2500, 237.9819, 0.004202
2501, 234.819, 0.0042586
2502, 209.7975, 0.0047665
2503, 215.026, 0.0046506
2504, 241.3535, 0.0041433
2505, 249.4761, 0.0040084
2506, 237.4958, 0.0042106
2507, 234.5106, 0.0042642
2508, 251.978, 0.0039686
2509, 261.52, 0.0038238
2510, 237.9932, 0.0042018
2511, 237.2704, 0.0042146
2512, 245.9238, 0.0040663
2513, 261.2603, 0.0038276
2514, 222.6973, 0.0044904
2515, 250.6391, 0.0039898
2516, 235.799, 0.0042409
2517, 247.7578, 0.0040362
2518, 233.7978, 0.0042772
2519, 249.1156, 0.0040142
2520, 243.6528, 0.0041042
2521, 245.6037, 0.0040716
2522, 238.1916, 0.0041983
2523, 239.9462, 0.0041676
2524, 251.8257, 0.003971
2525, 251.1805, 0.0039812
2526, 230.0649, 0.0043466
2527, 234.6371, 0.0042619
2528, 251.4585, 0.0039768
2529, 234.066, 0.0042723
2530, 232.2179, 0.0043063
2531, 240.0038, 0.0041666
2532, 248.0466, 0.0040315
2533, 254.4918, 0.0039294
2534, 246.069, 0.0040639
2535, 247.9113, 0.0040337
2536, 230.0808, 0.0043463
2537, 251.6103, 0.0039744
2538, 254.4982, 0.0039293
2539, 245.8875, 0.0040669
2540, 223.7737, 0.0044688
2541, 240.5523, 0.0041571
2542, 253.8007, 0.0039401
2543, 240.6507, 0.0041554
2544, 236.429, 0.0042296
2545, 243.8608, 0.0041007
2546, 246.3054, 0.00406
2547, 211.6312, 0.0047252
2548, 226.2802, 0.0044193
2549, 249.501, 0.004008
2550, 232.8126, 0.0042953
2551, 237.6482, 0.0042079
2552, 250.4634, 0.0039926
2553, 253.1453, 0.0039503
2554, 249.6879, 0.004005
2555, 220.5218, 0.0045347
2556, 249.9188, 0.0040013
2557, 255.3039, 0.0039169
2558, 253.994, 0.0039371
2559, 231.5941, 0.0043179
2560, 236.7648, 0.0042236
2561, 256.6142, 0.0038969
2562, 243.4156, 0.0041082
2563, 233.9729, 0.004274
2564, 237.8178, 0.0042049
2565, 245.8271, 0.0040679
2566, 250.2941, 0.0039953
2567, 232.2611, 0.0043055
2568, 241.1207, 0.0041473
2569, 246.5909, 0.0040553
2570, 246.5848, 0.0040554
2571, 226.3878, 0.0044172
2572, 248.509, 0.004024
2573, 255.8788, 0.0039081
2574, 230.8403, 0.004332
2575, 245.1702, 0.0040788
2576, 250.5136, 0.0039918
2577, 257.6125, 0.0038818
2578, 238.749, 0.0041885
2579, 237.1185, 0.0042173
2580, 238.1293, 0.0041994
2581, 248.9606, 0.0040167
2582, 251.7813, 0.0039717
2583, 242.1835, 0.0041291
2584, 235.2056, 0.0042516
2585, 243.5223, 0.0041064
2586, 235.7545, 0.0042417
2587, 244.81, 0.0040848
2588, 236.6304, 0.004226
2589, 224.5324, 0.0044537
2590, 234.2414, 0.0042691
2591, 246.877, 0.0040506
2592, 234.0769, 0.0042721
2593, 251.8448, 0.0039707
2594, 227.3399, 0.0043987
2595, 238.186, 0.0041984
2596, 241.0277, 0.0041489
2597, 244.7561, 0.0040857
2598, 234.3842, 0.0042665
2599, 240.0903, 0.0041651
2600, 232.1425, 0.0043077
2601, 226.9993, 0.0044053
2602, 256.5287, 0.0038982
2603, 222.3705, 0.004497
2604, 239.3146, 0.0041786
2605, 260.4438, 0.0038396
2606, 255.011, 0.0039214
2607, 225.5198, 0.0044342
2608, 235.9993, 0.0042373
2609, 240.6681, 0.0041551
2610, 247.2982, 0.0040437
2611, 217.9789, 0.0045876
2612, 242.8245, 0.0041182
2613, 241.2603, 0.0041449
2614, 252.3596, 0.0039626
2615, 239.5439, 0.0041746
2616, 244.6423, 0.0040876
2617, 244.972, 0.0040821
2618, 242.7656, 0.0041192
2619, 240.2749, 0.0041619
2620, 247.678, 0.0040375
2621, 255.676, 0.0039112
2622, 222.1383, 0.0045017
2623, 241.3593, 0.0041432
2624, 250.9221, 0.0039853
2625, 245.4831, 0.0040736
2626, 235.3495, 0.004249
2627, 228.4513, 0.0043773
2628, 252.4488, 0.0039612
2629, 252.2959, 0.0039636
2630, 246.2569, 0.0040608
2631, 238.3279, 0.0041959
2632, 229.6211, 0.004355
2633, 226.9838, 0.0044056
2634, 229.2054, 0.0043629
2635, 238.1803, 0.0041985
2636, 248.3423, 0.0040267
2637, 238.1633, 0.0041988
2638, 249.4948, 0.0040081
2639, 233.0513, 0.0042909
2640, 243.2025, 0.0041118
2641, 251.9209, 0.0039695
2642, 234.5546, 0.0042634
2643, 244.1525, 0.0040958
2644, 235.4492, 0.0042472
2645, 251.7813, 0.0039717
2646, 233.0296, 0.0042913
2647, 239.6472, 0.0041728
2648, 238.1746, 0.0041986
2649, 252.2832, 0.0039638
2650, 193.8849, 0.0051577
2651, 226.4954, 0.0044151
2652, 250.2691, 0.0039957
2653, 260.9944, 0.0038315
2654, 247.0051, 0.0040485
2655, 232.4662, 0.0043017
2656, 218.3025, 0.0045808
2657, 251.3826, 0.003978
2658, 242.8776, 0.0041173
2659, 231.7336, 0.0043153
2660, 250.658, 0.0039895
2661, 230.1655, 0.0043447
2662, 251.1301, 0.003982
2663, 220.3129, 0.004539
2664, 243.9441, 0.0040993
2665, 243.8786, 0.0041004
2666, 242.6655, 0.0041209
2667, 235.0508, 0.0042544
2668, 246.7795, 0.0040522
2669, 249.4325, 0.0040091
2670, 219.7561, 0.0045505
2671, 239.63, 0.0041731
2672, 253.3891, 0.0039465
2673, 222.2025, 0.0045004
2674, 220.3954, 0.0045373
2675, 235.1945, 0.0042518
2676, 251.1238, 0.0039821
2677, 240.5349, 0.0041574
2678, 254.2653, 0.0039329
2679, 250.0313, 0.0039995
2680, 236.5017, 0.0042283
2681, 238.1066, 0.0041998
2682, 243.5994, 0.0041051
2683, 245.9843, 0.0040653
2684, 238.7034, 0.0041893
2685, 197.1104, 0.0050733
2686, 245.8815, 0.004067
2687, 93.58038, 0.010686
2688, 119.8839, 0.0083414
2689, 70.0987, 0.0142656
2690, 196.3402, 0.0050932
2691, 227.1488, 0.0044024
2692, 230.012, 0.0043476
2693, 216.1788, 0.0046258
2694, 232.6664, 0.004298
2695, 259.3025, 0.0038565
2696, 251.4205, 0.0039774
2697, 221.9854, 0.0045048
2698, 231.8142, 0.0043138
2699, 246.7247, 0.0040531
2700, 246.1963, 0.0040618
2701, 230.9896, 0.0043292
2702, 253.6204, 0.0039429
2703, 239.349, 0.004178
2704, 240.8304, 0.0041523
2705, 227.8527, 0.0043888
2706, 242.0956, 0.0041306
2707, 241.1963, 0.004146
2708, 230.6965, 0.0043347
2709, 239.7162, 0.0041716
2710, 250.3568, 0.0039943
2711, 247.0905, 0.0040471
2712, 244.4928, 0.0040901
2713, 240.0154, 0.0041664
2714, 244.1108, 0.0040965
2715, 248.4225, 0.0040254
2716, 205.7317, 0.0048607
2717, 217.7226, 0.004593
2718, 247.8376, 0.0040349
2719, 236.608, 0.0042264
2720, 215.5219, 0.0046399
2721, 234.4116, 0.004266
2722, 228.655, 0.0043734
2723, 182.9692, 0.0054654
2724, 186.4628, 0.005363
2725, 136.0822, 0.0073485
2726, 141.217, 0.0070813
2727, 136.5188, 0.007325
2728, 143.0861, 0.0069888
2729, 114.7908, 0.0087115
2730, 98.90512, 0.0101107
2731, 123.6277, 0.0080888
2732, 210.8104, 0.0047436
2733, 192.0971, 0.0052057
2734, 175.3894, 0.0057016
2735, 200.1161, 0.0049971
2736, 190.6723, 0.0052446
2737, 191.4388, 0.0052236
2738, 205.1324, 0.0048749
2739, 209.7755, 0.004767
2740, 194.9926, 0.0051284
2741, 199.7164, 0.0050071
2742, 196.7845, 0.0050817
2743, 184.3318, 0.005425
2744, 192.5929, 0.0051923
2745, 185.6665, 0.005386
2746, 201.6617, 0.0049588
2747, 178.1547, 0.0056131
2748, 196.2709, 0.005095
2749, 194.0429, 0.0051535
2750, 192.4668, 0.0051957
2751, 209.8724, 0.0047648
2752, 173.1482, 0.0057754
2753, 197.2542, 0.0050696
2754, 215.2436, 0.0046459
2755, 224.7747, 0.0044489
2756, 247.8929, 0.004034
2757, 197.2503, 0.0050697
2758, 193.3189, 0.0051728
2759, 214.3807, 0.0046646
2760, 222.6477, 0.0044914
2761, 209.3934, 0.0047757
2762, 197.3165, 0.005068
2763, 208.8773, 0.0047875
2764, 186.8775, 0.0053511
2765, 220.1092, 0.0045432
2766, 200.3085, 0.0049923
2767, 201.6332, 0.0049595
2768, 187.8252, 0.0053241
2769, 218.1977, 0.004583
2770, 196.5872, 0.0050868
2771, 197.867, 0.0050539
2772, 187.1187, 0.0053442
2773, 206.4282, 0.0048443
2774, 192.3151, 0.0051998
2775, 214.3071, 0.0046662
2776, 194.6283, 0.005138
2777, 201.8734, 0.0049536
2778, 206.4452, 0.0048439
2779, 187.0313, 0.0053467
2780, 192.8306, 0.0051859
2781, 206.9622, 0.0048318
2782, 211.4076, 0.0047302
2783, 171.5972, 0.0058276
2784, 199.5331, 0.0050117
2785, 188.0583, 0.0053175
2786, 216.4971, 0.004619
2787, 199.94, 0.0050015
2788, 192.4594, 0.0051959
2789, 194.4693, 0.0051422
2790, 201.2882, 0.004968
2791, 210.8904, 0.0047418
2792, 172.7623, 0.0057883
2793, 187.8534, 0.0053233
2794, 200.1601, 0.004996
2795, 203.9484, 0.0049032
2796, 193.7496, 0.0051613
2797, 198.8744, 0.0050283
2798, 206.0284, 0.0048537
2799, 209.5601, 0.0047719
2800, 202.9509, 0.0049273
2801, 205.1198, 0.0048752
2802, 239.7737, 0.0041706
2803, 217.3204, 0.0046015
2804, 203.8154, 0.0049064
2805, 231.4065, 0.0043214
2806, 234.819, 0.0042586
2807, 242.3655, 0.004126
2808, 225.6572, 0.0044315
2809, 247.1271, 0.0040465
2810, 235.7323, 0.0042421
2811, 233.8908, 0.0042755
2812, 218.1025, 0.004585
2813, 231.1497, 0.0043262
2814, 241.5984, 0.0041391
2815, 227.6919, 0.0043919
2816, 200.1962, 0.0049951
2817, 246.5119, 0.0040566
2818, 222.3655, 0.0044971
2819, 196.924, 0.0050781
2820, 204.015, 0.0049016
2821, 210.5795, 0.0047488
2822, 184.179, 0.0054295
2823, 224.9972, 0.0044445
2824, 221.5674, 0.0045133
2825, 212.6755, 0.004702
2826, 148.3371, 0.0067414
2827, 222.876, 0.0044868
2828, 232.0186, 0.00431
2829, 177.4402, 0.0056357
2830, 226.9581, 0.0044061
2831, 211.8913, 0.0047194
2832, 191.7913, 0.005214
2833, 205.8884, 0.004857
2834, 210.686, 0.0047464
2835, 204.6915, 0.0048854
2836, 177.0852, 0.005647
2837, 172.4108, 0.0058001
2838, 209.8284, 0.0047658
2839, 174.4561, 0.0057321
2840, 123.5468, 0.0080941
2841, 160.3438, 0.0062366
2842, 184.6927, 0.0054144
2843, 109.7285, 0.0091134
2844, 167.2325, 0.0059797
2845, 174.5993, 0.0057274
2846, 170.8088, 0.0058545
2847, 212.6121, 0.0047034
2848, 201.6007, 0.0049603
2849, 233.8197, 0.0042768
2850, 240.9522, 0.0041502
2851, 235.9214, 0.0042387
2852, 239.521, 0.004175
2853, 200.5616, 0.004986
2854, 223.899, 0.0044663
2855, 226.8088, 0.004409
2856, 245.1401, 0.0040793
2857, 253.1325, 0.0039505
2858, 231.3262, 0.0043229
2859, 251.6863, 0.0039732
2860, 248.3978, 0.0040258
2861, 256.476, 0.003899
2862, 206.1133, 0.0048517
2863, 189.4765, 0.0052777
2864, 224.8505, 0.0044474
2865, 211.1799, 0.0047353
2866, 228.3261, 0.0043797
2867, 216.6988, 0.0046147
2868, 247.0661, 0.0040475
2869, 237.5805, 0.0042091
2870, 241.4759, 0.0041412
2871, 248.8615, 0.0040183
2872, 235.599, 0.0042445
2873, 242.0956, 0.0041306
2874, 244.087, 0.0040969
2875, 259.0204, 0.0038607
2876, 247.8622, 0.0040345
2877, 217.6279, 0.004595
2878, 238.5667, 0.0041917
2879, 245.2724, 0.0040771
2880, 206.7696, 0.0048363
2881, 215.6613, 0.0046369
2882, 218.2739, 0.0045814
2883, 217.6942, 0.0045936
2884, 228.6446, 0.0043736
2885, 213.6387, 0.0046808
2886, 224.4316, 0.0044557
2887, 190.847, 0.0052398
2888, 190.0852, 0.0052608
2889, 191.7877, 0.0052141
2890, 149.8464, 0.0066735
2891, 191.6113, 0.0052189
2892, 198.7163, 0.0050323
2893, 189.8975, 0.005266
2894, 168.2114, 0.0059449
2895, 188.5405, 0.0053039
2896, 191.5122, 0.0052216
2897, 178.9998, 0.0055866
2898, 178.6608, 0.0055972
2899, 230.5529, 0.0043374
2900, 194.7458, 0.0051349
2901, 60.42223, 0.0165502
2902, 149.0069, 0.0067111
2903, 176.0532, 0.0056801
2904, 212.6483, 0.0047026
2905, 211.0372, 0.0047385
2906, 232.9265, 0.0042932
2907, 240.5581, 0.004157
2908, 225.1644, 0.0044412
2909, 240.7202, 0.0041542
2910, 250.6203, 0.0039901
2911, 240.4193, 0.0041594
2912, 208.0646, 0.0048062
2913, 249.3641, 0.0040102
2914, 253.7749, 0.0039405
2915, 248.0651, 0.0040312
2916, 33.22038, 0.030102
