Frame, FPS, Frame Time
1, 50, 0.02
2, 50, 0.02
3, 3, 0.3333333
4, 7.884352, 0.1268335
5, 35.13531, 0.0284614
6, 193.1322, 0.0051778
7, 199.7962, 0.0050051
8, 196.1361, 0.0050985
9, 203.2975, 0.0049189
10, 209.1438, 0.0047814
11, 203.2686, 0.0049196
12, 210.5751, 0.0047489
13, 207.6584, 0.0048156
14, 208.3377, 0.0047999
15, 186.6263, 0.0053583
16, 223.4138, 0.004476
17, 221.1753, 0.0045213
18, 223.4687, 0.0044749
19, 202.4128, 0.0049404
20, 232.6014, 0.0042992
21, 199.944, 0.0050014
22, 203.9984, 0.004902
23, 216.062, 0.0046283
24, 231.7551, 0.0043149
25, 219.843, 0.0045487
26, 216.9009, 0.0046104
27, 219.2165, 0.0045617
28, 221.4692, 0.0045153
29, 215.2621, 0.0046455
30, 215.3687, 0.0046432
31, 222.4348, 0.0044957
32, 221.2879, 0.004519
33, 229.8639, 0.0043504
34, 216.2489, 0.0046243
35, 223.0798, 0.0044827
36, 225.0985, 0.0044425
37, 217.2072, 0.0046039
38, 231.7712, 0.0043146
39, 183.3113, 0.0054552
40, 201.6658, 0.0049587
41, 229.1266, 0.0043644
42, 193.289, 0.0051736
43, 204.8215, 0.0048823
44, 228.9535, 0.0043677
45, 207.7016, 0.0048146
46, 210.0796, 0.0047601
47, 203.8819, 0.0049048
48, 89.55278, 0.0111666
49, 122.3466, 0.0081735
50, 71.1187, 0.014061
51, 50.33498, 0.0198669
52, 220.0365, 0.0045447
53, 200.2243, 0.0049944
54, 196.8543, 0.0050799
55, 27.08376, 0.0369225
56, 214.1144, 0.0046704
57, 217.4622, 0.0045985
58, 200.02, 0.0049995
59, 231.8088, 0.0043139
60, 227.9982, 0.004386
61, 220.177, 0.0045418
62, 236.6416, 0.0042258
63, 223.6086, 0.0044721
64, 233.0894, 0.0042902
65, 220.8237, 0.0045285
66, 240.9871, 0.0041496
67, 212.2376, 0.0047117
68, 215.1926, 0.004647
69, 215.2945, 0.0046448
70, 222.4001, 0.0044964
71, 228.4044, 0.0043782
72, 205.0735, 0.0048763
73, 227.4485, 0.0043966
74, 229.3052, 0.004361
75, 228.8068, 0.0043705
76, 217.2779, 0.0046024
77, 238.2257, 0.0041977
78, 219.1973, 0.0045621
79, 219.0149, 0.0045659
80, 215.7683, 0.0046346
81, 201.4099, 0.004965
82, 210.926, 0.004741
83, 204.658, 0.0048862
84, 213.8397, 0.0046764
85, 215.7265, 0.0046355
86, 228.467, 0.004377
87, 220.6775, 0.0045315
88, 210.0002, 0.0047619
89, 217.2968, 0.004602
90, 231.7229, 0.0043155
91, 206.3941, 0.0048451
92, 220.8042, 0.0045289
93, 187.5152, 0.0053329
94, 208.7029, 0.0047915
95, 218.5792, 0.004575
96, 229.79, 0.0043518
97, 199.5331, 0.0050117
98, 193.0837, 0.0051791
99, 46.17487, 0.0216568
100, 199.37, 0.0050158
101, 202.8891, 0.0049288
102, 177.3867, 0.0056374
103, 179.937, 0.0055575
104, 230.4413, 0.0043395
105, 228.0242, 0.0043855
106, 217.5474, 0.0045967
107, 224.4619, 0.0044551
108, 204.5785, 0.0048881
109, 231.5297, 0.0043191
110, 217.1977, 0.0046041
111, 208.3116, 0.0048005
112, 230.012, 0.0043476
113, 227.3864, 0.0043978
114, 234.8741, 0.0042576
115, 213.9678, 0.0046736
116, 217.7368, 0.0045927
117, 204.2442, 0.0048961
118, 230.622, 0.0043361
119, 215.7823, 0.0046343
120, 216.8492, 0.0046115
121, 242.7715, 0.0041191
122, 238.4643, 0.0041935
123, 211.3361, 0.0047318
124, 206.8552, 0.0048343
125, 197.1764, 0.0050716
126, 226.0756, 0.0044233
127, 220.7311, 0.0045304
128, 225.856, 0.0044276
129, 219.785, 0.0045499
130, 218.2072, 0.0045828
131, 221.8377, 0.0045078
132, 223.8889, 0.0044665
133, 190.9417, 0.0052372
134, 219.2982, 0.00456
135, 224.0344, 0.0044636
136, 226.706, 0.004411
137, 212.3999, 0.0047081
138, 227.9462, 0.004387
139, 211.5015, 0.0047281
140, 211.4031, 0.0047303
141, 205.478, 0.0048667
142, 231.7068, 0.0043158
143, 217.6421, 0.0045947
144, 213.2969, 0.0046883
145, 231.1925, 0.0043254
146, 215.7683, 0.0046346
147, 223.899, 0.0044663
148, 201.682, 0.0049583
149, 221.4006, 0.0045167
150, 189.1146, 0.0052878
151, 212.2917, 0.0047105
152, 223.6086, 0.0044721
153, 199.0882, 0.0050229
154, 25.57604, 0.0390991
155, 175.9944, 0.005682
156, 201.6698, 0.0049586
157, 181.7521, 0.005502
158, 173.1032, 0.0057769
159, 193.0204, 0.0051808
160, 186.2024, 0.0053705
161, 163.6286, 0.0061114
162, 164.8207, 0.0060672
163, 202.774, 0.0049316
164, 212.1161, 0.0047144
165, 202.9715, 0.0049268
166, 193.461, 0.005169
167, 206.0029, 0.0048543
168, 207.6714, 0.0048153
169, 208.6289, 0.0047932
170, 211.4388, 0.0047295
171, 188.3487, 0.0053093
172, 223.7337, 0.0044696
173, 206.1813, 0.0048501
174, 201.7471, 0.0049567
175, 216.9386, 0.0046096
176, 196.0169, 0.0051016
177, 194.0692, 0.0051528
178, 209.3934, 0.0047757
179, 192.8901, 0.0051843
180, 209.1394, 0.0047815
181, 205.2545, 0.004872
182, 174.6511, 0.0057257
183, 204.4697, 0.0048907
184, 195.3049, 0.0051202
185, 212.1386, 0.0047139
186, 206.4069, 0.0048448
187, 201.1101, 0.0049724
188, 175.4386, 0.0057
189, 213.9724, 0.0046735
190, 195.4117, 0.0051174
191, 191.2448, 0.0052289
192, 186.6786, 0.0053568
193, 225.9632, 0.0044255
194, 224.6181, 0.004452
195, 198.7439, 0.0050316
196, 192.9757, 0.005182
197, 213.4882, 0.0046841
198, 211.5462, 0.0047271
199, 216.0014, 0.0046296
200, 217.226, 0.0046035
201, 189.5196, 0.0052765
202, 221.0531, 0.0045238
203, 195.1829, 0.0051234
204, 220.8188, 0.0045286
205, 211.9857, 0.0047173
206, 238.6065, 0.004191
207, 214.7674, 0.0046562
208, 162.2534, 0.0061632
209, 28.42831, 0.0351762
210, 139.1362, 0.0071872
211, 164.5657, 0.0060766
212, 38.74422, 0.0258103
213, 157.4084, 0.0063529
214, 165.8567, 0.0060293
215, 169.5576, 0.0058977
216, 153.5933, 0.0065107
217, 157.913, 0.0063326
218, 161.9774, 0.0061737
219, 168.9161, 0.0059201
220, 168.387, 0.0059387
221, 184.0096, 0.0054345
222, 152.5041, 0.0065572
223, 177.1009, 0.0056465
224, 164.007, 0.0060973
225, 155.8944, 0.0064146
226, 187.2309, 0.005341
227, 248.7067, 0.0040208
228, 247.3411, 0.004043
229, 258.9131, 0.0038623
230, 241.0626, 0.0041483
231, 254.894, 0.0039232
232, 236.5408, 0.0042276
233, 254.3882, 0.003931
234, 264.9638, 0.0037741
235, 239.8312, 0.0041696
236, 232.9916, 0.004292
237, 259.0875, 0.0038597
238, 251.7306, 0.0039725
239, 241.9257, 0.0041335
240, 232.4987, 0.0043011
241, 255.3561, 0.0039161
242, 263.3866, 0.0037967
243, 238.203, 0.0041981
244, 253.878, 0.0039389
245, 248.0036, 0.0040322
246, 258.7322, 0.003865
247, 250.1376, 0.0039978
248, 235.9771, 0.0042377
249, 247.1333, 0.0040464
250, 242.389, 0.0041256
251, 74.94623, 0.0133429
252, 17.83501, 0.0560695
253, 172.3217, 0.0058031
254, 206.6799, 0.0048384
255, 253.5883, 0.0039434
256, 226.8345, 0.0044085
257, 227.5468, 0.0043947
258, 218.0454, 0.0045862
259, 250.0313, 0.0039995
260, 190.4689, 0.0052502
261, 167.9741, 0.0059533
262, 57.52217, 0.0173846
263, 95.42804, 0.0104791
264, 159.6067, 0.0062654
265, 197.2076, 0.0050708
266, 168.3785, 0.005939
267, 188.6259, 0.0053015
268, 169.3107, 0.0059063
269, 205.9987, 0.0048544
270, 206.2281, 0.004849
271, 203.9193, 0.0049039
272, 173.1332, 0.0057759
273, 228.2688, 0.0043808
274, 185.608, 0.0053877
275, 31.41138, 0.0318356
276, 198.8744, 0.0050283
277, 198.7834, 0.0050306
278, 205.0483, 0.0048769
279, 163.4949, 0.0061164
280, 207.9867, 0.004808
281, 214.5416, 0.0046611
282, 210.482, 0.004751
283, 224.2605, 0.0044591
284, 238.5667, 0.0041917
285, 177.6167, 0.0056301
286, 200.3968, 0.0049901
287, 171.609, 0.0058272
288, 204.4864, 0.0048903
289, 210.9349, 0.0047408
290, 232.9373, 0.004293
291, 169.8658, 0.005887
292, 218.0502, 0.0045861
293, 232.9916, 0.004292
294, 195.0458, 0.005127
295, 196.5409, 0.005088
296, 216.915, 0.0046101
297, 218.7514, 0.0045714
298, 222.2074, 0.0045003
299, 236.877, 0.0042216
300, 201.4058, 0.0049651
301, 230.0702, 0.0043465
302, 227.6193, 0.0043933
303, 179.5945, 0.0055681
304, 208.5506, 0.004795
305, 185.9946, 0.0053765
306, 188.722, 0.0052988
307, 216.4596, 0.0046198
308, 230.1761, 0.0043445
309, 216.5252, 0.0046184
310, 217.6563, 0.0045944
311, 185.5115, 0.0053905
312, 184.3148, 0.0054255
313, 205.8079, 0.0048589
314, 189.1468, 0.0052869
315, 192.5336, 0.0051939
316, 214.6199, 0.0046594
317, 191.6296, 0.0052184
318, 179.6945, 0.005565
319, 176.7659, 0.0056572
320, 199.7563, 0.0050061
321, 206.697, 0.004838
322, 171.3268, 0.0058368
323, 224.6989, 0.0044504
324, 25.9156, 0.0385868
325, 170.6543, 0.0058598
326, 191.957, 0.0052095
327, 180.688, 0.0055344
328, 169.8802, 0.0058865
329, 202.0733, 0.0049487
330, 228.5192, 0.004376
331, 226.6803, 0.0044115
332, 209.6964, 0.0047688
333, 226.9375, 0.0044065
334, 224.9162, 0.0044461
335, 170.6223, 0.0058609
336, 204.8257, 0.0048822
337, 214.0411, 0.004672
338, 199.108, 0.0050224
339, 209.4372, 0.0047747
340, 221.2781, 0.0045192
341, 227.4433, 0.0043967
342, 216.9668, 0.004609
343, 197.1609, 0.005072
344, 206.9237, 0.0048327
345, 191.2558, 0.0052286
346, 212.1926, 0.0047127
347, 217.2119, 0.0046038
348, 240.8246, 0.0041524
349, 205.4823, 0.0048666
350, 240.5465, 0.0041572
351, 224.4719, 0.0044549
352, 166.2317, 0.0060157
353, 183.053, 0.0054629
354, 212.6619, 0.0047023
355, 164.7474, 0.0060699
356, 207.1594, 0.0048272
357, 198.7439, 0.0050316
358, 179.6655, 0.0055659
359, 195.5952, 0.0051126
360, 199.0842, 0.005023
361, 173.9947, 0.0057473
362, 172.1704, 0.0058082
363, 198.91, 0.0050274
364, 200.8718, 0.0049783
365, 197.3477, 0.0050672
366, 202.1672, 0.0049464
367, 205.2545, 0.004872
368, 219.9591, 0.0045463
369, 208.2639, 0.0048016
370, 188.4943, 0.0053052
371, 220.0123, 0.0045452
372, 216.8633, 0.0046112
373, 219.9494, 0.0045465
374, 4.968003, 0.2012881
375, 30.89557, 0.0323671
376, 31.08651, 0.0321683
377, 45.93752, 0.0217687
378, 221.8082, 0.0045084
379, 230.1867, 0.0043443
380, 239.1544, 0.0041814
381, 244.4988, 0.00409
382, 198.2318, 0.0050446
383, 236.2782, 0.0042323
384, 240.2807, 0.0041618
385, 222.876, 0.0044868
386, 214.3898, 0.0046644
387, 241.208, 0.0041458
388, 226.4236, 0.0044165
389, 217.5521, 0.0045966
390, 233.0948, 0.0042901
391, 222.9654, 0.004485
392, 202.0365, 0.0049496
393, 43.25297, 0.0231198
394, 223.7187, 0.0044699
395, 230.9256, 0.0043304
396, 210.9927, 0.0047395
397, 232.9048, 0.0042936
398, 237.5184, 0.0042102
399, 244.972, 0.0040821
400, 220.2013, 0.0045413
401, 226.1829, 0.0044212
402, 230.8349, 0.0043321
403, 233.4866, 0.0042829
404, 237.1748, 0.0042163
405, 203.7656, 0.0049076
406, 237.6991, 0.004207
407, 238.7946, 0.0041877
408, 233.2742, 0.0042868
409, 208.3985, 0.0047985
410, 222.7816, 0.0044887
411, 239.4407, 0.0041764
412, 208.8468, 0.0047882
413, 239.3318, 0.0041783
414, 224.4064, 0.0044562
415, 240.5234, 0.0041576
416, 214.0228, 0.0046724
417, 240.8942, 0.0041512
418, 230.9202, 0.0043305
419, 231.9432, 0.0043114
420, 231.6263, 0.0043173
421, 227.3813, 0.0043979
422, 227.6815, 0.0043921
423, 43.28442, 0.023103
424, 229.1581, 0.0043638
425, 240.9929, 0.0041495
426, 218.2453, 0.004582
427, 226.3263, 0.0044184
428, 228.0346, 0.0043853
429, 223.6986, 0.0044703
430, 229.0426, 0.004366
431, 226.142, 0.004422
432, 220.085, 0.0045437
433, 221.9608, 0.0045053
434, 234.5106, 0.0042642
435, 231.3048, 0.0043233
436, 214.2061, 0.0046684
437, 225.4487, 0.0044356
438, 219.6113, 0.0045535
439, 239.0972, 0.0041824
440, 231.4333, 0.0043209
441, 229.0793, 0.0043653
442, 226.8139, 0.0044089
443, 201.2964, 0.0049678
444, 230.1231, 0.0043455
445, 243.635, 0.0041045
446, 205.2208, 0.0048728
447, 238.9486, 0.004185
448, 242.1659, 0.0041294
449, 236.7761, 0.0042234
450, 215.1371, 0.0046482
451, 227.7697, 0.0043904
452, 232.688, 0.0042976
453, 224.0695, 0.0044629
454, 229.827, 0.0043511
455, 222.0397, 0.0045037
456, 244.2241, 0.0040946
457, 223.5386, 0.0044735
458, 236.3396, 0.0042312
459, 225.2049, 0.0044404
460, 222.4249, 0.0044959
461, 230.4891, 0.0043386
462, 229.9591, 0.0043486
463, 234.6261, 0.0042621
464, 227.4381, 0.0043968
465, 216.2443, 0.0046244
466, 224.5728, 0.0044529
467, 236.401, 0.0042301
468, 217.2166, 0.0046037
469, 222.1432, 0.0045016
470, 212.6076, 0.0047035
471, 221.5379, 0.0045139
472, 236.3228, 0.0042315
473, 229.3999, 0.0043592
474, 225.2658, 0.0044392
475, 237.4, 0.0042123
476, 232.8343, 0.0042949
477, 232.2611, 0.0043055
478, 217.127, 0.0046056
479, 241.0452, 0.0041486
480, 232.9319, 0.0042931
481, 217.6089, 0.0045954
482, 200.2603, 0.0049935
483, 229.521, 0.0043569
484, 206.0072, 0.0048542
485, 235.7656, 0.0042415
486, 227.552, 0.0043946
487, 206.6414, 0.0048393
488, 222.089, 0.0045027
489, 232.0993, 0.0043085
490, 225.9785, 0.0044252
491, 206.8723, 0.0048339
492, 232.8126, 0.0042953
493, 230.139, 0.0043452
494, 234.8741, 0.0042576
495, 211.5149, 0.0047278
496, 226.8191, 0.0044088
497, 235.0508, 0.0042544
498, 214.2704, 0.004667
499, 235.4714, 0.0042468
500, 228.1594, 0.0043829
501, 230.3511, 0.0043412
502, 225.4487, 0.0044356
503, 234.8079, 0.0042588
504, 237.8517, 0.0042043
505, 211.6044, 0.0047258
506, 221.0189, 0.0045245
507, 232.5203, 0.0043007
508, 238.0272, 0.0042012
509, 207.3871, 0.0048219
510, 233.6885, 0.0042792
511, 228.3887, 0.0043785
512, 230.8616, 0.0043316
513, 232.3582, 0.0043037
514, 217.3819, 0.0046002
515, 240.7782, 0.0041532
516, 221.2879, 0.004519
517, 235.1613, 0.0042524
518, 224.5829, 0.0044527
519, 211.3897, 0.0047306
520, 220.1576, 0.0045422
521, 212.8339, 0.0046985
522, 228.9849, 0.0043671
523, 213.4973, 0.0046839
524, 236.4961, 0.0042284
525, 224.4568, 0.0044552
526, 233.3831, 0.0042848
527, 228.2428, 0.0043813
528, 236.3899, 0.0042303
529, 235.5713, 0.004245
530, 193.851, 0.0051586
531, 233.6776, 0.0042794
532, 225.3369, 0.0044378
533, 216.8116, 0.0046123
534, 233.4812, 0.004283
535, 248.9048, 0.0040176
536, 230.1549, 0.0043449
537, 217.311, 0.0046017
538, 227.6867, 0.004392
539, 227.1024, 0.0044033
540, 206.2834, 0.0048477
541, 229.8375, 0.0043509
542, 244.96, 0.0040823
543, 246.069, 0.0040639
544, 224.0746, 0.0044628
545, 221.2243, 0.0045203
546, 236.3675, 0.0042307
547, 225.3521, 0.0044375
548, 224.2203, 0.0044599
549, 197.9845, 0.0050509
550, 219.6257, 0.0045532
551, 233.7541, 0.004278
552, 221.8525, 0.0045075
553, 217.9504, 0.0045882
554, 195.1486, 0.0051243
555, 229.2264, 0.0043625
556, 236.8714, 0.0042217
557, 223.5536, 0.0044732
558, 237.1017, 0.0042176
559, 216.1274, 0.0046269
560, 229.3946, 0.0043593
561, 232.4014, 0.0043029
562, 188.1008, 0.0053163
563, 212.445, 0.0047071
564, 216.0014, 0.0046296
565, 230.298, 0.0043422
566, 236.0662, 0.0042361
567, 214.0411, 0.004672
568, 216.2396, 0.0046245
569, 236.877, 0.0042216
570, 225.0326, 0.0044438
571, 233.6449, 0.00428
572, 224.1449, 0.0044614
573, 245.1822, 0.0040786
574, 224.9972, 0.0044445
575, 238.9829, 0.0041844
576, 236.7648, 0.0042236
577, 217.2827, 0.0046023
578, 184.3998, 0.005423
579, 220.7213, 0.0045306
580, 239.1372, 0.0041817
581, 201.9998, 0.0049505
582, 235.189, 0.0042519
583, 236.401, 0.0042301
584, 232.3582, 0.0043037
585, 217.5237, 0.0045972
586, 237.7612, 0.0042059
587, 239.0629, 0.004183
588, 226.7214, 0.0044107
589, 231.2032, 0.0043252
590, 229.7266, 0.004353
591, 230.9096, 0.0043307
592, 219.7512, 0.0045506
593, 230.9202, 0.0043305
594, 234.83, 0.0042584
595, 230.436, 0.0043396
596, 236.1331, 0.0042349
597, 236.1442, 0.0042347
598, 232.1748, 0.0043071
599, 224.9921, 0.0044446
600, 228.9272, 0.0043682
601, 228.1542, 0.004383
602, 216.4643, 0.0046197
603, 225.7642, 0.0044294
604, 214.6245, 0.0046593
605, 208.8119, 0.004789
606, 199.362, 0.005016
607, 207.1981, 0.0048263
608, 194.0692, 0.0051528
609, 201.8408, 0.0049544
610, 193.2628, 0.0051743
611, 214.8551, 0.0046543
612, 219.7223, 0.0045512
613, 242.8835, 0.0041172
614, 234.3896, 0.0042664
615, 217.9551, 0.0045881
616, 242.8304, 0.0041181
617, 225.2303, 0.0044399
618, 231.7443, 0.0043151
619, 230.2715, 0.0043427
620, 232.477, 0.0043015
621, 224.9314, 0.0044458
622, 213.7711, 0.0046779
623, 234.1811, 0.0042702
624, 222.0446, 0.0045036
625, 227.3916, 0.0043977
626, 218.2596, 0.0045817
627, 234.7418, 0.00426
628, 225.063, 0.0044432
629, 224.4518, 0.0044553
630, 221.8672, 0.0045072
631, 228.467, 0.004377
632, 232.0993, 0.0043085
633, 228.4148, 0.004378
634, 224.4921, 0.0044545
635, 229.5948, 0.0043555
636, 231.2673, 0.004324
637, 230.5316, 0.0043378
638, 238.9543, 0.0041849
639, 213.3789, 0.0046865
640, 223.2093, 0.0044801
641, 228.9377, 0.004368
642, 225.7693, 0.0044293
643, 220.8334, 0.0045283
644, 227.2676, 0.0044001
645, 228.2897, 0.0043804
646, 234.4006, 0.0042662
647, 232.8235, 0.0042951
648, 228.2011, 0.0043821
649, 233.2144, 0.0042879
650, 207.8699, 0.0048107
651, 220.6726, 0.0045316
652, 234.3512, 0.0042671
653, 220.085, 0.0045437
654, 239.0286, 0.0041836
655, 236.9668, 0.00422
656, 237.4225, 0.0042119
657, 225.8407, 0.0044279
658, 229.2579, 0.0043619
659, 242.5007, 0.0041237
660, 219.7706, 0.0045502
661, 236.5128, 0.0042281
662, 227.6971, 0.0043918
663, 233.5957, 0.0042809
664, 219.9736, 0.004546
665, 230.2503, 0.0043431
666, 240.7029, 0.0041545
667, 227.666, 0.0043924
668, 224.4266, 0.0044558
669, 224.6838, 0.0044507
670, 241.8906, 0.0041341
671, 218.4933, 0.0045768
672, 232.8777, 0.0042941
673, 230.139, 0.0043452
674, 236.7032, 0.0042247
675, 218.7418, 0.0045716
676, 223.4387, 0.0044755
677, 234.9348, 0.0042565
678, 218.6892, 0.0045727
679, 227.2108, 0.0044012
680, 229.3262, 0.0043606
681, 235.5657, 0.0042451
682, 232.8235, 0.0042951
683, 233.2634, 0.004287
684, 230.2132, 0.0043438
685, 220.0414, 0.0045446
686, 242.0194, 0.0041319
687, 236.3675, 0.0042307
688, 238.8915, 0.004186
689, 221.2879, 0.004519
690, 221.0238, 0.0045244
691, 225.5351, 0.0044339
692, 206.6671, 0.0048387
693, 195.8442, 0.0051061
694, 222.7122, 0.0044901
695, 214.4588, 0.0046629
696, 233.7486, 0.0042781
697, 235.5935, 0.0042446
698, 215.5916, 0.0046384
699, 214.0457, 0.0046719
700, 238.6521, 0.0041902
701, 240.8536, 0.0041519
702, 221.0482, 0.0045239
703, 230.4201, 0.0043399
704, 243.8132, 0.0041015
705, 239.6013, 0.0041736
706, 219.3848, 0.0045582
707, 233.1328, 0.0042894
708, 229.1213, 0.0043645
709, 227.4226, 0.0043971
710, 237.2761, 0.0042145
711, 241.1789, 0.0041463
712, 216.8351, 0.0046118
713, 228.5923, 0.0043746
714, 228.3887, 0.0043785
715, 207.4043, 0.0048215
716, 214.2888, 0.0046666
717, 225.8611, 0.0044275
718, 239.9866, 0.0041669
719, 229.6, 0.0043554
720, 234.5876, 0.0042628
721, 220.0801, 0.0045438
722, 244.1228, 0.0040963
723, 242.389, 0.0041256
724, 215.5265, 0.0046398
725, 232.1963, 0.0043067
726, 205.2798, 0.0048714
727, 220.2692, 0.0045399
728, 215.5962, 0.0046383
729, 236.0049, 0.0042372
730, 220.8725, 0.0045275
731, 242.8422, 0.0041179
732, 231.7336, 0.0043153
733, 223.0549, 0.0044832
734, 235.5713, 0.004245
735, 227.8787, 0.0043883
736, 231.0803, 0.0043275
737, 230.8083, 0.0043326
738, 236.6528, 0.0042256
739, 235.9659, 0.0042379
740, 214.3898, 0.0046644
741, 225.4537, 0.0044355
742, 229.8904, 0.0043499
743, 223.8138, 0.004468
744, 212.5624, 0.0047045
745, 236.1219, 0.0042351
746, 240.4251, 0.0041593
747, 221.0726, 0.0045234
748, 206.7483, 0.0048368
749, 230.2079, 0.0043439
750, 236.3116, 0.0042317
751, 223.5736, 0.0044728
752, 227.2262, 0.0044009
753, 229.6369, 0.0043547
754, 235.927, 0.0042386
755, 224.2856, 0.0044586
756, 236.334, 0.0042313
757, 240.9929, 0.0041495
758, 231.8572, 0.004313
759, 228.5505, 0.0043754
760, 227.3244, 0.004399
761, 231.8142, 0.0043138
762, 211.0551, 0.0047381
763, 219.5245, 0.0045553
764, 242.7538, 0.0041194
765, 238.0612, 0.0042006
766, 211.3897, 0.0047306
767, 217.9741, 0.0045877
768, 220.4634, 0.0045359
769, 203.5416, 0.004913
770, 217.4244, 0.0045993
771, 226.1011, 0.0044228
772, 239.7334, 0.0041713
773, 231.0002, 0.004329
774, 226.8963, 0.0044073
775, 226.3314, 0.0044183
776, 211.064, 0.0047379
777, 221.8475, 0.0045076
778, 220.085, 0.0045437
779, 239.435, 0.0041765
780, 216.291, 0.0046234
781, 227.0611, 0.0044041
782, 238.5212, 0.0041925
783, 224.5072, 0.0044542
784, 239.2058, 0.0041805
785, 222.5932, 0.0044925
786, 241.9609, 0.0041329
787, 231.4386, 0.0043208
788, 201.7553, 0.0049565
789, 195.9824, 0.0051025
790, 229.5526, 0.0043563
791, 241.4642, 0.0041414
792, 227.7852, 0.0043901
793, 238.237, 0.0041975
794, 221.3222, 0.0045183
795, 226.886, 0.0044075
796, 234.8134, 0.0042587
797, 213.1333, 0.0046919
798, 192.341, 0.0051991
799, 232.369, 0.0043035
800, 210.9616, 0.0047402
801, 233.345, 0.0042855
802, 226.1369, 0.0044221
803, 209.7359, 0.0047679
804, 205.4569, 0.0048672
805, 230.7337, 0.004334
806, 240.3615, 0.0041604
807, 205.103, 0.0048756
808, 209.1569, 0.0047811
809, 237.9819, 0.004202
810, 236.6472, 0.0042257
811, 205.5245, 0.0048656
812, 236.0941, 0.0042356
813, 232.2233, 0.0043062
814, 211.8285, 0.0047208
815, 217.0987, 0.0046062
816, 223.4587, 0.0044751
817, 220.2886, 0.0045395
818, 221.9559, 0.0045054
819, 238.9543, 0.0041849
820, 220.4294, 0.0045366
821, 213.6387, 0.0046808
822, 225.9376, 0.004426
823, 239.0743, 0.0041828
824, 238.7946, 0.0041877
825, 223.4787, 0.0044747
826, 223.5936, 0.0044724
827, 234.9734, 0.0042558
828, 226.4339, 0.0044163
829, 221.8771, 0.004507
830, 222.1334, 0.0045018
831, 225.7234, 0.0044302
832, 234.3567, 0.004267
833, 220.7457, 0.0045301
834, 209.8944, 0.0047643
835, 237.0736, 0.0042181
836, 242.6066, 0.0041219
837, 230.0913, 0.0043461
838, 218.3978, 0.0045788
839, 238.5098, 0.0041927
840, 243.8965, 0.0041001
841, 231.7981, 0.0043141
842, 229.8375, 0.0043509
843, 227.6193, 0.0043933
844, 239.5152, 0.0041751
845, 205.6598, 0.0048624
846, 239.3776, 0.0041775
847, 230.5157, 0.0043381
848, 232.0778, 0.0043089
849, 218.3263, 0.0045803
850, 235.5324, 0.0042457
851, 233.8853, 0.0042756
852, 218.8184, 0.00457
853, 228.5087, 0.0043762
854, 231.5136, 0.0043194
855, 242.4125, 0.0041252
856, 222.2815, 0.0044988
857, 221.5526, 0.0045136
858, 232.6447, 0.0042984
859, 218.2739, 0.0045814
860, 228.8748, 0.0043692
861, 217.8792, 0.0045897
862, 232.1317, 0.0043079
863, 232.7693, 0.0042961
864, 217.6279, 0.004595
865, 239.9635, 0.0041673
866, 215.4522, 0.0046414
867, 239.8254, 0.0041697
868, 229.2264, 0.0043625
869, 238.9886, 0.0041843
870, 218.6175, 0.0045742
871, 221.3026, 0.0045187
872, 225.647, 0.0044317
873, 227.1385, 0.0044026
874, 237.2986, 0.0042141
875, 217.8032, 0.0045913
876, 236.0328, 0.0042367
877, 231.7229, 0.0043155
878, 234.0605, 0.0042724
879, 233.122, 0.0042896
880, 213.388, 0.0046863
881, 239.5611, 0.0041743
882, 229.6053, 0.0043553
883, 230.6858, 0.0043349
884, 217.8744, 0.0045898
885, 232.4608, 0.0043018
886, 231.3102, 0.0043232
887, 206.3685, 0.0048457
888, 227.6504, 0.0043927
889, 224.6383, 0.0044516
890, 230.0014, 0.0043478
891, 231.2727, 0.0043239
892, 241.3477, 0.0041434
893, 237.5974, 0.0042088
894, 231.6531, 0.0043168
895, 239.4292, 0.0041766
896, 240.9, 0.0041511
897, 236.72, 0.0042244
898, 213.8214, 0.0046768
899, 222.1482, 0.0045015
900, 231.7766, 0.0043145
901, 233.0839, 0.0042903
902, 235.2388, 0.004251
903, 222.9008, 0.0044863
904, 243.8192, 0.0041014
905, 230.3511, 0.0043412
906, 210.5839, 0.0047487
907, 227.8164, 0.0043895
908, 223.6186, 0.0044719
909, 240.2691, 0.004162
910, 237.8857, 0.0042037
911, 234.7693, 0.0042595
912, 220.3323, 0.0045386
913, 236.267, 0.0042325
914, 225.4334, 0.0044359
915, 229.3683, 0.0043598
916, 234.83, 0.0042584
917, 232.9211, 0.0042933
918, 217.3488, 0.0046009
919, 216.544, 0.004618
920, 237.4169, 0.004212
921, 222.3804, 0.0044968
922, 202.8439, 0.0049299
923, 223.1446, 0.0044814
924, 228.1959, 0.0043822
925, 224.6888, 0.0044506
926, 225.5097, 0.0044344
927, 231.8948, 0.0043123
928, 237.5861, 0.004209
929, 202.8192, 0.0049305
930, 220.658, 0.0045319
931, 240.587, 0.0041565
932, 236.2893, 0.0042321
933, 222.4744, 0.0044949
934, 216.5815, 0.0046172
935, 240.1191, 0.0041646
936, 215.1139, 0.0046487
937, 242.913, 0.0041167
938, 236.6808, 0.0042251
939, 223.6536, 0.0044712
940, 217.127, 0.0046056
941, 231.6531, 0.0043168
942, 240.7666, 0.0041534
943, 214.7121, 0.0046574
944, 230.7657, 0.0043334
945, 230.2609, 0.0043429
946, 227.0302, 0.0044047
947, 218.3073, 0.0045807
948, 225.0326, 0.0044438
949, 228.3679, 0.0043789
950, 226.5211, 0.0044146
951, 234.203, 0.0042698
952, 230.0067, 0.0043477
953, 241.7619, 0.0041363
954, 227.9514, 0.0043869
955, 236.2893, 0.0042321
956, 243.3327, 0.0041096
957, 204.939, 0.0048795
958, 231.6531, 0.0043168
959, 229.5368, 0.0043566
960, 237.2479, 0.004215
961, 221.9115, 0.0045063
962, 227.7904, 0.00439
963, 231.2085, 0.0043251
964, 177.9106, 0.0056208
965, 211.4299, 0.0047297
966, 195.9708, 0.0051028
967, 205.2082, 0.0048731
968, 216.9527, 0.0046093
969, 216.4736, 0.0046195
970, 186.3586, 0.005366
971, 214.3761, 0.0046647
972, 237.5974, 0.0042088
973, 229.0688, 0.0043655
974, 221.4398, 0.0045159
975, 242.2833, 0.0041274
976, 235.3827, 0.0042484
977, 211.7567, 0.0047224
978, 228.149, 0.0043831
979, 231.6263, 0.0043173
980, 232.7151, 0.0042971
981, 215.7079, 0.0046359
982, 240.7434, 0.0041538
983, 230.3245, 0.0043417
984, 217.9029, 0.0045892
985, 234.1537, 0.0042707
986, 245.5675, 0.0040722
987, 243.5816, 0.0041054
988, 210.5618, 0.0047492
989, 212.775, 0.0046998
990, 231.0269, 0.0043285
991, 210.797, 0.0047439
992, 215.8801, 0.0046322
993, 226.9632, 0.004406
994, 233.2906, 0.0042865
995, 228.561, 0.0043752
996, 229.0636, 0.0043656
997, 228.3418, 0.0043794
998, 233.858, 0.0042761
999, 227.4433, 0.0043967
1000, 224.2605, 0.0044591
1001, 233.623, 0.0042804
1002, 212.7207, 0.004701
1003, 239.8082, 0.00417
1004, 229.7741, 0.0043521
1005, 220.9505, 0.0045259
1006, 216.4877, 0.0046192
1007, 234.9238, 0.0042567
1008, 230.0755, 0.0043464
1009, 240.1191, 0.0041646
1010, 240.3904, 0.0041599
1011, 222.4001, 0.0044964
1012, 220.4002, 0.0045372
1013, 230.2874, 0.0043424
1014, 214.2658, 0.0046671
1015, 198.9416, 0.0050266
1016, 246.7186, 0.0040532
1017, 230.3033, 0.0043421
1018, 225.1036, 0.0044424
1019, 215.1232, 0.0046485
1020, 231.519, 0.0043193
1021, 238.6749, 0.0041898
1022, 221.8279, 0.004508
1023, 230.8349, 0.0043321
1024, 229.0426, 0.004366
1025, 241.0394, 0.0041487
1026, 225.3166, 0.0044382
1027, 233.6503, 0.0042799
1028, 236.4402, 0.0042294
1029, 199.7683, 0.0050058
1030, 200.5495, 0.0049863
1031, 86.66037, 0.0115393
1032, 127.0487, 0.007871
1033, 129.9748, 0.0076938
1034, 121.3651, 0.0082396
1035, 123.7042, 0.0080838
1036, 132.2069, 0.0075639
1037, 71.42398, 0.0140009
1038, 187.663, 0.0053287
1039, 201.0252, 0.0049745
1040, 227.4071, 0.0043974
1041, 194.4353, 0.0051431
1042, 219.4811, 0.0045562
1043, 213.6615, 0.0046803
1044, 212.2511, 0.0047114
1045, 204.3277, 0.0048941
1046, 228.9535, 0.0043677
1047, 218.8136, 0.0045701
1048, 206.2153, 0.0048493
1049, 214.1236, 0.0046702
1050, 215.0491, 0.0046501
1051, 201.8245, 0.0049548
1052, 213.7757, 0.0046778
1053, 224.4064, 0.0044562
1054, 210.9883, 0.0047396
1055, 198.8902, 0.0050279
1056, 215.9174, 0.0046314
1057, 211.3852, 0.0047307
1058, 203.7282, 0.0049085
1059, 219.8527, 0.0045485
1060, 204.0317, 0.0049012
1061, 215.3873, 0.0046428
1062, 188.2955, 0.0053108
1063, 221.7295, 0.00451
1064, 225.9785, 0.0044252
1065, 227.8995, 0.0043879
1066, 226.2034, 0.0044208
1067, 238.635, 0.0041905
1068, 233.9893, 0.0042737
1069, 211.7792, 0.0047219
1070, 232.5473, 0.0043002
1071, 227.0251, 0.0044048
1072, 237.0792, 0.004218
1073, 217.6421, 0.0045947
1074, 216.68, 0.0046151
1075, 240.2402, 0.0041625
1076, 237.3549, 0.0042131
1077, 234.1482, 0.0042708
1078, 209.0432, 0.0047837
1079, 229.1318, 0.0043643
1080, 239.8254, 0.0041697
1081, 203.3471, 0.0049177
1082, 230.7284, 0.0043341
1083, 243.736, 0.0041028
1084, 219.8527, 0.0045485
1085, 205.7274, 0.0048608
1086, 229.1581, 0.0043638
1087, 228.4722, 0.0043769
1088, 214.0228, 0.0046724
1089, 232.6068, 0.0042991
1090, 246.877, 0.0040506
1091, 227.056, 0.0044042
1092, 225.2354, 0.0044398
1093, 238.5724, 0.0041916
1094, 231.7658, 0.0043147
1095, 210.358, 0.0047538
1096, 198.1768, 0.005046
1097, 236.4457, 0.0042293
1098, 210.0973, 0.0047597
1099, 99.39271, 0.0100611
1100, 83.39728, 0.0119908
1101, 71.54867, 0.0139765
1102, 71.22964, 0.0140391
1103, 72.34163, 0.0138233
1104, 71.4398, 0.0139978
1105, 72.06792, 0.0138758
1106, 46.67662, 0.021424
1107, 75.39204, 0.013264
1108, 12.57163, 0.0795442
1109, 66.04802, 0.0151405
1110, 34.24564, 0.0292008
1111, 45.65689, 0.0219025
1112, 147.9027, 0.0067612
1113, 84.23322, 0.0118718
1114, 69.36063, 0.0144174
1115, 70.72486, 0.0141393
1116, 69.88609, 0.014309
1117, 70.96829, 0.0140908
1118, 69.72577, 0.0143419
1119, 71.71235, 0.0139446
1120, 64.09476, 0.0156019
1121, 58.25367, 0.0171663
1122, 193.1098, 0.0051784
1123, 216.1601, 0.0046262
1124, 211.9408, 0.0047183
1125, 177.3679, 0.005638
1126, 190.949, 0.005237
1127, 195.16, 0.005124
1128, 197.6128, 0.0050604
1129, 213.6752, 0.00468
1130, 226.5673, 0.0044137
1131, 209.2006, 0.0047801
1132, 228.7126, 0.0043723
1133, 211.7119, 0.0047234
1134, 218.3263, 0.0045803
1135, 237.0005, 0.0042194
1136, 232.8668, 0.0042943
1137, 236.0551, 0.0042363
1138, 230.139, 0.0043452
1139, 240.3269, 0.004161
1140, 239.9981, 0.0041667
1141, 231.3422, 0.0043226
1142, 228.0086, 0.0043858
1143, 223.2143, 0.00448
1144, 237.7952, 0.0042053
1145, 253.3762, 0.0039467
1146, 220.2837, 0.0045396
1147, 240.5292, 0.0041575
1148, 230.521, 0.004338
1149, 234.4721, 0.0042649
1150, 237.1185, 0.0042173
1151, 246.9441, 0.0040495
1152, 229.321, 0.0043607
1153, 213.0697, 0.0046933
1154, 236.2168, 0.0042334
1155, 232.623, 0.0042988
1156, 239.3089, 0.0041787
1157, 214.0915, 0.0046709
1158, 238.0442, 0.0042009
1159, 244.2539, 0.0040941
1160, 206.4111, 0.0048447
1161, 205.6598, 0.0048624
1162, 236.1163, 0.0042352
1163, 239.435, 0.0041765
1164, 235.4049, 0.004248
1165, 234.0495, 0.0042726
1166, 230.7763, 0.0043332
1167, 238.6863, 0.0041896
1168, 238.9772, 0.0041845
1169, 234.4391, 0.0042655
1170, 231.1711, 0.0043258
1171, 228.8487, 0.0043697
1172, 242.9307, 0.0041164
1173, 232.0509, 0.0043094
1174, 243.2616, 0.0041108
1175, 223.1097, 0.0044821
1176, 231.911, 0.004312
1177, 226.8191, 0.0044088
1178, 39.34638, 0.0254153
1179, 17.76745, 0.0562827
1180, 16.11853, 0.0620404
1181, 19.60627, 0.0510041
1182, 18.01685, 0.0555036
1183, 41.75069, 0.0239517
1184, 36.84639, 0.0271397
1185, 71.07674, 0.0140693
1186, 72.62006, 0.0137703
1187, 72.9991, 0.0136988
1188, 70.84461, 0.0141154
1189, 71.51592, 0.0139829
1190, 72.06376, 0.0138766
1191, 72.14071, 0.0138618
1192, 71.62862, 0.0139609
1193, 72.52158, 0.013789
1194, 71.43214, 0.0139993
1195, 71.6435, 0.013958
1196, 71.50672, 0.0139847
1197, 72.30867, 0.0138296
1198, 72.18132, 0.013854
1199, 71.39848, 0.0140059
1200, 73.48672, 0.0136079
1201, 72.6591, 0.0137629
1202, 70.61498, 0.0141613
1203, 70.50346, 0.0141837
1204, 74.51509, 0.0134201
1205, 71.89796, 0.0139086
1206, 72.00357, 0.0138882
1207, 71.31243, 0.0140228
1208, 71.49445, 0.0139871
1209, 70.36506, 0.0142116
1210, 72.28724, 0.0138337
1211, 72.58738, 0.0137765
1212, 71.90726, 0.0139068
1213, 71.73087, 0.013941
1214, 71.4643, 0.013993
1215, 70.94664, 0.0140951
1216, 71.624, 0.0139618
1217, 72.42178, 0.013808
1218, 72.04663, 0.0138799
1219, 71.36027, 0.0140134
1220, 71.49649, 0.0139867
1221, 69.91051, 0.014304
1222, 73.93223, 0.0135259
1223, 71.7, 0.013947
1224, 70.35912, 0.0142128
1225, 73.45757, 0.0136133
1226, 71.7463, 0.013938
1227, 71.39084, 0.0140074
1228, 71.38013, 0.0140095
1229, 71.79885, 0.0139278
1230, 72.18027, 0.0138542
1231, 71.72315, 0.0139425
1232, 70.93305, 0.0140978
1233, 72.09753, 0.0138701
1234, 71.46788, 0.0139923
1235, 71.64196, 0.0139583
1236, 71.23521, 0.014038
1237, 71.87522, 0.013913
1238, 72.40972, 0.0138103
1239, 71.74116, 0.013939
1240, 71.0732, 0.01407
1241, 71.95694, 0.0138972
1242, 71.82463, 0.0139228
1243, 70.24396, 0.0142361
1244, 72.42651, 0.0138071
1245, 71.08988, 0.0140667
1246, 73.15984, 0.0136687
1247, 71.63631, 0.0139594
1248, 71.60452, 0.0139656
1249, 71.2921, 0.0140268
1250, 71.46584, 0.0139927
1251, 72.18132, 0.013854
1252, 70.31261, 0.0142222
1253, 73.04816, 0.0136896
1254, 70.95872, 0.0140927
1255, 72.51211, 0.0137908
1256, 71.31193, 0.0140229
1257, 72.41182, 0.0138099
1258, 71.49701, 0.0139866
1259, 71.48883, 0.0139882
1260, 71.76742, 0.0139339
1261, 71.04694, 0.0140752
1262, 71.77154, 0.0139331
1263, 72.93733, 0.0137104
1264, 71.29871, 0.0140255
1265, 71.7463, 0.013938
1266, 71.85508, 0.0139169
1267, 72.08765, 0.013872
1268, 71.3455, 0.0140163
1269, 71.51183, 0.0139837
1270, 70.40568, 0.0142034
1271, 73.4484, 0.013615
1272, 71.43163, 0.0139994
1273, 72.11002, 0.0138677
1274, 70.91495, 0.0141014
1275, 72.45432, 0.0138018
1276, 69.76712, 0.0143334
1277, 72.42021, 0.0138083
1278, 72.96927, 0.0137044
1279, 71.91502, 0.0139053
1280, 68.48987, 0.0146007
1281, 75.17271, 0.0133027
1282, 71.65274, 0.0139562
1283, 71.77824, 0.0139318
1284, 71.38574, 0.0140084
1285, 72.10689, 0.0138683
1286, 71.42041, 0.0140016
1287, 71.04443, 0.0140757
1288, 72.0991, 0.0138698
1289, 65.62584, 0.0152379
1290, 81.23543, 0.0123099
1291, 69.79536, 0.0143276
1292, 73.40204, 0.0136236
1293, 71.23877, 0.0140373
1294, 71.78339, 0.0139308
1295, 71.78596, 0.0139303
1296, 71.1911, 0.0140467
1297, 71.71492, 0.0139441
1298, 70.72136, 0.01414
1299, 72.96128, 0.0137059
1300, 70.04567, 0.0142764
1301, 73.17001, 0.0136668
1302, 72.14799, 0.0138604
1303, 71.98906, 0.013891
1304, 71.12932, 0.0140589
1305, 72.81147, 0.0137341
1306, 71.00306, 0.0140839
1307, 71.45358, 0.0139951
1308, 72.02016, 0.013885
1309, 71.3338, 0.0140186
1310, 72.08402, 0.0138727
1311, 70.58658, 0.014167
1312, 71.61477, 0.0139636
1313, 71.62708, 0.0139612
1314, 72.73151, 0.0137492
1315, 72.41496, 0.0138093
1316, 71.55174, 0.0139759
1317, 71.99424, 0.01389
1318, 70.85415, 0.0141135
1319, 72.75638, 0.0137445
1320, 69.25352, 0.0144397
1321, 73.01562, 0.0136957
1322, 72.11521, 0.0138667
1323, 71.7803, 0.0139314
1324, 71.48576, 0.0139888
1325, 70.88479, 0.0141074
1326, 73.44894, 0.0136149
1327, 71.39236, 0.0140071
1328, 71.42041, 0.0140016
1329, 72.6496, 0.0137647
1330, 71.90054, 0.0139081
1331, 34.6204, 0.0288847
1332, 34.07829, 0.0293442
1333, 73.95684, 0.0135214
1334, 74.62408, 0.0134005
1335, 75.63152, 0.013222
1336, 74.03239, 0.0135076
1337, 74.07352, 0.0135001
1338, 71.21493, 0.014042
1339, 72.46482, 0.0137998
1340, 71.48933, 0.0139881
1341, 70.23409, 0.0142381
1342, 36.1894, 0.0276324
1343, 71.22355, 0.0140403
1344, 70.50645, 0.0141831
1345, 73.28423, 0.0136455
1346, 70.76891, 0.0141305
1347, 72.26791, 0.0138374
1348, 72.55525, 0.0137826
1349, 71.81277, 0.0139251
1350, 71.01113, 0.0140823
1351, 70.71535, 0.0141412
1352, 36.39725, 0.0274746
1353, 70.24593, 0.0142357
1354, 72.1532, 0.0138594
1355, 72.02172, 0.0138847
1356, 72.16465, 0.0138572
1357, 71.00407, 0.0140837
1358, 72.3432, 0.013823
1359, 71.72984, 0.0139412
1360, 71.2799, 0.0140292
1361, 70.93003, 0.0140984
1362, 36.15421, 0.0276593
1363, 71.8649, 0.013915
1364, 70.73236, 0.0141378
1365, 71.49598, 0.0139868
1366, 73.39396, 0.0136251
1367, 71.71492, 0.0139441
1368, 70.59704, 0.0141649
1369, 72.812, 0.013734
1370, 71.91399, 0.0139055
1371, 70.90087, 0.0141042
1372, 36.00969, 0.0277703
1373, 71.02676, 0.0140792
1374, 69.56377, 0.0143753
1375, 74.77698, 0.0133731
1376, 72.23972, 0.0138428
1377, 71.91399, 0.0139055
1378, 71.64248, 0.0139582
1379, 71.46686, 0.0139925
1380, 71.80349, 0.0139269
1381, 70.99701, 0.0140851
1382, 35.89672, 0.0278577
1383, 71.00407, 0.0140837
1384, 73.13844, 0.0136727
1385, 72.41654, 0.013809
1386, 70.84411, 0.0141155
1387, 72.29874, 0.0138315
1388, 71.68613, 0.0139497
1389, 71.92537, 0.0139033
1390, 71.50877, 0.0139843
1391, 70.82002, 0.0141203
1392, 36.04149, 0.0277458
1393, 71.75609, 0.0139361
1394, 70.56466, 0.0141714
1395, 73.38264, 0.0136272
1396, 71.19211, 0.0140465
1397, 70.90791, 0.0141028
1398, 72.18549, 0.0138532
1399, 70.94211, 0.014096
1400, 73.06844, 0.0136858
1401, 68.97836, 0.0144973
1402, 33.78344, 0.0296003
1403, 72.7961, 0.013737
1404, 85.24567, 0.0117308
1405, 71.81174, 0.0139253
1406, 70.96678, 0.0140911
1407, 72.25381, 0.0138401
1408, 72.00824, 0.0138873
1409, 71.9409, 0.0139003
1410, 70.94211, 0.014096
1411, 71.81174, 0.0139253
1412, 35.90768, 0.0278492
1413, 71.55635, 0.013975
1414, 72.42546, 0.0138073
1415, 71.70464, 0.0139461
1416, 71.62965, 0.0139607
1417, 70.8416, 0.014116
1418, 72.7569, 0.0137444
1419, 71.94193, 0.0139001
1420, 72.02847, 0.0138834
1421, 70.14394, 0.0142564
1422, 36.13722, 0.0276723
1423, 70.22373, 0.0142402
1424, 72.89533, 0.0137183
1425, 72.27888, 0.0138353
1426, 72.09441, 0.0138707
1427, 71.8365, 0.0139205
1428, 70.79546, 0.0141252
1429, 72.24598, 0.0138416
1430, 71.79266, 0.013929
1431, 70.98441, 0.0140876
1432, 35.76756, 0.0279583
1433, 73.24451, 0.0136529
1434, 71.82257, 0.0139232
1435, 72.20998, 0.0138485
1436, 71.49701, 0.0139866
1437, 71.97817, 0.0138931
1438, 71.54202, 0.0139778
1439, 71.44235, 0.0139973
1440, 70.97786, 0.0140889
1441, 72.28986, 0.0138332
1442, 35.80969, 0.0279254
1443, 72.68023, 0.0137589
1444, 72.20895, 0.0138487
1445, 70.37546, 0.0142095
1446, 72.71775, 0.0137518
1447, 71.85147, 0.0139176
1448, 71.33736, 0.0140179
1449, 72.63958, 0.0137666
1450, 71.41225, 0.0140032
1451, 49.21817, 0.0203177
1452, 28.78228, 0.0347436
1453, 69.84606, 0.0143172
1454, 72.08974, 0.0138716
1455, 71.06361, 0.0140719
1456, 72.2319, 0.0138443
1457, 71.29414, 0.0140264
1458, 72.08402, 0.0138727
1459, 71.78648, 0.0139302
1460, 71.56864, 0.0139726
1461, 70.2405, 0.0142368
1462, 36.54423, 0.0273641
1463, 70.73686, 0.0141369
1464, 71.32515, 0.0140203
1465, 72.14487, 0.013861
1466, 71.70103, 0.0139468
1467, 71.33838, 0.0140177
1468, 72.32279, 0.0138269
1469, 71.79008, 0.0139295
1470, 71.7391, 0.0139394
1471, 71.01517, 0.0140815
1472, 36.23937, 0.0275943
1473, 70.84511, 0.0141153
1474, 71.53485, 0.0139792
1475, 72.5621, 0.0137813
1476, 71.32566, 0.0140202
1477, 71.58298, 0.0139698
1478, 71.74785, 0.0139377
1479, 72.24702, 0.0138414
1480, 71.64709, 0.0139573
1481, 70.88931, 0.0141065
1482, 72.04871, 0.0138795
1483, 72.53052, 0.0137873
1484, 71.96626, 0.0138954
1485, 71.80194, 0.0139272
1486, 71.58708, 0.013969
1487, 71.08634, 0.0140674
1488, 69.21373, 0.014448
1489, 72.40972, 0.0138103
1490, 71.15412, 0.014054
1491, 57.71573, 0.0173263
1492, 87.31565, 0.0114527
1493, 77.10992, 0.0129685
1494, 73.20805, 0.0136597
1495, 71.27075, 0.014031
1496, 70.44784, 0.0141949
1497, 71.65223, 0.0139563
1498, 71.77926, 0.0139316
1499, 71.1911, 0.0140467
1500, 71.97662, 0.0138934
1501, 72.02431, 0.0138842
1502, 68.78194, 0.0145387
1503, 70.81351, 0.0141216
1504, 66.55441, 0.0150253
1505, 76.79902, 0.013021
1506, 35.71977, 0.0279957
1507, 37.69858, 0.0265262
1508, 64.30124, 0.0155518
1509, 37.32095, 0.0267946
1510, 71.50928, 0.0139842
1511, 72.82579, 0.0137314
1512, 67.18127, 0.0148851
1513, 76.54389, 0.0130644
1514, 72.99483, 0.0136996
1515, 73.51698, 0.0136023
1516, 71.30786, 0.0140237
1517, 70.88328, 0.0141077
1518, 71.90779, 0.0139067
1519, 69.97509, 0.0142908
1520, 74.21922, 0.0134736
1521, 72.59634, 0.0137748
1522, 68.56735, 0.0145842
1523, 73.1085, 0.0136783
1524, 70.83708, 0.0141169
1525, 70.20499, 0.014244
1526, 73.2837, 0.0136456
1527, 67.5028, 0.0148142
1528, 61.71697, 0.016203
1529, 69.39625, 0.01441
1530, 72.6132, 0.0137716
1531, 71.56198, 0.0139739
1532, 26.13682, 0.0382602
1533, 35.14568, 0.028453
1534, 62.11797, 0.0160984
1535, 89.99442, 0.0111118
1536, 73.30733, 0.0136412
1537, 72.04144, 0.0138809
1538, 70.38932, 0.0142067
1539, 74.64581, 0.0133966
1540, 72.38456, 0.0138151
1541, 71.26162, 0.0140328
1542, 70.69386, 0.0141455
1543, 67.40361, 0.014836
1544, 75.54182, 0.0132377
1545, 59.19191, 0.0168942
1546, 73.75665, 0.0135581
1547, 87.60403, 0.011415
1548, 72.99323, 0.0136999
1549, 70.53529, 0.0141773
1550, 72.58316, 0.0137773
1551, 73.3111, 0.0136405
1552, 71.33939, 0.0140175
1553, 71.27837, 0.0140295
1554, 73.43438, 0.0136176
1555, 68.1984, 0.0146631
1556, 61.13852, 0.0163563
1557, 94.51617, 0.0105802
1558, 70.924, 0.0140996
1559, 75.0638, 0.013322
1560, 72.03521, 0.0138821
1561, 71.70258, 0.0139465
1562, 70.7664, 0.014131
1563, 70.3601, 0.0142126
1564, 70.88528, 0.0141073
1565, 74.40974, 0.0134391
1566, 72.40972, 0.0138103
1567, 68.77768, 0.0145396
1568, 72.39504, 0.0138131
1569, 71.34296, 0.0140168
1570, 72.67812, 0.0137593
1571, 74.4463, 0.0134325
1572, 28.91945, 0.0345788
1573, 87.38967, 0.011443
1574, 86.99662, 0.0114947
1575, 80.68616, 0.0123937
1576, 71.69024, 0.0139489
1577, 52.94703, 0.0188868
1578, 95.12576, 0.0105124
1579, 81.53548, 0.0122646
1580, 71.30634, 0.014024
1581, 72.62534, 0.0137693
1582, 70.89986, 0.0141044
1583, 72.36728, 0.0138184
1584, 72.19904, 0.0138506
1585, 71.21746, 0.0140415
1586, 71.74219, 0.0139388
1587, 72.68762, 0.0137575
1588, 71.2799, 0.0140292
1589, 70.72936, 0.0141384
1590, 71.24486, 0.0140361
1591, 70.96577, 0.0140913
1592, 71.0081, 0.0140829
1593, 72.74579, 0.0137465
1594, 72.04767, 0.0138797
1595, 62.82512, 0.0159172
1596, 79.52477, 0.0125747
1597, 62.97943, 0.0158782
1598, 89.66519, 0.0111526
1599, 69.56763, 0.0143745
1600, 72.12717, 0.0138644
1601, 70.28345, 0.0142281
1602, 73.70772, 0.0135671
1603, 70.93356, 0.0140977
1604, 73.02734, 0.0136935
1605, 71.51899, 0.0139823
1606, 71.86283, 0.0139154
1607, 67.87069, 0.0147339
1608, 76.60546, 0.0130539
1609, 72.20998, 0.0138485
1610, 71.63016, 0.0139606
1611, 70.18627, 0.0142478
1612, 74.39314, 0.0134421
1613, 68.89092, 0.0145157
1614, 71.96886, 0.0138949
1615, 72.68128, 0.0137587
1616, 72.48163, 0.0137966
1617, 70.77943, 0.0141284
1618, 70.63943, 0.0141564
1619, 75.27116, 0.0132853
1620, 71.7252, 0.0139421
1621, 70.90388, 0.0141036
1622, 71.9932, 0.0138902
1623, 72.12197, 0.0138654
1624, 72.34947, 0.0138218
1625, 70.93456, 0.0140975
1626, 69.74181, 0.0143386
1627, 71.81895, 0.0139239
1628, 75.20889, 0.0132963
1629, 70.59255, 0.0141658
1630, 75.41137, 0.0132606
1631, 72.52052, 0.0137892
1632, 71.48167, 0.0139896
1633, 71.73807, 0.0139396
1634, 71.73293, 0.0139406
1635, 71.35569, 0.0140143
1636, 72.61954, 0.0137704
1637, 68.68085, 0.0145601
1638, 70.95772, 0.0140929
1639, 72.93626, 0.0137106
1640, 74.0461, 0.0135051
1641, 72.89905, 0.0137176
1642, 71.35619, 0.0140142
1643, 72.03832, 0.0138815
1644, 71.85973, 0.013916
1645, 71.73138, 0.0139409
1646, 71.51797, 0.0139825
1647, 72.35052, 0.0138216
1648, 71.20631, 0.0140437
1649, 71.59016, 0.0139684
1650, 72.54472, 0.0137846
1651, 70.81702, 0.0141209
1652, 72.94212, 0.0137095
1653, 71.56915, 0.0139725
1654, 71.42755, 0.0140002
1655, 72.02587, 0.0138839
1656, 72.01031, 0.0138869
1657, 72.06999, 0.0138754
1658, 71.36842, 0.0140118
1659, 72.06792, 0.0138758
1660, 71.76896, 0.0139336
1661, 70.9406, 0.0140963
1662, 71.72675, 0.0139418
1663, 72.46062, 0.0138006
1664, 71.75403, 0.0139365
1665, 72.86028, 0.0137249
1666, 71.46022, 0.0139938
1667, 71.66148, 0.0139545
1668, 71.89641, 0.0139089
1669, 72.18027, 0.0138542
1670, 69.90074, 0.014306
1671, 73.52509, 0.0136008
1672, 71.30582, 0.0140241
1673, 71.88711, 0.0139107
1674, 72.27888, 0.0138353
1675, 71.93106, 0.0139022
1676, 71.44439, 0.0139969
1677, 72.28358, 0.0138344
1678, 70.77041, 0.0141302
1679, 72.6227, 0.0137698
1680, 72.00461, 0.013888
1681, 71.7906, 0.0139294
1682, 71.02273, 0.01408
1683, 72.26373, 0.0138382
1684, 71.79627, 0.0139283
1685, 72.40134, 0.0138119
1686, 71.7906, 0.0139294
1687, 71.96626, 0.0138954
1688, 67.73875, 0.0147626
1689, 73.14219, 0.013672
1690, 71.38574, 0.0140084
1691, 71.74322, 0.0139386
1692, 69.9746, 0.0142909
1693, 74.9451, 0.0133431
1694, 67.46864, 0.0148217
1695, 73.34067, 0.013635
1696, 71.85353, 0.0139172
1697, 74.45573, 0.0134308
1698, 71.37402, 0.0140107
1699, 72.33116, 0.0138253
1700, 70.43196, 0.0141981
1701, 73.09942, 0.01368
1702, 64.4168, 0.0155239
1703, 71.98077, 0.0138926
1704, 67.69518, 0.0147721
1705, 85.77801, 0.011658
1706, 67.07583, 0.0149085
1707, 68.78053, 0.014539
1708, 79.64574, 0.0125556
1709, 72.11365, 0.013867
1710, 65.32148, 0.0153089
1711, 81.58869, 0.0122566
1712, 64.38197, 0.0155323
1713, 80.69852, 0.0123918
1714, 62.26844, 0.0160595
1715, 74.25669, 0.0134668
1716, 82.7253, 0.0120882
1717, 71.93003, 0.0139024
1718, 70.84411, 0.0141155
1719, 71.44439, 0.0139969
1720, 72.45326, 0.013802
1721, 71.62811, 0.013961
1722, 71.87212, 0.0139136
1723, 71.32566, 0.0140202
1724, 72.40868, 0.0138105
1725, 75.14503, 0.0133076
1726, 69.90123, 0.0143059
1727, 73.00282, 0.0136981
1728, 70.90237, 0.0141039
1729, 71.39084, 0.0140074
1730, 64.65336, 0.0154671
1731, 56.9833, 0.017549
1732, 90.93472, 0.0109969
1733, 77.59818, 0.0128869
1734, 73.81, 0.0135483
1735, 76.85391, 0.0130117
1736, 72.35314, 0.0138211
1737, 73.20322, 0.0136606
1738, 60.39158, 0.0165586
1739, 73.40582, 0.0136229
1740, 91.03323, 0.010985
1741, 70.82805, 0.0141187
1742, 60.57265, 0.0165091
1743, 79.35374, 0.0126018
1744, 70.40073, 0.0142044
1745, 72.92297, 0.0137131
1746, 79.22737, 0.0126219
1747, 61.46772, 0.0162687
1748, 79.34304, 0.0126035
1749, 72.60213, 0.0137737
1750, 69.54393, 0.0143794
1751, 75.37613, 0.0132668
1752, 71.59221, 0.013968
1753, 75.37215, 0.0132675
1754, 71.03333, 0.0140779
1755, 72.12717, 0.0138644
1756, 72.60266, 0.0137736
1757, 70.03341, 0.0142789
1758, 71.90158, 0.0139079
1759, 73.17216, 0.0136664
1760, 70.68287, 0.0141477
1761, 71.16728, 0.0140514
1762, 72.99643, 0.0136993
1763, 72.69925, 0.0137553
1764, 71.71646, 0.0139438
1765, 72.27314, 0.0138364
1766, 71.55737, 0.0139748
1767, 71.95642, 0.0138973
1768, 72.04974, 0.0138793
1769, 69.99371, 0.014287
1770, 73.41066, 0.013622
1771, 71.76072, 0.0139352
1772, 70.95419, 0.0140936
1773, 71.07573, 0.0140695
1774, 73.05189, 0.0136889
1775, 71.89279, 0.0139096
1776, 71.8334, 0.0139211
1777, 71.40664, 0.0140043
1778, 72.58316, 0.0137773
1779, 70.06874, 0.0142717
1780, 73.43654, 0.0136172
1781, 72.43333, 0.0138058
1782, 71.27686, 0.0140298
1783, 71.36994, 0.0140115
1784, 72.65066, 0.0137645
1785, 71.71852, 0.0139434
1786, 71.87006, 0.013914
1787, 71.81329, 0.013925
1788, 71.33939, 0.0140175
1789, 72.20321, 0.0138498
1790, 71.49802, 0.0139864
1791, 71.18958, 0.014047
1792, 72.37461, 0.013817
1793, 72.33744, 0.0138241
1794, 70.75789, 0.0141327
1795, 72.676, 0.0137597
1796, 71.16475, 0.0140519
1797, 71.99268, 0.0138903
1798, 72.12041, 0.0138657
1799, 70.23064, 0.0142388
1800, 71.91658, 0.013905
1801, 72.28933, 0.0138333
1802, 73.42683, 0.013619
1803, 71.53434, 0.0139793
1804, 71.74991, 0.0139373
1805, 71.32769, 0.0140198
1806, 72.25069, 0.0138407
1807, 71.99632, 0.0138896
1808, 71.26111, 0.0140329
1809, 72.45957, 0.0138008
1810, 71.05604, 0.0140734
1811, 72.38823, 0.0138144
1812, 71.38574, 0.0140084
1813, 72.04404, 0.0138804
1814, 71.95383, 0.0138978
1815, 68.92749, 0.014508
1816, 73.12828, 0.0136746
1817, 73.74468, 0.0135603
1818, 72.16205, 0.0138577
1819, 71.91193, 0.0139059
1820, 71.88245, 0.0139116
1821, 70.98643, 0.0140872
1822, 71.60503, 0.0139655
1823, 72.69872, 0.0137554
1824, 70.90438, 0.0141035
1825, 72.56473, 0.0137808
1826, 71.8071, 0.0139262
1827, 70.4985, 0.0141847
1828, 73.55592, 0.0135951
1829, 71.6358, 0.0139595
1830, 71.48933, 0.0139881
1831, 71.81071, 0.0139255
1832, 70.92551, 0.0140993
1833, 73.03482, 0.0136921
1834, 71.44745, 0.0139963
1835, 72.40238, 0.0138117
1836, 71.66148, 0.0139545
1837, 71.30989, 0.0140233
1838, 70.71986, 0.0141403
1839, 72.59528, 0.013775
1840, 72.90277, 0.0137169
1841, 71.11111, 0.0140625
1842, 72.37933, 0.0138161
1843, 71.7391, 0.0139394
1844, 72.12405, 0.013865
1845, 70.18578, 0.0142479
1846, 73.29121, 0.0136442
1847, 71.24486, 0.0140361
1848, 71.74785, 0.0139377
1849, 71.59939, 0.0139666
1850, 72.62639, 0.0137691
1851, 69.00787, 0.0144911
1852, 74.89122, 0.0133527
1853, 71.78957, 0.0139296
1854, 71.76124, 0.0139351
1855, 71.87367, 0.0139133
1856, 71.88711, 0.0139107
1857, 71.20326, 0.0140443
1858, 72.95862, 0.0137064
1859, 71.22659, 0.0140397
1860, 71.12325, 0.0140601
1861, 72.36832, 0.0138182
1862, 69.33418, 0.0144229
1863, 73.59976, 0.013587
1864, 73.07484, 0.0136846
1865, 71.87988, 0.0139121
1866, 71.2606, 0.014033
1867, 71.59785, 0.0139669
1868, 72.06324, 0.0138767
1869, 71.91813, 0.0139047
1870, 71.68099, 0.0139507
1871, 70.74087, 0.0141361
1872, 73.33421, 0.0136362
1873, 71.84992, 0.0139179
1874, 71.15057, 0.0140547
1875, 71.48167, 0.0139896
1876, 72.80935, 0.0137345
1877, 71.69692, 0.0139476
1878, 71.34652, 0.0140161
1879, 70.54873, 0.0141746
1880, 73.61981, 0.0135833
1881, 70.91998, 0.0141004
1882, 71.50928, 0.0139842
1883, 71.36282, 0.0140129
1884, 73.41066, 0.013622
1885, 71.78751, 0.01393
1886, 71.99165, 0.0138905
1887, 71.59273, 0.0139679
1888, 72.36885, 0.0138181
1889, 71.32566, 0.0140202
1890, 71.72417, 0.0139423
1891, 72.12405, 0.013865
1892, 71.42448, 0.0140008
1893, 69.79682, 0.0143273
1894, 73.76046, 0.0135574
1895, 72.23816, 0.0138431
1896, 71.87729, 0.0139126
1897, 71.85508, 0.0139169
1898, 71.61169, 0.0139642
1899, 71.85353, 0.0139172
1900, 72.00098, 0.0138887
1901, 71.39084, 0.0140074
1902, 71.87109, 0.0139138
1903, 71.7319, 0.0139408
1904, 70.41906, 0.0142007
1905, 73.39396, 0.0136251
1906, 72.24651, 0.0138415
1907, 72.09805, 0.01387
1908, 71.37249, 0.014011
1909, 71.83598, 0.0139206
1910, 71.75042, 0.0139372
1911, 71.80761, 0.0139261
1912, 71.56301, 0.0139737
1913, 72.36047, 0.0138197
1914, 71.30684, 0.0140239
1915, 71.50417, 0.0139852
1916, 70.75288, 0.0141337
1917, 73.9377, 0.0135249
1918, 71.53793, 0.0139786
1919, 72.10533, 0.0138686
1920, 71.49598, 0.0139868
1921, 71.78545, 0.0139304
1922, 72.23241, 0.0138442
1923, 69.47919, 0.0143928
1924, 74.6096, 0.0134031
1925, 71.62656, 0.0139613
1926, 70.71886, 0.0141405
1927, 72.58474, 0.013777
1928, 71.74374, 0.0139385
1929, 72.46377, 0.0138
1930, 71.74374, 0.0139385
1931, 71.83753, 0.0139203
1932, 71.48372, 0.0139892
1933, 71.95073, 0.0138984
1934, 71.85664, 0.0139166
1935, 72.27574, 0.0138359
1936, 71.04645, 0.0140753
1937, 70.84612, 0.0141151
1938, 72.81412, 0.0137336
1939, 71.81895, 0.0139239
1940, 72.64802, 0.013765
1941, 71.25045, 0.014035
1942, 68.8691, 0.0145203
1943, 71.91141, 0.013906
1944, 69.70682, 0.0143458
1945, 61.87621, 0.0161613
1946, 79.10641, 0.0126412
1947, 79.47231, 0.012583
1948, 69.98048, 0.0142897
1949, 73.093, 0.0136812
1950, 69.70779, 0.0143456
1951, 72.82738, 0.0137311
1952, 71.55328, 0.0139756
1953, 71.03534, 0.0140775
1954, 74.8503, 0.01336
1955, 74.88842, 0.0133532
1956, 71.45818, 0.0139942
1957, 72.37775, 0.0138164
1958, 69.78416, 0.0143299
1959, 69.38036, 0.0144133
1960, 73.11385, 0.0136773
1961, 74.11855, 0.0134919
1962, 71.12881, 0.014059
1963, 72.05026, 0.0138792
1964, 70.73236, 0.0141378
1965, 72.51842, 0.0137896
1966, 64.99331, 0.0153862
1967, 64.5153, 0.0155002
1968, 84.87524, 0.011782
1969, 74.57178, 0.0134099
1970, 67.75389, 0.0147593
1971, 69.47195, 0.0143943
1972, 78.41354, 0.0127529
1973, 76.37961, 0.0130925
1974, 71.286, 0.014028
1975, 73.12828, 0.0136746
1976, 71.07018, 0.0140706
1977, 72.41077, 0.0138101
1978, 70.25136, 0.0142346
1979, 69.87339, 0.0143116
1980, 70.0874, 0.0142679
1981, 65.35862, 0.0153002
1982, 78.35639, 0.0127622
1983, 79.15588, 0.0126333
1984, 72.04144, 0.0138809
1985, 72.1834, 0.0138536
1986, 67.91264, 0.0147248
1987, 74.93219, 0.0133454
1988, 53.00456, 0.0188663
1989, 83.89333, 0.0119199
1990, 84.9921, 0.0117658
1991, 75.7094, 0.0132084
1992, 19.23221, 0.0519961
