Frame, FPS, Frame Time
1, 50, 0.02
2, 50, 0.02
3, 3, 0.3333333
4, 5.20417, 0.1921536
5, 84.38534, 0.0118504
6, 97.71159, 0.0102342
7, 71.48781, 0.0139884
8, 72.26164, 0.0138386
9, 73.55537, 0.0135952
10, 71.25349, 0.0140344
11, 68.07027, 0.0146907
12, 74.87384, 0.0133558
13, 70.53082, 0.0141782
14, 73.91803, 0.0135285
15, 72.0404, 0.0138811
16, 70.64392, 0.0141555
17, 71.75918, 0.0139355
18, 73.85579, 0.0135399
19, 70.64442, 0.0141554
20, 71.96833, 0.013895
21, 72.1329, 0.0138633
22, 71.88194, 0.0139117
23, 71.9202, 0.0139043
24, 71.87781, 0.0139125
25, 72.03728, 0.0138817
26, 10.25274, 0.0975349
27, 72.4349, 0.0138055
28, 71.55328, 0.0139756
29, 72.03937, 0.0138813
30, 71.77926, 0.0139316
31, 70.54127, 0.0141761
32, 72.87833, 0.0137215
33, 72.41707, 0.0138089
34, 71.11971, 0.0140608
35, 72.38352, 0.0138153
36, 70.96275, 0.0140919
37, 72.00305, 0.0138883
38, 72.14122, 0.0138617
39, 72.09181, 0.0138712
40, 71.94918, 0.0138987
41, 71.04694, 0.0140752
42, 72.54209, 0.0137851
43, 71.96471, 0.0138957
44, 71.85043, 0.0139178
45, 71.63067, 0.0139605
46, 71.51183, 0.0139837
47, 72.17872, 0.0138545
48, 70.49502, 0.0141854
49, 73.67459, 0.0135732
50, 49.18645, 0.0203308
51, 67.75573, 0.0147589
52, 10.27492, 0.0973244
53, 4.26185, 0.2346399
54, 69.67719, 0.0143519
55, 67.58263, 0.0147967
56, 69.6374, 0.0143601
57, 68.00038, 0.0147058
58, 35.49498, 0.028173
59, 35.03474, 0.0285431
60, 68.95173, 0.0145029
61, 71.31193, 0.0140229
62, 69.71994, 0.0143431
63, 71.0823, 0.0140682
64, 72.84382, 0.013728
65, 71.00558, 0.0140834
66, 71.56352, 0.0139736
67, 71.10454, 0.0140638
68, 68.95791, 0.0145016
69, 73.6236, 0.0135826
70, 72.80299, 0.0137357
71, 45.14571, 0.0221505
72, 53.64721, 0.0186403
73, 80.84924, 0.0123687
74, 73.64258, 0.0135791
75, 71.01214, 0.0140821
76, 69.47195, 0.0143943
77, 67.98882, 0.0147083
78, 36.36589, 0.0274983
79, 74.48124, 0.0134262
80, 72.02276, 0.0138845
81, 71.7566, 0.013936
82, 70.27308, 0.0142302
83, 71.80916, 0.0139258
84, 75.37386, 0.0132672
85, 71.29108, 0.014027
86, 72.22877, 0.0138449
87, 71.19921, 0.0140451
88, 70.77692, 0.0141289
89, 71.98698, 0.0138914
90, 71.77, 0.0139334
91, 70.47713, 0.014189
92, 72.11313, 0.0138671
93, 71.89848, 0.0139085
94, 71.89486, 0.0139092
95, 71.93727, 0.013901
96, 70.8667, 0.014111
97, 71.82979, 0.0139218
98, 72.33691, 0.0138242
99, 71.56762, 0.0139728
100, 71.40002, 0.0140056
101, 71.65685, 0.0139554
102, 71.60246, 0.013966
103, 70.0658, 0.0142723
104, 73.07965, 0.0136837
105, 71.99528, 0.0138898
106, 71.868, 0.0139144
107, 71.90054, 0.0139081
108, 71.53587, 0.013979
109, 71.06815, 0.014071
110, 72.12978, 0.0138639
111, 71.6923, 0.0139485
112, 71.91037, 0.0139062
113, 71.9083, 0.0139066
114, 71.36179, 0.0140131
115, 69.41696, 0.0144057
116, 74.57511, 0.0134093
117, 72.04663, 0.0138799
118, 71.0414, 0.0140763
119, 70.06923, 0.0142716
120, 74.69097, 0.0133885
121, 70.01331, 0.014283
122, 71.33533, 0.0140183
123, 74.16307, 0.0134838
124, 70.52187, 0.01418
125, 73.45703, 0.0136134
126, 69.95257, 0.0142954
127, 71.09695, 0.0140653
128, 72.72727, 0.01375
129, 72.55894, 0.0137819
130, 72.0835, 0.0138728
131, 71.6625, 0.0139543
132, 71.40052, 0.0140055
133, 70.34724, 0.0142152
134, 72.99483, 0.0136996
135, 73.12668, 0.0136749
136, 71.53638, 0.0139789
137, 70.80899, 0.0141225
138, 72.30187, 0.0138309
139, 71.47656, 0.0139906
140, 71.49496, 0.013987
141, 71.9052, 0.0139072
142, 71.8494, 0.013918
143, 71.29362, 0.0140265
144, 70.97484, 0.0140895
145, 72.85338, 0.0137262
146, 71.43112, 0.0139995
147, 71.90158, 0.0139079
148, 70.995, 0.0140855
149, 72.16621, 0.0138569
150, 72.02224, 0.0138846
151, 70.56416, 0.0141715
152, 73.36327, 0.0136308
153, 71.07927, 0.0140688
154, 71.58504, 0.0139694
155, 72.15997, 0.0138581
156, 72.45484, 0.0138017
157, 71.20782, 0.0140434
158, 71.97766, 0.0138932
159, 71.93003, 0.0139024
160, 71.3343, 0.0140185
161, 72.34006, 0.0138236
162, 71.52513, 0.0139811
163, 71.36434, 0.0140126
164, 72.51001, 0.0137912
165, 72.07259, 0.0138749
166, 71.23521, 0.014038
167, 72.40029, 0.0138121
168, 71.57838, 0.0139707
169, 71.49445, 0.0139871
170, 70.91444, 0.0141015
171, 72.79822, 0.0137366
172, 72.03417, 0.0138823
173, 71.85043, 0.0139178
174, 71.85818, 0.0139163
175, 71.38013, 0.0140095
176, 71.34296, 0.0140168
177, 71.81638, 0.0139244
178, 71.7942, 0.0139287
179, 71.95435, 0.0138977
180, 71.9673, 0.0138952
181, 71.27482, 0.0140302
182, 69.70535, 0.0143461
183, 73.95082, 0.0135225
184, 72.31024, 0.0138293
185, 71.83443, 0.0139209
186, 71.34194, 0.014017
187, 72.01447, 0.0138861
188, 70.87424, 0.0141095
189, 71.98129, 0.0138925
190, 72.22094, 0.0138464
191, 72.1558, 0.0138589
192, 70.67437, 0.0141494
193, 71.7803, 0.0139314
194, 71.56864, 0.0139726
195, 73.71098, 0.0135665
196, 71.54816, 0.0139766
197, 71.73293, 0.0139406
198, 71.57377, 0.0139716
199, 71.95176, 0.0138982
200, 71.29972, 0.0140253
201, 72.85444, 0.013726
202, 70.64941, 0.0141544
203, 72.18184, 0.0138539
204, 72.28777, 0.0138336
205, 71.38116, 0.0140093
206, 71.44898, 0.013996
207, 73.07805, 0.013684
208, 71.14653, 0.0140555
209, 71.90003, 0.0139082
210, 71.76948, 0.0139335
211, 71.60349, 0.0139658
212, 69.71313, 0.0143445
213, 73.86997, 0.0135373
214, 71.57838, 0.0139707
215, 71.90365, 0.0139075
216, 71.68562, 0.0139498
217, 71.9295, 0.0139025
218, 70.5791, 0.0141685
219, 71.47452, 0.013991
220, 73.36488, 0.0136305
221, 71.52564, 0.013981
222, 71.56659, 0.013973
223, 70.97031, 0.0140904
224, 72.34267, 0.0138231
225, 72.05493, 0.0138783
226, 72.05753, 0.0138778
227, 71.70515, 0.013946
228, 72.01134, 0.0138867
229, 71.39236, 0.0140071
230, 70.75388, 0.0141335
231, 73.64095, 0.0135794
232, 71.45869, 0.0139941
233, 71.5103, 0.013984
234, 71.84785, 0.0139183
235, 71.04694, 0.0140752
236, 71.86283, 0.0139154
237, 73.12347, 0.0136755
238, 70.85766, 0.0141128
239, 72.77279, 0.0137414
240, 71.38574, 0.0140084
241, 71.98958, 0.0138909
242, 71.45358, 0.0139951
243, 72.11053, 0.0138676
244, 71.15361, 0.0140541
245, 72.1834, 0.0138536
246, 71.50928, 0.0139842
247, 71.81432, 0.0139248
248, 71.71646, 0.0139438
249, 71.68202, 0.0139505
250, 70.91444, 0.0141015
251, 72.72305, 0.0137508
252, 71.78905, 0.0139297
253, 71.89486, 0.0139092
254, 69.49512, 0.0143895
255, 74.14877, 0.0134864
256, 71.5794, 0.0139705
257, 70.72586, 0.0141391
258, 72.75108, 0.0137455
259, 71.83031, 0.0139217
260, 71.40358, 0.0140049
261, 71.51439, 0.0139832
262, 71.62041, 0.0139625
263, 71.9761, 0.0138935
264, 71.38879, 0.0140078
265, 71.39084, 0.0140074
266, 72.95808, 0.0137065
267, 71.94865, 0.0138988
268, 71.56249, 0.0139738
269, 71.62041, 0.0139625
270, 71.58043, 0.0139703
271, 72.44959, 0.0138027
272, 71.19668, 0.0140456
273, 72.1329, 0.0138633
274, 71.72212, 0.0139427
275, 71.84837, 0.0139182
276, 71.49905, 0.0139862
277, 71.95746, 0.0138971
278, 71.74374, 0.0139385
279, 71.10606, 0.0140635
280, 72.78285, 0.0137395
281, 71.85664, 0.0139166
282, 71.38879, 0.0140078
283, 71.33736, 0.0140179
284, 72.9991, 0.0136988
285, 70.59853, 0.0141646
286, 73.14326, 0.0136718
287, 71.55072, 0.0139761
288, 72.25642, 0.0138396
289, 71.25248, 0.0140346
290, 71.66045, 0.0139547
291, 70.79245, 0.0141258
292, 73.45596, 0.0136136
293, 71.38371, 0.0140088
294, 71.42908, 0.0139999
295, 72.72833, 0.0137498
296, 71.64299, 0.0139581
297, 70.83809, 0.0141167
298, 71.91761, 0.0139048
299, 72.65066, 0.0137645
300, 71.81947, 0.0139238
301, 71.46124, 0.0139936
302, 71.44235, 0.0139973
303, 71.30735, 0.0140238
304, 71.63888, 0.0139589
305, 73.31969, 0.0136389
306, 71.56301, 0.0139737
307, 71.20225, 0.0140445
308, 71.90572, 0.0139071
309, 70.96074, 0.0140923
310, 73.01988, 0.0136949
311, 71.6666, 0.0139535
312, 71.74167, 0.0139389
313, 70.95923, 0.0140926
314, 72.33273, 0.013825
315, 71.41378, 0.0140029
316, 73.56565, 0.0135933
317, 70.70186, 0.0141439
318, 72.19747, 0.0138509
319, 71.39033, 0.0140075
320, 71.39491, 0.0140066
321, 72.34529, 0.0138226
322, 71.77205, 0.013933
323, 72.51631, 0.01379
324, 71.4643, 0.013993
325, 71.96368, 0.0138959
326, 71.72932, 0.0139413
327, 70.8416, 0.014116
328, 73.17216, 0.0136664
329, 71.29617, 0.014026
330, 72.40553, 0.0138111
331, 71.83856, 0.0139201
332, 70.82002, 0.0141203
333, 71.59631, 0.0139672
334, 72.43858, 0.0138048
335, 71.81999, 0.0139237
336, 71.72263, 0.0139426
337, 71.81483, 0.0139247
338, 69.69127, 0.014349
339, 72.15736, 0.0138586
340, 73.73109, 0.0135628
341, 70.87473, 0.0141094
342, 71.82257, 0.0139232
343, 71.15716, 0.0140534
344, 72.95649, 0.0137068
345, 70.84361, 0.0141156
346, 72.32488, 0.0138265
347, 72.55367, 0.0137829
348, 70.53678, 0.014177
349, 72.68446, 0.0137581
350, 71.64452, 0.0139578
351, 70.75939, 0.0141324
352, 73.67351, 0.0135734
353, 68.58006, 0.0145815
354, 74.87272, 0.013356
355, 71.13337, 0.0140581
356, 72.00979, 0.013887
357, 70.5547, 0.0141734
358, 73.41335, 0.0136215
359, 73.20966, 0.0136594
360, 70.83658, 0.014117
361, 72.64539, 0.0137655
362, 71.31091, 0.0140231
363, 70.61399, 0.0141615
364, 73.77678, 0.0135544
365, 71.59375, 0.0139677
366, 69.58458, 0.014371
367, 74.45628, 0.0134307
368, 71.09039, 0.0140666
369, 70.70736, 0.0141428
370, 73.94535, 0.0135235
371, 71.5958, 0.0139673
372, 71.22507, 0.01404
373, 71.8649, 0.013915
374, 70.61748, 0.0141608
375, 72.42546, 0.0138073
376, 72.43018, 0.0138064
377, 71.23775, 0.0140375
378, 72.15632, 0.0138588
379, 71.30176, 0.0140249
380, 71.87006, 0.013914
381, 71.87316, 0.0139134
382, 71.68459, 0.01395
383, 71.53025, 0.0139801
384, 71.72366, 0.0139424
385, 72.45326, 0.013802
386, 71.29057, 0.0140271
387, 71.48014, 0.0139899
388, 72.4538, 0.0138019
389, 71.77, 0.0139334
390, 71.15614, 0.0140536
391, 72.8847, 0.0137203
392, 71.77772, 0.0139319
393, 71.36078, 0.0140133
394, 71.82566, 0.0139226
395, 72.43752, 0.013805
396, 71.79678, 0.0139282
397, 71.77154, 0.0139331
398, 71.78596, 0.0139303
399, 71.8004, 0.0139275
400, 71.87988, 0.0139121
401, 71.73756, 0.0139397
402, 70.3136, 0.014222
403, 72.11781, 0.0138662
404, 73.72511, 0.0135639
405, 71.73807, 0.0139396
406, 70.55818, 0.0141727
407, 72.73574, 0.0137484
408, 70.50595, 0.0141832
409, 72.68076, 0.0137588
410, 71.55686, 0.0139749
411, 72.1709, 0.013856
412, 69.99909, 0.0142859
413, 73.99844, 0.0135138
414, 70.58757, 0.0141668
415, 72.71987, 0.0137514
416, 71.66712, 0.0139534
417, 71.72623, 0.0139419
418, 70.82554, 0.0141192
419, 73.32991, 0.013637
420, 71.76896, 0.0139336
421, 71.44898, 0.013996
422, 71.72366, 0.0139424
423, 71.23471, 0.0140381
424, 71.38166, 0.0140092
425, 73.80618, 0.013549
426, 71.54457, 0.0139773
427, 71.99165, 0.0138905
428, 71.12527, 0.0140597
429, 72.40448, 0.0138113
430, 70.13508, 0.0142582
431, 74.05268, 0.0135039
432, 71.58606, 0.0139692
433, 72.11002, 0.0138677
434, 70.77742, 0.0141288
435, 72.22668, 0.0138453
436, 70.5348, 0.0141774
437, 73.8929, 0.0135331
438, 71.24892, 0.0140353
439, 72.18966, 0.0138524
440, 72.05961, 0.0138774
441, 70.84712, 0.0141149
442, 70.87825, 0.0141087
443, 72.75373, 0.013745
444, 71.92692, 0.013903
445, 71.97766, 0.0138932
446, 71.7, 0.013947
447, 72.07831, 0.0138738
448, 71.01517, 0.0140815
449, 72.83321, 0.01373
450, 71.3944, 0.0140067
451, 71.43725, 0.0139983
452, 71.99839, 0.0138892
453, 71.45, 0.0139958
454, 71.32566, 0.0140202
455, 72.88948, 0.0137194
456, 71.58657, 0.0139691
457, 72.34738, 0.0138222
458, 70.50943, 0.0141825
459, 73.04602, 0.01369
460, 70.70536, 0.0141432
461, 72.90224, 0.013717
462, 70.86871, 0.0141106
463, 72.95383, 0.0137073
464, 72.09702, 0.0138702
465, 71.43419, 0.0139989
466, 71.15614, 0.0140536
467, 72.65752, 0.0137632
468, 71.98802, 0.0138912
469, 71.91502, 0.0139053
470, 71.72778, 0.0139416
471, 71.85508, 0.0139169
472, 70.76189, 0.0141319
473, 73.31647, 0.0136395
474, 71.1192, 0.0140609
475, 72.186, 0.0138531
476, 72.04871, 0.0138795
477, 71.68304, 0.0139503
478, 70.44833, 0.0141948
479, 73.20269, 0.0136607
480, 71.54457, 0.0139773
481, 71.42755, 0.0140002
482, 71.01062, 0.0140824
483, 73.18233, 0.0136645
484, 71.57121, 0.0139721
485, 71.71697, 0.0139437
486, 71.68819, 0.0139493
487, 71.22253, 0.0140405
488, 71.32464, 0.0140204
489, 73.20269, 0.0136607
490, 70.52087, 0.0141802
491, 72.55894, 0.0137819
492, 73.25954, 0.0136501
493, 71.65942, 0.0139549
494, 71.02273, 0.01408
495, 72.25799, 0.0138393
496, 71.12173, 0.0140604
497, 72.71246, 0.0137528
498, 70.82253, 0.0141198
499, 72.47585, 0.0137977
500, 71.52053, 0.013982
501, 72.30867, 0.0138296
502, 71.54816, 0.0139766
503, 72.09181, 0.0138712
504, 72.08247, 0.013873
505, 71.59016, 0.0139684
506, 71.71183, 0.0139447
507, 71.35976, 0.0140135
508, 72.55473, 0.0137827
509, 71.78802, 0.0139299
510, 70.73837, 0.0141366
511, 72.00824, 0.0138873
512, 73.14861, 0.0136708
513, 71.59734, 0.013967
514, 71.12325, 0.0140601
515, 72.54525, 0.0137845
516, 71.22558, 0.0140399
517, 71.5011, 0.0139858
518, 72.30605, 0.0138301
519, 71.60503, 0.0139655
520, 71.15766, 0.0140533
521, 71.81071, 0.0139255
522, 68.67283, 0.0145618
523, 75.88692, 0.0131775
524, 72.30658, 0.01383
525, 71.52257, 0.0139816
526, 71.77514, 0.0139324
527, 72.00305, 0.0138883
528, 72.06688, 0.013876
529, 71.54407, 0.0139774
530, 71.63273, 0.0139601
531, 71.10606, 0.0140635
532, 72.44592, 0.0138034
533, 71.99632, 0.0138896
534, 72.06999, 0.0138754
535, 71.44031, 0.0139977
536, 72.14018, 0.0138619
537, 71.11718, 0.0140613
538, 71.90054, 0.0139081
539, 72.58263, 0.0137774
540, 70.73337, 0.0141376
541, 73.09727, 0.0136804
542, 71.21138, 0.0140427
543, 71.82566, 0.0139226
544, 71.8071, 0.0139262
545, 72.45642, 0.0138014
546, 71.5456, 0.0139771
547, 71.96264, 0.0138961
548, 71.91968, 0.0139044
549, 71.80761, 0.0139261
550, 71.96523, 0.0138956
551, 72.14955, 0.0138601
552, 71.76072, 0.0139352
553, 71.57377, 0.0139716
554, 71.96264, 0.0138961
555, 70.74387, 0.0141355
556, 73.07538, 0.0136845
557, 71.29718, 0.0140258
558, 71.88763, 0.0139106
559, 71.1015, 0.0140644
560, 71.29261, 0.0140267
561, 73.48564, 0.0136081
562, 71.50211, 0.0139856
563, 71.48933, 0.0139881
564, 72.35366, 0.013821
565, 71.42806, 0.0140001
566, 71.2271, 0.0140396
567, 72.68287, 0.0137584
568, 71.58094, 0.0139702
569, 71.32362, 0.0140206
570, 72.13862, 0.0138622
571, 71.77824, 0.0139318
572, 72.02587, 0.0138839
573, 71.34602, 0.0140162
574, 72.1506, 0.0138599
575, 71.98025, 0.0138927
576, 71.04543, 0.0140755
577, 71.50774, 0.0139845
578, 72.02847, 0.0138834
579, 71.08179, 0.0140683
580, 73.40419, 0.0136232
581, 69.33851, 0.014422
582, 75.24851, 0.0132893
583, 72.27314, 0.0138364
584, 71.23827, 0.0140374
585, 72.12197, 0.0138654
586, 71.69641, 0.0139477
587, 71.50928, 0.0139842
588, 72.58843, 0.0137763
589, 71.27431, 0.0140303
590, 71.69589, 0.0139478
591, 71.87367, 0.0139133
592, 72.08142, 0.0138732
593, 71.15918, 0.014053
594, 72.96341, 0.0137055
595, 71.58043, 0.0139703
596, 72.21364, 0.0138478
597, 71.35365, 0.0140147
598, 70.925, 0.0140994
599, 71.57018, 0.0139723
600, 73.48834, 0.0136076
601, 70.97836, 0.0140888
602, 71.33482, 0.0140184
603, 73.21877, 0.0136577
604, 71.16019, 0.0140528
605, 71.13539, 0.0140577
606, 73.05029, 0.0136892
607, 71.37759, 0.01401
608, 71.62862, 0.0139609
609, 71.43623, 0.0139985
610, 71.91348, 0.0139056
611, 71.03837, 0.0140769
612, 73.15343, 0.0136699
613, 72.57737, 0.0137784
614, 70.68387, 0.0141475
615, 72.52316, 0.0137887
616, 71.62605, 0.0139614
617, 70.91796, 0.0141008
618, 72.86187, 0.0137246
619, 72.25433, 0.01384
620, 71.16576, 0.0140517
621, 71.54713, 0.0139768
622, 71.69589, 0.0139478
623, 71.97766, 0.0138932
624, 73.03588, 0.0136919
625, 71.65582, 0.0139556
626, 71.72572, 0.013942
627, 71.80813, 0.013926
628, 71.66199, 0.0139544
629, 71.38625, 0.0140083
630, 72.59317, 0.0137754
631, 71.84682, 0.0139185
632, 70.87524, 0.0141093
633, 72.55894, 0.0137819
634, 71.60657, 0.0139652
635, 70.68787, 0.0141467
636, 73.04015, 0.0136911
637, 71.65479, 0.0139558
638, 71.74991, 0.0139373
639, 71.99061, 0.0138907
640, 71.08988, 0.0140667
641, 71.71852, 0.0139434
642, 72.51527, 0.0137902
643, 71.26263, 0.0140326
644, 72.30135, 0.013831
645, 71.64709, 0.0139573
646, 71.49956, 0.0139861
647, 71.57632, 0.0139711
648, 72.41235, 0.0138098
649, 71.81999, 0.0139237
650, 71.45766, 0.0139943
651, 71.84114, 0.0139196
652, 72.21259, 0.013848
653, 71.79678, 0.0139282
654, 71.93313, 0.0139018
655, 71.45409, 0.013995
656, 72.31233, 0.0138289
657, 71.50928, 0.0139842
658, 71.82979, 0.0139218
659, 71.78699, 0.0139301
660, 71.75866, 0.0139356
661, 71.71543, 0.013944
662, 71.47452, 0.013991
663, 72.47112, 0.0137986
664, 69.85338, 0.0143157
665, 74.20324, 0.0134765
666, 71.8004, 0.0139275
667, 71.96108, 0.0138964
668, 71.71286, 0.0139445
669, 72.01447, 0.0138861
670, 71.36944, 0.0140116
671, 71.34602, 0.0140162
672, 72.93946, 0.01371
673, 71.85302, 0.0139173
674, 71.64042, 0.0139586
675, 72.20842, 0.0138488
676, 70.7644, 0.0141314
677, 72.70031, 0.0137551
678, 71.24131, 0.0140368
679, 72.46954, 0.0137989
680, 71.62349, 0.0139619
681, 71.99268, 0.0138903
682, 71.40002, 0.0140056
683, 72.19747, 0.0138509
684, 72.15528, 0.013859
685, 71.67637, 0.0139516
686, 71.47861, 0.0139902
687, 71.47707, 0.0139905
688, 71.68665, 0.0139496
689, 72.12822, 0.0138642
690, 72.10429, 0.0138688
691, 71.46175, 0.0139935
692, 71.30074, 0.0140251
693, 66.81812, 0.014966
694, 58.25876, 0.0171648
695, 97.7221, 0.0102331
696, 71.38166, 0.0140092
697, 72.19434, 0.0138515
698, 65.97002, 0.0151584
699, 76.09482, 0.0131415
700, 73.3918, 0.0136255
701, 71.87419, 0.0139132
702, 64.90219, 0.0154078
703, 78.5256, 0.0127347
704, 69.77296, 0.0143322
705, 73.85961, 0.0135392
706, 69.60783, 0.0143662
707, 74.22637, 0.0134723
708, 66.15594, 0.0151158
709, 79.80464, 0.0125306
710, 73.44732, 0.0136152
711, 71.79369, 0.0139288
712, 70.28296, 0.0142282
713, 76.97282, 0.0129916
714, 72.91447, 0.0137147
715, 71.12122, 0.0140605
716, 71.84785, 0.0139183
717, 71.8236, 0.013923
718, 72.34372, 0.0138229
719, 70.24396, 0.0142361
720, 66.3504, 0.0150715
721, 72.8624, 0.0137245
722, 72.42966, 0.0138065
723, 72.44434, 0.0138037
724, 70.73787, 0.0141367
725, 74.90581, 0.0133501
726, 70.69836, 0.0141446
727, 71.3674, 0.014012
728, 71.98077, 0.0138926
729, 71.94348, 0.0138998
730, 70.71786, 0.0141407
731, 76.30617, 0.0131051
732, 69.83338, 0.0143198
733, 73.39557, 0.0136248
734, 69.31544, 0.0144268
735, 74.09987, 0.0134953
736, 71.16425, 0.014052
737, 72.19279, 0.0138518
738, 68.93224, 0.014507
739, 73.82526, 0.0135455
740, 73.43707, 0.0136171
741, 70.21634, 0.0142417
742, 70.19071, 0.0142469
743, 74.23519, 0.0134707
744, 71.40511, 0.0140046
745, 73.10262, 0.0136794
746, 71.26212, 0.0140327
747, 71.72469, 0.0139422
748, 71.84888, 0.0139181
749, 72.12302, 0.0138652
750, 70.48656, 0.0141871
751, 72.05286, 0.0138787
752, 72.47007, 0.0137988
753, 71.91348, 0.0139056
754, 71.87885, 0.0139123
755, 72.07363, 0.0138747
756, 74.24236, 0.0134694
757, 29.85511, 0.0334951
758, 99.67406, 0.0100327
759, 84.09297, 0.0118916
760, 72.61057, 0.0137721
761, 69.29959, 0.0144301
762, 52.95741, 0.0188831
763, 116.6426, 0.0085732
764, 71.51541, 0.013983
765, 70.73837, 0.0141366
766, 72.62902, 0.0137686
767, 70.05009, 0.0142755
768, 73.43168, 0.0136181
769, 70.80247, 0.0141238
770, 72.48898, 0.0137952
771, 71.19718, 0.0140455
772, 72.96394, 0.0137054
773, 70.20648, 0.0142437
774, 73.41982, 0.0136203
775, 72.11625, 0.0138665
776, 71.77257, 0.0139329
777, 71.53946, 0.0139783
778, 70.94161, 0.0140961
779, 71.84785, 0.0139183
780, 72.71934, 0.0137515
781, 71.60452, 0.0139656
782, 71.60605, 0.0139653
783, 72.23399, 0.0138439
784, 71.97559, 0.0138936
785, 71.0424, 0.0140761
786, 72.7765, 0.0137407
787, 70.60402, 0.0141635
788, 72.8555, 0.0137258
789, 71.43011, 0.0139997
790, 72.50632, 0.0137919
791, 71.9761, 0.0138935
792, 71.72058, 0.013943
793, 71.67123, 0.0139526
794, 71.6887, 0.0139492
795, 72.198, 0.0138508
796, 71.35009, 0.0140154
797, 71.17336, 0.0140502
798, 72.48373, 0.0137962
799, 71.83083, 0.0139216
800, 71.5753, 0.0139713
801, 71.35874, 0.0140137
802, 69.09847, 0.0144721
803, 73.36703, 0.0136301
804, 73.46135, 0.0136126
805, 71.76587, 0.0139342
806, 72.06895, 0.0138756
807, 71.51592, 0.0139829
808, 72.23399, 0.0138439
809, 70.86419, 0.0141115
810, 73.00655, 0.0136974
811, 72.18497, 0.0138533
812, 71.74785, 0.0139377
813, 71.62452, 0.0139617
814, 71.64864, 0.013957
815, 71.92226, 0.0139039
816, 71.62708, 0.0139612
817, 72.21677, 0.0138472
818, 71.58043, 0.0139703
819, 71.13337, 0.0140581
820, 72.6628, 0.0137622
821, 71.80142, 0.0139273
822, 72.05441, 0.0138784
823, 71.14501, 0.0140558
824, 72.10481, 0.0138687
825, 71.753, 0.0139367
826, 72.09286, 0.013871
827, 71.62759, 0.0139611
828, 71.16425, 0.014052
829, 72.71987, 0.0137514
830, 72.02743, 0.0138836
831, 71.91451, 0.0139054
832, 71.45562, 0.0139947
833, 72.24702, 0.0138414
834, 71.87936, 0.0139122
835, 71.29311, 0.0140266
836, 72.57262, 0.0137793
837, 71.49036, 0.0139879
838, 71.92796, 0.0139028
839, 71.48167, 0.0139896
840, 72.27888, 0.0138353
841, 71.88969, 0.0139102
842, 71.53127, 0.0139799
843, 71.70875, 0.0139453
844, 72.10793, 0.0138681
845, 71.58247, 0.0139699
846, 71.19363, 0.0140462
847, 72.90489, 0.0137165
848, 71.28803, 0.0140276
849, 71.2129, 0.0140424
850, 70.61449, 0.0141614
851, 73.23271, 0.0136551
852, 72.60477, 0.0137732
853, 71.84631, 0.0139186
854, 71.6081, 0.0139649
855, 71.96782, 0.0138951
856, 71.64401, 0.0139579
857, 71.37606, 0.0140103
858, 72.02172, 0.0138847
859, 71.69487, 0.013948
860, 72.43595, 0.0138053
861, 68.80466, 0.0145339
862, 74.53286, 0.0134169
863, 69.32313, 0.0144252
864, 69.53088, 0.0143821
865, 74.12624, 0.0134905
866, 72.0622, 0.0138769
867, 74.45739, 0.0134305
868, 72.37147, 0.0138176
869, 71.71183, 0.0139447
870, 72.22616, 0.0138454
871, 70.84662, 0.014115
872, 72.86452, 0.0137241
873, 70.51291, 0.0141818
874, 36.11673, 0.027688
875, 71.41276, 0.0140031
876, 72.2747, 0.0138361
877, 71.78133, 0.0139312
878, 70.84662, 0.014115
879, 72.71722, 0.0137519
880, 71.97196, 0.0138943
881, 71.50672, 0.0139847
882, 72.30135, 0.013831
883, 71.63477, 0.0139597
884, 71.79214, 0.0139291
885, 71.6815, 0.0139506
886, 72.47795, 0.0137973
887, 70.93204, 0.014098
888, 72.49213, 0.0137946
889, 68.91229, 0.0145112
890, 74.41196, 0.0134387
891, 67.72911, 0.0147647
892, 73.07057, 0.0136854
893, 70.54176, 0.014176
894, 70.67088, 0.0141501
895, 75.26266, 0.0132868
896, 69.40878, 0.0144074
897, 72.61426, 0.0137714
898, 71.63529, 0.0139596
899, 71.09493, 0.0140657
900, 71.83237, 0.0139213
901, 71.21493, 0.014042
902, 75.28363, 0.0132831
903, 71.93882, 0.0139007
904, 74.12788, 0.0134902
905, 71.22152, 0.0140407
906, 73.32937, 0.0136371
907, 71.46788, 0.0139923
908, 71.45613, 0.0139946
909, 72.02224, 0.0138846
910, 71.54509, 0.0139772
911, 68.73325, 0.014549
912, 71.70052, 0.0139469
913, 73.02575, 0.0136938
914, 71.61938, 0.0139627
915, 74.72222, 0.0133829
916, 71.40409, 0.0140048
917, 71.3338, 0.0140186
918, 73.124, 0.0136754
919, 71.95435, 0.0138977
920, 66.28091, 0.0150873
921, 74.78984, 0.0133708
922, 68.94317, 0.0145047
923, 71.15412, 0.014054
924, 73.84161, 0.0135425
925, 73.65126, 0.0135775
926, 74.71273, 0.0133846
927, 71.90882, 0.0139065
928, 72.25329, 0.0138402
929, 59.08734, 0.0169241
930, 91.11037, 0.0109757
931, 72.03521, 0.0138821
932, 71.78082, 0.0139313
933, 71.20073, 0.0140448
934, 62.53322, 0.0159915
935, 82.08495, 0.0121825
936, 73.524, 0.013601
937, 71.77721, 0.013932
938, 72.23241, 0.0138442
939, 72.03313, 0.0138825
940, 71.44643, 0.0139965
941, 70.7654, 0.0141312
942, 73.27081, 0.013648
943, 71.23116, 0.0140388
944, 72.24233, 0.0138423
945, 71.72829, 0.0139415
946, 72.26008, 0.0138389
947, 70.96477, 0.0140915
948, 72.52894, 0.0137876
949, 71.70309, 0.0139464
950, 71.73447, 0.0139403
951, 72.20269, 0.0138499
952, 71.3455, 0.0140163
953, 71.67123, 0.0139526
954, 68.52695, 0.0145928
955, 72.90383, 0.0137167
956, 71.71543, 0.013944
957, 72.17299, 0.0138556
958, 70.74587, 0.0141351
959, 72.35838, 0.0138201
960, 71.77514, 0.0139324
961, 74.68761, 0.0133891
962, 72.14747, 0.0138605
963, 70.59007, 0.0141663
964, 72.29299, 0.0138326
965, 61.43789, 0.0162766
966, 88.42046, 0.0113096
967, 71.21594, 0.0140418
968, 71.71286, 0.0139445
969, 72.10689, 0.0138683
970, 65.39838, 0.0152909
971, 77.5332, 0.0128977
972, 73.54834, 0.0135965
973, 71.81741, 0.0139242
974, 71.18096, 0.0140487
975, 72.6665, 0.0137615
976, 71.59837, 0.0139668
977, 72.03988, 0.0138812
978, 71.59682, 0.0139671
979, 72.06688, 0.013876
980, 71.82154, 0.0139234
981, 71.32973, 0.0140194
982, 72.16413, 0.0138573
983, 71.44898, 0.013996
984, 71.01869, 0.0140808
985, 71.9409, 0.0139003
986, 69.64419, 0.0143587
987, 71.78339, 0.0139308
988, 71.64761, 0.0139572
989, 71.69846, 0.0139473
990, 71.48729, 0.0139885
991, 72.32436, 0.0138266
992, 70.85464, 0.0141134
993, 72.48636, 0.0137957
994, 68.96409, 0.0145003
995, 74.90637, 0.01335
996, 72.13914, 0.0138621
997, 69.94915, 0.0142961
998, 73.99788, 0.0135139
999, 68.5556, 0.0145867
1000, 75.2791, 0.0132839
1001, 73.82526, 0.0135455
1002, 73.55807, 0.0135947
1003, 71.51388, 0.0139833
1004, 71.23015, 0.014039
1005, 68.43597, 0.0146122
1006, 72.07675, 0.0138741
1007, 71.94865, 0.0138988
1008, 71.96886, 0.0138949
1009, 72.15372, 0.0138593
1010, 72.50002, 0.0137931
1011, 71.44439, 0.0139969
1012, 72.161, 0.0138579
1013, 71.77412, 0.0139326
1014, 69.4483, 0.0143992
1015, 73.83016, 0.0135446
1016, 70.10706, 0.0142639
1017, 77.41616, 0.0129172
1018, 68.69736, 0.0145566
1019, 75.65498, 0.0132179
1020, 71.55891, 0.0139745
1021, 72.17299, 0.0138556
1022, 70.92098, 0.0141002
1023, 66.17039, 0.0151125
1024, 71.65839, 0.0139551
1025, 73.20377, 0.0136605
1026, 70.89685, 0.014105
1027, 78.59782, 0.012723
1028, 71.56711, 0.0139729
1029, 72.40658, 0.0138109
1030, 71.45461, 0.0139949
1031, 71.77308, 0.0139328
1032, 71.24892, 0.0140353
1033, 72.80458, 0.0137354
1034, 71.6435, 0.013958
1035, 70.89031, 0.0141063
1036, 72.46062, 0.0138006
1037, 59.23399, 0.0168822
1038, 71.9202, 0.0139043
1039, 68.33308, 0.0146342
1040, 52.2106, 0.0191532
1041, 50.88722, 0.0196513
1042, 71.35314, 0.0140148
1043, 74.16142, 0.0134841
1044, 70.32745, 0.0142192
1045, 76.56381, 0.013061
1046, 71.54407, 0.0139774
1047, 70.72286, 0.0141397
1048, 72.68234, 0.0137585
1049, 71.09746, 0.0140652
1050, 72.7712, 0.0137417
1051, 71.84269, 0.0139193
1052, 71.21391, 0.0140422
1053, 72.46692, 0.0137994
1054, 70.78293, 0.0141277
1055, 70.78443, 0.0141274
1056, 73.79148, 0.0135517
1057, 72.18445, 0.0138534
1058, 71.08533, 0.0140676
1059, 72.27418, 0.0138362
1060, 71.39594, 0.0140064
1061, 70.12082, 0.0142611
1062, 74.25558, 0.013467
1063, 71.37656, 0.0140102
1064, 70.75339, 0.0141336
1065, 56.97227, 0.0175524
1066, 95.09953, 0.0105153
1067, 72.91499, 0.0137146
1068, 73.36219, 0.013631
1069, 70.84812, 0.0141147
1070, 72.2392, 0.0138429
1071, 71.03433, 0.0140777
1072, 72.25225, 0.0138404
1073, 52.15913, 0.0191721
1074, 32.20695, 0.0310492
1075, 38.58486, 0.0259169
1076, 35.34356, 0.0282937
1077, 36.73594, 0.0272213
1078, 35.61761, 0.028076
1079, 37.97156, 0.0263355
1080, 35.56276, 0.0281193
1081, 35.89401, 0.0278598
1082, 36.34513, 0.027514
1083, 35.54039, 0.028137
1084, 36.25579, 0.0275818
1085, 35.65113, 0.0280496
1086, 35.26043, 0.0283604
1087, 37.17306, 0.0269012
1088, 34.77741, 0.0287543
1089, 36.25526, 0.0275822
1090, 36.61367, 0.0273122
1091, 34.62232, 0.0288831
1092, 36.34989, 0.0275104
1093, 36.83635, 0.0271471
1094, 34.33712, 0.029123
1095, 40.20973, 0.0248696
1096, 84.12834, 0.0118866
1097, 81.49229, 0.0122711
1098, 71.05099, 0.0140744
1099, 71.75145, 0.013937
1100, 72.90755, 0.013716
1101, 71.86128, 0.0139157
1102, 71.07725, 0.0140692
1103, 72.11417, 0.0138669
1104, 71.0419, 0.0140762
1105, 72.34163, 0.0138233
1106, 71.55994, 0.0139743
1107, 71.34602, 0.0140162
1108, 71.92692, 0.013903
1109, 71.75609, 0.0139361
1110, 71.76124, 0.0139351
1111, 71.93417, 0.0139016
1112, 71.5016, 0.0139857
1113, 72.11365, 0.013867
1114, 72.08714, 0.0138721
1115, 71.83134, 0.0139215
1116, 71.69076, 0.0139488
1117, 71.69332, 0.0139483
1118, 71.42603, 0.0140005
1119, 72.39714, 0.0138127
1120, 70.11639, 0.014262
1121, 73.73, 0.013563
1122, 71.44847, 0.0139961
1123, 72.41025, 0.0138102
1124, 71.60246, 0.013966
1125, 72.3809, 0.0138158
1126, 71.29464, 0.0140263
1127, 72.09857, 0.0138699
1128, 71.67893, 0.0139511
1129, 71.73138, 0.0139409
1130, 71.76381, 0.0139346
1131, 72.20321, 0.0138498
1132, 70.78894, 0.0141265
1133, 73.11118, 0.0136778
1134, 71.44184, 0.0139974
1135, 71.65017, 0.0139567
1136, 72.03728, 0.0138817
1137, 71.65274, 0.0139562
1138, 71.36179, 0.0140131
1139, 71.98335, 0.0138921
1140, 71.35365, 0.0140147
1141, 72.09857, 0.0138699
1142, 71.45052, 0.0139957
1143, 72.23607, 0.0138435
1144, 72.11469, 0.0138668
1145, 71.65479, 0.0139558
1146, 72.21259, 0.013848
1147, 70.7654, 0.0141312
1148, 72.61795, 0.0137707
1149, 71.75557, 0.0139362
1150, 71.1688, 0.0140511
1151, 71.35059, 0.0140153
1152, 73.16306, 0.0136681
1153, 70.16215, 0.0142527
1154, 73.83125, 0.0135444
1155, 72.11781, 0.0138662
1156, 71.32057, 0.0140212
1157, 72.37147, 0.0138176
1158, 70.90639, 0.0141031
1159, 72.82684, 0.0137312
1160, 71.64248, 0.0139582
1161, 71.71286, 0.0139445
1162, 71.18654, 0.0140476
1163, 71.5011, 0.0139858
1164, 72.47112, 0.0137986
1165, 72.13706, 0.0138625
1166, 71.02979, 0.0140786
1167, 72.93414, 0.013711
1168, 71.78751, 0.01393
1169, 71.72058, 0.013943
1170, 71.11162, 0.0140624
1171, 72.2486, 0.0138411
1172, 70.63444, 0.0141574
1173, 72.37775, 0.0138164
1174, 71.68562, 0.0139498
1175, 72.23972, 0.0138428
1176, 72.05598, 0.0138781
1177, 71.85043, 0.0139178
1178, 70.52484, 0.0141794
1179, 72.64854, 0.0137649
1180, 72.55209, 0.0137832
1181, 71.05452, 0.0140737
1182, 71.96316, 0.013896
1183, 71.70515, 0.013946
1184, 71.09746, 0.0140652
1185, 72.89161, 0.013719
1186, 71.63529, 0.0139596
1187, 72.21312, 0.0138479
1188, 71.51132, 0.0139838
1189, 72.04974, 0.0138793
1190, 70.23458, 0.014238
1191, 73.24773, 0.0136523
1192, 71.88608, 0.0139109
1193, 71.63016, 0.0139606
1194, 71.96056, 0.0138965
1195, 72.14747, 0.0138605
1196, 61.27038, 0.0163211
1197, 31.38023, 0.0318672
1198, 36.17801, 0.0276411
1199, 37.05296, 0.0269884
1200, 34.90377, 0.0286502
1201, 36.53422, 0.0273716
1202, 35.63043, 0.0280659
1203, 36.60938, 0.0273154
1204, 35.86788, 0.0278801
1205, 37.88625, 0.0263948
1206, 84.5902, 0.0118217
1207, 84.37893, 0.0118513
1208, 71.03433, 0.0140777
1209, 71.47707, 0.0139905
1210, 72.20529, 0.0138494
1211, 70.69386, 0.0141455
1212, 73.11705, 0.0136767
1213, 71.89331, 0.0139095
1214, 71.76845, 0.0139337
1215, 71.26111, 0.0140329
1216, 72.10221, 0.0138692
1217, 71.02273, 0.01408
1218, 71.56659, 0.013973
1219, 72.37147, 0.0138176
1220, 61.32523, 0.0163065
1221, 30.76062, 0.0325091
1222, 38.04741, 0.026283
1223, 68.88855, 0.0145162
1224, 114.3615, 0.0087442
1225, 73.06149, 0.0136871
1226, 71.08634, 0.0140674
1227, 76.54799, 0.0130637
1228, 73.35842, 0.0136317
1229, 70.57661, 0.014169
1230, 66.31432, 0.0150797
1231, 78.74512, 0.0126992
1232, 71.28956, 0.0140273
1233, 71.75197, 0.0139369
1234, 65.25072, 0.0153255
1235, 80.59512, 0.0124077
1236, 71.37148, 0.0140112
1237, 71.12881, 0.014059
1238, 72.31599, 0.0138282
1239, 71.62041, 0.0139625
1240, 71.65531, 0.0139557
1241, 71.83289, 0.0139212
1242, 71.81844, 0.013924
1243, 72.27888, 0.0138353
1244, 70.69436, 0.0141454
1245, 72.19434, 0.0138515
1246, 72.50265, 0.0137926
1247, 71.70258, 0.0139465
1248, 71.25755, 0.0140336
1249, 72.50054, 0.013793
1250, 71.50211, 0.0139856
1251, 71.47095, 0.0139917
1252, 72.40343, 0.0138115
1253, 71.28397, 0.0140284
1254, 72.64749, 0.0137651
1255, 71.45, 0.0139958
1256, 72.19331, 0.0138517
1257, 71.40664, 0.0140043
1258, 72.30553, 0.0138302
1259, 71.64248, 0.0139582
1260, 71.96989, 0.0138947
1261, 71.53587, 0.013979
1262, 71.04341, 0.0140759
1263, 72.23502, 0.0138437
1264, 72.28045, 0.013835
1265, 72.31808, 0.0138278
1266, 71.45869, 0.0139941
1267, 71.6435, 0.013958
1268, 72.13758, 0.0138624
1269, 66.97475, 0.014931
1270, 70.00742, 0.0142842
1271, 73.72837, 0.0135633
1272, 68.84634, 0.0145251
1273, 72.94798, 0.0137084
1274, 71.89331, 0.0139095
1275, 74.292, 0.0134604
1276, 68.15657, 0.0146721
1277, 75.24738, 0.0132895
1278, 77.38201, 0.0129229
1279, 71.75042, 0.0139372
1280, 71.52155, 0.0139818
1281, 71.8525, 0.0139174
1282, 71.87936, 0.0139122
1283, 71.83546, 0.0139207
1284, 70.88077, 0.0141082
1285, 72.63166, 0.0137681
1286, 72.03728, 0.0138817
1287, 72.09961, 0.0138697
1288, 71.3455, 0.0140163
1289, 71.86541, 0.0139149
1290, 71.94659, 0.0138992
1291, 72.07311, 0.0138748
1292, 71.57172, 0.013972
1293, 71.13033, 0.0140587
1294, 71.05856, 0.0140729
1295, 73.15075, 0.0136704
1296, 72.4811, 0.0137967
1297, 71.62452, 0.0139617
1298, 71.7252, 0.0139421
1299, 71.69332, 0.0139483
1300, 71.95694, 0.0138972
1301, 71.96886, 0.0138949
1302, 71.90158, 0.0139079
1303, 72.01809, 0.0138854
1304, 71.02929, 0.0140787
1305, 72.27209, 0.0138366
1306, 71.20782, 0.0140434
1307, 72.78974, 0.0137382
1308, 71.70567, 0.0139459
1309, 71.98335, 0.0138921
1310, 72.03106, 0.0138829
1311, 71.73395, 0.0139404
1312, 70.4146, 0.0142016
1313, 72.74526, 0.0137466
1314, 71.74013, 0.0139392
1315, 71.89486, 0.0139092
1316, 71.81586, 0.0139245
1317, 71.41327, 0.014003
1318, 71.85353, 0.0139172
1319, 72.4769, 0.0137975
1320, 71.61938, 0.0139627
1321, 71.67739, 0.0139514
1322, 71.08785, 0.0140671
1323, 72.68551, 0.0137579
1324, 70.83558, 0.0141172
1325, 72.96341, 0.0137055
1326, 71.37402, 0.0140107
1327, 70.92149, 0.0141001
1328, 72.99803, 0.013699
1329, 71.84528, 0.0139188
1330, 71.52769, 0.0139806
1331, 72.38876, 0.0138143
1332, 71.99994, 0.0138889
1333, 71.73447, 0.0139403
1334, 71.5195, 0.0139822
1335, 72.07363, 0.0138747
1336, 71.20681, 0.0140436
1337, 67.65808, 0.0147802
1338, 73.59868, 0.0135872
1339, 75.47739, 0.013249
1340, 71.9616, 0.0138963
1341, 71.78905, 0.0139297
1342, 70.43593, 0.0141973
1343, 73.54293, 0.0135975
1344, 69.37651, 0.0144141
1345, 70.5816, 0.014168
1346, 72.12822, 0.0138642
1347, 71.87006, 0.013914
1348, 70.36753, 0.0142111
1349, 73.19733, 0.0136617
1350, 68.61723, 0.0145736
1351, 74.10976, 0.0134935
1352, 69.62383, 0.0143629
1353, 71.55635, 0.013975
1354, 72.12717, 0.0138644
1355, 76.17365, 0.0131279
1356, 71.51694, 0.0139827
1357, 71.42959, 0.0139998
1358, 72.0461, 0.01388
1359, 74.48789, 0.013425
1360, 71.67072, 0.0139527
1361, 72.2225, 0.0138461
1362, 71.29668, 0.0140259
1363, 72.34529, 0.0138226
1364, 68.93224, 0.014507
1365, 72.17403, 0.0138554
1366, 70.45329, 0.0141938
1367, 76.16088, 0.0131301
1368, 69.07938, 0.0144761
1369, 72.01809, 0.0138854
1370, 71.75712, 0.0139359
1371, 71.00003, 0.0140845
1372, 72.03469, 0.0138822
1373, 72.63483, 0.0137675
1374, 71.79472, 0.0139286
1375, 71.87522, 0.013913
1376, 71.74476, 0.0139383
1377, 71.82825, 0.0139221
1378, 67.8219, 0.0147445
1379, 77.51337, 0.012901
1380, 70.14541, 0.0142561
1381, 69.83045, 0.0143204
1382, 68.14774, 0.014674
1383, 76.89705, 0.0130044
1384, 71.68819, 0.0139493
1385, 71.89227, 0.0139097
1386, 72.14174, 0.0138616
1387, 72.56736, 0.0137803
1388, 70.99449, 0.0140856
1389, 71.81638, 0.0139244
1390, 70.76941, 0.0141304
1391, 72.41496, 0.0138093
1392, 70.5806, 0.0141682
1393, 73.80074, 0.01355
1394, 71.82463, 0.0139228
1395, 72.17246, 0.0138557
1396, 72.39557, 0.013813
1397, 71.10049, 0.0140646
1398, 71.64452, 0.0139578
1399, 76.69476, 0.0130387
1400, 72.07778, 0.0138739
1401, 71.74785, 0.0139377
1402, 70.59804, 0.0141647
1403, 73.36165, 0.0136311
1404, 71.37911, 0.0140097
1405, 71.87419, 0.0139132
1406, 71.69024, 0.0139489
1407, 72.07467, 0.0138745
1408, 71.36536, 0.0140124
1409, 71.60093, 0.0139663
1410, 69.62576, 0.0143625
1411, 72.1907, 0.0138522
1412, 71.05149, 0.0140743
1413, 68.78573, 0.0145379
1414, 76.83029, 0.0130157
1415, 69.32505, 0.0144248
1416, 73.28423, 0.0136455
1417, 74.49511, 0.0134237
1418, 71.97144, 0.0138944
1419, 71.6738, 0.0139521
1420, 71.34398, 0.0140166
1421, 67.65305, 0.0147813
1422, 71.10454, 0.0140638
1423, 72.00979, 0.013887
1424, 75.22983, 0.0132926
1425, 71.37555, 0.0140104
1426, 69.72334, 0.0143424
1427, 72.95542, 0.013707
1428, 71.17184, 0.0140505
1429, 71.38676, 0.0140082
1430, 70.74538, 0.0141352
1431, 64.98697, 0.0153877
1432, 81.80293, 0.0122245
1433, 73.41443, 0.0136213
1434, 69.73598, 0.0143398
1435, 64.3124, 0.0155491
1436, 90.01467, 0.0111093
1437, 68.61675, 0.0145737
1438, 74.6174, 0.0134017
1439, 72.47637, 0.0137976
1440, 70.92853, 0.0140987
1441, 68.71813, 0.0145522
1442, 74.50066, 0.0134227
1443, 69.80364, 0.0143259
1444, 74.87608, 0.0133554
1445, 70.90841, 0.0141027
1446, 72.79874, 0.0137365
1447, 68.53587, 0.0145909
1448, 72.48425, 0.0137961
1449, 70.96225, 0.014092
1450, 72.65858, 0.013763
1451, 70.84411, 0.0141155
1452, 69.10754, 0.0144702
1453, 63.2467, 0.0158111
1454, 79.74609, 0.0125398
1455, 66.83733, 0.0149617
1456, 85.94462, 0.0116354
1457, 73.55375, 0.0135955
1458, 74.118, 0.013492
1459, 71.47401, 0.0139911
1460, 71.56249, 0.0139738
1461, 71.33583, 0.0140182
1462, 72.56157, 0.0137814
1463, 72.14071, 0.0138618
1464, 72.03988, 0.0138812
1465, 71.34754, 0.0140159
1466, 72.03521, 0.0138821
1467, 71.69076, 0.0139488
1468, 71.68459, 0.01395
1469, 71.01869, 0.0140808
1470, 72.71458, 0.0137524
1471, 70.6125, 0.0141618
1472, 73.25256, 0.0136514
1473, 71.36587, 0.0140123
1474, 69.11232, 0.0144692
1475, 72.52999, 0.0137874
1476, 71.15159, 0.0140545
1477, 71.78905, 0.0139297
1478, 74.48789, 0.013425
1479, 72.02535, 0.013884
1480, 72.25225, 0.0138404
1481, 70.70186, 0.0141439
1482, 72.65013, 0.0137646
1483, 72.38771, 0.0138145
1484, 70.82404, 0.0141195
1485, 67.42043, 0.0148323
1486, 76.93314, 0.0129983
1487, 71.09695, 0.0140653
1488, 73.51212, 0.0136032
1489, 71.58401, 0.0139696
1490, 71.64401, 0.0139579
1491, 71.40409, 0.0140048
1492, 72.51106, 0.013791
1493, 70.39973, 0.0142046
1494, 73.60844, 0.0135854
1495, 71.93468, 0.0139015
1496, 71.76124, 0.0139351
1497, 71.11971, 0.0140608
1498, 72.19279, 0.0138518
1499, 70.75639, 0.014133
1500, 72.42021, 0.0138083
1501, 72.73203, 0.0137491
1502, 68.91609, 0.0145104
1503, 74.84806, 0.0133604
1504, 71.23167, 0.0140387
1505, 70.94765, 0.0140949
1506, 73.54347, 0.0135974
1507, 71.55123, 0.013976
1508, 71.88969, 0.0139102
1509, 71.26822, 0.0140315
1510, 71.04694, 0.0140752
1511, 72.25956, 0.013839
1512, 57.53276, 0.0173814
1513, 94.72747, 0.0105566
1514, 72.63852, 0.0137668
1515, 71.61272, 0.013964
1516, 71.47554, 0.0139908
1517, 70.1715, 0.0142508
1518, 74.02911, 0.0135082
1519, 70.86118, 0.0141121
1520, 73.38049, 0.0136276
1521, 71.72417, 0.0139423
1522, 70.74888, 0.0141345
1523, 61.95518, 0.0161407
1524, 52.16593, 0.0191696
1525, 39.83302, 0.0251048
1526, 67.95602, 0.0147154
1527, 66.01532, 0.015148
1528, 38.95067, 0.0256735
1529, 66.79179, 0.0149719
1530, 37.43454, 0.0267133
1531, 62.41808, 0.016021
1532, 38.43892, 0.0260153
1533, 62.89783, 0.0158988
1534, 39.89563, 0.0250654
1535, 66.53758, 0.0150291
1536, 36.56842, 0.027346
1537, 62.07748, 0.0161089
1538, 39.19478, 0.0255136
1539, 64.70901, 0.0154538
1540, 38.25408, 0.026141
1541, 69.15965, 0.0144593
1542, 38.769, 0.0257938
1543, 81.17213, 0.0123195
1544, 81.20838, 0.012314
1545, 72.2392, 0.0138429
1546, 71.5062, 0.0139848
1547, 71.15513, 0.0140538
1548, 72.4454, 0.0138035
1549, 61.98283, 0.0161335
1550, 67.11454, 0.0148999
1551, 64.35918, 0.0155378
1552, 81.06092, 0.0123364
1553, 72.41549, 0.0138092
1554, 92.40863, 0.0108215
1555, 70.71786, 0.0141407
1556, 72.16986, 0.0138562
1557, 71.70721, 0.0139456
1558, 71.88711, 0.0139107
1559, 69.66505, 0.0143544
1560, 66.2278, 0.0150994
1561, 79.84605, 0.0125241
1562, 70.18627, 0.0142478
1563, 67.85734, 0.0147368
1564, 74.72054, 0.0133832
1565, 72.7442, 0.0137468
1566, 70.88378, 0.0141076
1567, 72.78179, 0.0137397
1568, 71.48781, 0.0139884
1569, 71.48729, 0.0139885
1570, 72.28881, 0.0138334
1571, 71.18299, 0.0140483
1572, 69.45747, 0.0143973
1573, 76.87341, 0.0130084
1574, 69.78075, 0.0143306
1575, 70.42998, 0.0141985
1576, 73.91311, 0.0135294
1577, 71.624, 0.0139618
1578, 72.20216, 0.01385
1579, 68.98978, 0.0144949
1580, 78.30241, 0.012771
1581, 71.84218, 0.0139194
1582, 71.41225, 0.0140032
1583, 72.20686, 0.0138491
1584, 72.05389, 0.0138785
1585, 71.62298, 0.013962
1586, 71.57069, 0.0139722
1587, 71.78751, 0.01393
1588, 70.94111, 0.0140962
1589, 67.82972, 0.0147428
1590, 73.00069, 0.0136985
1591, 71.98439, 0.0138919
1592, 71.02727, 0.0140791
1593, 70.89333, 0.0141057
1594, 74.5512, 0.0134136
1595, 75.1185, 0.0133123
1596, 71.53536, 0.0139791
1597, 59.68759, 0.0167539
1598, 90.97939, 0.0109915
1599, 70.40419, 0.0142037
1600, 73.50455, 0.0136046
1601, 64.82016, 0.0154273
1602, 77.59517, 0.0128874
1603, 73.88853, 0.0135339
1604, 72.17872, 0.0138545
1605, 71.07371, 0.0140699
1606, 72.45589, 0.0138015
1607, 71.74476, 0.0139383
1608, 71.94452, 0.0138996
1609, 71.98958, 0.0138909
1610, 71.8556, 0.0139168
1611, 70.55271, 0.0141738
1612, 72.50738, 0.0137917
1613, 72.38771, 0.0138145
1614, 71.48525, 0.0139889
1615, 71.51337, 0.0139834
1616, 72.14747, 0.0138605
1617, 70.85867, 0.0141126
1618, 72.6723, 0.0137604
1619, 71.79627, 0.0139283
1620, 72.10689, 0.0138683
1621, 71.67329, 0.0139522
1622, 71.99061, 0.0138907
1623, 67.53608, 0.0148069
1624, 76.9894, 0.0129888
1625, 71.77514, 0.0139324
1626, 71.02879, 0.0140788
1627, 68.57911, 0.0145817
1628, 72.198, 0.0138508
1629, 70.64292, 0.0141557
1630, 73.22413, 0.0136567
1631, 71.43674, 0.0139984
1632, 70.64642, 0.014155
1633, 72.54051, 0.0137854
1634, 71.60861, 0.0139648
1635, 71.8138, 0.0139249
1636, 70.65141, 0.014154
1637, 75.4273, 0.0132578
1638, 70.17593, 0.0142499
1639, 71.38829, 0.0140079
1640, 72.47585, 0.0137977
1641, 71.38778, 0.014008
1642, 72.72251, 0.0137509
1643, 71.38421, 0.0140087
1644, 72.6438, 0.0137658
1645, 71.6317, 0.0139603
1646, 71.93986, 0.0139005
1647, 70.63444, 0.0141574
1648, 73.13363, 0.0136736
1649, 68.98074, 0.0144968
1650, 75.09086, 0.0133172
1651, 70.92802, 0.0140988
1652, 68.04619, 0.0146959
1653, 72.81253, 0.0137339
1654, 76.11914, 0.0131373
1655, 58.47543, 0.0171012
1656, 73.02734, 0.0136935
1657, 54.53425, 0.0183371
1658, 146.2416, 0.006838
1659, 70.28938, 0.0142269
1660, 73.9831, 0.0135166
1661, 71.82876, 0.013922
1662, 71.83856, 0.0139201
1663, 75.92265, 0.0131713
1664, 72.23972, 0.0138428
1665, 70.70136, 0.014144
1666, 72.93626, 0.0137106
1667, 71.90054, 0.0139081
1668, 63.23751, 0.0158134
1669, 83.47594, 0.0119795
1670, 71.3455, 0.0140163
1671, 70.77492, 0.0141293
1672, 72.72992, 0.0137495
1673, 69.94425, 0.0142971
1674, 73.30841, 0.013641
1675, 71.82721, 0.0139223
1676, 71.8716, 0.0139137
1677, 71.29057, 0.0140271
1678, 72.59265, 0.0137755
1679, 71.91399, 0.0139055
1680, 65.9796, 0.0151562
1681, 75.05141, 0.0133242
1682, 71.2794, 0.0140293
1683, 74.85366, 0.0133594
1684, 69.66311, 0.0143548
1685, 75.58236, 0.0132306
1686, 68.74364, 0.0145468
1687, 71.27126, 0.0140309
1688, 72.07363, 0.0138747
1689, 75.08128, 0.0133189
1690, 72.16986, 0.0138562
1691, 71.44235, 0.0139973
1692, 72.2225, 0.0138461
1693, 64.98993, 0.015387
1694, 80.01216, 0.0124981
1695, 69.97558, 0.0142907
1696, 67.94863, 0.014717
1697, 74.86991, 0.0133565
1698, 71.57223, 0.0139719
1699, 71.15209, 0.0140544
1700, 70.06923, 0.0142716
1701, 74.55231, 0.0134134
1702, 68.07398, 0.0146899
1703, 77.50436, 0.0129025
1704, 69.46857, 0.014395
1705, 72.11313, 0.0138671
1706, 72.76643, 0.0137426
1707, 70.23902, 0.0142371
1708, 72.98737, 0.013701
1709, 72.42913, 0.0138066
1710, 72.12354, 0.0138651
1711, 69.66893, 0.0143536
1712, 73.95793, 0.0135212
1713, 74.34612, 0.0134506
1714, 66.65289, 0.0150031
1715, 74.71552, 0.0133841
1716, 71.67329, 0.0139522
1717, 72.14278, 0.0138614
1718, 71.67739, 0.0139514
1719, 71.34602, 0.0140162
1720, 71.22609, 0.0140398
1721, 72.37723, 0.0138165
1722, 72.07156, 0.0138751
1723, 70.63693, 0.0141569
1724, 73.08499, 0.0136827
1725, 71.99061, 0.0138907
1726, 71.17235, 0.0140504
1727, 75.64811, 0.0132191
1728, 71.53895, 0.0139784
1729, 65.99049, 0.0151537
1730, 79.13333, 0.0126369
1731, 66.16076, 0.0151147
1732, 72.80034, 0.0137362
1733, 75.68018, 0.0132135
1734, 69.66553, 0.0143543
1735, 71.80246, 0.0139271
1736, 72.50002, 0.0137931
1737, 70.93003, 0.0140984
1738, 75.46543, 0.0132511
1739, 72.20269, 0.0138499
1740, 72.04144, 0.0138809
1741, 71.85457, 0.013917
1742, 71.13893, 0.014057
1743, 71.99372, 0.0138901
1744, 72.34476, 0.0138227
1745, 71.28651, 0.0140279
1746, 71.99165, 0.0138905
1747, 71.57991, 0.0139704
1748, 72.01809, 0.0138854
1749, 71.91089, 0.0139061
1750, 70.57014, 0.0141703
1751, 72.94372, 0.0137092
1752, 71.52871, 0.0139804
1753, 69.01692, 0.0144892
1754, 64.93, 0.0154012
1755, 72.38718, 0.0138146
1756, 79.30968, 0.0126088
1757, 71.46379, 0.0139931
1758, 74.11964, 0.0134917
1759, 70.98492, 0.0140875
1760, 70.99953, 0.0140846
1761, 76.78958, 0.0130226
1762, 71.29718, 0.0140258
1763, 72.17663, 0.0138549
1764, 71.9932, 0.0138902
1765, 71.7494, 0.0139374
1766, 71.89796, 0.0139086
1767, 71.85715, 0.0139165
1768, 70.99953, 0.0140846
1769, 72.16673, 0.0138568
1770, 71.57121, 0.0139721
1771, 71.87936, 0.0139122
1772, 71.7463, 0.013938
1773, 71.96264, 0.0138961
1774, 64.01762, 0.0156207
1775, 82.27811, 0.0121539
1776, 68.7739, 0.0145404
1777, 70.45429, 0.0141936
1778, 72.42441, 0.0138075
1779, 75.00919, 0.0133317
1780, 68.22399, 0.0146576
1781, 76.55913, 0.0130618
1782, 70.63294, 0.0141577
1783, 73.08018, 0.0136836
1784, 71.87057, 0.0139139
1785, 72.04248, 0.0138807
1786, 70.88428, 0.0141075
1787, 72.93999, 0.0137099
1788, 71.87988, 0.0139121
1789, 71.2794, 0.0140293
1790, 72.19174, 0.013852
1791, 71.32108, 0.0140211
1792, 70.46521, 0.0141914
1793, 73.40797, 0.0136225
1794, 71.81019, 0.0139256
1795, 71.62452, 0.0139617
1796, 71.89124, 0.0139099
1797, 71.83495, 0.0139208
1798, 71.04796, 0.014075
1799, 72.23868, 0.013843
1800, 72.4538, 0.0138019
1801, 71.66301, 0.0139542
1802, 71.21899, 0.0140412
1803, 72.50107, 0.0137929
1804, 71.08281, 0.0140681
1805, 72.93095, 0.0137116
1806, 71.80503, 0.0139266
1807, 71.40307, 0.014005
1808, 71.82566, 0.0139226
1809, 72.02224, 0.0138846
1810, 70.65739, 0.0141528
1811, 73.19948, 0.0136613
1812, 71.23167, 0.0140387
1813, 72.55999, 0.0137817
1814, 71.28549, 0.0140281
1815, 71.81792, 0.0139241
1816, 72.41654, 0.013809
1817, 72.55315, 0.013783
1818, 71.54253, 0.0139777
1819, 71.49956, 0.0139861
1820, 72.21155, 0.0138482
1821, 72.20216, 0.01385
1822, 70.06432, 0.0142726
1823, 73.2606, 0.0136499
1824, 71.22609, 0.0140398
1825, 71.10454, 0.0140638
1826, 72.99004, 0.0137005
1827, 71.42142, 0.0140014
1828, 71.76021, 0.0139353
1829, 72.56315, 0.0137811
1830, 71.25146, 0.0140348
1831, 72.26373, 0.0138382
1832, 70.44635, 0.0141952
1833, 73.41013, 0.0136221
1834, 71.28803, 0.0140276
1835, 72.25851, 0.0138392
1836, 71.30379, 0.0140245
1837, 72.30553, 0.0138302
1838, 71.84476, 0.0139189
1839, 71.54457, 0.0139773
1840, 70.59853, 0.0141646
1841, 73.42413, 0.0136195
1842, 71.56864, 0.0139726
1843, 72.05701, 0.0138779
1844, 71.6851, 0.0139499
1845, 71.73756, 0.0139397
1846, 71.77824, 0.0139318
1847, 71.78493, 0.0139305
1848, 71.89435, 0.0139093
1849, 72.12562, 0.0138647
1850, 71.80658, 0.0139263
1851, 71.43367, 0.013999
1852, 71.47605, 0.0139907
1853, 72.08194, 0.0138731
1854, 72.58369, 0.0137772
1855, 71.41888, 0.0140019
1856, 71.97714, 0.0138933
1857, 67.85596, 0.0147371
1858, 71.79524, 0.0139285
1859, 72.98045, 0.0137023
1860, 71.81329, 0.013925
1861, 71.74116, 0.013939
1862, 70.98945, 0.0140866
1863, 71.54867, 0.0139765
1864, 72.85974, 0.013725
1865, 71.96574, 0.0138955
1866, 68.88808, 0.0145163
1867, 70.47465, 0.0141895
1868, 77.69947, 0.0128701
1869, 68.1032, 0.0146836
1870, 70.44734, 0.014195
1871, 74.89851, 0.0133514
1872, 72.89905, 0.0137176
1873, 72.23711, 0.0138433
1874, 71.77926, 0.0139316
1875, 71.41888, 0.0140019
1876, 71.79885, 0.0139278
1877, 71.98906, 0.013891
1878, 69.94768, 0.0142964
1879, 75.47682, 0.0132491
1880, 70.15821, 0.0142535
1881, 71.2058, 0.0140438
1882, 72.38613, 0.0138148
1883, 70.92702, 0.014099
1884, 72.2747, 0.0138361
1885, 71.88608, 0.0139109
1886, 71.29414, 0.0140264
1887, 70.67437, 0.0141494
1888, 73.67785, 0.0135726
1889, 69.10229, 0.0144713
1890, 73.10957, 0.0136781
1891, 71.63016, 0.0139606
1892, 72.47269, 0.0137983
1893, 69.40348, 0.0144085
1894, 75.57322, 0.0132322
1895, 71.67277, 0.0139523
1896, 71.7942, 0.0139287
1897, 73.07111, 0.0136853
1898, 71.1683, 0.0140512
1899, 72.30501, 0.0138303
1900, 71.89021, 0.0139101
1901, 69.8812, 0.01431
1902, 72.93307, 0.0137112
1903, 72.6871, 0.0137576
1904, 71.64915, 0.0139569
1905, 71.75248, 0.0139368
1906, 72.01447, 0.0138861
1907, 70.92149, 0.0141001
1908, 72.74685, 0.0137463
1909, 71.96471, 0.0138957
1910, 70.91846, 0.0141007
1911, 71.57325, 0.0139717
1912, 72.75532, 0.0137447
1913, 70.3507, 0.0142145
1914, 73.16895, 0.013667
1915, 71.35772, 0.0140139
1916, 70.43692, 0.0141971
1917, 70.33338, 0.014218
1918, 77.63191, 0.0128813
1919, 69.3462, 0.0144204
1920, 70.42154, 0.0142002
1921, 72.89533, 0.0137183
1922, 73.00496, 0.0136977
1923, 74.25558, 0.013467
1924, 72.09338, 0.0138709
1925, 72.29717, 0.0138318
1926, 72.46272, 0.0138002
1927, 55.7041, 0.017952
1928, 95.65717, 0.010454
1929, 74.16472, 0.0134835
1930, 71.29871, 0.0140255
1931, 70.03487, 0.0142786
1932, 74.16307, 0.0134838
1933, 71.69589, 0.0139478
1934, 70.94362, 0.0140957
1935, 24.49, 0.040833
