Frame, FPS, Frame Time
1, 50, 0.02
2, 50, 0.02
3, 3, 0.3333333
4, 5.293293, 0.1889183
5, 20.65881, 0.0484055
6, 116.9905, 0.0085477
7, 71.45103, 0.0139956
8, 76.81495, 0.0130183
9, 66.16382, 0.015114
10, 76.15102, 0.0131318
11, 71.91917, 0.0139045
12, 71.6435, 0.013958
13, 71.68973, 0.013949
14, 73.11973, 0.0136762
15, 72.10013, 0.0138696
16, 73.72674, 0.0135636
17, 69.79926, 0.0143268
18, 72.30658, 0.01383
19, 72.9033, 0.0137168
20, 71.95229, 0.0138981
21, 71.82515, 0.0139227
22, 72.33534, 0.0138245
23, 70.97534, 0.0140894
24, 71.54765, 0.0139767
25, 73.29874, 0.0136428
26, 23.65078, 0.0422819
27, 73.28799, 0.0136448
28, 72.9352, 0.0137108
29, 72.21051, 0.0138484
30, 71.65736, 0.0139553
31, 71.96004, 0.0138966
32, 72.04404, 0.0138804
33, 70.09232, 0.0142669
34, 73.53482, 0.013599
35, 71.58606, 0.0139692
36, 71.1688, 0.0140511
37, 71.61221, 0.0139641
38, 72.01498, 0.013886
39, 72.24181, 0.0138424
40, 72.12197, 0.0138654
41, 71.35365, 0.0140147
42, 71.44133, 0.0139975
43, 35.91064, 0.0278469
44, 70.53281, 0.0141778
45, 73.70881, 0.0135669
46, 71.04694, 0.0140752
47, 52.41722, 0.0190777
48, 67.41906, 0.0148326
49, 14.88769, 0.0671696
50, 68.38261, 0.0146236
51, 75.09029, 0.0133173
52, 69.41745, 0.0144056
53, 68.16493, 0.0146703
54, 67.28524, 0.0148621
55, 72.20998, 0.0138485
56, 68.72238, 0.0145513
57, 23.88094, 0.0418744
58, 66.87979, 0.0149522
59, 69.15533, 0.0144602
60, 73.88963, 0.0135337
61, 70.49502, 0.0141854
62, 72.25433, 0.01384
63, 71.80916, 0.0139258
64, 71.32616, 0.0140201
65, 69.63206, 0.0143612
66, 72.2653, 0.0138379
67, 72.10065, 0.0138695
68, 61.41261, 0.0162833
69, 86.30436, 0.0115869
70, 68.92131, 0.0145093
71, 72.34476, 0.0138227
72, 73.46945, 0.0136111
73, 72.95223, 0.0137076
74, 71.29718, 0.0140258
75, 71.35722, 0.014014
76, 72.99057, 0.0137004
77, 69.86509, 0.0143133
78, 71.9528, 0.013898
79, 73.57594, 0.0135914
80, 35.68765, 0.0280209
81, 71.55788, 0.0139747
82, 62.02666, 0.0161221
83, 86.48649, 0.0115625
84, 71.17184, 0.0140505
85, 71.81329, 0.013925
86, 72.53683, 0.0137861
87, 68.97122, 0.0144988
88, 57.1347, 0.0175025
89, 65.91653, 0.0151707
90, 114.1292, 0.008762
91, 71.38982, 0.0140076
92, 71.82773, 0.0139222
93, 71.77102, 0.0139332
94, 70.97232, 0.01409
95, 72.71828, 0.0137517
96, 71.30277, 0.0140247
97, 71.62144, 0.0139623
98, 72.11677, 0.0138664
99, 71.49854, 0.0139863
100, 71.64248, 0.0139582
101, 72.13081, 0.0138637
102, 71.05805, 0.014073
103, 72.1907, 0.0138522
104, 71.69024, 0.0139489
105, 71.3674, 0.014012
106, 72.24024, 0.0138427
107, 71.98595, 0.0138916
108, 71.45103, 0.0139956
109, 36.16087, 0.0276542
110, 71.18046, 0.0140488
111, 71.3282, 0.0140197
112, 70.88126, 0.0141081
113, 73.31701, 0.0136394
114, 71.92226, 0.0139039
115, 71.24841, 0.0140354
116, 72.37514, 0.0138169
117, 71.50723, 0.0139846
118, 71.79472, 0.0139286
119, 71.01214, 0.0140821
120, 73.27349, 0.0136475
121, 71.20377, 0.0140442
122, 71.77051, 0.0139333
123, 71.14754, 0.0140553
124, 72.33744, 0.0138241
125, 35.86106, 0.0278854
126, 62.83341, 0.0159151
127, 84.08732, 0.0118924
128, 71.74167, 0.0139389
129, 69.99174, 0.0142874
130, 73.93934, 0.0135246
131, 71.59785, 0.0139669
132, 71.77, 0.0139334
133, 70.54325, 0.0141757
134, 72.08974, 0.0138716
135, 71.84579, 0.0139187
136, 72.15424, 0.0138592
137, 72.36832, 0.0138182
138, 71.88039, 0.013912
139, 71.21442, 0.0140421
140, 72.25225, 0.0138404
141, 70.94513, 0.0140954
142, 72.6343, 0.0137676
143, 72.01187, 0.0138866
144, 5.115202, 0.1954957
145, 29.90288, 0.0334416
146, 34.6016, 0.0289004
147, 38.74317, 0.025811
148, 112.6367, 0.0088781
149, 71.17489, 0.0140499
150, 72.6496, 0.0137647
151, 72.1381, 0.0138623
152, 70.71786, 0.0141407
153, 32.92886, 0.0303685
154, 87.6993, 0.0114026
155, 72.31024, 0.0138293
156, 72.28671, 0.0138338
157, 71.43929, 0.0139979
158, 71.9932, 0.0138902
159, 71.52718, 0.0139807
160, 71.32413, 0.0140205
161, 72.15997, 0.0138581
162, 70.76389, 0.0141315
163, 31.79276, 0.0314537
164, 99.00401, 0.0101006
165, 71.11718, 0.0140613
166, 72.82207, 0.0137321
167, 71.51234, 0.0139836
168, 71.9295, 0.0139025
169, 71.34703, 0.014016
170, 71.46584, 0.0139927
171, 71.00155, 0.0140842
172, 72.32803, 0.0138259
173, 73.70881, 0.0135669
174, 71.33838, 0.0140177
175, 71.60503, 0.0139655
176, 71.74476, 0.0139383
177, 71.81019, 0.0139256
178, 71.3939, 0.0140068
179, 71.7669, 0.013934
180, 71.76896, 0.0139336
181, 71.35212, 0.014015
182, 72.00928, 0.0138871
183, 71.55788, 0.0139747
184, 72.38613, 0.0138148
185, 71.62708, 0.0139612
186, 71.87006, 0.013914
187, 71.59426, 0.0139676
188, 71.61785, 0.013963
189, 72.0565, 0.013878
190, 71.7973, 0.0139281
191, 71.19718, 0.0140455
192, 72.79928, 0.0137364
193, 70.06187, 0.0142731
194, 73.18394, 0.0136642
195, 71.92226, 0.0139039
196, 72.33534, 0.0138245
197, 71.62195, 0.0139622
198, 71.58453, 0.0139695
199, 71.85973, 0.013916
200, 71.49393, 0.0139872
201, 72.01498, 0.013886
202, 70.99903, 0.0140847
203, 71.97766, 0.0138932
204, 72.42546, 0.0138073
205, 71.29108, 0.014027
206, 72.53683, 0.0137861
207, 71.78493, 0.0139305
208, 69.62286, 0.0143631
209, 73.91202, 0.0135296
210, 70.59155, 0.014166
211, 71.13641, 0.0140575
212, 72.2486, 0.0138411
213, 73.38911, 0.013626
214, 70.70985, 0.0141423
215, 73.11064, 0.0136779
216, 71.27431, 0.0140303
217, 72.1329, 0.0138633
218, 71.4046, 0.0140047
219, 71.86231, 0.0139155
220, 71.0076, 0.014083
221, 72.14174, 0.0138616
222, 72.06999, 0.0138754
223, 70.95369, 0.0140937
224, 72.72939, 0.0137496
225, 72.75373, 0.013745
226, 71.04997, 0.0140746
227, 71.97403, 0.0138939
228, 72.1381, 0.0138623
229, 71.30888, 0.0140235
230, 70.93054, 0.0140983
231, 72.66756, 0.0137613
232, 70.5537, 0.0141736
233, 73.19948, 0.0136613
234, 71.40103, 0.0140054
235, 72.1459, 0.0138608
236, 71.73344, 0.0139405
237, 70.67437, 0.0141494
238, 69.77491, 0.0143318
239, 75.55495, 0.0132354
240, 71.38829, 0.0140079
241, 71.56915, 0.0139725
242, 71.45869, 0.0139941
243, 72.5058, 0.013792
244, 70.24445, 0.014236
245, 73.70283, 0.013568
246, 72.29507, 0.0138322
247, 71.50211, 0.0139856
248, 71.73602, 0.01394
249, 71.02424, 0.0140797
250, 71.38421, 0.0140087
251, 73.37996, 0.0136277
252, 70.92349, 0.0140997
253, 72.29717, 0.0138318
254, 70.31854, 0.014221
255, 73.47755, 0.0136096
256, 70.63294, 0.0141577
257, 71.43725, 0.0139983
258, 73.39773, 0.0136244
259, 71.0313, 0.0140783
260, 71.28956, 0.0140273
261, 73.35896, 0.0136316
262, 70.47713, 0.014189
263, 72.75108, 0.0137455
264, 70.98895, 0.0140867
265, 72.52263, 0.0137888
266, 71.58708, 0.013969
267, 71.78184, 0.0139311
268, 69.67039, 0.0143533
269, 74.53397, 0.0134167
270, 71.78751, 0.01393
271, 70.86369, 0.0141116
272, 72.04092, 0.013881
273, 72.09286, 0.013871
274, 71.84579, 0.0139187
275, 72.05545, 0.0138782
276, 71.48933, 0.0139881
277, 71.9409, 0.0139003
278, 71.56506, 0.0139733
279, 71.34347, 0.0140167
280, 72.00772, 0.0138874
281, 72.37304, 0.0138173
282, 71.06664, 0.0140713
283, 72.50948, 0.0137913
284, 71.76896, 0.0139336
285, 71.7633, 0.0139347
286, 70.82955, 0.0141184
287, 73.12561, 0.0136751
288, 71.77257, 0.0139329
289, 71.624, 0.0139618
290, 70.93356, 0.0140977
291, 72.56104, 0.0137815
292, 71.6435, 0.013958
293, 67.69977, 0.0147711
294, 76.39886, 0.0130892
295, 71.61682, 0.0139632
296, 71.37045, 0.0140114
297, 72.09338, 0.0138709
298, 70.89383, 0.0141056
299, 71.15665, 0.0140535
300, 73.66917, 0.0135742
301, 72.1433, 0.0138613
302, 72.02016, 0.013885
303, 71.78751, 0.01393
304, 70.89031, 0.0141063
305, 73.02948, 0.0136931
306, 70.86168, 0.014112
307, 72.8863, 0.01372
308, 71.50979, 0.0139841
309, 71.91761, 0.0139048
310, 71.24587, 0.0140359
311, 72.23659, 0.0138434
312, 71.52871, 0.0139804
313, 71.80091, 0.0139274
314, 71.89279, 0.0139096
315, 68.85772, 0.0145227
316, 74.29752, 0.0134594
317, 71.65582, 0.0139556
318, 73.13363, 0.0136736
319, 71.254, 0.0140343
320, 72.1355, 0.0138628
321, 71.58862, 0.0139687
322, 71.90468, 0.0139073
323, 55.51885, 0.0180119
324, 87.0216, 0.0114914
325, 73.46999, 0.013611
326, 71.26314, 0.0140325
327, 75.14729, 0.0133072
328, 72.59792, 0.0137745
329, 71.23521, 0.014038
330, 74.19829, 0.0134774
331, 72.31495, 0.0138284
332, 72.02587, 0.0138839
333, 72.56947, 0.0137799
334, 71.9761, 0.0138935
335, 71.91502, 0.0139053
336, 72.1381, 0.0138623
337, 71.6625, 0.0139543
338, 72.45484, 0.0138017
339, 71.92485, 0.0139034
340, 71.52257, 0.0139816
341, 71.31905, 0.0140215
342, 73.18073, 0.0136648
343, 71.81432, 0.0139248
344, 71.73756, 0.0139397
345, 71.55174, 0.0139759
346, 71.43163, 0.0139994
347, 72.33534, 0.0138245
348, 71.72058, 0.013943
349, 68.68462, 0.0145593
350, 72.38404, 0.0138152
351, 74.36548, 0.0134471
352, 73.41066, 0.013622
353, 71.57018, 0.0139723
354, 70.98341, 0.0140878
355, 72.97192, 0.0137039
356, 70.90187, 0.014104
357, 72.25538, 0.0138398
358, 72.31129, 0.0138291
359, 69.42034, 0.014405
360, 74.30966, 0.0134572
361, 71.76278, 0.0139348
362, 71.63837, 0.013959
363, 71.59324, 0.0139678
364, 72.06065, 0.0138772
365, 70.35218, 0.0142142
366, 72.64539, 0.0137655
367, 72.53368, 0.0137867
368, 71.68613, 0.0139497
369, 72.16778, 0.0138566
370, 70.66988, 0.0141503
371, 72.03313, 0.0138825
372, 72.07831, 0.0138738
373, 71.96574, 0.0138955
374, 71.69949, 0.0139471
375, 70.66238, 0.0141518
376, 73.25202, 0.0136515
377, 71.79214, 0.0139291
378, 72.08298, 0.0138729
379, 71.34042, 0.0140173
380, 71.88142, 0.0139118
381, 71.09342, 0.014066
382, 72.7495, 0.0137458
383, 70.63744, 0.0141568
384, 59.49902, 0.016807
385, 65.43774, 0.0152817
386, 106.0468, 0.0094298
387, 71.63734, 0.0139592
388, 71.27025, 0.0140311
389, 71.31294, 0.0140227
390, 72.8242, 0.0137317
391, 71.45562, 0.0139947
392, 70.99953, 0.0140846
393, 72.6132, 0.0137716
394, 72.31651, 0.0138281
395, 70.43543, 0.0141974
396, 73.38641, 0.0136265
397, 72.04455, 0.0138803
398, 71.40409, 0.0140048
399, 71.58708, 0.013969
400, 70.81, 0.0141223
401, 72.186, 0.0138531
402, 72.7802, 0.01374
403, 71.24232, 0.0140366
404, 72.54578, 0.0137844
405, 70.12279, 0.0142607
406, 73.74577, 0.0135601
407, 71.16222, 0.0140524
408, 72.23346, 0.013844
409, 71.58708, 0.013969
410, 72.03937, 0.0138813
411, 71.24943, 0.0140352
412, 71.29921, 0.0140254
413, 71.95125, 0.0138983
414, 72.1683, 0.0138565
415, 71.5011, 0.0139858
416, 72.61742, 0.0137708
417, 71.5236, 0.0139814
418, 72.41129, 0.01381
419, 71.17489, 0.0140499
420, 72.4622, 0.0138003
421, 71.79369, 0.0139288
422, 71.62914, 0.0139608
423, 71.82721, 0.0139223
424, 70.2879, 0.0142272
425, 72.70876, 0.0137535
426, 72.86346, 0.0137243
427, 72.04195, 0.0138808
428, 70.70386, 0.0141435
429, 72.71406, 0.0137525
430, 71.55686, 0.0139749
431, 71.71852, 0.0139434
432, 72.07986, 0.0138735
433, 71.69795, 0.0139474
434, 71.27075, 0.014031
435, 72.23033, 0.0138446
436, 71.25857, 0.0140334
437, 72.29037, 0.0138331
438, 72.10637, 0.0138684
439, 71.32719, 0.0140199
440, 71.45766, 0.0139943
441, 71.99994, 0.0138889
442, 70.25185, 0.0142345
443, 71.79008, 0.0139295
444, 72.86293, 0.0137244
445, 71.01869, 0.0140808
446, 73.58785, 0.0135892
447, 71.41276, 0.0140031
448, 71.93831, 0.0139008
449, 71.0631, 0.014072
450, 72.91978, 0.0137137
451, 71.7067, 0.0139457
452, 70.55719, 0.0141729
453, 72.6665, 0.0137615
454, 72.30972, 0.0138294
455, 71.37045, 0.0140114
456, 71.35059, 0.0140153
457, 72.88577, 0.0137201
458, 71.83856, 0.0139201
459, 72.1506, 0.0138599
460, 71.9052, 0.0139072
461, 71.74528, 0.0139382
462, 71.75609, 0.0139361
463, 71.91554, 0.0139052
464, 71.61887, 0.0139628
465, 71.53536, 0.0139791
466, 71.61169, 0.0139642
467, 72.57158, 0.0137795
468, 71.92796, 0.0139028
469, 70.78544, 0.0141272
470, 72.67336, 0.0137602
471, 71.66815, 0.0139532
472, 71.57838, 0.0139707
473, 72.07051, 0.0138753
474, 71.86179, 0.0139156
475, 70.82604, 0.0141191
476, 72.44277, 0.013804
477, 72.68023, 0.0137589
478, 71.45205, 0.0139954
479, 71.45971, 0.0139939
480, 71.09645, 0.0140654
481, 72.64433, 0.0137657
482, 71.7391, 0.0139394
483, 71.34499, 0.0140164
484, 72.13862, 0.0138622
485, 70.47912, 0.0141886
486, 71.21544, 0.0140419
487, 74.61852, 0.0134015
488, 71.40307, 0.014005
489, 71.99683, 0.0138895
490, 71.62349, 0.0139619
491, 70.58658, 0.014167
492, 72.25381, 0.0138401
493, 72.24233, 0.0138423
494, 72.06324, 0.0138767
495, 72.08038, 0.0138734
496, 71.10959, 0.0140628
497, 72.7532, 0.0137451
498, 71.33736, 0.0140179
499, 72.43123, 0.0138062
500, 71.77412, 0.0139326
501, 71.29514, 0.0140262
502, 70.91344, 0.0141017
503, 73.41389, 0.0136214
504, 69.53909, 0.0143804
505, 74.08176, 0.0134986
506, 71.52564, 0.013981
507, 72.01447, 0.0138861
508, 71.77978, 0.0139315
509, 71.79524, 0.0139285
510, 70.89584, 0.0141052
511, 72.04922, 0.0138794
512, 71.85767, 0.0139164
513, 71.38421, 0.0140087
514, 72.96873, 0.0137045
515, 71.80142, 0.0139273
516, 69.88462, 0.0143093
517, 74.22252, 0.013473
518, 71.63837, 0.013959
519, 71.43929, 0.0139979
520, 71.7803, 0.0139314
521, 72.05026, 0.0138792
522, 71.04796, 0.014075
523, 72.7019, 0.0137548
524, 71.00256, 0.014084
525, 71.83856, 0.0139201
526, 71.99683, 0.0138895
527, 72.49266, 0.0137945
528, 70.83607, 0.0141171
529, 72.51053, 0.0137911
530, 72.1709, 0.013856
531, 72.17559, 0.0138551
532, 71.57991, 0.0139704
533, 71.63067, 0.0139605
534, 71.45511, 0.0139948
535, 71.9787, 0.013893
536, 72.31285, 0.0138288
537, 71.82979, 0.0139218
538, 71.61324, 0.0139639
539, 71.86593, 0.0139148
540, 69.85094, 0.0143162
541, 73.65343, 0.0135771
542, 72.08922, 0.0138717
543, 71.71029, 0.013945
544, 71.65017, 0.0139567
545, 71.18046, 0.0140488
546, 70.97635, 0.0140892
547, 73.26866, 0.0136484
548, 71.54611, 0.013977
549, 72.29089, 0.013833
550, 72.4706, 0.0137987
551, 69.49078, 0.0143904
552, 73.13898, 0.0136726
553, 72.73574, 0.0137484
554, 71.34703, 0.014016
555, 70.69986, 0.0141443
556, 73.32937, 0.0136371
557, 71.15918, 0.014053
558, 71.55123, 0.013976
559, 72.96607, 0.013705
560, 71.79111, 0.0139293
561, 71.90779, 0.0139067
562, 71.77669, 0.0139321
563, 71.45511, 0.0139948
564, 70.84762, 0.0141148
565, 72.96288, 0.0137056
566, 71.6394, 0.0139588
567, 72.27888, 0.0138353
568, 70.92098, 0.0141002
569, 72.47847, 0.0137972
570, 70.64092, 0.0141561
571, 73.36273, 0.0136309
572, 71.58811, 0.0139688
573, 71.9021, 0.0139078
574, 70.56764, 0.0141708
575, 73.17056, 0.0136667
576, 71.08584, 0.0140675
577, 72.10741, 0.0138682
578, 72.59106, 0.0137758
579, 70.21486, 0.014242
580, 72.76749, 0.0137424
581, 71.84218, 0.0139194
582, 71.19414, 0.0140461
583, 73.07912, 0.0136838
584, 71.38625, 0.0140083
585, 71.80194, 0.0139272
586, 72.31129, 0.0138291
587, 71.48474, 0.013989
588, 71.54304, 0.0139776
589, 72.34163, 0.0138233
590, 70.81401, 0.0141215
591, 72.55473, 0.0137827
592, 67.87346, 0.0147333
593, 77.34191, 0.0129296
594, 71.25197, 0.0140347
595, 71.28397, 0.0140284
596, 72.92244, 0.0137132
597, 71.77412, 0.0139326
598, 71.77875, 0.0139317
599, 71.21239, 0.0140425
600, 71.33075, 0.0140192
601, 71.87212, 0.0139136
602, 72.73521, 0.0137485
603, 71.45461, 0.0139949
604, 71.87574, 0.0139129
605, 71.06512, 0.0140716
606, 72.87833, 0.0137215
607, 71.51541, 0.013983
608, 72.10429, 0.0138688
609, 71.52871, 0.0139804
610, 71.27533, 0.0140301
611, 71.94711, 0.0138991
612, 71.00306, 0.0140839
613, 72.60161, 0.0137738
614, 71.7973, 0.0139281
615, 71.79266, 0.013929
616, 71.95953, 0.0138967
617, 71.68973, 0.013949
618, 71.68922, 0.0139491
619, 71.90313, 0.0139076
620, 71.95125, 0.0138983
621, 71.74888, 0.0139375
622, 70.78593, 0.0141271
623, 72.12197, 0.0138654
624, 72.85125, 0.0137266
625, 70.35367, 0.0142139
626, 73.34605, 0.013634
627, 71.61528, 0.0139635
628, 71.49445, 0.0139871
629, 71.89796, 0.0139086
630, 71.47963, 0.01399
631, 72.20269, 0.0138499
632, 72.0378, 0.0138816
633, 71.48219, 0.0139895
634, 71.90623, 0.013907
635, 72.04559, 0.0138801
636, 71.30634, 0.014024
637, 72.54683, 0.0137842
638, 72.11937, 0.0138659
639, 71.90572, 0.0139071
640, 71.42704, 0.0140003
641, 71.54867, 0.0139765
642, 72.21677, 0.0138472
643, 70.61349, 0.0141616
644, 72.7204, 0.0137513
645, 70.56167, 0.014172
646, 73.40797, 0.0136225
647, 70.69836, 0.0141446
648, 71.51899, 0.0139823
649, 70.54972, 0.0141744
650, 75.30121, 0.01328
651, 71.24638, 0.0140358
652, 71.60349, 0.0139658
653, 71.89641, 0.0139089
654, 71.76948, 0.0139335
655, 71.46481, 0.0139929
656, 71.56966, 0.0139724
657, 72.66175, 0.0137624
658, 71.425, 0.0140007
659, 72.41025, 0.0138102
660, 71.25755, 0.0140336
661, 70.71436, 0.0141414
662, 73.8307, 0.0135445
663, 71.50467, 0.0139851
664, 71.39848, 0.0140059
665, 71.69487, 0.013948
666, 71.94141, 0.0139002
667, 71.43469, 0.0139988
668, 72.97086, 0.0137041
669, 71.71235, 0.0139446
670, 71.9932, 0.0138902
671, 71.69024, 0.0139489
672, 71.55072, 0.0139761
673, 70.2262, 0.0142397
674, 73.41281, 0.0136216
675, 71.86283, 0.0139154
676, 70.58308, 0.0141677
677, 71.03584, 0.0140774
678, 72.93307, 0.0137112
679, 71.1273, 0.0140593
680, 73.77406, 0.0135549
681, 71.39594, 0.0140064
682, 71.69743, 0.0139475
683, 72.3186, 0.0138277
684, 71.61067, 0.0139644
685, 69.26599, 0.0144371
686, 74.51454, 0.0134202
687, 71.65531, 0.0139557
688, 71.92278, 0.0139038
689, 69.76712, 0.0143334
690, 74.51454, 0.0134202
691, 71.0621, 0.0140722
692, 73.18876, 0.0136633
693, 71.5011, 0.0139858
694, 71.86954, 0.0139141
695, 71.79678, 0.0139282
696, 69.63449, 0.0143607
697, 73.33797, 0.0136355
698, 72.7241, 0.0137506
699, 71.33838, 0.0140177
700, 71.0722, 0.0140702
701, 72.75955, 0.0137439
702, 71.58196, 0.01397
703, 71.19515, 0.0140459
704, 72.77967, 0.0137401
705, 71.65993, 0.0139548
706, 71.93365, 0.0139017
707, 71.65377, 0.013956
708, 72.13914, 0.0138621
709, 70.3601, 0.0142126
710, 73.44949, 0.0136148
711, 70.6599, 0.0141523
712, 72.7532, 0.0137451
713, 72.18705, 0.0138529
714, 71.73344, 0.0139405
715, 70.11147, 0.014263
716, 73.14861, 0.0136708
717, 72.29978, 0.0138313
718, 71.43214, 0.0139993
719, 71.90882, 0.0139065
720, 71.51132, 0.0139838
721, 71.07674, 0.0140693
722, 71.80297, 0.013927
723, 71.84321, 0.0139192
724, 72.50054, 0.013793
725, 71.82721, 0.0139223
726, 71.14957, 0.0140549
727, 71.67688, 0.0139515
728, 73.23164, 0.0136553
729, 71.60503, 0.0139655
730, 71.23471, 0.0140381
731, 72.50212, 0.0137927
732, 71.54048, 0.0139781
733, 41.36077, 0.0241775
734, 168.2567, 0.0059433
735, 76.38719, 0.0130912
736, 73.56998, 0.0135925
737, 72.9267, 0.0137124
738, 73.08286, 0.0136831
739, 72.56789, 0.0137802
740, 72.96767, 0.0137047
741, 72.45222, 0.0138022
742, 71.87212, 0.0139136
743, 72.60003, 0.0137741
744, 72.11521, 0.0138667
745, 71.77875, 0.0139317
746, 72.32279, 0.0138269
747, 70.93607, 0.0140972
748, 73.49753, 0.0136059
749, 72.26948, 0.0138371
750, 71.60964, 0.0139646
751, 71.64504, 0.0139577
752, 72.3589, 0.01382
753, 71.78545, 0.0139304
754, 71.85095, 0.0139177
755, 71.74476, 0.0139383
756, 70.67537, 0.0141492
757, 72.94691, 0.0137086
758, 72.35942, 0.0138199
759, 71.63683, 0.0139593
760, 71.60554, 0.0139654
761, 71.12426, 0.0140599
762, 72.04352, 0.0138805
763, 72.05026, 0.0138792
764, 72.3186, 0.0138277
765, 71.56096, 0.0139741
766, 71.10302, 0.0140641
767, 72.04455, 0.0138803
768, 72.95329, 0.0137074
769, 71.77772, 0.0139319
770, 72.11053, 0.0138676
771, 71.71852, 0.0139434
772, 71.58657, 0.0139691
773, 71.36842, 0.0140118
774, 72.48058, 0.0137968
775, 71.51694, 0.0139827
776, 71.24486, 0.0140361
777, 72.81306, 0.0137338
778, 70.69786, 0.0141447
779, 73.05616, 0.0136881
780, 71.36638, 0.0140122
781, 72.0015, 0.0138886
782, 72.25225, 0.0138404
783, 71.75403, 0.0139365
784, 71.71697, 0.0139437
785, 71.57735, 0.0139709
786, 71.59119, 0.0139682
787, 71.72263, 0.0139426
788, 72.71352, 0.0137526
789, 69.73209, 0.0143406
790, 73.62632, 0.0135821
791, 71.85302, 0.0139173
792, 71.82257, 0.0139232
793, 71.96782, 0.0138951
794, 71.96937, 0.0138948
795, 71.58913, 0.0139686
796, 71.14855, 0.0140551
797, 71.04594, 0.0140754
798, 73.21823, 0.0136578
799, 71.57325, 0.0139717
800, 71.0727, 0.0140701
801, 72.76431, 0.013743
802, 71.69332, 0.0139483
803, 71.5497, 0.0139763
804, 71.70052, 0.0139469
805, 71.67175, 0.0139525
806, 72.05389, 0.0138785
807, 71.20174, 0.0140446
808, 72.37985, 0.013816
809, 71.96886, 0.0138949
810, 72.1584, 0.0138584
811, 70.36654, 0.0142113
812, 72.23502, 0.0138437
813, 72.67442, 0.01376
814, 71.61426, 0.0139637
815, 72.0238, 0.0138843
816, 71.34703, 0.014016
817, 71.88453, 0.0139112
818, 70.19218, 0.0142466
819, 74.20214, 0.0134767
820, 70.9819, 0.0140881
821, 72.12562, 0.0138647
822, 71.30074, 0.0140251
823, 72.64697, 0.0137652
824, 68.91371, 0.0145109
825, 74.89122, 0.0133527
826, 72.1657, 0.013857
827, 71.07624, 0.0140694
828, 72.10481, 0.0138687
829, 72.22094, 0.0138464
830, 70.63793, 0.0141567
831, 73.3525, 0.0136328
832, 71.45, 0.0139958
833, 71.24334, 0.0140364
834, 72.36518, 0.0138188
835, 72.14799, 0.0138604
836, 69.97705, 0.0142904
837, 73.61873, 0.0135835
838, 71.72881, 0.0139414
839, 71.89279, 0.0139096
840, 71.77721, 0.013932
841, 71.40256, 0.0140051
842, 71.38268, 0.014009
843, 72.75532, 0.0137447
844, 69.52314, 0.0143837
845, 74.15977, 0.0134844
846, 71.78339, 0.0139308
847, 71.40154, 0.0140053
848, 69.49222, 0.0143901
849, 75.09029, 0.0133173
850, 71.77514, 0.0139324
851, 71.46226, 0.0139934
852, 71.12426, 0.0140599
853, 72.11002, 0.0138677
854, 71.92796, 0.0139028
855, 71.80246, 0.0139271
856, 72.20373, 0.0138497
857, 72.01965, 0.0138851
858, 71.61221, 0.0139641
859, 71.43674, 0.0139984
860, 70.20549, 0.0142439
861, 74.71943, 0.0133834
862, 71.54407, 0.0139774
863, 71.65891, 0.013955
864, 71.43827, 0.0139981
865, 72.0238, 0.0138843
866, 69.6471, 0.0143581
867, 74.39536, 0.0134417
868, 71.30277, 0.0140247
869, 72.0155, 0.0138859
870, 72.2486, 0.0138411
871, 71.1273, 0.0140593
872, 71.18046, 0.0140488
873, 73.53915, 0.0135982
874, 71.85147, 0.0139176
875, 71.08634, 0.0140674
876, 71.78133, 0.0139312
877, 71.39542, 0.0140065
878, 72.00253, 0.0138884
879, 72.09753, 0.0138701
880, 71.84012, 0.0139198
881, 72.20477, 0.0138495
882, 71.02475, 0.0140796
883, 72.29089, 0.013833
884, 71.09039, 0.0140666
885, 72.25956, 0.013839
886, 71.89176, 0.0139098
887, 71.61067, 0.0139644
888, 71.5016, 0.0139857
889, 72.20529, 0.0138494
890, 71.373, 0.0140109
891, 72.63325, 0.0137678
892, 71.71183, 0.0139447
893, 71.88245, 0.0139116
894, 71.00659, 0.0140832
895, 72.53052, 0.0137873
896, 71.78751, 0.01393
897, 71.97403, 0.0138939
898, 71.42959, 0.0139998
899, 71.06866, 0.0140709
900, 72.92403, 0.0137129
901, 72.08974, 0.0138716
902, 71.46328, 0.0139932
903, 72.06584, 0.0138762
904, 71.6199, 0.0139626
905, 71.89486, 0.0139092
906, 70.64442, 0.0141554
907, 72.6285, 0.0137687
908, 71.45205, 0.0139954
909, 71.86231, 0.0139155
910, 69.79731, 0.0143272
911, 73.94481, 0.0135236
912, 73.09995, 0.0136799
913, 71.22609, 0.0140398
914, 71.59221, 0.013968
915, 72.57368, 0.0137791
916, 70.9074, 0.0141029
917, 72.9698, 0.0137043
918, 70.03291, 0.014279
919, 72.29613, 0.013832
920, 72.45957, 0.0138008
921, 65.05334, 0.015372
922, 78.97585, 0.0126621
923, 74.48956, 0.0134247
924, 71.10757, 0.0140632
925, 71.79833, 0.0139279
926, 71.63529, 0.0139596
927, 71.91141, 0.013906
928, 71.70515, 0.013946
929, 71.61221, 0.0139641
930, 71.64196, 0.0139583
931, 71.67637, 0.0139516
932, 71.23573, 0.0140379
933, 72.73257, 0.013749
934, 71.69281, 0.0139484
935, 71.82308, 0.0139231
936, 71.57223, 0.0139719
937, 71.56864, 0.0139726
938, 72.23816, 0.0138431
939, 71.68356, 0.0139502
940, 72.01913, 0.0138852
941, 70.97786, 0.0140889
942, 72.72198, 0.013751
943, 70.86419, 0.0141115
944, 72.61954, 0.0137704
945, 71.27075, 0.014031
946, 72.49739, 0.0137936
947, 72.13081, 0.0138637
948, 71.53638, 0.0139789
949, 71.85715, 0.0139165
950, 72.06324, 0.0138767
951, 67.79247, 0.0147509
952, 75.04127, 0.013326
953, 72.93361, 0.0137111
954, 71.15868, 0.0140531
955, 72.5542, 0.0137828
956, 71.89693, 0.0139088
957, 71.60759, 0.013965
958, 72.04819, 0.0138796
959, 69.56667, 0.0143747
960, 73.73761, 0.0135616
961, 72.17299, 0.0138556
962, 71.14754, 0.0140553
963, 72.12354, 0.0138651
964, 72.19226, 0.0138519
965, 70.49004, 0.0141864
966, 73.11278, 0.0136775
967, 71.64042, 0.0139586
968, 71.04745, 0.0140751
969, 71.73344, 0.0139405
970, 72.56525, 0.0137807
971, 71.58453, 0.0139695
972, 71.55123, 0.013976
973, 72.65171, 0.0137643
974, 71.51234, 0.0139836
975, 70.86871, 0.0141106
976, 72.1532, 0.0138594
977, 72.6665, 0.0137615
978, 71.88453, 0.0139112
979, 70.75388, 0.0141335
980, 72.60319, 0.0137735
981, 71.46328, 0.0139932
982, 72.69872, 0.0137554
983, 71.3338, 0.0140186
984, 72.3898, 0.0138141
985, 71.81844, 0.013924
986, 71.9787, 0.013893
987, 69.79098, 0.0143285
988, 73.79148, 0.0135517
989, 72.31024, 0.0138293
990, 71.13792, 0.0140572
991, 70.94614, 0.0140952
992, 73.25524, 0.0136509
993, 71.01315, 0.0140819
994, 72.18966, 0.0138524
995, 72.30292, 0.0138307
996, 71.604, 0.0139657
997, 71.9559, 0.0138974
998, 70.77792, 0.0141287
999, 71.39797, 0.014006
1000, 73.37672, 0.0136283
1001, 71.32006, 0.0140213
1002, 71.82463, 0.0139228
1003, 72.29507, 0.0138322
1004, 71.6887, 0.0139492
1005, 70.84812, 0.0141147
1006, 73.35197, 0.0136329
1007, 71.63067, 0.0139605
1008, 71.60657, 0.0139652
1009, 71.34143, 0.0140171
1010, 71.37045, 0.0140114
1011, 70.84712, 0.0141149
1012, 74.60403, 0.0134041
1013, 71.65069, 0.0139566
1014, 71.68459, 0.01395
1015, 71.33533, 0.0140183
1016, 71.71852, 0.0139434
1017, 70.97232, 0.01409
1018, 73.29713, 0.0136431
1019, 70.75238, 0.0141338
1020, 71.66917, 0.013953
1021, 72.91074, 0.0137154
1022, 71.38676, 0.0140082
1023, 70.04813, 0.0142759
1024, 74.48346, 0.0134258
1025, 71.77205, 0.013933
1026, 71.57018, 0.0139723
1027, 70.98693, 0.0140871
1028, 72.07207, 0.013875
1029, 68.21004, 0.0146606
1030, 76.62189, 0.0130511
1031, 71.12173, 0.0140604
1032, 72.28306, 0.0138345
1033, 71.96989, 0.0138947
1034, 71.7, 0.013947
1035, 69.81485, 0.0143236
1036, 73.43546, 0.0136174
1037, 72.21364, 0.0138478
1038, 70.28593, 0.0142276
1039, 73.33905, 0.0136353
1040, 71.07725, 0.0140692
1041, 72.56789, 0.0137802
1042, 71.80349, 0.0139269
1043, 72.42546, 0.0138073
1044, 69.57296, 0.0143734
1045, 73.81599, 0.0135472
1046, 71.76948, 0.0139335
1047, 70.17937, 0.0142492
1048, 73.30303, 0.013642
1049, 71.92744, 0.0139029
1050, 72.39504, 0.0138131
1051, 70.86469, 0.0141114
1052, 72.64222, 0.0137661
1053, 70.71686, 0.0141409
1054, 36.30094, 0.0275475
1055, 71.03282, 0.014078
1056, 71.87988, 0.0139121
1057, 71.91554, 0.0139052
1058, 70.3606, 0.0142125
1059, 73.68708, 0.0135709
1060, 71.9528, 0.013898
1061, 71.78133, 0.0139312
1062, 71.48065, 0.0139898
1063, 71.29972, 0.0140253
1064, 72.4874, 0.0137955
1065, 71.63786, 0.0139591
1066, 72.10949, 0.0138678
1067, 71.65736, 0.0139553
1068, 70.95168, 0.0140941
1069, 72.71564, 0.0137522
1070, 70.53579, 0.0141772
1071, 73.11438, 0.0136772
1072, 72.02016, 0.013885
1073, 71.26923, 0.0140313
1074, 71.43775, 0.0139982
1075, 72.07156, 0.0138751
1076, 72.61742, 0.0137708
1077, 71.20428, 0.0140441
1078, 71.59785, 0.0139669
1079, 71.16526, 0.0140518
1080, 72.92244, 0.0137132
1081, 72.15267, 0.0138595
1082, 70.37942, 0.0142087
1083, 72.6702, 0.0137608
1084, 71.41684, 0.0140023
1085, 72.03158, 0.0138828
1086, 72.52631, 0.0137881
1087, 72.27418, 0.0138362
1088, 70.74187, 0.0141359
1089, 72.35314, 0.0138211
1090, 72.11781, 0.0138662
1091, 72.02431, 0.0138842
1092, 71.84425, 0.013919
1093, 71.45409, 0.013995
1094, 70.11295, 0.0142627
1095, 73.9552, 0.0135217
1096, 71.43061, 0.0139996
1097, 71.96419, 0.0138958
1098, 70.5781, 0.0141687
1099, 73.04655, 0.0136899
1100, 72.21833, 0.0138469
1101, 71.71389, 0.0139443
1102, 71.72366, 0.0139424
1103, 71.624, 0.0139618
1104, 71.83908, 0.01392
1105, 71.34245, 0.0140169
1106, 70.29235, 0.0142263
1107, 69.89243, 0.0143077
1108, 76.673, 0.0130424
1109, 71.56915, 0.0139725
1110, 71.93934, 0.0139006
1111, 70.76039, 0.0141322
1112, 72.64697, 0.0137652
1113, 71.0197, 0.0140806
1114, 72.71775, 0.0137518
1115, 71.51592, 0.0139829
1116, 71.62246, 0.0139621
1117, 71.80349, 0.0139269
1118, 70.26765, 0.0142313
1119, 59.41629, 0.0168304
1120, 93.54275, 0.0106903
1121, 71.97559, 0.0138936
1122, 71.73859, 0.0139395
1123, 71.96471, 0.0138957
1124, 71.91864, 0.0139046
1125, 71.40715, 0.0140042
1126, 72.49319, 0.0137944
1127, 71.36333, 0.0140128
1128, 71.73447, 0.0139403
1129, 71.98854, 0.0138911
1130, 71.53895, 0.0139784
1131, 70.74437, 0.0141354
1132, 73.84489, 0.0135419
1133, 71.87729, 0.0139126
1134, 71.75557, 0.0139362
1135, 71.21544, 0.0140419
1136, 72.10793, 0.0138681
1137, 70.88629, 0.0141071
1138, 72.24807, 0.0138412
1139, 70.77041, 0.0141302
1140, 72.00979, 0.013887
1141, 72.96128, 0.0137059
1142, 70.67238, 0.0141498
1143, 71.1607, 0.0140527
1144, 23.89384, 0.0418518
1145, 67.33099, 0.014852
1146, 80.00256, 0.0124996
1147, 70.20599, 0.0142438
1148, 73.78331, 0.0135532
1149, 68.60358, 0.0145765
1150, 63.98608, 0.0156284
1151, 73.6236, 0.0135826
1152, 83.89191, 0.0119201
1153, 72.51736, 0.0137898
1154, 71.78442, 0.0139306
1155, 71.97921, 0.0138929
1156, 71.96523, 0.0138956
1157, 71.53844, 0.0139785
1158, 71.86024, 0.0139159
1159, 71.49598, 0.0139868
1160, 71.09139, 0.0140664
1161, 72.63641, 0.0137672
1162, 72.02068, 0.0138849
1163, 71.76948, 0.0139335
1164, 69.1343, 0.0144646
1165, 72.5058, 0.013792
1166, 74.90131, 0.0133509
1167, 71.39288, 0.014007
1168, 72.03521, 0.0138821
1169, 71.26416, 0.0140323
1170, 72.03417, 0.0138823
1171, 70.20845, 0.0142433
1172, 73.55159, 0.0135959
1173, 70.36902, 0.0142108
1174, 72.74738, 0.0137462
1175, 70.78944, 0.0141264
1176, 72.8863, 0.01372
1177, 70.52833, 0.0141787
1178, 74.13283, 0.0134893
1179, 70.86118, 0.0141121
1180, 72.7802, 0.01374
1181, 71.25248, 0.0140346
1182, 71.17387, 0.0140501
1183, 70.90489, 0.0141034
1184, 73.8258, 0.0135454
1185, 71.15918, 0.014053
1186, 72.46692, 0.0137994
1187, 71.67329, 0.0139522
1188, 71.40205, 0.0140052
1189, 70.54922, 0.0141745
1190, 73.83779, 0.0135432
1191, 72.02224, 0.0138846
1192, 71.61579, 0.0139634
1193, 70.9688, 0.0140907
1194, 72.47007, 0.0137988
1195, 70.3225, 0.0142202
1196, 74.09823, 0.0134956
1197, 71.00256, 0.014084
1198, 71.57581, 0.0139712
1199, 72.4328, 0.0138059
1200, 71.36282, 0.0140129
1201, 70.66489, 0.0141513
1202, 73.76752, 0.0135561
1203, 71.64761, 0.0139572
1204, 70.94916, 0.0140946
1205, 71.48525, 0.0139889
1206, 72.89214, 0.0137189
1207, 71.51081, 0.0139839
1208, 72.27, 0.013837
1209, 71.2606, 0.014033
1210, 72.2486, 0.0138411
1211, 71.61015, 0.0139645
1212, 71.98958, 0.0138909
1213, 70.90539, 0.0141033
1214, 70.74487, 0.0141353
1215, 72.72675, 0.0137501
1216, 72.51158, 0.0137909
1217, 71.59016, 0.0139684
1218, 72.45852, 0.013801
1219, 71.94555, 0.0138994
1220, 71.43011, 0.0139997
1221, 72.24755, 0.0138413
1222, 71.64606, 0.0139575
1223, 71.68407, 0.0139501
1224, 71.83134, 0.0139215
1225, 70.90639, 0.0141031
1226, 72.42546, 0.0138073
1227, 72.20216, 0.01385
1228, 71.62246, 0.0139621
1229, 71.71132, 0.0139448
1230, 72.0861, 0.0138723
1231, 71.101, 0.0140645
1232, 72.67072, 0.0137607
1233, 71.97092, 0.0138945
1234, 71.00003, 0.0140845
1235, 72.36518, 0.0138188
1236, 71.7942, 0.0139287
1237, 71.44541, 0.0139967
1238, 72.86505, 0.013724
1239, 71.39746, 0.0140061
1240, 71.81586, 0.0139245
1241, 71.54662, 0.0139769
1242, 72.33482, 0.0138246
1243, 71.11212, 0.0140623
1244, 72.3207, 0.0138273
1245, 70.26666, 0.0142315
1246, 73.5359, 0.0135988
1247, 71.83753, 0.0139203
1248, 71.11971, 0.0140608
1249, 72.02691, 0.0138837
1250, 72.11573, 0.0138666
1251, 71.67842, 0.0139512
1252, 71.81844, 0.013924
1253, 71.69641, 0.0139477
1254, 72.00979, 0.013887
1255, 71.44797, 0.0139962
1256, 72.40395, 0.0138114
1257, 71.63683, 0.0139593
1258, 72.15528, 0.013859
1259, 70.55669, 0.014173
1260, 72.94425, 0.0137091
1261, 71.58657, 0.0139691
1262, 71.90572, 0.0139071
1263, 71.9585, 0.0138969
1264, 71.99787, 0.0138893
1265, 70.63294, 0.0141577
1266, 73.21127, 0.0136591
1267, 71.67431, 0.013952
1268, 71.27025, 0.0140311
1269, 71.57735, 0.0139709
1270, 71.93262, 0.0139019
1271, 72.09753, 0.0138701
1272, 72.21207, 0.0138481
1273, 71.81123, 0.0139254
1274, 70.86067, 0.0141122
1275, 73.42522, 0.0136193
1276, 71.4199, 0.0140017
1277, 71.6081, 0.0139649
1278, 72.12145, 0.0138655
1279, 71.34652, 0.0140161
1280, 70.70386, 0.0141435
1281, 72.46954, 0.0137989
1282, 72.67283, 0.0137603
1283, 71.81741, 0.0139242
1284, 71.20834, 0.0140433
1285, 71.58043, 0.0139703
1286, 71.80761, 0.0139261
1287, 72.84382, 0.013728
1288, 71.9932, 0.0138902
1289, 71.47298, 0.0139913
1290, 71.91193, 0.0139059
1291, 71.73087, 0.013941
1292, 69.98293, 0.0142892
1293, 73.85688, 0.0135397
1294, 72.00616, 0.0138877
1295, 70.86067, 0.0141122
1296, 72.35995, 0.0138198
1297, 72.03728, 0.0138817
1298, 71.60503, 0.0139655
1299, 72.34163, 0.0138233
1300, 71.75918, 0.0139355
1301, 71.91658, 0.013905
1302, 71.2545, 0.0140342
1303, 71.7494, 0.0139374
1304, 71.69024, 0.0139489
1305, 71.75042, 0.0139372
1306, 72.6132, 0.0137716
1307, 70.95168, 0.0140941
1308, 72.69186, 0.0137567
1309, 71.61528, 0.0139635
1310, 71.22811, 0.0140394
1311, 72.22877, 0.0138449
1312, 72.20737, 0.013849
1313, 70.94916, 0.0140946
1314, 71.48372, 0.0139892
1315, 72.33691, 0.0138242
1316, 71.11516, 0.0140617
1317, 73.27081, 0.013648
1318, 72.36309, 0.0138192
1319, 71.44133, 0.0139975
1320, 71.92744, 0.0139029
1321, 71.68973, 0.013949
1322, 69.66991, 0.0143534
1323, 73.93606, 0.0135252
1324, 71.76484, 0.0139344
1325, 71.07523, 0.0140696
1326, 71.68202, 0.0139505
1327, 73.16681, 0.0136674
1328, 70.44685, 0.0141951
1329, 73.00282, 0.0136981
1330, 71.80503, 0.0139266
1331, 72.02016, 0.013885
1332, 71.74991, 0.0139373
1333, 71.32719, 0.0140199
1334, 71.00458, 0.0140836
1335, 73.00655, 0.0136974
1336, 70.00154, 0.0142854
1337, 73.79475, 0.0135511
1338, 71.58862, 0.0139687
1339, 71.77463, 0.0139325
1340, 71.09948, 0.0140648
1341, 72.50159, 0.0137928
1342, 72.09077, 0.0138714
1343, 71.63734, 0.0139592
1344, 71.95125, 0.0138983
1345, 71.09695, 0.0140653
1346, 71.01365, 0.0140818
1347, 72.04507, 0.0138802
1348, 73.18769, 0.0136635
1349, 71.22355, 0.0140403
1350, 72.29926, 0.0138314
1351, 71.83753, 0.0139203
1352, 70.52933, 0.0141785
1353, 73.22253, 0.013657
1354, 71.49701, 0.0139866
1355, 72.11573, 0.0138666
1356, 71.5876, 0.0139689
1357, 71.95901, 0.0138968
1358, 70.68987, 0.0141463
1359, 72.81412, 0.0137336
1360, 71.85198, 0.0139175
1361, 71.71029, 0.013945
1362, 71.87212, 0.0139136
1363, 71.76948, 0.0139335
1364, 71.33939, 0.0140175
1365, 72.04195, 0.0138808
1366, 71.94659, 0.0138992
1367, 70.34575, 0.0142155
1368, 73.30841, 0.013641
1369, 70.23458, 0.014238
1370, 72.86665, 0.0137237
1371, 70.87926, 0.0141085
1372, 72.14278, 0.0138614
1373, 72.82314, 0.0137319
1374, 71.804, 0.0139268
1375, 71.23674, 0.0140377
1376, 71.41225, 0.0140032
1377, 70.59554, 0.0141652
1378, 73.5386, 0.0135983
1379, 72.05909, 0.0138775
1380, 71.01214, 0.0140821
1381, 73.22413, 0.0136567
1382, 71.03988, 0.0140766
1383, 72.59054, 0.0137759
1384, 71.7463, 0.013938
1385, 72.28358, 0.0138344
1386, 71.81586, 0.0139245
1387, 70.12082, 0.0142611
1388, 73.62469, 0.0135824
1389, 70.9401, 0.0140964
1390, 73.20912, 0.0136595
1391, 70.56815, 0.0141707
1392, 71.97714, 0.0138933
1393, 72.0295, 0.0138832
1394, 71.71852, 0.0139434
1395, 70.90639, 0.0141031
1396, 73.06737, 0.013686
1397, 71.49751, 0.0139865
1398, 70.72636, 0.014139
1399, 72.55157, 0.0137833
1400, 72.21677, 0.0138472
1401, 70.07659, 0.0142701
1402, 73.25149, 0.0136516
1403, 72.47952, 0.013797
1404, 71.08887, 0.0140669
1405, 72.0238, 0.0138843
1406, 72.20008, 0.0138504
1407, 69.44975, 0.0143989
1408, 74.65974, 0.0133941
1409, 72.06013, 0.0138773
1410, 71.55328, 0.0139756
1411, 71.77926, 0.0139316
1412, 71.54304, 0.0139776
1413, 70.39329, 0.0142059
1414, 73.63011, 0.0135814
1415, 71.75403, 0.0139365
1416, 71.39746, 0.0140061
1417, 71.56249, 0.0139738
1418, 35.11458, 0.0284782
1419, 75.42786, 0.0132577
1420, 71.37963, 0.0140096
1421, 71.51286, 0.0139835
1422, 65.64049, 0.0152345
1423, 63.1361, 0.0158388
1424, 29.81666, 0.0335383
1425, 89.53914, 0.0111683
1426, 99.21816, 0.0100788
1427, 71.71955, 0.0139432
1428, 71.30531, 0.0140242
1429, 58.65791, 0.017048
1430, 127.8282, 0.007823
1431, 71.32616, 0.0140201
1432, 71.94607, 0.0138993
1433, 70.47018, 0.0141904
1434, 31.89121, 0.0313566
1435, 98.81618, 0.0101198
1436, 70.66788, 0.0141507
1437, 72.22668, 0.0138453
1438, 71.47656, 0.0139906
1439, 71.58401, 0.0139696
1440, 70.82504, 0.0141193
1441, 71.30379, 0.0140245
1442, 73.54563, 0.013597
1443, 70.93154, 0.0140981
1444, 32.50637, 0.0307632
1445, 91.98193, 0.0108717
1446, 71.87678, 0.0139127
1447, 72.31233, 0.0138289
1448, 71.69024, 0.0139489
1449, 71.72058, 0.013943
1450, 71.7494, 0.0139374
1451, 70.86118, 0.0141121
1452, 72.87621, 0.0137219
1453, 70.75588, 0.0141331
1454, 32.10778, 0.0311451
1455, 95.21542, 0.0105025
1456, 71.31396, 0.0140225
1457, 72.83533, 0.0137296
1458, 71.19211, 0.0140465
1459, 72.26373, 0.0138382
1460, 71.86903, 0.0139142
1461, 70.1277, 0.0142597
1462, 71.91606, 0.0139051
1463, 73.47592, 0.0136099
1464, 32.67792, 0.0306017
1465, 90.43636, 0.0110575
1466, 70.57412, 0.0141695
1467, 72.28306, 0.0138345
1468, 71.8205, 0.0139236
1469, 72.21312, 0.0138479
1470, 71.36689, 0.0140121
1471, 71.1759, 0.0140497
1472, 72.5321, 0.013787
1473, 70.63245, 0.0141578
1474, 32.60653, 0.0306687
1475, 92.55145, 0.0108048
1476, 71.74425, 0.0139384
1477, 71.35009, 0.0140154
1478, 71.49854, 0.0139863
1479, 72.70982, 0.0137533
1480, 71.90882, 0.0139065
1481, 70.56366, 0.0141716
1482, 72.93255, 0.0137113
1483, 71.35518, 0.0140144
1484, 32.43594, 0.03083
1485, 92.5292, 0.0108074
1486, 71.59631, 0.0139672
1487, 72.12302, 0.0138652
1488, 71.77978, 0.0139315
1489, 71.04493, 0.0140756
1490, 72.4412, 0.0138043
1491, 72.15424, 0.0138592
1492, 71.37504, 0.0140105
1493, 70.25086, 0.0142347
1494, 32.07812, 0.0311739
1495, 98.38259, 0.0101644
1496, 69.80462, 0.0143257
1497, 73.15664, 0.0136693
1498, 72.13342, 0.0138632
1499, 71.27837, 0.0140295
1500, 69.70098, 0.014347
1501, 75.46885, 0.0132505
1502, 71.09393, 0.0140659
1503, 71.19617, 0.0140457
1504, 32.19824, 0.0310576
1505, 95.14928, 0.0105098
1506, 71.51388, 0.0139833
1507, 71.74322, 0.0139386
1508, 71.86179, 0.0139156
1509, 70.40915, 0.0142027
1510, 72.18027, 0.0138542
1511, 71.95332, 0.0138979
1512, 73.15664, 0.0136693
1513, 71.25298, 0.0140345
1514, 31.07868, 0.0321764
1515, 104.8493, 0.0095375
1516, 71.54048, 0.0139781
1517, 71.604, 0.0139657
1518, 71.1187, 0.014061
1519, 72.20947, 0.0138486
1520, 71.50519, 0.013985
1521, 71.80916, 0.0139258
1522, 72.30031, 0.0138312
1523, 69.4985, 0.0143888
1524, 29.91996, 0.0334225
1525, 105.5665, 0.0094727
1526, 81.56142, 0.0122607
1527, 71.88349, 0.0139114
1528, 71.16779, 0.0140513
1529, 71.91244, 0.0139058
1530, 71.83134, 0.0139215
1531, 72.7802, 0.01374
1532, 71.26212, 0.0140327
1533, 71.4097, 0.0140037
1534, 31.13955, 0.0321135
1535, 105.9591, 0.0094376
1536, 71.14298, 0.0140562
1537, 71.21848, 0.0140413
1538, 72.69344, 0.0137564
1539, 71.38574, 0.0140084
1540, 72.76008, 0.0137438
1541, 72.25642, 0.0138396
1542, 71.32006, 0.0140213
1543, 71.60861, 0.0139648
1544, 31.5048, 0.0317412
1545, 100.6077, 0.0099396
1546, 71.56711, 0.0139729
1547, 71.99994, 0.0138889
1548, 72.14799, 0.0138604
1549, 69.56425, 0.0143752
1550, 74.31353, 0.0134565
1551, 71.96833, 0.013895
1552, 71.49036, 0.0139879
1553, 70.72886, 0.0141385
1554, 32.19171, 0.0310639
1555, 94.90367, 0.010537
1556, 71.33787, 0.0140178
1557, 72.58053, 0.0137778
1558, 71.81432, 0.0139248
1559, 69.73792, 0.0143394
1560, 73.34551, 0.0136341
1561, 71.72058, 0.013943
1562, 72.73785, 0.013748
1563, 70.9824, 0.014088
1564, 32.11551, 0.0311376
1565, 95.18552, 0.0105058
1566, 71.31091, 0.0140231
1567, 72.43595, 0.0138053
1568, 71.39695, 0.0140062
1569, 72.19434, 0.0138515
1570, 72.06013, 0.0138773
1571, 72.00928, 0.0138871
1572, 70.74337, 0.0141356
1573, 72.18237, 0.0138538
1574, 31.45208, 0.0317944
1575, 100.7567, 0.0099249
1576, 72.15267, 0.0138595
1577, 69.94915, 0.0142961
1578, 74.53509, 0.0134165
1579, 71.45766, 0.0139943
1580, 71.2606, 0.014033
1581, 71.804, 0.0139268
1582, 72.24702, 0.0138414
1583, 70.61449, 0.0141614
1584, 29.83053, 0.0335227
1585, 118.8467, 0.0084142
1586, 73.00175, 0.0136983
1587, 71.70978, 0.0139451
1588, 71.08887, 0.0140669
1589, 72.66597, 0.0137616
1590, 71.90003, 0.0139082
1591, 72.59739, 0.0137746
1592, 71.19211, 0.0140465
1593, 71.56506, 0.0139733
1594, 29.34246, 0.0340803
1595, 133.613, 0.0074843
1596, 71.80142, 0.0139273
1597, 70.34525, 0.0142156
1598, 73.18287, 0.0136644
1599, 71.10403, 0.0140639
1600, 73.44517, 0.0136156
1601, 71.92692, 0.013903
1602, 71.78699, 0.0139301
1603, 70.73586, 0.0141371
1604, 31.16614, 0.0320861
1605, 103.4329, 0.0096681
1606, 72.80299, 0.0137357
1607, 71.53383, 0.0139794
1608, 71.65479, 0.0139558
1609, 71.94969, 0.0138986
1610, 70.97484, 0.0140895
1611, 72.27627, 0.0138358
1612, 72.37775, 0.0138164
1613, 71.2738, 0.0140304
1614, 71.16475, 0.0140519
1615, 73.16841, 0.0136671
1616, 70.29333, 0.0142261
1617, 73.72729, 0.0135635
1618, 71.60861, 0.0139648
1619, 71.47298, 0.0139913
1620, 72.15736, 0.0138586
1621, 71.53741, 0.0139787
1622, 71.19414, 0.0140461
1623, 71.99943, 0.013889
1624, 71.69127, 0.0139487
1625, 72.49477, 0.0137941
1626, 70.9819, 0.0140881
1627, 72.52263, 0.0137888
1628, 71.16374, 0.0140521
1629, 72.93733, 0.0137104
1630, 71.70567, 0.0139459
1631, 71.71646, 0.0139438
1632, 71.99994, 0.0138889
1633, 71.6317, 0.0139603
1634, 70.69286, 0.0141457
1635, 72.55209, 0.0137832
1636, 71.46584, 0.0139927
1637, 72.1506, 0.0138599
1638, 72.65963, 0.0137628
1639, 71.78287, 0.0139309
1640, 71.47758, 0.0139904
1641, 72.06168, 0.013877
1642, 71.34703, 0.014016
1643, 72.34895, 0.0138219
1644, 71.77412, 0.0139326
1645, 71.70875, 0.0139453
1646, 69.96432, 0.014293
1647, 73.48132, 0.0136089
1648, 72.67864, 0.0137592
1649, 71.51541, 0.013983
1650, 71.19921, 0.0140451
1651, 72.36832, 0.0138182
1652, 71.77463, 0.0139325
1653, 71.60964, 0.0139646
1654, 72.01601, 0.0138858
1655, 71.50007, 0.013986
1656, 72.12457, 0.0138649
1657, 70.03733, 0.0142781
1658, 73.16788, 0.0136672
1659, 72.29978, 0.0138313
1660, 71.74271, 0.0139387
1661, 71.718, 0.0139435
1662, 72.40868, 0.0138105
1663, 69.78951, 0.0143288
1664, 73.74686, 0.0135599
1665, 71.61067, 0.0139644
1666, 71.13944, 0.0140569
1667, 72.55736, 0.0137822
1668, 71.1607, 0.0140527
1669, 72.59792, 0.0137745
1670, 71.63375, 0.0139599
1671, 72.01653, 0.0138857
1672, 71.90572, 0.0139071
1673, 72.10065, 0.0138695
1674, 71.35823, 0.0140138
1675, 71.89176, 0.0139098
1676, 71.1445, 0.0140559
1677, 71.72623, 0.0139419
1678, 72.88311, 0.0137206
1679, 71.23674, 0.0140377
1680, 72.10585, 0.0138685
1681, 72.18079, 0.0138541
1682, 71.72881, 0.0139414
1683, 71.41071, 0.0140035
1684, 72.23399, 0.0138439
1685, 71.87419, 0.0139132
1686, 71.14501, 0.0140558
1687, 72.34529, 0.0138226
1688, 70.8662, 0.0141111
1689, 73.07111, 0.0136853
1690, 70.5816, 0.014168
1691, 72.79239, 0.0137377
1692, 71.61631, 0.0139633
1693, 71.83805, 0.0139202
1694, 71.80452, 0.0139267
1695, 70.89333, 0.0141057
1696, 72.96873, 0.0137045
1697, 71.98129, 0.0138925
1698, 70.91444, 0.0141015
1699, 72.71458, 0.0137524
1700, 71.8267, 0.0139224
1701, 70.29432, 0.0142259
1702, 73.82253, 0.013546
1703, 71.02525, 0.0140795
1704, 72.44959, 0.0138027
1705, 71.36027, 0.0140134
1706, 71.79627, 0.0139283
1707, 57.6535, 0.017345
1708, 84.79391, 0.0117933
1709, 80.87866, 0.0123642
1710, 71.37759, 0.01401
1711, 71.91451, 0.0139054
1712, 71.19312, 0.0140463
1713, 71.49649, 0.0139867
1714, 72.76696, 0.0137425
1715, 70.52584, 0.0141792
1716, 71.89745, 0.0139087
1717, 71.7252, 0.0139421
1718, 71.10049, 0.0140646
1719, 71.43929, 0.0139979
1720, 72.95489, 0.0137071
1721, 72.27104, 0.0138368
1722, 70.74837, 0.0141346
1723, 70.29531, 0.0142257
1724, 30.74227, 0.0325285
1725, 93.57076, 0.0106871
1726, 83.86658, 0.0119237
1727, 71.63324, 0.01396
1728, 70.35614, 0.0142134
1729, 72.93733, 0.0137104
1730, 71.66609, 0.0139536
1731, 72.85815, 0.0137253
1732, 71.82205, 0.0139233
1733, 70.72086, 0.0141401
1734, 32.87646, 0.0304169
1735, 85.22098, 0.0117342
1736, 75.17271, 0.0133027
1737, 71.91917, 0.0139045
1738, 71.01415, 0.0140817
1739, 71.99683, 0.0138895
1740, 71.82154, 0.0139234
1741, 71.26872, 0.0140314
1742, 72.96554, 0.0137051
1743, 70.8652, 0.0141113
1744, 32.4453, 0.0308211
1745, 92.77729, 0.0107785
1746, 70.21584, 0.0142418
1747, 73.25095, 0.0136517
1748, 72.60899, 0.0137724
1749, 71.52922, 0.0139803
1750, 71.19566, 0.0140458
1751, 72.35419, 0.0138209
1752, 69.93741, 0.0142985
1753, 72.74261, 0.0137471
1754, 32.23259, 0.0310245
1755, 94.67725, 0.0105622
1756, 71.46992, 0.0139919
1757, 70.40369, 0.0142038
1758, 73.80564, 0.0135491
1759, 71.34907, 0.0140156
1760, 71.82876, 0.013922
1761, 72.1355, 0.0138628
1762, 71.90365, 0.0139075
1763, 67.55889, 0.0148019
1764, 33.34678, 0.0299879
1765, 92.69903, 0.0107876
1766, 70.95822, 0.0140928
1767, 72.05182, 0.0138789
1768, 70.6524, 0.0141538
1769, 73.69196, 0.01357
1770, 71.35772, 0.0140139
1771, 71.78391, 0.0139307
1772, 71.83134, 0.0139215
1773, 70.6589, 0.0141525
1774, 31.13655, 0.0321166
1775, 105.7194, 0.009459
1776, 71.54099, 0.013978
1777, 70.54624, 0.0141751
1778, 73.51266, 0.0136031
1779, 70.72086, 0.0141401
1780, 72.17194, 0.0138558
1781, 72.99323, 0.0136999
1782, 71.34347, 0.0140167
1783, 69.68981, 0.0143493
1784, 29.85146, 0.0334992
1785, 103.3741, 0.0096736
1786, 82.50484, 0.0121205
1787, 72.31495, 0.0138284
1788, 71.69743, 0.0139475
1789, 71.32616, 0.0140201
1790, 71.72984, 0.0139412
1791, 71.90934, 0.0139064
1792, 71.80916, 0.0139258
1793, 70.85365, 0.0141136
1794, 31.24121, 0.032009
1795, 101.4384, 0.0098582
1796, 74.04939, 0.0135045
1797, 72.01653, 0.0138857
1798, 71.50519, 0.013985
1799, 71.70464, 0.0139461
1800, 71.61579, 0.0139634
1801, 71.77205, 0.013933
1802, 71.68407, 0.0139501
1803, 69.68544, 0.0143502
1804, 32.25921, 0.0309989
1805, 97.40418, 0.0102665
1806, 70.03341, 0.0142789
1807, 73.2118, 0.013659
1808, 71.77257, 0.0139329
1809, 71.91709, 0.0139049
1810, 71.77824, 0.0139318
1811, 71.88659, 0.0139108
1812, 71.2408, 0.0140369
1813, 70.43692, 0.0141971
1814, 29.8709, 0.0334774
1815, 129.4884, 0.0077227
1816, 71.13539, 0.0140577
1817, 70.29185, 0.0142264
1818, 73.71696, 0.0135654
1819, 71.15412, 0.014054
1820, 71.73705, 0.0139398
1821, 72.9927, 0.0137
1822, 71.3781, 0.0140099
1823, 71.37911, 0.0140097
1824, 32.12294, 0.0311304
1825, 94.2667, 0.0106082
1826, 72.41969, 0.0138084
1827, 71.94762, 0.013899
1828, 70.52982, 0.0141784
1829, 72.91872, 0.0137139
1830, 72.01653, 0.0138857
1831, 71.2672, 0.0140317
1832, 71.78596, 0.0139303
1833, 71.33634, 0.0140181
1834, 32.39486, 0.0308691
1835, 90.56413, 0.0110419
1836, 73.29713, 0.0136431
1837, 72.1506, 0.0138599
1838, 71.46175, 0.0139935
1839, 69.90074, 0.014306
1840, 72.87036, 0.013723
1841, 73.25739, 0.0136505
1842, 71.61682, 0.0139632
1843, 71.28701, 0.0140278
1844, 32.42931, 0.0308363
1845, 91.57089, 0.0109205
1846, 71.98025, 0.0138927
1847, 72.13602, 0.0138627
1848, 71.30634, 0.014024
1849, 72.39033, 0.013814
1850, 68.6634, 0.0145638
1851, 74.07133, 0.0135005
1852, 73.36757, 0.01363
1853, 70.27604, 0.0142296
1854, 73.01455, 0.0136959
1855, 72.12509, 0.0138648
1856, 71.718, 0.0139435
1857, 70.84762, 0.0141148
1858, 72.53735, 0.013786
1859, 72.11157, 0.0138674
1860, 70.1341, 0.0142584
1861, 72.52052, 0.0137892
1862, 71.49751, 0.0139865
1863, 71.36791, 0.0140119
1864, 73.1743, 0.013666
1865, 72.37723, 0.0138165
1866, 71.53587, 0.013979
1867, 71.79318, 0.0139289
1868, 72.30501, 0.0138303
1869, 70.58558, 0.0141672
1870, 72.77861, 0.0137403
1871, 70.93204, 0.014098
1872, 71.74734, 0.0139378
1873, 73.13577, 0.0136732
1874, 70.60801, 0.0141627
1875, 69.7642, 0.014334
1876, 75.2536, 0.0132884
1877, 71.78442, 0.0139306
1878, 71.79627, 0.0139283
1879, 71.9083, 0.0139066
1880, 71.76484, 0.0139344
1881, 71.3282, 0.0140197
1882, 71.72984, 0.0139412
1883, 72.62534, 0.0137693
1884, 71.43419, 0.0139989
1885, 72.03262, 0.0138826
1886, 69.55264, 0.0143776
1887, 71.07573, 0.0140695
1888, 74.92433, 0.0133468
1889, 72.13081, 0.0138637
1890, 71.27279, 0.0140306
1891, 72.03002, 0.0138831
1892, 72.1584, 0.0138584
1893, 70.86369, 0.0141116
1894, 72.56525, 0.0137807
1895, 72.28358, 0.0138344
1896, 71.85302, 0.0139173
1897, 70.91394, 0.0141016
1898, 71.05199, 0.0140742
1899, 72.25016, 0.0138408
1900, 73.11438, 0.0136772
1901, 70.97081, 0.0140903
1902, 72.77279, 0.0137414
1903, 71.85198, 0.0139175
1904, 71.68922, 0.0139491
1905, 70.33882, 0.0142169
1906, 73.23915, 0.0136539
1907, 71.91968, 0.0139044
1908, 71.1015, 0.0140644
1909, 71.95021, 0.0138985
1910, 70.46819, 0.0141908
1911, 72.63958, 0.0137666
1912, 73.29927, 0.0136427
1913, 70.81551, 0.0141212
1914, 73.00443, 0.0136978
1915, 70.79546, 0.0141252
1916, 72.37356, 0.0138172
1917, 69.6835, 0.0143506
1918, 74.12569, 0.0134906
1919, 71.53844, 0.0139785
1920, 71.57478, 0.0139714
1921, 72.37985, 0.013816
1922, 71.5195, 0.0139822
1923, 69.00216, 0.0144923
1924, 74.68985, 0.0133887
1925, 72.93999, 0.0137099
1926, 71.31091, 0.0140231
1927, 71.76227, 0.0139349
1928, 71.68356, 0.0139502
1929, 71.45103, 0.0139956
1930, 71.23421, 0.0140382
1931, 72.84807, 0.0137272
1932, 71.95176, 0.0138982
1933, 71.68768, 0.0139494
1934, 71.79472, 0.0139286
1935, 70.23458, 0.014238
1936, 74.07791, 0.0134993
1937, 71.44592, 0.0139966
1938, 71.38065, 0.0140094
1939, 70.92198, 0.0141
1940, 73.2982, 0.0136429
1941, 70.08396, 0.0142686
1942, 73.38534, 0.0136267
1943, 71.62656, 0.0139613
1944, 72.32384, 0.0138267
1945, 71.33278, 0.0140188
1946, 71.13489, 0.0140578
1947, 71.54304, 0.0139776
1948, 73.28531, 0.0136453
1949, 70.78493, 0.0141273
1950, 73.07965, 0.0136837
1951, 71.70515, 0.013946
1952, 70.75488, 0.0141333
1953, 72.15893, 0.0138583
1954, 72.12874, 0.0138641
1955, 72.13654, 0.0138626
1956, 70.14886, 0.0142554
1957, 73.50617, 0.0136043
1958, 71.46992, 0.0139919
1959, 71.63477, 0.0139597
1960, 72.47795, 0.0137973
1961, 72.00876, 0.0138872
1962, 71.64761, 0.0139572
1963, 70.5791, 0.0141685
1964, 72.58369, 0.0137772
1965, 71.88142, 0.0139118
1966, 71.74888, 0.0139375
1967, 72.20269, 0.0138499
1968, 71.28295, 0.0140286
1969, 72.60266, 0.0137736
1970, 71.63375, 0.0139599
1971, 71.49138, 0.0139877
1972, 71.51643, 0.0139828
1973, 71.98854, 0.0138911
1974, 71.62349, 0.0139619
1975, 72.51579, 0.0137901
1976, 71.83959, 0.0139199
1977, 71.10049, 0.0140646
1978, 71.63067, 0.0139605
1979, 73.05135, 0.013689
1980, 71.7633, 0.0139347
1981, 71.26009, 0.0140331
1982, 71.9202, 0.0139043
1983, 71.05704, 0.0140732
1984, 72.46535, 0.0137997
1985, 71.62965, 0.0139607
1986, 72.25172, 0.0138405
1987, 71.23725, 0.0140376
1988, 72.38666, 0.0138147
1989, 71.71492, 0.0139441
1990, 71.76639, 0.0139341
1991, 72.59634, 0.0137748
1992, 71.61169, 0.0139642
1993, 71.75352, 0.0139366
1994, 71.68768, 0.0139494
1995, 71.89538, 0.0139091
1996, 14.32113, 0.0698269
1997, 72.94904, 0.0137082
1998, 71.25603, 0.0140339
1999, 72.28828, 0.0138335
2000, 71.20631, 0.0140437
2001, 72.52052, 0.0137892
2002, 70.86067, 0.0141122
2003, 72.73944, 0.0137477
2004, 70.90539, 0.0141033
2005, 72.93201, 0.0137114
2006, 72.12822, 0.0138642
2007, 70.66938, 0.0141504
2008, 72.57948, 0.013778
2009, 72.17403, 0.0138554
2010, 71.43214, 0.0139993
2011, 72.37671, 0.0138166
2012, 70.91142, 0.0141021
2013, 72.45274, 0.0138021
2014, 71.76227, 0.0139349
2015, 71.8334, 0.0139211
2016, 71.7463, 0.013938
2017, 72.42231, 0.0138079
2018, 70.08986, 0.0142674
2019, 73.48295, 0.0136086
2020, 71.7803, 0.0139314
2021, 72.20008, 0.0138504
2022, 54.67947, 0.0182884
2023, 84.26162, 0.0118678
2024, 89.28173, 0.0112005
2025, 72.17715, 0.0138548
2026, 71.20935, 0.0140431
2027, 71.86231, 0.0139155
2028, 69.73987, 0.014339
2029, 72.8364, 0.0137294
2030, 71.45461, 0.0139949
2031, 70.46124, 0.0141922
2032, 71.93106, 0.0139022
2033, 71.02323, 0.0140799
2034, 70.05106, 0.0142753
2035, 75.14446, 0.0133077
2036, 70.88378, 0.0141076
2037, 72.43175, 0.0138061
2038, 71.58504, 0.0139694
2039, 71.5456, 0.0139771
2040, 67.3437, 0.0148492
2041, 28.69622, 0.0348478
2042, 98.22411, 0.0101808
2043, 106.6234, 0.0093788
2044, 71.35263, 0.0140149
2045, 71.75609, 0.0139361
2046, 73.6898, 0.0135704
2047, 71.73447, 0.0139403
2048, 71.33939, 0.0140175
2049, 71.68253, 0.0139504
2050, 70.77592, 0.0141291
2051, 32.38499, 0.0308785
2052, 93.66979, 0.0106758
2053, 71.12274, 0.0140602
2054, 71.48014, 0.0139899
2055, 71.91554, 0.0139052
2056, 70.56516, 0.0141713
2057, 73.59922, 0.0135871
2058, 71.58606, 0.0139692
2059, 71.5103, 0.013984
2060, 71.20884, 0.0140432
2061, 31.83841, 0.0314086
2062, 96.26307, 0.0103882
2063, 73.02734, 0.0136935
2064, 71.49701, 0.0139866
2065, 71.88039, 0.013912
2066, 71.26974, 0.0140312
2067, 71.54611, 0.013977
2068, 72.41392, 0.0138095
2069, 72.02328, 0.0138844
2070, 70.85867, 0.0141126
2071, 32.24537, 0.0310122
2072, 90.9463, 0.0109955
2073, 74.94286, 0.0133435
2074, 71.24131, 0.0140368
2075, 71.55482, 0.0139753
2076, 71.95229, 0.0138981
2077, 71.69589, 0.0139478
2078, 71.21797, 0.0140414
2079, 72.48531, 0.0137959
2080, 71.04038, 0.0140765
2081, 30.9726, 0.0322866
2082, 107.1685, 0.0093311
2083, 70.57711, 0.0141689
2084, 73.36865, 0.0136298
2085, 69.82509, 0.0143215
2086, 71.72726, 0.0139417
2087, 72.20737, 0.013849
2088, 70.73087, 0.0141381
2089, 71.75557, 0.0139362
2090, 70.71986, 0.0141403
2091, 27.81378, 0.0359534
2092, 116.3779, 0.0085927
2093, 94.20364, 0.0106153
2094, 72.95542, 0.013707
2095, 71.31345, 0.0140226
2096, 72.43385, 0.0138057
2097, 70.99097, 0.0140863
2098, 72.52, 0.0137893
2099, 70.72385, 0.0141395
2100, 70.89533, 0.0141053
2101, 28.59447, 0.0349718
2102, 153.9646, 0.006495
2103, 69.81924, 0.0143227
2104, 73.31271, 0.0136402
2105, 71.01566, 0.0140814
2106, 73.42953, 0.0136185
2107, 71.21391, 0.0140422
2108, 72.1657, 0.013857
2109, 71.59477, 0.0139675
2110, 70.77241, 0.0141298
2111, 29.08718, 0.0343794
2112, 143.6101, 0.0069633
2113, 70.54773, 0.0141748
2114, 71.40664, 0.0140043
2115, 72.2559, 0.0138397
2116, 71.66455, 0.0139539
2117, 70.2795, 0.0142289
2118, 72.82314, 0.0137319
2119, 73.15503, 0.0136696
2120, 70.88378, 0.0141076
2121, 28.17775, 0.035489
2122, 147.3861, 0.0067849
2123, 73.91693, 0.0135287
2124, 71.82308, 0.0139231
2125, 71.87729, 0.0139126
2126, 72.69027, 0.013757
2127, 72.31599, 0.0138282
2128, 70.73036, 0.0141382
2129, 71.52615, 0.0139809
2130, 72.00047, 0.0138888
2131, 30.58001, 0.0327011
2132, 114.5856, 0.0087271
2133, 71.60964, 0.0139646
2134, 69.96187, 0.0142935
2135, 72.46324, 0.0138001
2136, 73.15022, 0.0136705
2137, 71.25501, 0.0140341
2138, 72.0072, 0.0138875
2139, 71.41378, 0.0140029
2140, 70.14295, 0.0142566
2141, 29.4754, 0.0339266
2142, 136.4629, 0.007328
2143, 71.05301, 0.014074
2144, 68.75687, 0.014544
2145, 74.37543, 0.0134453
2146, 72.68446, 0.0137581
2147, 70.89785, 0.0141048
2148, 72.86612, 0.0137238
2149, 71.1015, 0.0140644
2150, 70.45578, 0.0141933
2151, 29.41774, 0.0339931
2152, 127.5299, 0.0078413
2153, 74.17627, 0.0134814
2154, 72.05856, 0.0138776
2155, 71.0303, 0.0140785
2156, 72.64697, 0.0137652
2157, 71.86386, 0.0139152
2158, 72.46009, 0.0138007
2159, 71.26822, 0.0140315
2160, 70.14345, 0.0142565
2161, 27.13594, 0.0368515
2162, 154.7054, 0.0064639
2163, 87.34082, 0.0114494
2164, 70.94312, 0.0140958
2165, 71.50314, 0.0139854
2166, 71.38625, 0.0140083
2167, 71.42142, 0.0140014
2168, 71.85508, 0.0139169
2169, 71.56813, 0.0139727
2170, 69.7676, 0.0143333
2171, 29.53259, 0.0338609
2172, 132.0027, 0.0075756
2173, 71.91761, 0.0139048
2174, 72.0674, 0.0138759
2175, 71.65685, 0.0139554
2176, 69.27991, 0.0144342
2177, 72.9017, 0.0137171
2178, 72.07415, 0.0138746
2179, 72.16205, 0.0138577
2180, 71.29261, 0.0140267
2181, 28.8582, 0.0346522
2182, 141.4507, 0.0070696
2183, 71.69846, 0.0139473
2184, 72.48005, 0.0137969
2185, 72.46377, 0.0138
2186, 71.39594, 0.0140064
2187, 72.96181, 0.0137058
2188, 70.68787, 0.0141467
2189, 72.14955, 0.0138601
2190, 71.17995, 0.0140489
2191, 28.17211, 0.0354961
2192, 131.9209, 0.0075803
2193, 80.79176, 0.0123775
2194, 74.74735, 0.0133784
2195, 71.04392, 0.0140758
2196, 70.35119, 0.0142144
2197, 72.76379, 0.0137431
2198, 71.98335, 0.0138921
2199, 70.08838, 0.0142677
2200, 71.41735, 0.0140022
2201, 28.72383, 0.0348143
2202, 148.0473, 0.0067546
2203, 71.58453, 0.0139695
2204, 70.18578, 0.0142479
2205, 73.07271, 0.013685
2206, 72.75055, 0.0137456
2207, 70.67437, 0.0141494
2208, 70.41509, 0.0142015
2209, 74.20875, 0.0134755
2210, 68.09113, 0.0146862
2211, 75.9509, 0.0131664
2212, 71.19718, 0.0140455
2213, 72.16257, 0.0138576
2214, 71.38268, 0.014009
2215, 72.58843, 0.0137763
2216, 70.71535, 0.0141412
2217, 71.49547, 0.0139869
2218, 72.7622, 0.0137434
2219, 72.39557, 0.013813
2220, 71.82876, 0.013922
2221, 65.44331, 0.0152804
2222, 24.83109, 0.0402721
2223, 61.99321, 0.0161308
2224, 84.2815, 0.011865
2225, 72.55841, 0.013782
2226, 69.70876, 0.0143454
2227, 73.97434, 0.0135182
2228, 70.30717, 0.0142233
2229, 72.30815, 0.0138297
2230, 70.14442, 0.0142563
2231, 28.70618, 0.0348357
2232, 146.6942, 0.0068169
2233, 73.94645, 0.0135233
2234, 72.26687, 0.0138376
2235, 71.25704, 0.0140337
2236, 69.78854, 0.014329
2237, 72.03728, 0.0138817
2238, 74.01212, 0.0135113
2239, 71.71389, 0.0139443
2240, 70.57014, 0.0141703
2241, 28.58809, 0.0349796
2242, 137.8151, 0.0072561
2243, 73.33744, 0.0136356
2244, 72.12405, 0.013865
2245, 71.92537, 0.0139033
2246, 72.79451, 0.0137373
2247, 70.19908, 0.0142452
2248, 71.78236, 0.013931
2249, 74.28372, 0.0134619
2250, 69.97166, 0.0142915
2251, 26.82886, 0.0372733
2252, 54.6723, 0.0182908
2253, 70.81953, 0.0141204
2254, 73.67242, 0.0135736
2255, 70.94563, 0.0140953
2256, 72.93733, 0.0137104
2257, 71.40766, 0.0140041
2258, 70.9819, 0.0140881
2259, 70.71386, 0.0141415
2260, 30.07274, 0.0332527
2261, 126.7813, 0.0078876
2262, 71.9673, 0.0138952
2263, 69.64952, 0.0143576
2264, 74.44299, 0.0134331
2265, 71.07169, 0.0140703
2266, 71.74888, 0.0139375
2267, 71.17691, 0.0140495
2268, 72.08194, 0.0138731
2269, 71.46788, 0.0139923
2270, 27.8748, 0.0358747
2271, 144.2523, 0.0069323
2272, 76.41171, 0.013087
2273, 71.05452, 0.0140737
2274, 72.98045, 0.0137023
2275, 70.00938, 0.0142838
2276, 55.19799, 0.0181166
2277, 67.51784, 0.0148109
2278, 116.4063, 0.0085906
2279, 71.27279, 0.0140306
2280, 26.21713, 0.038143
2281, 50.04028, 0.0199839
2282, 93.50513, 0.0106946
2283, 70.38784, 0.014207
2284, 71.80761, 0.0139261
2285, 68.03739, 0.0146978
2286, 76.26369, 0.0131124
2287, 70.71436, 0.0141414
2288, 71.22152, 0.0140407
2289, 28.42629, 0.0351787
2290, 154.1473, 0.0064873
2291, 72.98897, 0.0137007
2292, 71.66763, 0.0139533
2293, 71.24181, 0.0140367
2294, 73.12988, 0.0136743
2295, 70.37495, 0.0142096
2296, 71.65633, 0.0139555
2297, 70.05106, 0.0142753
2298, 74.99006, 0.0133351
2299, 25.02008, 0.0399679
2300, 63.07875, 0.0158532
2301, 71.57838, 0.0139707
2302, 73.04495, 0.0136902
2303, 71.45869, 0.0139941
2304, 70.42551, 0.0141994
2305, 72.76114, 0.0137436
2306, 70.65091, 0.0141541
2307, 71.46073, 0.0139937
2308, 26.89502, 0.0371816
2309, 55.34555, 0.0180683
2310, 70.3923, 0.0142061
2311, 71.36384, 0.0140127
2312, 73.18447, 0.0136641
2313, 71.35518, 0.0140144
2314, 72.76962, 0.013742
2315, 71.51388, 0.0139833
2316, 68.81554, 0.0145316
2317, 28.28342, 0.0353564
2318, 149.3429, 0.006696
2319, 76.03638, 0.0131516
2320, 72.81889, 0.0137327
2321, 70.96628, 0.0140912
2322, 71.71132, 0.0139448
2323, 70.14246, 0.0142567
2324, 72.1329, 0.0138633
2325, 75.68819, 0.0132121
2326, 69.68739, 0.0143498
2327, 26.08637, 0.0383342
2328, 58.79724, 0.0170076
2329, 70.22768, 0.0142394
2330, 73.3778, 0.0136281
2331, 69.91247, 0.0143036
2332, 74.15922, 0.0134845
2333, 71.13084, 0.0140586
2334, 71.36994, 0.0140115
2335, 71.56301, 0.0139737
2336, 29.77715, 0.0335828
2337, 126.2069, 0.0079235
2338, 70.92551, 0.0140993
2339, 71.95746, 0.0138971
2340, 70.32448, 0.0142198
2341, 73.97872, 0.0135174
2342, 69.02359, 0.0144878
2343, 74.40531, 0.0134399
2344, 72.43595, 0.0138053
2345, 70.91746, 0.0141009
2346, 28.89856, 0.0346038
2347, 139.9972, 0.007143
2348, 68.05128, 0.0146948
2349, 73.79366, 0.0135513
2350, 73.06523, 0.0136864
2351, 72.76802, 0.0137423
2352, 72.40238, 0.0138117
2353, 71.52513, 0.0139811
2354, 72.58843, 0.0137763
2355, 70.31607, 0.0142215
2356, 72.94904, 0.0137082
2357, 71.4827, 0.0139894
2358, 70.40171, 0.0142042
2359, 70.11394, 0.0142625
2360, 74.42802, 0.0134358
2361, 72.64539, 0.0137655
2362, 69.02074, 0.0144884
2363, 75.37669, 0.0132667
2364, 71.88711, 0.0139107
2365, 69.61025, 0.0143657
2366, 71.49751, 0.0139865
2367, 74.21976, 0.0134735
2368, 71.24435, 0.0140362
2369, 72.53893, 0.0137857
2370, 70.15968, 0.0142532
2371, 71.20123, 0.0140447
2372, 72.68446, 0.0137581
2373, 72.57948, 0.013778
2374, 71.3282, 0.0140197
2375, 72.50107, 0.0137929
2376, 70.47067, 0.0141903
2377, 71.94504, 0.0138995
2378, 73.20751, 0.0136598
2379, 71.5584, 0.0139746
2380, 71.02475, 0.0140796
2381, 71.28498, 0.0140282
2382, 74.14437, 0.0134872
2383, 70.45528, 0.0141934
2384, 71.99476, 0.0138899
2385, 72.16413, 0.0138573
2386, 72.34425, 0.0138228
2387, 71.02122, 0.0140803
2388, 71.55225, 0.0139758
2389, 71.52513, 0.0139811
2390, 72.93255, 0.0137113
2391, 70.45975, 0.0141925
2392, 72.5937, 0.0137753
2393, 71.52155, 0.0139818
2394, 72.10741, 0.0138682
2395, 71.6702, 0.0139528
2396, 71.75969, 0.0139354
2397, 72.29299, 0.0138326
2398, 70.90288, 0.0141038
2399, 70.1843, 0.0142482
2400, 75.05592, 0.0133234
2401, 69.03503, 0.0144854
2402, 75.45461, 0.013253
2403, 70.91142, 0.0141021
2404, 69.75203, 0.0143365
2405, 74.77977, 0.0133726
2406, 71.17843, 0.0140492
2407, 71.64658, 0.0139574
2408, 71.96471, 0.0138957
2409, 71.30074, 0.0140251
2410, 71.31447, 0.0140224
2411, 71.7319, 0.0139408
2412, 74.05268, 0.0135039
2413, 71.66969, 0.0139529
2414, 71.83186, 0.0139214
2415, 72.14071, 0.0138618
2416, 71.68202, 0.0139505
2417, 71.57581, 0.0139712
2418, 71.47656, 0.0139906
2419, 71.78957, 0.0139296
2420, 71.66045, 0.0139547
2421, 69.22379, 0.0144459
2422, 75.09425, 0.0133166
2423, 70.63494, 0.0141573
2424, 72.95702, 0.0137067
2425, 71.48678, 0.0139886
2426, 72.57579, 0.0137787
2427, 71.00458, 0.0140836
2428, 72.07623, 0.0138742
2429, 71.28448, 0.0140283
2430, 70.31805, 0.0142211
2431, 73.68546, 0.0135712
2432, 70.98089, 0.0140883
2433, 71.55174, 0.0139759
2434, 71.55994, 0.0139743
2435, 73.98201, 0.0135168
2436, 71.60913, 0.0139647
2437, 71.85715, 0.0139165
2438, 70.2795, 0.0142289
2439, 73.03748, 0.0136916
2440, 72.05701, 0.0138779
2441, 71.37249, 0.014011
2442, 71.00256, 0.014084
2443, 71.96056, 0.0138965
2444, 72.37514, 0.0138169
2445, 71.9528, 0.013898
2446, 72.24546, 0.0138417
2447, 71.62605, 0.0139614
2448, 71.95539, 0.0138975
2449, 71.89021, 0.0139101
2450, 70.31756, 0.0142212
2451, 72.38718, 0.0138146
2452, 72.93467, 0.0137109
2453, 71.33329, 0.0140187
2454, 70.54375, 0.0141756
2455, 72.9352, 0.0137108
2456, 69.58119, 0.0143717
2457, 73.97106, 0.0135188
2458, 72.44487, 0.0138036
2459, 71.24232, 0.0140366
2460, 72.05598, 0.0138781
2461, 69.79487, 0.0143277
2462, 69.64419, 0.0143587
2463, 73.70337, 0.0135679
2464, 72.98418, 0.0137016
2465, 69.98635, 0.0142885
2466, 75.48993, 0.0132468
2467, 70.90489, 0.0141034
2468, 70.31557, 0.0142216
2469, 71.79318, 0.0139289
2470, 72.99963, 0.0136987
2471, 69.43818, 0.0144013
2472, 72.06999, 0.0138754
2473, 73.8858, 0.0135344
2474, 69.8524, 0.0143159
2475, 73.23808, 0.0136541
2476, 69.59523, 0.0143688
2477, 24.16615, 0.0413802
2478, 59.10165, 0.01692
2479, 92.86, 0.0107689
2480, 72.75108, 0.0137455
2481, 71.79627, 0.0139283
2482, 72.78339, 0.0137394
2483, 72.13238, 0.0138634
2484, 70.40816, 0.0142029
2485, 72.01913, 0.0138852
2486, 27.16328, 0.0368144
2487, 144.0735, 0.0069409
2488, 87.93064, 0.0113726
2489, 70.77592, 0.0141291
2490, 72.49529, 0.013794
2491, 72.69766, 0.0137556
2492, 70.37099, 0.0142104
2493, 72.10949, 0.0138678
2494, 69.80462, 0.0143257
2495, 71.21797, 0.0140414
2496, 28.3299, 0.0352984
2497, 167.1319, 0.0059833
2498, 69.33178, 0.0144234
2499, 73.22735, 0.0136561
2500, 69.71994, 0.0143431
2501, 73.94426, 0.0135237
2502, 71.92589, 0.0139032
2503, 70.99197, 0.0140861
2504, 72.4412, 0.0138043
2505, 69.19984, 0.0144509
2506, 30.29403, 0.0330098
2507, 119.8251, 0.0083455
2508, 70.15427, 0.0142543
2509, 74.33121, 0.0134533
2510, 70.54575, 0.0141752
2511, 69.36063, 0.0144174
2512, 75.09932, 0.0133157
2513, 72.28828, 0.0138335
2514, 70.80347, 0.0141236
2515, 72.11625, 0.0138665
2516, 29.96946, 0.0333673
2517, 118.9527, 0.0084067
2518, 72.2392, 0.0138429
2519, 71.52922, 0.0139803
2520, 71.13135, 0.0140585
2521, 71.62708, 0.0139612
2522, 68.60781, 0.0145756
2523, 76.08439, 0.0131433
2524, 70.29531, 0.0142257
2525, 71.19414, 0.0140461
2526, 27.88273, 0.0358645
2527, 109.8394, 0.0091042
2528, 103.261, 0.0096842
2529, 69.87339, 0.0143116
2530, 71.34143, 0.0140171
2531, 71.1982, 0.0140453
2532, 73.47107, 0.0136108
2533, 69.79731, 0.0143272
2534, 71.81123, 0.0139254
2535, 68.66528, 0.0145634
2536, 30.72933, 0.0325422
2537, 123.5544, 0.0080936
2538, 69.46133, 0.0143965
2539, 72.48898, 0.0137952
2540, 72.40868, 0.0138105
2541, 70.97987, 0.0140885
2542, 71.87729, 0.0139126
2543, 72.71246, 0.0137528
2544, 70.77291, 0.0141297
2545, 71.77669, 0.0139321
2546, 29.14899, 0.0343065
2547, 137.7923, 0.0072573
2548, 69.87193, 0.0143119
2549, 73.69849, 0.0135688
2550, 71.73395, 0.0139404
2551, 71.43929, 0.0139979
2552, 72.28463, 0.0138342
2553, 70.72136, 0.01414
2554, 70.68787, 0.0141467
2555, 70.13508, 0.0142582
2556, 29.17561, 0.0342752
2557, 152.0404, 0.0065772
2558, 69.77003, 0.0143328
2559, 71.60246, 0.013966
2560, 72.57104, 0.0137796
2561, 71.33278, 0.0140188
2562, 70.80398, 0.0141235
2563, 73.25793, 0.0136504
2564, 71.79936, 0.0139277
2565, 70.32003, 0.0142207
2566, 27.51493, 0.0363439
2567, 158.564, 0.0063066
2568, 81.42062, 0.0122819
2569, 70.5552, 0.0141733
2570, 73.21984, 0.0136575
2571, 71.83546, 0.0139207
2572, 69.96628, 0.0142926
2573, 72.45484, 0.0138017
2574, 70.32695, 0.0142193
2575, 70.78092, 0.0141281
2576, 23.70966, 0.0421769
2577, 47.10715, 0.0212282
2578, 123.2468, 0.0081138
2579, 89.83031, 0.0111321
2580, 71.01062, 0.0140824
2581, 71.1916, 0.0140466
2582, 71.84631, 0.0139186
2583, 71.38931, 0.0140077
2584, 71.2129, 0.0140424
2585, 29.49861, 0.0338999
2586, 128.8427, 0.0077614
2587, 72.31233, 0.0138289
2588, 71.06512, 0.0140716
2589, 72.96235, 0.0137057
2590, 70.5552, 0.0141733
2591, 71.58043, 0.0139703
2592, 73.70718, 0.0135672
2593, 70.37396, 0.0142098
2594, 69.55167, 0.0143778
2595, 25.36944, 0.0394175
2596, 63.69102, 0.0157008
2597, 70.54674, 0.014175
2598, 72.42231, 0.0138079
2599, 71.81999, 0.0139237
2600, 73.43222, 0.013618
2601, 71.8649, 0.013915
2602, 72.23085, 0.0138445
2603, 67.68327, 0.0147747
2604, 76.53042, 0.0130667
2605, 71.13489, 0.0140578
2606, 72.39033, 0.013814
2607, 71.2408, 0.0140369
2608, 72.2439, 0.013842
2609, 67.56118, 0.0148014
2610, 75.17554, 0.0133022
2611, 73.00549, 0.0136976
2612, 71.91968, 0.0139044
2613, 71.83186, 0.0139214
2614, 71.47503, 0.0139909
2615, 70.14, 0.0142572
2616, 74.23078, 0.0134715
2617, 72.05805, 0.0138777
2618, 71.00961, 0.0140826
2619, 69.91443, 0.0143032
2620, 73.76698, 0.0135562
2621, 71.08634, 0.0140674
2622, 73.35842, 0.0136317
2623, 71.94711, 0.0138991
2624, 71.67945, 0.013951
2625, 70.53878, 0.0141766
2626, 72.90755, 0.013716
2627, 70.68736, 0.0141468
2628, 73.34174, 0.0136348
2629, 71.54202, 0.0139778
2630, 70.12475, 0.0142603
2631, 72.48898, 0.0137952
2632, 72.32959, 0.0138256
2633, 69.45602, 0.0143976
2634, 73.11545, 0.013677
2635, 72.67653, 0.0137596
2636, 69.54151, 0.0143799
2637, 28.35826, 0.0352631
2638, 105.3674, 0.0094906
2639, 96.58197, 0.0103539
2640, 73.52617, 0.0136006
2641, 70.77041, 0.0141302
2642, 71.88659, 0.0139108
2643, 71.80555, 0.0139265
2644, 68.64879, 0.0145669
2645, 75.65384, 0.0132181
2646, 71.09695, 0.0140653
2647, 28.45841, 0.035139
2648, 141.7354, 0.0070554
2649, 73.07698, 0.0136842
2650, 71.19211, 0.0140465
2651, 73.93388, 0.0135256
2652, 71.18704, 0.0140475
2653, 72.53472, 0.0137865
2654, 71.47146, 0.0139916
2655, 69.73452, 0.0143401
2656, 73.20216, 0.0136608
2657, 30.40789, 0.0328862
2658, 112.5961, 0.0088813
2659, 71.94038, 0.0139004
2660, 71.70515, 0.013946
2661, 72.1834, 0.0138536
2662, 72.4706, 0.0137987
2663, 69.78903, 0.0143289
2664, 73.31969, 0.0136389
2665, 72.54683, 0.0137842
2666, 67.13933, 0.0148944
2667, 29.57705, 0.03381
2668, 144.2564, 0.0069321
2669, 70.83858, 0.0141166
2670, 72.25433, 0.01384
2671, 68.92606, 0.0145083
2672, 74.28096, 0.0134624
2673, 72.93946, 0.01371
2674, 71.57838, 0.0139707
2675, 71.97766, 0.0138932
2676, 70.20894, 0.0142432
2677, 28.95362, 0.034538
2678, 144.8058, 0.0069058
2679, 70.75037, 0.0141342
2680, 71.36842, 0.0140118
2681, 71.89899, 0.0139084
2682, 71.68613, 0.0139497
2683, 70.6549, 0.0141533
2684, 73.05189, 0.0136889
2685, 71.17184, 0.0140505
2686, 68.8326, 0.014528
2687, 23.40079, 0.0427336
2688, 68.39712, 0.0146205
2689, 88.01345, 0.0113619
2690, 71.72417, 0.0139423
2691, 71.46379, 0.0139931
2692, 71.16678, 0.0140515
2693, 72.13914, 0.0138621
2694, 71.20276, 0.0140444
2695, 71.27787, 0.0140296
2696, 28.92631, 0.0345706
2697, 138.508, 0.0072198
2698, 75.23605, 0.0132915
2699, 71.75815, 0.0139357
2700, 70.26962, 0.0142309
2701, 72.26425, 0.0138381
2702, 71.05957, 0.0140727
2703, 73.21823, 0.0136578
2704, 69.74814, 0.0143373
2705, 71.27533, 0.0140301
2706, 28.54606, 0.0350311
2707, 149.7611, 0.0066773
2708, 72.68287, 0.0137584
2709, 72.43752, 0.013805
2710, 72.93999, 0.0137099
2711, 70.98693, 0.0140871
2712, 35.24614, 0.0283719
2713, 75.4586, 0.0132523
2714, 69.89977, 0.0143062
2715, 20.21885, 0.0494588
2716, 133.2587, 0.0075042
2717, 77.74358, 0.0128628
2718, 76.26834, 0.0131116
2719, 70.20402, 0.0142442
2720, 72.82791, 0.013731
2721, 72.11521, 0.0138667
2722, 71.69332, 0.0139483
2723, 70.95016, 0.0140944
2724, 30.07998, 0.0332447
2725, 120.1605, 0.0083222
2726, 70.44238, 0.014196
2727, 71.26416, 0.0140323
2728, 70.8406, 0.0141162
2729, 71.67482, 0.0139519
2730, 72.96181, 0.0137058
2731, 72.24024, 0.0138427
2732, 73.21448, 0.0136585
2733, 70.55271, 0.0141738
2734, 27.98862, 0.0357288
2735, 143.6678, 0.0069605
2736, 77.88829, 0.0128389
2737, 72.6871, 0.0137576
2738, 71.69024, 0.0139489
2739, 67.80949, 0.0147472
2740, 72.90862, 0.0137158
2741, 74.62798, 0.0133998
2742, 71.42755, 0.0140002
2743, 71.24283, 0.0140365
2744, 29.56244, 0.0338267
2745, 126.0112, 0.0079358
2746, 72.67125, 0.0137606
2747, 71.54867, 0.0139765
2748, 71.24689, 0.0140357
2749, 72.11105, 0.0138675
2750, 69.48884, 0.0143908
2751, 71.973, 0.0138941
2752, 75.09988, 0.0133156
2753, 70.40121, 0.0142043
2754, 29.38264, 0.0340337
2755, 135.1242, 0.0074006
2756, 69.66214, 0.014355
2757, 72.46482, 0.0137998
2758, 72.37985, 0.013816
2759, 71.17539, 0.0140498
2760, 72.83268, 0.0137301
2761, 68.04433, 0.0146963
2762, 72.20634, 0.0138492
2763, 74.90749, 0.0133498
2764, 29.85333, 0.0334971
2765, 124.2591, 0.0080477
2766, 70.99248, 0.014086
2767, 69.44637, 0.0143996
2768, 74.62074, 0.0134011
2769, 71.0727, 0.0140701
2770, 72.66492, 0.0137618
2771, 71.53434, 0.0139793
2772, 69.74036, 0.0143389
2773, 29.01267, 0.0344677
2774, 28.56229, 0.0350112
2775, 77.2326, 0.0129479
2776, 68.67754, 0.0145608
2777, 73.93333, 0.0135257
2778, 70.67738, 0.0141488
2779, 71.94245, 0.0139
2780, 71.21797, 0.0140414
2781, 70.78443, 0.0141274
2782, 70.86017, 0.0141123
2783, 72.45537, 0.0138016
2784, 72.67389, 0.0137601
2785, 72.22563, 0.0138455
2786, 70.66089, 0.0141521
2787, 72.13446, 0.013863
2788, 72.24024, 0.0138427
2789, 72.51421, 0.0137904
2790, 71.31752, 0.0140218
2791, 72.43595, 0.0138053
2792, 70.81751, 0.0141208
2793, 72.20425, 0.0138496
2794, 70.11541, 0.0142622
2795, 69.09179, 0.0144735
2796, 74.81503, 0.0133663
2797, 73.15022, 0.0136705
2798, 73.08873, 0.013682
2799, 70.35367, 0.0142139
2800, 70.17642, 0.0142498
2801, 74.1136, 0.0134928
2802, 72.17872, 0.0138545
2803, 70.61748, 0.0141608
2804, 73.38641, 0.0136265
2805, 70.24396, 0.0142361
2806, 70.83206, 0.0141179
2807, 74.09219, 0.0134967
2808, 72.52736, 0.0137879
2809, 71.64248, 0.0139582
2810, 71.14805, 0.0140552
2811, 71.45306, 0.0139952
2812, 69.87876, 0.0143105
2813, 74.39978, 0.0134409
2814, 70.55769, 0.0141728
2815, 73.7795, 0.0135539
2816, 71.22761, 0.0140395
2817, 71.04443, 0.0140757
2818, 70.75838, 0.0141326
2819, 71.83083, 0.0139216
2820, 73.28853, 0.0136447
2821, 72.45852, 0.013801
2822, 71.69949, 0.0139471
2823, 71.13033, 0.0140587
2824, 71.26872, 0.0140314
2825, 71.33838, 0.0140177
2826, 73.75665, 0.0135581
2827, 71.88194, 0.0139117
2828, 69.2123, 0.0144483
2829, 71.95435, 0.0138977
2830, 73.18287, 0.0136644
2831, 73.51914, 0.0136019
2832, 71.1015, 0.0140644
2833, 72.71035, 0.0137532
2834, 71.27686, 0.0140298
2835, 71.85921, 0.0139161
2836, 69.22236, 0.0144462
2837, 74.75127, 0.0133777
2838, 71.81947, 0.0139238
2839, 70.86017, 0.0141123
2840, 70.44933, 0.0141946
2841, 74.09438, 0.0134963
2842, 71.66199, 0.0139544
2843, 72.39243, 0.0138136
2844, 70.79345, 0.0141256
2845, 73.03642, 0.0136918
2846, 71.34856, 0.0140157
2847, 70.92853, 0.0140987
2848, 71.88453, 0.0139112
2849, 72.99004, 0.0137005
2850, 70.52584, 0.0141792
2851, 71.98958, 0.0138909
2852, 71.69846, 0.0139473
2853, 72.9368, 0.0137105
2854, 69.62431, 0.0143628
2855, 74.14767, 0.0134866
2856, 71.74322, 0.0139386
2857, 71.17134, 0.0140506
2858, 72.01706, 0.0138856
2859, 72.48793, 0.0137954
2860, 70.58259, 0.0141678
2861, 69.95992, 0.0142939
2862, 74.72781, 0.0133819
2863, 59.1632, 0.0169024
2864, 58.85018, 0.0169923
2865, 126.4526, 0.0079081
2866, 70.73486, 0.0141373
2867, 72.20477, 0.0138495
2868, 73.40742, 0.0136226
2869, 70.69186, 0.0141459
2870, 72.35838, 0.0138201
2871, 71.35569, 0.0140143
2872, 72.3589, 0.01382
2873, 70.61598, 0.0141611
2874, 72.06584, 0.0138762
2875, 71.72984, 0.0139412
2876, 73.18983, 0.0136631
2877, 71.66045, 0.0139547
2878, 71.77772, 0.0139319
2879, 70.96527, 0.0140914
2880, 70.37644, 0.0142093
2881, 73.51373, 0.0136029
2882, 71.05856, 0.0140729
2883, 72.72305, 0.0137508
2884, 72.52631, 0.0137881
2885, 70.14098, 0.014257
2886, 72.16882, 0.0138564
2887, 73.26974, 0.0136482
2888, 72.45326, 0.013802
2889, 71.20123, 0.0140447
2890, 71.33736, 0.0140179
2891, 69.26167, 0.014438
2892, 75.11285, 0.0133133
2893, 70.47117, 0.0141902
2894, 71.04796, 0.014075
2895, 73.0882, 0.0136821
2896, 73.67568, 0.013573
2897, 70.21043, 0.0142429
2898, 70.95721, 0.014093
2899, 73.14379, 0.0136717
2900, 71.82979, 0.0139218
2901, 70.52137, 0.0141801
2902, 70.39825, 0.0142049
2903, 71.46481, 0.0139929
2904, 75.59264, 0.0132288
2905, 71.89641, 0.0139089
2906, 71.27583, 0.01403
2907, 72.20216, 0.01385
2908, 69.38326, 0.0144127
2909, 72.72092, 0.0137512
2910, 73.71533, 0.0135657
2911, 69.8056, 0.0143255
2912, 73.11118, 0.0136778
2913, 69.54538, 0.0143791
2914, 74.86711, 0.013357
2915, 70.43692, 0.0141971
2916, 74.77698, 0.0133731
2917, 71.67842, 0.0139512
2918, 71.42296, 0.0140011
2919, 71.17641, 0.0140496
2920, 71.78133, 0.0139312
2921, 70.61399, 0.0141615
2922, 73.23003, 0.0136556
2923, 71.5917, 0.0139681
2924, 71.14197, 0.0140564
2925, 72.8364, 0.0137294
2926, 70.59605, 0.0141651
2927, 71.99528, 0.0138898
2928, 73.17858, 0.0136652
2929, 71.34398, 0.0140166
2930, 71.88504, 0.0139111
2931, 71.91193, 0.0139059
2932, 71.83908, 0.01392
2933, 70.30816, 0.0142231
2934, 71.91968, 0.0139044
2935, 71.62759, 0.0139611
2936, 72.45852, 0.013801
2937, 72.86612, 0.0137238
2938, 71.32159, 0.014021
2939, 69.3289, 0.014424
2940, 74.94904, 0.0133424
2941, 72.18288, 0.0138537
2942, 70.83408, 0.0141175
2943, 72.66438, 0.0137619
2944, 71.23725, 0.0140376
2945, 71.20834, 0.0140433
2946, 72.50738, 0.0137917
2947, 71.33125, 0.0140191
2948, 72.76591, 0.0137427
2949, 70.43295, 0.0141979
2950, 72.34582, 0.0138225
2951, 72.22877, 0.0138449
2952, 72.21729, 0.0138471
2953, 71.30582, 0.0140241
2954, 71.8365, 0.0139205
2955, 71.92123, 0.0139041
2956, 73.07271, 0.013685
2957, 69.25832, 0.0144387
2958, 74.42691, 0.013436
2959, 70.68187, 0.0141479
2960, 71.61426, 0.0139637
2961, 72.96713, 0.0137048
2962, 71.14146, 0.0140565
2963, 72.479, 0.0137971
2964, 70.93456, 0.0140975
2965, 72.06636, 0.0138761
2966, 72.74791, 0.0137461
2967, 71.66404, 0.013954
2968, 67.96571, 0.0147133
2969, 74.14877, 0.0134864
2970, 73.91202, 0.0135296
2971, 71.36129, 0.0140132
2972, 71.86386, 0.0139152
2973, 72.08454, 0.0138726
2974, 70.83206, 0.0141179
2975, 72.39294, 0.0138135
2976, 71.46788, 0.0139923
2977, 71.90313, 0.0139076
2978, 72.85497, 0.0137259
2979, 70.31854, 0.014221
2980, 71.01315, 0.0140819
2981, 71.56301, 0.0139737
2982, 74.30249, 0.0134585
2983, 70.93557, 0.0140973
2984, 72.13654, 0.0138626
2985, 71.87574, 0.0139129
2986, 72.3432, 0.013823
2987, 71.06361, 0.0140719
2988, 71.99424, 0.01389
2989, 72.38194, 0.0138156
2990, 69.31976, 0.0144259
2991, 74.16472, 0.0134835
2992, 72.12926, 0.013864
2993, 70.93909, 0.0140966
2994, 71.92796, 0.0139028
2995, 69.51202, 0.014386
2996, 75.1106, 0.0133137
2997, 72.00616, 0.0138877
2998, 71.53281, 0.0139796
2999, 71.06715, 0.0140712
3000, 73.21823, 0.0136578
3001, 70.56615, 0.0141711
3002, 72.58263, 0.0137774
3003, 71.37199, 0.0140111
3004, 72.20947, 0.0138486
3005, 69.44637, 0.0143996
3006, 73.05989, 0.0136874
3007, 72.49844, 0.0137934
3008, 72.80882, 0.0137346
3009, 71.40409, 0.0140048
3010, 70.99097, 0.0140863
3011, 72.64486, 0.0137656
3012, 71.2982, 0.0140256
3013, 72.15424, 0.0138592
3014, 70.95369, 0.0140937
3015, 72.05026, 0.0138792
3016, 71.84476, 0.0139189
3017, 70.15328, 0.0142545
3018, 74.36658, 0.0134469
3019, 72.08298, 0.0138729
3020, 71.88245, 0.0139116
3021, 71.56762, 0.0139728
3022, 72.08662, 0.0138722
3023, 71.13893, 0.014057
3024, 71.78339, 0.0139308
3025, 72.58474, 0.013777
3026, 71.08028, 0.0140686
3027, 71.27837, 0.0140295
3028, 73.67079, 0.0135739
3029, 70.97887, 0.0140887
3030, 71.55482, 0.0139753
3031, 72.24493, 0.0138418
3032, 71.42398, 0.0140009
3033, 71.96108, 0.0138964
3034, 69.9467, 0.0142966
3035, 72.94691, 0.0137086
3036, 71.71132, 0.0139448
3037, 73.41605, 0.013621
3038, 71.34398, 0.0140166
3039, 71.42806, 0.0140001
3040, 72.25747, 0.0138394
3041, 72.26008, 0.0138389
3042, 69.8812, 0.01431
3043, 72.5542, 0.0137828
3044, 72.33169, 0.0138252
3045, 71.06058, 0.0140725
3046, 71.68048, 0.0139508
3047, 73.13042, 0.0136742
3048, 69.89536, 0.0143071
3049, 74.27103, 0.0134642
3050, 70.82554, 0.0141192
3051, 72.46535, 0.0137997
3052, 71.46737, 0.0139924
3053, 72.20373, 0.0138497
3054, 68.84444, 0.0145255
3055, 74.32126, 0.0134551
3056, 70.68836, 0.0141466
3057, 73.43114, 0.0136182
3058, 72.11053, 0.0138676
3059, 72.45064, 0.0138025
3060, 67.70023, 0.014771
3061, 55.57624, 0.0179933
3062, 105.1458, 0.0095106
3063, 71.63529, 0.0139596
3064, 70.48011, 0.0141884
3065, 72.6533, 0.013764
3066, 70.34278, 0.0142161
3067, 73.36327, 0.0136308
3068, 72.5779, 0.0137783
3069, 73.63662, 0.0135802
3070, 72.31181, 0.013829
3071, 70.61648, 0.014161
3072, 71.61221, 0.0139641
3073, 72.69291, 0.0137565
3074, 71.98388, 0.013892
3075, 71.73807, 0.0139396
3076, 71.98077, 0.0138926
3077, 70.68187, 0.0141479
3078, 71.28295, 0.0140286
3079, 70.16657, 0.0142518
3080, 75.5578, 0.0132349
3081, 71.38116, 0.0140093
3082, 71.286, 0.014028
3083, 72.37828, 0.0138163
3084, 71.67482, 0.0139519
3085, 73.01722, 0.0136954
3086, 68.95363, 0.0145025
3087, 70.96527, 0.0140914
3088, 74.57845, 0.0134087
3089, 69.43143, 0.0144027
3090, 71.72881, 0.0139414
3091, 69.83484, 0.0143195
3092, 72.17506, 0.0138552
3093, 74.12404, 0.0134909
3094, 71.62862, 0.0139609
3095, 72.52052, 0.0137892
3096, 68.68227, 0.0145598
3097, 73.72456, 0.013564
3098, 73.69631, 0.0135692
3099, 71.02727, 0.0140791
3100, 69.05934, 0.0144803
3101, 75.0965, 0.0133162
3102, 69.4213, 0.0144048
3103, 72.33691, 0.0138242
3104, 72.86983, 0.0137231
3105, 71.8071, 0.0139262
3106, 70.11787, 0.0142617
3107, 70.44933, 0.0141946
3108, 73.44517, 0.0136156
3109, 73.41551, 0.0136211
3110, 69.79682, 0.0143273
3111, 73.05029, 0.0136892
3112, 70.87424, 0.0141095
3113, 71.53025, 0.0139801
3114, 70.11885, 0.0142615
3115, 74.65083, 0.0133957
3116, 70.924, 0.0140996
3117, 71.51286, 0.0139835
3118, 74.17242, 0.0134821
3119, 71.52513, 0.0139811
3120, 71.63888, 0.0139589
3121, 74.6826, 0.01339
3122, 69.44492, 0.0143999
3123, 77.26125, 0.0129431
3124, 70.92651, 0.0140991
3125, 72.00513, 0.0138879
3126, 71.6435, 0.013958
3127, 71.72623, 0.0139419
3128, 70.45131, 0.0141942
3129, 72.95329, 0.0137074
3130, 72.41025, 0.0138102
3131, 70.29383, 0.014226
3132, 71.81123, 0.0139254
3133, 70.38982, 0.0142066
3134, 73.93989, 0.0135245
3135, 71.23015, 0.014039
3136, 69.35149, 0.0144193
3137, 75.03564, 0.013327
3138, 71.4352, 0.0139987
3139, 41.99616, 0.0238117
3140, 55.16328, 0.018128
3141, 73.17056, 0.0136667
3142, 71.47861, 0.0139902
3143, 70.01478, 0.0142827
3144, 71.46278, 0.0139933
3145, 74.42913, 0.0134356
3146, 71.05149, 0.0140743
3147, 71.7216, 0.0139428
3148, 22.77163, 0.0439143
