Frame, FPS, Frame Time
1, 50, 0.02
2, 50, 0.02
3, 3, 0.3333333
4, 5.385911, 0.1856696
5, 70.43742, 0.014197
6, 118.8481, 0.0084141
7, 72.08038, 0.0138734
8, 71.57581, 0.0139712
9, 72.66386, 0.013762
10, 70.36852, 0.0142109
11, 72.22511, 0.0138456
12, 72.54525, 0.0137845
13, 70.86771, 0.0141108
14, 72.46535, 0.0137997
15, 71.59888, 0.0139667
16, 73.23486, 0.0136547
17, 71.11617, 0.0140615
18, 72.15112, 0.0138598
19, 71.79524, 0.0139285
20, 71.85508, 0.0139169
21, 71.83289, 0.0139212
22, 70.61449, 0.0141614
23, 72.38718, 0.0138146
24, 14.38613, 0.0695114
25, 71.6081, 0.0139649
26, 72.77385, 0.0137412
27, 71.89279, 0.0139096
28, 71.42448, 0.0140008
29, 70.89835, 0.0141047
30, 72.86081, 0.0137248
31, 71.64606, 0.0139575
32, 71.93313, 0.0139018
33, 71.25958, 0.0140332
34, 72.59581, 0.0137749
35, 70.62247, 0.0141598
36, 72.71616, 0.0137521
37, 71.74888, 0.0139375
38, 71.5835, 0.0139697
39, 71.34856, 0.0140157
40, 73.1085, 0.0136783
41, 71.80555, 0.0139265
42, 71.87988, 0.0139121
43, 70.82655, 0.014119
44, 72.37514, 0.0138169
45, 71.24587, 0.0140359
46, 72.20321, 0.0138498
47, 72.26687, 0.0138376
48, 70.5144, 0.0141815
49, 72.44172, 0.0138042
50, 73.07111, 0.0136853
51, 50.4495, 0.0198218
52, 4.489429, 0.2227455
53, 11.4453, 0.0873721
54, 76.59959, 0.0130549
55, 74.95409, 0.0133415
56, 72.18549, 0.0138532
57, 71.3343, 0.0140185
58, 69.55264, 0.0143776
59, 72.27314, 0.0138364
60, 68.52178, 0.0145939
61, 70.62446, 0.0141594
62, 72.19643, 0.0138511
63, 69.98244, 0.0142893
64, 73.82362, 0.0135458
65, 68.94602, 0.0145041
66, 72.77544, 0.0137409
67, 70.14639, 0.0142559
68, 73.4743, 0.0136102
69, 40.26608, 0.0248348
70, 35.35068, 0.028288
71, 23.9891, 0.0416856
72, 35.92922, 0.0278325
73, 70.82755, 0.0141188
74, 70.9693, 0.0140906
75, 69.11853, 0.0144679
76, 78.2289, 0.012783
77, 71.60605, 0.0139653
78, 70.66988, 0.0141503
79, 71.61375, 0.0139638
80, 72.58738, 0.0137765
81, 69.08845, 0.0144742
82, 72.49949, 0.0137932
83, 72.77596, 0.0137408
84, 72.17663, 0.0138549
85, 71.62041, 0.0139625
86, 70.54276, 0.0141758
87, 70.06334, 0.0142728
88, 74.34668, 0.0134505
89, 71.82773, 0.0139222
90, 70.55321, 0.0141737
91, 71.50979, 0.0139841
92, 73.39126, 0.0136256
93, 69.80364, 0.0143259
94, 36.32058, 0.0275326
95, 71.47503, 0.0139909
96, 71.26669, 0.0140318
97, 71.97921, 0.0138929
98, 70.91897, 0.0141006
99, 72.81731, 0.013733
100, 71.2982, 0.0140256
101, 71.55686, 0.0139749
102, 71.00054, 0.0140844
103, 72.7019, 0.0137548
104, 70.77041, 0.0141302
105, 72.08922, 0.0138717
106, 72.05389, 0.0138785
107, 71.95746, 0.0138971
108, 71.98388, 0.013892
109, 71.30684, 0.0140239
110, 71.65172, 0.0139564
111, 72.07831, 0.0138738
112, 71.32057, 0.0140212
113, 72.16048, 0.013858
114, 71.32108, 0.0140211
115, 71.5236, 0.0139814
116, 72.07311, 0.0138748
117, 71.85405, 0.0139171
118, 71.43571, 0.0139986
119, 72.2956, 0.0138321
120, 71.22, 0.014041
121, 71.9321, 0.013902
122, 70.49502, 0.0141854
123, 73.02362, 0.0136942
124, 72.29299, 0.0138326
125, 71.9761, 0.0138935
126, 71.67329, 0.0139522
127, 71.52871, 0.0139804
128, 71.89693, 0.0139088
129, 71.74734, 0.0139378
130, 71.42857, 0.014
131, 71.99372, 0.0138901
132, 71.70155, 0.0139467
133, 70.67837, 0.0141486
134, 73.0023, 0.0136982
135, 71.81792, 0.0139241
136, 72.16153, 0.0138578
137, 71.29769, 0.0140257
138, 71.59273, 0.0139679
139, 71.94814, 0.0138989
140, 69.19936, 0.014451
141, 74.90076, 0.013351
142, 70.56316, 0.0141717
143, 71.63991, 0.0139587
144, 72.66069, 0.0137626
145, 71.67945, 0.013951
146, 71.78442, 0.0139306
147, 70.83006, 0.0141183
148, 72.13706, 0.0138625
149, 72.10585, 0.0138685
150, 71.82154, 0.0139234
151, 71.45715, 0.0139944
152, 71.53383, 0.0139794
153, 69.71507, 0.0143441
154, 74.01431, 0.0135109
155, 72.79822, 0.0137366
156, 70.97182, 0.0140901
157, 72.16413, 0.0138573
158, 71.74785, 0.0139377
159, 71.44695, 0.0139964
160, 72.33221, 0.0138251
161, 69.72382, 0.0143423
162, 71.8205, 0.0139236
163, 74.08999, 0.0134971
164, 71.61272, 0.013964
165, 70.79797, 0.0141247
166, 72.67812, 0.0137593
167, 72.05598, 0.0138781
168, 71.72212, 0.0139427
169, 71.61169, 0.0139642
170, 71.85664, 0.0139166
171, 70.31805, 0.0142211
172, 72.74155, 0.0137473
173, 71.61579, 0.0139634
174, 72.57104, 0.0137796
175, 71.31294, 0.0140227
176, 71.78133, 0.0139312
177, 70.28741, 0.0142273
178, 73.24934, 0.013652
179, 72.0072, 0.0138875
180, 71.34754, 0.0140159
181, 71.80091, 0.0139274
182, 71.40358, 0.0140049
183, 70.01086, 0.0142835
184, 74.32236, 0.0134549
185, 71.61631, 0.0139633
186, 72.07935, 0.0138736
187, 71.59273, 0.0139679
188, 71.26517, 0.0140321
189, 70.71585, 0.0141411
190, 73.74522, 0.0135602
191, 71.64299, 0.0139581
192, 71.49445, 0.0139871
193, 71.61528, 0.0139635
194, 70.26864, 0.0142311
195, 71.63786, 0.0139591
196, 74.04117, 0.013506
197, 71.74579, 0.0139381
198, 71.16475, 0.0140519
199, 72.08298, 0.0138729
200, 71.3567, 0.0140141
201, 71.88453, 0.0139112
202, 71.74682, 0.0139379
203, 72.5058, 0.013792
204, 71.01869, 0.0140808
205, 72.49581, 0.0137939
206, 53.29099, 0.0187649
207, 92.5686, 0.0108028
208, 72.37042, 0.0138178
209, 73.42467, 0.0136194
210, 72.63483, 0.0137675
211, 73.18608, 0.0136638
212, 72.49477, 0.0137941
213, 71.66969, 0.0139529
214, 72.75638, 0.0137445
215, 73.2837, 0.0136456
216, 71.47452, 0.013991
217, 72.29874, 0.0138315
218, 71.88918, 0.0139103
219, 72.92935, 0.0137119
220, 71.26162, 0.0140328
221, 72.6702, 0.0137608
222, 72.01498, 0.013886
223, 71.89227, 0.0139097
224, 71.24283, 0.0140365
225, 72.07467, 0.0138745
226, 72.11417, 0.0138669
227, 70.57611, 0.0141691
228, 73.59489, 0.0135879
229, 70.68587, 0.0141471
230, 72.25433, 0.01384
231, 71.62452, 0.0139617
232, 72.19226, 0.0138519
233, 71.28701, 0.0140278
234, 71.10049, 0.0140646
235, 73.13791, 0.0136728
236, 72.0321, 0.0138827
237, 71.11718, 0.0140613
238, 72.42703, 0.013807
239, 71.79008, 0.0139295
240, 71.35772, 0.0140139
241, 71.90726, 0.0139068
242, 71.8556, 0.0139168
243, 72.20164, 0.0138501
244, 70.5547, 0.0141734
245, 72.21103, 0.0138483
246, 72.60107, 0.0137739
247, 71.92175, 0.013904
248, 70.79245, 0.0141258
249, 72.95116, 0.0137078
250, 71.21087, 0.0140428
251, 72.13602, 0.0138627
252, 72.16517, 0.0138571
253, 71.3511, 0.0140152
254, 70.28988, 0.0142268
255, 73.14379, 0.0136717
256, 71.82412, 0.0139229
257, 72.57474, 0.0137789
258, 70.89785, 0.0141048
259, 72.33953, 0.0138237
260, 70.75388, 0.0141335
261, 73.09567, 0.0136807
262, 71.0424, 0.0140761
263, 71.85508, 0.0139169
264, 71.65891, 0.013955
265, 72.63272, 0.0137679
266, 71.11364, 0.014062
267, 71.64042, 0.0139586
268, 71.06715, 0.0140712
269, 73.04868, 0.0136895
270, 71.78391, 0.0139307
271, 70.84511, 0.0141153
272, 71.98439, 0.0138919
273, 72.1584, 0.0138584
274, 70.8426, 0.0141158
275, 72.27157, 0.0138367
276, 72.70295, 0.0137546
277, 71.69846, 0.0139473
278, 71.69692, 0.0139476
279, 72.15372, 0.0138593
280, 70.87875, 0.0141086
281, 71.96212, 0.0138962
282, 69.70487, 0.0143462
283, 73.85088, 0.0135408
284, 71.19312, 0.0140463
285, 73.07965, 0.0136837
286, 69.57635, 0.0143727
287, 73.36219, 0.013631
288, 71.93831, 0.0139008
289, 70.25975, 0.0142329
290, 73.87434, 0.0135365
291, 71.53178, 0.0139798
292, 71.70927, 0.0139452
293, 70.64642, 0.014155
294, 72.99537, 0.0136995
295, 72.94425, 0.0137091
296, 69.5449, 0.0143792
297, 74.43246, 0.013435
298, 70.38536, 0.0142075
299, 73.55862, 0.0135946
300, 69.89928, 0.0143063
301, 73.33583, 0.0136359
302, 70.34575, 0.0142155
303, 72.08714, 0.0138721
304, 71.0313, 0.0140783
305, 73.75121, 0.0135591
306, 71.56045, 0.0139742
307, 71.64504, 0.0139577
308, 70.14787, 0.0142556
309, 73.2649, 0.0136491
310, 70.51291, 0.0141818
311, 72.93307, 0.0137112
312, 70.38338, 0.0142079
313, 73.69468, 0.0135695
314, 70.41808, 0.0142009
315, 73.89235, 0.0135332
316, 71.51797, 0.0139825
317, 72.21468, 0.0138476
318, 71.90313, 0.0139076
319, 71.37861, 0.0140098
320, 71.72469, 0.0139422
321, 71.96523, 0.0138956
322, 71.75609, 0.0139361
323, 71.48321, 0.0139893
324, 71.70052, 0.0139469
325, 72.50685, 0.0137918
326, 71.39084, 0.0140074
327, 71.74991, 0.0139373
328, 70.8426, 0.0141158
329, 73.13042, 0.0136742
330, 71.27686, 0.0140298
331, 72.31233, 0.0138289
332, 71.03333, 0.0140779
333, 71.51183, 0.0139837
334, 72.68076, 0.0137588
335, 72.1199, 0.0138658
336, 70.84662, 0.014115
337, 72.18132, 0.013854
338, 71.7633, 0.0139347
339, 71.25704, 0.0140337
340, 72.32593, 0.0138263
341, 71.7942, 0.0139287
342, 70.70235, 0.0141438
343, 73.01135, 0.0136965
344, 71.39236, 0.0140071
345, 72.09702, 0.0138702
346, 71.38013, 0.0140095
347, 72.45326, 0.013802
348, 70.90438, 0.0141035
349, 72.4622, 0.0138003
350, 71.50417, 0.0139852
351, 72.14174, 0.0138616
352, 71.02122, 0.0140803
353, 72.69872, 0.0137554
354, 71.61375, 0.0139638
355, 72.18079, 0.0138541
356, 71.29311, 0.0140266
357, 71.65274, 0.0139562
358, 72.41811, 0.0138087
359, 71.76227, 0.0139349
360, 71.79214, 0.0139291
361, 71.65736, 0.0139553
362, 72.15528, 0.013859
363, 71.09695, 0.0140653
364, 72.23138, 0.0138444
365, 72.39137, 0.0138138
366, 71.34602, 0.0140162
367, 71.74682, 0.0139379
368, 72.16933, 0.0138563
369, 71.13741, 0.0140573
370, 72.00565, 0.0138878
371, 71.54356, 0.0139775
372, 71.11212, 0.0140623
373, 72.96288, 0.0137056
374, 71.62708, 0.0139612
375, 71.8365, 0.0139205
376, 71.46941, 0.013992
377, 71.88504, 0.0139111
378, 71.87574, 0.0139129
379, 71.77412, 0.0139326
380, 71.72932, 0.0139413
381, 69.27702, 0.0144348
382, 74.2363, 0.0134705
383, 71.74064, 0.0139391
384, 72.17142, 0.0138559
385, 71.79266, 0.013929
386, 71.88711, 0.0139107
387, 71.51592, 0.0139829
388, 72.18184, 0.0138539
389, 70.76289, 0.0141317
390, 72.62428, 0.0137695
391, 68.17841, 0.0146674
392, 74.68929, 0.0133888
393, 72.19331, 0.0138517
394, 72.81094, 0.0137342
395, 70.71736, 0.0141408
396, 72.68868, 0.0137573
397, 71.7736, 0.0139327
398, 71.49393, 0.0139872
399, 72.09026, 0.0138715
400, 72.15893, 0.0138583
401, 70.90288, 0.0141038
402, 71.84734, 0.0139184
403, 72.21103, 0.0138483
404, 72.49686, 0.0137937
405, 70.48259, 0.0141879
406, 72.73309, 0.0137489
407, 70.85816, 0.0141127
408, 73.38588, 0.0136266
409, 71.44745, 0.0139963
410, 71.80761, 0.0139261
411, 71.25908, 0.0140333
412, 72.18497, 0.0138533
413, 35.45596, 0.028204
414, 74.10098, 0.0134951
415, 71.37555, 0.0140104
416, 72.14071, 0.0138618
417, 71.27533, 0.0140301
418, 71.56198, 0.0139739
419, 72.44277, 0.013804
420, 71.2738, 0.0140304
421, 72.19331, 0.0138517
422, 71.58043, 0.0139703
423, 72.09286, 0.013871
424, 70.72736, 0.0141388
425, 73.18662, 0.0136637
426, 71.54048, 0.0139781
427, 71.71646, 0.0139438
428, 71.93313, 0.0139018
429, 70.28542, 0.0142277
430, 73.30787, 0.0136411
431, 72.00616, 0.0138877
432, 72.45432, 0.0138018
433, 71.72881, 0.0139414
434, 71.57325, 0.0139717
435, 71.13944, 0.0140569
436, 71.76587, 0.0139342
437, 72.11781, 0.0138662
438, 72.11105, 0.0138675
439, 72.29195, 0.0138328
440, 71.8959, 0.013909
441, 71.11414, 0.0140619
442, 72.06947, 0.0138755
443, 72.17299, 0.0138556
444, 71.84734, 0.0139184
445, 71.51081, 0.0139839
446, 71.43419, 0.0139989
447, 71.82205, 0.0139233
448, 71.8365, 0.0139205
449, 72.33796, 0.013824
450, 71.38065, 0.0140094
451, 72.20113, 0.0138502
452, 71.86903, 0.0139142
453, 71.15108, 0.0140546
454, 71.84269, 0.0139193
455, 72.2439, 0.013842
456, 71.65582, 0.0139556
457, 71.31905, 0.0140215
458, 71.91399, 0.0139055
459, 71.54457, 0.0139773
460, 72.38194, 0.0138156
461, 71.35416, 0.0140146
462, 72.30867, 0.0138296
463, 71.65736, 0.0139553
464, 71.89951, 0.0139083
465, 71.24435, 0.0140362
466, 72.65805, 0.0137631
467, 72.0809, 0.0138733
468, 70.84662, 0.014115
469, 72.15424, 0.0138592
470, 71.57018, 0.0139723
471, 72.18132, 0.013854
472, 70.80147, 0.014124
473, 73.03055, 0.0136929
474, 71.89279, 0.0139096
475, 71.52513, 0.0139811
476, 72.37723, 0.0138165
477, 71.36587, 0.0140123
478, 72.37775, 0.0138164
479, 71.52871, 0.0139804
480, 71.7669, 0.013934
481, 71.38523, 0.0140085
482, 71.86024, 0.0139159
483, 72.77385, 0.0137412
484, 71.76639, 0.0139341
485, 71.22507, 0.01404
486, 72.33953, 0.0138237
487, 71.39084, 0.0140074
488, 71.74219, 0.0139388
489, 71.43112, 0.0139995
490, 72.10949, 0.0138678
491, 71.82825, 0.0139221
492, 70.16756, 0.0142516
493, 73.8307, 0.0135445
494, 72.03677, 0.0138818
495, 71.89641, 0.0139089
496, 71.45205, 0.0139954
497, 71.72829, 0.0139415
498, 71.86748, 0.0139145
499, 71.96523, 0.0138956
500, 71.06361, 0.0140719
501, 72.05753, 0.0138778
502, 71.17286, 0.0140503
503, 71.66917, 0.013953
504, 72.89426, 0.0137185
505, 71.87833, 0.0139124
506, 72.19539, 0.0138513
507, 71.49649, 0.0139867
508, 70.64143, 0.014156
509, 71.2738, 0.0140304
510, 71.78854, 0.0139298
511, 72.81147, 0.0137341
512, 71.83959, 0.0139199
513, 70.80949, 0.0141224
514, 73.29927, 0.0136427
515, 71.57889, 0.0139706
516, 72.11261, 0.0138672
517, 72.58158, 0.0137776
518, 72.42388, 0.0138076
519, 71.48116, 0.0139897
520, 71.13185, 0.0140584
521, 72.44697, 0.0138032
522, 72.03262, 0.0138826
523, 71.34245, 0.0140169
524, 71.48116, 0.0139897
525, 71.99424, 0.01389
526, 72.49686, 0.0137937
527, 71.42194, 0.0140013
528, 72.08454, 0.0138726
529, 71.74219, 0.0139388
530, 71.59734, 0.013967
531, 71.98802, 0.0138912
532, 71.72726, 0.0139417
533, 70.43543, 0.0141974
534, 73.30626, 0.0136414
535, 71.73395, 0.0139404
536, 70.83909, 0.0141165
537, 72.74738, 0.0137462
538, 70.78443, 0.0141274
539, 72.3521, 0.0138213
540, 72.69502, 0.0137561
541, 70.94865, 0.0140947
542, 71.76381, 0.0139346
543, 72.19591, 0.0138512
544, 71.73344, 0.0139405
545, 71.72212, 0.0139427
546, 71.43419, 0.0139989
547, 71.15412, 0.014054
548, 73.21019, 0.0136593
549, 71.13691, 0.0140574
550, 72.77385, 0.0137412
551, 71.02676, 0.0140792
552, 70.7644, 0.0141314
553, 73.9946, 0.0135145
554, 71.73807, 0.0139396
555, 72.04248, 0.0138807
556, 71.92226, 0.0139039
557, 70.57213, 0.0141699
558, 72.95808, 0.0137065
559, 72.30031, 0.0138312
560, 71.46226, 0.0139934
561, 71.69127, 0.0139487
562, 70.67638, 0.014149
563, 73.04442, 0.0136903
564, 72.28097, 0.0138349
565, 71.20022, 0.0140449
566, 72.29456, 0.0138323
567, 70.84109, 0.0141161
568, 72.21729, 0.0138471
569, 70.14886, 0.0142554
570, 73.82198, 0.0135461
571, 70.9552, 0.0140934
572, 72.55367, 0.0137829
573, 71.13084, 0.0140586
574, 72.39452, 0.0138132
575, 71.17033, 0.0140508
576, 73.20161, 0.0136609
577, 71.22102, 0.0140408
578, 71.82721, 0.0139223
579, 71.33634, 0.0140181
580, 71.49138, 0.0139877
581, 71.95332, 0.0138979
582, 73.00602, 0.0136975
583, 71.02929, 0.0140787
584, 71.624, 0.0139618
585, 71.8494, 0.013918
586, 72.31966, 0.0138275
587, 71.40817, 0.014004
588, 72.73468, 0.0137486
589, 71.67226, 0.0139524
590, 71.38421, 0.0140087
591, 71.9989, 0.0138891
592, 71.4643, 0.013993
593, 71.29668, 0.0140259
594, 72.49581, 0.0137939
595, 70.94916, 0.0140946
596, 71.84888, 0.0139181
597, 72.83109, 0.0137304
598, 71.7252, 0.0139421
599, 71.09594, 0.0140655
600, 73.33421, 0.0136362
601, 71.32719, 0.0140199
602, 71.67431, 0.013952
603, 71.63221, 0.0139602
604, 71.45869, 0.0139941
605, 72.24493, 0.0138418
606, 72.43018, 0.0138064
607, 71.69487, 0.013948
608, 72.03988, 0.0138812
609, 71.08482, 0.0140677
610, 72.02898, 0.0138833
611, 71.36994, 0.0140115
612, 72.68815, 0.0137574
613, 70.77291, 0.0141297
614, 72.63958, 0.0137666
615, 70.59554, 0.0141652
616, 72.52631, 0.0137881
617, 72.10273, 0.0138691
618, 71.34449, 0.0140165
619, 72.28986, 0.0138332
620, 72.19695, 0.013851
621, 71.61477, 0.0139636
622, 72.00201, 0.0138885
623, 71.29668, 0.0140259
624, 72.04819, 0.0138796
625, 71.7973, 0.0139281
626, 72.32854, 0.0138258
627, 71.57427, 0.0139715
628, 72.07831, 0.0138738
629, 71.75454, 0.0139364
630, 71.16779, 0.0140513
631, 72.21364, 0.0138478
632, 72.10689, 0.0138683
633, 71.56454, 0.0139734
634, 70.38288, 0.014208
635, 73.65452, 0.0135769
636, 72.20061, 0.0138503
637, 35.02185, 0.0285536
638, 75.01144, 0.0133313
639, 71.718, 0.0139435
640, 71.32108, 0.0140211
641, 64.44296, 0.0155176
642, 81.93297, 0.0122051
643, 69.07079, 0.0144779
644, 74.31574, 0.0134561
645, 69.26503, 0.0144373
646, 64.73875, 0.0154467
647, 72.79398, 0.0137374
648, 83.95107, 0.0119117
649, 71.42806, 0.0140001
650, 71.87626, 0.0139128
651, 70.59405, 0.0141655
652, 73.259, 0.0136502
653, 71.89796, 0.0139086
654, 70.78092, 0.0141281
655, 72.30187, 0.0138309
656, 70.64991, 0.0141543
657, 73.77787, 0.0135542
658, 72.2747, 0.0138361
659, 71.74888, 0.0139375
660, 71.39695, 0.0140062
661, 71.25248, 0.0140346
662, 72.66333, 0.0137621
663, 71.17387, 0.0140501
664, 72.28671, 0.0138338
665, 71.33228, 0.0140189
666, 71.17033, 0.0140508
667, 71.71955, 0.0139432
668, 72.56315, 0.0137811
669, 72.0238, 0.0138843
670, 71.89176, 0.0139098
671, 71.62965, 0.0139607
672, 71.52309, 0.0139815
673, 72.7908, 0.013738
674, 72.03832, 0.0138815
675, 70.43692, 0.0141971
676, 73.24988, 0.0136519
677, 72.13914, 0.0138621
678, 71.34194, 0.014017
679, 72.00772, 0.0138874
680, 71.75197, 0.0139369
681, 70.78744, 0.0141268
682, 72.43333, 0.0138058
683, 71.40511, 0.0140046
684, 72.40134, 0.0138119
685, 70.84962, 0.0141144
686, 72.72305, 0.0137508
687, 71.25857, 0.0140334
688, 72.70506, 0.0137542
689, 70.61598, 0.0141611
690, 73.27403, 0.0136474
691, 71.46328, 0.0139932
692, 71.35976, 0.0140135
693, 72.14643, 0.0138607
694, 71.69795, 0.0139474
695, 69.72868, 0.0143413
696, 74.56844, 0.0134105
697, 71.77051, 0.0139333
698, 71.76896, 0.0139336
699, 71.65172, 0.0139564
700, 71.33482, 0.0140184
701, 71.9787, 0.013893
702, 72.03832, 0.0138815
703, 71.29871, 0.0140255
704, 72.10169, 0.0138693
705, 71.67482, 0.0139519
706, 72.08662, 0.0138722
707, 70.09624, 0.0142661
708, 74.16637, 0.0134832
709, 71.4924, 0.0139875
710, 71.94296, 0.0138999
711, 70.38833, 0.0142069
712, 71.7494, 0.0139374
713, 71.83701, 0.0139204
714, 73.70555, 0.0135675
715, 71.26872, 0.0140314
716, 72.53946, 0.0137856
717, 71.7, 0.013947
718, 71.09948, 0.0140648
719, 71.05502, 0.0140736
720, 73.44787, 0.0136151
721, 71.53741, 0.0139787
722, 70.02457, 0.0142807
723, 64.37575, 0.0155338
724, 72.09077, 0.0138714
725, 81.3266, 0.0122961
726, 73.6822, 0.0135718
727, 71.41735, 0.0140022
728, 72.38456, 0.0138151
729, 71.53793, 0.0139786
730, 72.20061, 0.0138503
731, 71.12224, 0.0140603
732, 71.67791, 0.0139513
733, 71.35162, 0.0140151
734, 72.37775, 0.0138164
735, 71.61272, 0.013964
736, 71.77308, 0.0139328
737, 70.75889, 0.0141325
738, 73.49105, 0.0136071
739, 72.30083, 0.0138311
740, 71.29718, 0.0140258
741, 72.60161, 0.0137738
742, 71.8959, 0.013909
743, 70.60651, 0.014163
744, 72.84541, 0.0137277
745, 72.12249, 0.0138653
746, 71.42603, 0.0140005
747, 70.61349, 0.0141616
748, 72.98205, 0.013702
749, 71.69076, 0.0139488
750, 72.4092, 0.0138104
751, 71.36944, 0.0140116
752, 72.12509, 0.0138648
753, 71.39084, 0.0140074
754, 71.78442, 0.0139306
755, 71.10555, 0.0140636
756, 73.02415, 0.0136941
757, 71.36027, 0.0140134
758, 71.90572, 0.0139071
759, 70.87273, 0.0141098
760, 72.50107, 0.0137929
761, 71.87471, 0.0139131
762, 72.49844, 0.0137934
763, 71.15918, 0.014053
764, 71.88608, 0.0139109
765, 71.55379, 0.0139755
766, 70.98542, 0.0140874
767, 72.48267, 0.0137964
768, 71.7144, 0.0139442
769, 72.92616, 0.0137125
770, 71.69127, 0.0139487
771, 71.5057, 0.0139849
772, 71.71903, 0.0139433
773, 71.6199, 0.0139626
774, 71.65172, 0.0139564
775, 72.59423, 0.0137752
776, 71.45511, 0.0139948
777, 71.44235, 0.0139973
778, 72.00201, 0.0138885
779, 72.05753, 0.0138778
780, 72.7019, 0.0137548
781, 71.49598, 0.0139868
782, 71.77772, 0.0139319
783, 71.65582, 0.0139556
784, 71.53536, 0.0139791
785, 72.46167, 0.0138004
786, 71.47707, 0.0139905
787, 72.18653, 0.013853
788, 71.32871, 0.0140196
789, 70.66489, 0.0141513
790, 72.93361, 0.0137111
791, 72.2272, 0.0138452
792, 72.28671, 0.0138338
793, 70.99348, 0.0140858
794, 71.50417, 0.0139852
795, 72.91606, 0.0137144
796, 70.38734, 0.0142071
797, 71.44592, 0.0139966
798, 72.98151, 0.0137021
799, 70.40369, 0.0142038
800, 73.35304, 0.0136327
801, 71.5149, 0.0139831
802, 72.12197, 0.0138654
803, 71.93468, 0.0139015
804, 71.74322, 0.0139386
805, 70.71185, 0.0141419
806, 73.14807, 0.0136709
807, 71.47963, 0.01399
808, 71.9958, 0.0138897
809, 70.99953, 0.0140846
810, 72.78656, 0.0137388
811, 71.95125, 0.0138983
812, 71.34449, 0.0140165
813, 70.74487, 0.0141353
814, 73.04228, 0.0136907
815, 72.09181, 0.0138712
816, 71.50467, 0.0139851
817, 71.81277, 0.0139251
818, 71.76227, 0.0139349
819, 70.28988, 0.0142268
820, 73.62415, 0.0135825
821, 71.44133, 0.0139975
822, 72.51631, 0.01379
823, 71.54202, 0.0139778
824, 71.67534, 0.0139518
825, 72.06168, 0.013877
826, 70.64491, 0.0141553
827, 71.99994, 0.0138889
828, 72.27679, 0.0138357
829, 72.26843, 0.0138373
830, 71.99476, 0.0138899
831, 71.99268, 0.0138903
832, 71.2474, 0.0140356
833, 72.05493, 0.0138783
834, 72.01447, 0.0138861
835, 71.62246, 0.0139621
836, 71.90158, 0.0139079
837, 72.14122, 0.0138617
838, 71.34042, 0.0140173
839, 71.57223, 0.0139719
840, 71.69178, 0.0139486
841, 72.44592, 0.0138034
842, 71.944, 0.0138997
843, 71.13387, 0.014058
844, 72.20008, 0.0138504
845, 69.5749, 0.014373
846, 73.8198, 0.0135465
847, 73.00496, 0.0136977
848, 71.04947, 0.0140747
849, 71.99632, 0.0138896
850, 70.62097, 0.0141601
851, 73.02308, 0.0136943
852, 72.02743, 0.0138836
853, 72.07103, 0.0138752
854, 71.69898, 0.0139472
855, 71.53178, 0.0139798
856, 72.39504, 0.0138131
857, 70.43742, 0.014197
858, 72.96607, 0.013705
859, 72.11365, 0.013867
860, 71.62965, 0.0139607
861, 71.98077, 0.0138926
862, 71.64197, 0.0139583
863, 71.81174, 0.0139253
864, 71.65788, 0.0139552
865, 72.37671, 0.0138166
866, 71.46022, 0.0139938
867, 71.47146, 0.0139916
868, 72.09338, 0.0138709
869, 72.09286, 0.013871
870, 70.18283, 0.0142485
871, 73.83125, 0.0135444
872, 71.61221, 0.0139641
873, 72.01913, 0.0138852
874, 71.57377, 0.0139716
875, 71.43571, 0.0139986
876, 70.86921, 0.0141105
877, 72.77279, 0.0137414
878, 72.41759, 0.0138088
879, 71.92641, 0.0139031
880, 71.01315, 0.0140819
881, 72.42598, 0.0138072
882, 71.48116, 0.0139897
883, 71.99217, 0.0138904
884, 71.5195, 0.0139822
885, 71.98958, 0.0138909
886, 72.15163, 0.0138597
887, 71.17894, 0.0140491
888, 71.87833, 0.0139124
889, 71.63067, 0.0139605
890, 71.8556, 0.0139168
891, 72.59634, 0.0137748
892, 71.8773, 0.0139126
893, 71.9083, 0.0139066
894, 70.57162, 0.01417
895, 73.00762, 0.0136972
896, 72.30449, 0.0138304
897, 70.90338, 0.0141037
898, 71.80658, 0.0139263
899, 72.33796, 0.013824
900, 70.86569, 0.0141112
901, 73.18501, 0.013664
902, 71.4449, 0.0139968
903, 71.99113, 0.0138906
904, 71.90882, 0.0139065
905, 71.67072, 0.0139527
906, 71.24791, 0.0140355
907, 72.32541, 0.0138264
908, 72.12926, 0.013864
909, 70.96124, 0.0140922
910, 70.61948, 0.0141604
911, 73.28531, 0.0136453
912, 71.97247, 0.0138942
913, 71.93365, 0.0139017
914, 70.5781, 0.0141687
915, 72.35314, 0.0138211
916, 71.84837, 0.0139182
917, 71.02374, 0.0140798
918, 71.89331, 0.0139095
919, 72.96767, 0.0137047
920, 68.15982, 0.0146714
921, 66.86369, 0.0149558
922, 72.27, 0.013837
923, 82.21994, 0.0121625
924, 71.67996, 0.0139509
925, 72.01653, 0.0138857
926, 71.77308, 0.0139328
927, 72.00047, 0.0138888
928, 71.68459, 0.01395
929, 71.37606, 0.0140103
930, 71.14146, 0.0140565
931, 72.8863, 0.01372
932, 70.9824, 0.014088
933, 72.32907, 0.0138257
934, 72.17194, 0.0138558
935, 71.27837, 0.0140295
936, 72.20216, 0.01385
937, 71.70875, 0.0139453
938, 71.8773, 0.0139126
939, 72.0378, 0.0138816
940, 71.60759, 0.013965
941, 71.10049, 0.0140646
942, 72.09338, 0.0138709
943, 72.66544, 0.0137617
944, 71.91399, 0.0139055
945, 71.62041, 0.0139625
946, 71.55788, 0.0139747
947, 71.80349, 0.0139269
948, 70.46819, 0.0141908
949, 73.30196, 0.0136422
950, 71.27583, 0.01403
951, 73.00762, 0.0136972
952, 71.16273, 0.0140523
953, 71.62041, 0.0139625
954, 71.78596, 0.0139303
955, 72.37461, 0.013817
956, 71.82618, 0.0139225
957, 71.34958, 0.0140155
958, 71.63016, 0.0139606
959, 71.944, 0.0138997
960, 70.59155, 0.014166
961, 73.77243, 0.0135552
962, 71.61631, 0.0139633
963, 72.14643, 0.0138607
964, 71.04594, 0.0140754
965, 71.66096, 0.0139546
966, 72.54578, 0.0137844
967, 72.3919, 0.0138137
968, 71.60759, 0.013965
969, 71.98388, 0.013892
970, 71.95383, 0.0138978
971, 70.88378, 0.0141076
972, 72.94637, 0.0137087
973, 71.56096, 0.0139741
974, 71.62914, 0.0139608
975, 70.9245, 0.0140995
976, 72.64169, 0.0137662
977, 71.80452, 0.0139267
978, 71.50774, 0.0139845
979, 70.52933, 0.0141785
980, 73.68491, 0.0135713
981, 71.25197, 0.0140347
982, 71.51746, 0.0139826
983, 71.62349, 0.0139619
984, 72.18288, 0.0138537
985, 70.95016, 0.0140944
986, 70.62446, 0.0141594
987, 65.07494, 0.0153669
988, 49.35274, 0.0202623
989, 94.64051, 0.0105663
990, 59.74251, 0.0167385
991, 159.5151, 0.006269
992, 73.74197, 0.0135608
993, 70.80949, 0.0141224
994, 71.58708, 0.013969
995, 72.35419, 0.0138209
996, 71.86541, 0.0139149
997, 70.90891, 0.0141026
998, 71.78854, 0.0139298
999, 71.93313, 0.0139018
1000, 72.47375, 0.0137981
1001, 71.77772, 0.0139319
1002, 70.91544, 0.0141013
1003, 70.09477, 0.0142664
1004, 74.18673, 0.0134795
1005, 71.9409, 0.0139003
1006, 71.45562, 0.0139947
1007, 71.96523, 0.0138956
1008, 70.83959, 0.0141164
1009, 72.20895, 0.0138487
1010, 71.55482, 0.0139753
1011, 72.64697, 0.0137652
1012, 71.69076, 0.0139488
1013, 70.62895, 0.0141585
1014, 73.19144, 0.0136628
1015, 72.36361, 0.0138191
1016, 72.40972, 0.0138103
1017, 71.31498, 0.0140223
1018, 72.1433, 0.0138613
1019, 70.75488, 0.0141333
1020, 72.20113, 0.0138502
1021, 71.64966, 0.0139568
1022, 69.61849, 0.014364
1023, 74.93163, 0.0133455
1024, 71.75969, 0.0139354
1025, 71.38472, 0.0140086
1026, 72.43175, 0.0138061
1027, 70.08102, 0.0142692
1028, 73.12453, 0.0136753
1029, 70.61997, 0.0141603
1030, 72.72621, 0.0137502
1031, 71.26923, 0.0140313
1032, 74.16802, 0.0134829
1033, 70.55968, 0.0141724
1034, 73.00443, 0.0136978
1035, 70.47763, 0.0141889
1036, 71.83495, 0.0139208
1037, 71.94296, 0.0138999
1038, 70.75438, 0.0141334
1039, 71.30481, 0.0140243
1040, 72.82738, 0.0137311
1041, 71.03635, 0.0140773
1042, 64.0808, 0.0156053
1043, 73.5911, 0.0135886
1044, 81.36366, 0.0122905
1045, 72.02743, 0.0138836
1046, 70.92853, 0.0140987
1047, 73.29014, 0.0136444
1048, 72.13029, 0.0138638
1049, 71.39491, 0.0140066
1050, 70.37396, 0.0142098
1051, 72.62376, 0.0137696
1052, 72.64486, 0.0137656
1053, 71.7566, 0.013936
1054, 71.85095, 0.0139177
1055, 71.53946, 0.0139783
1056, 71.19009, 0.0140469
1057, 71.2738, 0.0140304
1058, 73.49158, 0.013607
1059, 71.62298, 0.013962
1060, 70.54425, 0.0141755
1061, 73.28477, 0.0136454
1062, 71.14146, 0.0140565
1063, 71.35263, 0.0140149
1064, 72.80246, 0.0137358
1065, 71.54407, 0.0139774
1066, 71.64658, 0.0139574
1067, 72.27157, 0.0138367
1068, 71.48219, 0.0139895
1069, 72.06688, 0.013876
1070, 71.39339, 0.0140069
1071, 72.32227, 0.013827
1072, 72.18445, 0.0138534
1073, 71.59324, 0.0139678
1074, 71.3939, 0.0140068
1075, 72.32488, 0.0138265
1076, 71.4735, 0.0139912
1077, 71.22253, 0.0140405
1078, 72.97033, 0.0137042
1079, 71.15816, 0.0140532
1080, 71.37402, 0.0140107
1081, 72.46745, 0.0137993
1082, 72.18184, 0.0138539
1083, 72.0965, 0.0138703
1084, 71.24841, 0.0140354
1085, 71.02071, 0.0140804
1086, 72.78444, 0.0137392
1087, 71.6358, 0.0139595
1088, 72.12302, 0.0138652
1089, 71.6625, 0.0139543
1090, 71.23877, 0.0140373
1091, 71.93882, 0.0139007
1092, 72.10117, 0.0138694
1093, 71.06917, 0.0140708
1094, 72.48898, 0.0137952
1095, 71.39695, 0.0140062
1096, 70.1105, 0.0142632
1097, 64.82394, 0.0154264
1098, 71.85973, 0.013916
1099, 81.3266, 0.0122961
1100, 72.85497, 0.0137259
1101, 73.88471, 0.0135346
1102, 71.09797, 0.0140651
1103, 71.97455, 0.0138938
1104, 71.14197, 0.0140564
1105, 72.01653, 0.0138857
1106, 72.10949, 0.0138678
1107, 70.67987, 0.0141483
1108, 72.2956, 0.0138321
1109, 72.43595, 0.0138053
1110, 71.46022, 0.0139938
1111, 72.23085, 0.0138445
1112, 71.29718, 0.0140258
1113, 72.40029, 0.0138121
1114, 71.92796, 0.0139028
1115, 71.21899, 0.0140412
1116, 71.36078, 0.0140133
1117, 72.00409, 0.0138881
1118, 72.1329, 0.0138633
1119, 72.13238, 0.0138634
1120, 70.55968, 0.0141724
1121, 72.99696, 0.0136992
1122, 71.70515, 0.013946
1123, 72.45012, 0.0138026
1124, 71.79111, 0.0139293
1125, 71.17438, 0.01405
1126, 72.41077, 0.0138101
1127, 71.93986, 0.0139005
1128, 71.71132, 0.0139448
1129, 71.38574, 0.0140084
1130, 71.25958, 0.0140332
1131, 72.82791, 0.013731
1132, 71.76896, 0.0139336
1133, 71.95487, 0.0138976
1134, 71.60913, 0.0139647
1135, 71.33736, 0.0140179
1136, 72.31495, 0.0138284
1137, 72.20477, 0.0138495
1138, 71.3104, 0.0140232
1139, 71.46328, 0.0139932
1140, 72.33953, 0.0138237
1141, 71.47043, 0.0139918
1142, 71.98595, 0.0138916
1143, 72.47585, 0.0137977
1144, 71.61734, 0.0139631
1145, 71.07472, 0.0140697
1146, 72.63852, 0.0137668
1147, 72.03313, 0.0138825
1148, 71.23065, 0.0140389
1149, 72.18288, 0.0138537
1150, 71.65685, 0.0139554
1151, 70.93104, 0.0140982
1152, 71.24232, 0.0140366
1153, 73.85033, 0.0135409
1154, 71.28651, 0.0140279
1155, 71.17944, 0.014049
1156, 73.03535, 0.013692
1157, 71.33736, 0.0140179
1158, 72.38666, 0.0138147
1159, 71.00356, 0.0140838
1160, 71.69332, 0.0139483
1161, 71.98958, 0.0138909
1162, 71.25958, 0.0140332
1163, 72.71194, 0.0137529
1164, 72.18549, 0.0138532
1165, 71.89382, 0.0139094
1166, 71.22456, 0.0140401
1167, 72.84276, 0.0137282
1168, 71.40358, 0.0140049
1169, 71.23978, 0.0140371
1170, 70.6549, 0.0141533
1171, 73.30357, 0.0136419
1172, 71.13893, 0.014057
1173, 72.51369, 0.0137905
1174, 72.01394, 0.0138862
1175, 71.94865, 0.0138988
1176, 72.10689, 0.0138683
1177, 71.61169, 0.0139642
1178, 71.84269, 0.0139193
1179, 72.21989, 0.0138466
1180, 71.42704, 0.0140003
1181, 71.70155, 0.0139467
1182, 71.08836, 0.014067
1183, 70.62196, 0.0141599
1184, 71.74476, 0.0139383
1185, 73.5597, 0.0135944
1186, 71.8587, 0.0139162
1187, 71.78545, 0.0139304
1188, 71.60708, 0.0139651
1189, 72.5542, 0.0137828
1190, 70.14, 0.0142572
1191, 71.08382, 0.0140679
1192, 74.84974, 0.0133601
1193, 72.01031, 0.0138869
1194, 71.74837, 0.0139376
1195, 71.27329, 0.0140305
1196, 66.65778, 0.015002
1197, 36.7589, 0.0272043
1198, 75.01819, 0.0133301
1199, 70.90841, 0.0141027
1200, 72.38613, 0.0138148
1201, 70.91495, 0.0141014
1202, 73.22789, 0.013656
1203, 72.22772, 0.0138451
1204, 71.45256, 0.0139953
1205, 71.07371, 0.0140699
1206, 72.65435, 0.0137638
1207, 70.68137, 0.014148
1208, 72.29089, 0.013833
1209, 71.13084, 0.0140586
1210, 73.19519, 0.0136621
1211, 71.7633, 0.0139347
1212, 71.4735, 0.0139912
1213, 71.11668, 0.0140614
1214, 72.40868, 0.0138105
1215, 71.49496, 0.013987
1216, 71.5415, 0.0139779
1217, 71.2799, 0.0140292
1218, 71.09342, 0.014066
1219, 72.13706, 0.0138625
1220, 73.50887, 0.0136038
1221, 70.98643, 0.0140872
1222, 73.13256, 0.0136738
1223, 71.19464, 0.014046
1224, 71.82154, 0.0139234
1225, 70.56764, 0.0141708
1226, 71.45306, 0.0139952
1227, 73.55429, 0.0135954
1228, 71.22811, 0.0140394
1229, 71.48065, 0.0139898
1230, 70.74487, 0.0141353
1231, 68.6601, 0.0145645
1232, 77.04991, 0.0129786
1233, 73.08446, 0.0136828
1234, 68.44627, 0.01461
1235, 77.03685, 0.0129808
1236, 71.09443, 0.0140658
1237, 71.15918, 0.014053
1238, 72.52841, 0.0137877
1239, 72.11469, 0.0138668
1240, 71.07977, 0.0140687
1241, 71.6625, 0.0139543
1242, 71.91968, 0.0139044
1243, 71.12173, 0.0140604
1244, 71.06664, 0.0140713
1245, 73.4209, 0.0136201
1246, 71.51694, 0.0139827
1247, 71.48678, 0.0139886
1248, 71.98388, 0.013892
1249, 72.04092, 0.013881
1250, 69.6869, 0.0143499
1251, 75.46543, 0.0132511
1252, 72.21364, 0.0138478
1253, 70.85213, 0.0141139
1254, 72.80246, 0.0137358
1255, 72.26791, 0.0138374
1256, 73.67459, 0.0135732
1257, 71.4924, 0.0139875
1258, 72.77914, 0.0137402
1259, 69.44926, 0.014399
1260, 69.62188, 0.0143633
1261, 76.29511, 0.013107
1262, 71.90313, 0.0139076
1263, 71.31651, 0.014022
1264, 70.70436, 0.0141434
1265, 73.28584, 0.0136452
1266, 72.11937, 0.0138659
1267, 71.65942, 0.0139549
1268, 73.83452, 0.0135438
1269, 71.46379, 0.0139931
1270, 70.6095, 0.0141624
1271, 72.9235, 0.013713
1272, 71.86593, 0.0139148
1273, 69.81436, 0.0143237
1274, 74.2622, 0.0134658
1275, 72.09702, 0.0138702
1276, 71.43163, 0.0139994
1277, 71.76124, 0.0139351
1278, 71.65685, 0.0139554
1279, 71.12426, 0.0140599
1280, 71.78236, 0.013931
1281, 72.58053, 0.0137778
1282, 71.16121, 0.0140526
1283, 72.59159, 0.0137757
1284, 71.41276, 0.0140031
1285, 71.69332, 0.0139483
1286, 72.39033, 0.013814
1287, 71.44592, 0.0139966
1288, 72.01083, 0.0138868
1289, 70.04714, 0.0142761
1290, 73.23808, 0.0136541
1291, 72.0622, 0.0138769
1292, 71.01163, 0.0140822
1293, 73.00282, 0.0136981
1294, 72.11417, 0.0138669
1295, 71.64145, 0.0139584
1296, 71.82928, 0.0139219
1297, 71.50928, 0.0139842
1298, 70.86067, 0.0141122
1299, 73.23808, 0.0136541
1300, 70.68287, 0.0141477
1301, 72.80563, 0.0137352
1302, 72.13029, 0.0138638
1303, 70.7669, 0.0141309
1304, 72.23294, 0.0138441
1305, 71.94038, 0.0139004
1306, 72.06272, 0.0138768
1307, 71.89951, 0.0139083
1308, 71.56301, 0.0139737
1309, 71.64401, 0.0139579
1310, 71.94452, 0.0138996
1311, 71.90882, 0.0139065
1312, 70.98945, 0.0140866
1313, 72.60213, 0.0137737
1314, 70.75789, 0.0141327
1315, 73.17698, 0.0136655
1316, 71.73756, 0.0139397
1317, 71.78133, 0.0139312
1318, 71.8649, 0.013915
1319, 71.53946, 0.0139783
1320, 72.161, 0.0138579
1321, 71.35416, 0.0140146
1322, 72.77914, 0.0137402
1323, 71.14754, 0.0140553
1324, 71.58862, 0.0139687
1325, 72.98577, 0.0137013
1326, 71.15159, 0.0140545
1327, 72.25799, 0.0138393
1328, 72.07675, 0.0138741
1329, 71.41684, 0.0140023
1330, 71.99632, 0.0138896
1331, 71.94348, 0.0138998
1332, 71.42041, 0.0140016
1333, 72.12666, 0.0138645
1334, 70.72436, 0.0141394
1335, 72.70771, 0.0137537
1336, 71.94504, 0.0138995
1337, 71.54304, 0.0139776
1338, 71.99528, 0.0138898
1339, 72.04663, 0.0138799
1340, 71.06664, 0.0140713
1341, 72.45904, 0.0138009
1342, 71.67123, 0.0139526
1343, 71.69127, 0.0139487
1344, 71.96316, 0.013896
1345, 71.90934, 0.0139064
1346, 71.69384, 0.0139482
1347, 71.93365, 0.0139017
1348, 71.23521, 0.014038
1349, 72.30083, 0.0138311
1350, 71.75866, 0.0139356
1351, 71.92692, 0.013903
1352, 71.81432, 0.0139248
1353, 71.28701, 0.0140278
1354, 70.8878, 0.0141068
1355, 73.68762, 0.0135708
1356, 70.45329, 0.0141938
1357, 72.17767, 0.0138547
1358, 71.74682, 0.0139379
1359, 72.49108, 0.0137948
1360, 72.0648, 0.0138764
1361, 70.66039, 0.0141522
1362, 72.58896, 0.0137762
1363, 71.24334, 0.0140364
1364, 72.03262, 0.0138826
1365, 71.44745, 0.0139963
1366, 72.72886, 0.0137497
1367, 72.05856, 0.0138776
1368, 70.95772, 0.0140929
1369, 72.46745, 0.0137993
1370, 70.49601, 0.0141852
1371, 73.20108, 0.013661
1372, 72.68657, 0.0137577
1373, 71.23015, 0.014039
1374, 71.7216, 0.0139428
1375, 70.46869, 0.0141907
1376, 72.53526, 0.0137864
1377, 72.47585, 0.0137977
1378, 72.40868, 0.0138105
1379, 71.55533, 0.0139752
1380, 71.76433, 0.0139345
1381, 71.59426, 0.0139676
1382, 70.80398, 0.0141235
1383, 72.41392, 0.0138095
1384, 72.39977, 0.0138122
1385, 71.66969, 0.0139529
1386, 71.44133, 0.0139975
1387, 72.42388, 0.0138076
1388, 70.81551, 0.0141212
1389, 72.92031, 0.0137136
1390, 72.45957, 0.0138008
1391, 71.64145, 0.0139584
1392, 71.80503, 0.0139266
1393, 71.83392, 0.013921
1394, 71.53587, 0.013979
1395, 72.40081, 0.013812
1396, 71.13995, 0.0140568
1397, 72.46324, 0.0138001
1398, 71.74888, 0.0139375
1399, 71.39186, 0.0140072
1400, 71.45256, 0.0139953
1401, 72.77173, 0.0137416
1402, 71.50211, 0.0139856
1403, 71.7494, 0.0139374
1404, 72.38352, 0.0138153
1405, 58.68579, 0.0170399
1406, 30.72017, 0.0325519
1407, 142.5903, 0.0070131
1408, 150.7023, 0.0066356
1409, 174.2191, 0.0057399
1410, 166.9895, 0.0059884
1411, 129.9309, 0.0076964
1412, 131.7454, 0.0075904
1413, 169.096, 0.0059138
1414, 165.4615, 0.0060437
1415, 154.1069, 0.006489
1416, 154.4664, 0.0064739
1417, 160.7614, 0.0062204
1418, 169.1904, 0.0059105
1419, 150.5321, 0.0066431
1420, 169.3423, 0.0059052
1421, 154.3662, 0.0064781
1422, 166.2566, 0.0060148
1423, 169.5174, 0.0058991
1424, 141.239, 0.0070802
1425, 172.2712, 0.0058048
1426, 155.6154, 0.0064261
1427, 167.8669, 0.0059571
1428, 155.9138, 0.0064138
1429, 168.765, 0.0059254
1430, 156.3135, 0.0063974
1431, 166.8474, 0.0059935
1432, 143.3301, 0.0069769
1433, 183.4559, 0.0054509
1434, 194.7078, 0.0051359
1435, 165.7632, 0.0060327
1436, 145.5477, 0.0068706
1437, 107.1283, 0.0093346
1438, 124.0695, 0.00806
1439, 229.4315, 0.0043586
1440, 216.2443, 0.0046244
1441, 201.0616, 0.0049736
1442, 230.0543, 0.0043468
1443, 196.8078, 0.0050811
1444, 201.9998, 0.0049505
1445, 223.324, 0.0044778
1446, 207.7836, 0.0048127
1447, 217.9267, 0.0045887
1448, 250.2878, 0.0039954
1449, 234.8907, 0.0042573
1450, 196.6414, 0.0050854
1451, 214.0319, 0.0046722
1452, 206.5006, 0.0048426
1453, 201.678, 0.0049584
1454, 174.3497, 0.0057356
1455, 216.3846, 0.0046214
1456, 219.6113, 0.0045535
1457, 239.3432, 0.0041781
1458, 186.1955, 0.0053707
1459, 156.7914, 0.0063779
1460, 187.0488, 0.0053462
1461, 192.2485, 0.0052016
1462, 168.1661, 0.0059465
1463, 193.0353, 0.0051804
1464, 135.3766, 0.0073868
1465, 129.3209, 0.0077327
1466, 141.1592, 0.0070842
1467, 135.296, 0.0073912
1468, 149.9093, 0.0066707
1469, 214.0823, 0.0046711
1470, 205.8927, 0.0048569
1471, 123.9111, 0.0080703
1472, 244.087, 0.0040969
1473, 227.4226, 0.0043971
1474, 227.2469, 0.0044005
1475, 242.4419, 0.0041247
1476, 178.2086, 0.0056114
1477, 244.3136, 0.0040931
1478, 220.6872, 0.0045313
1479, 197.5621, 0.0050617
1480, 244.6723, 0.0040871
1481, 236.2614, 0.0042326
1482, 207.7577, 0.0048133
1483, 245.2543, 0.0040774
1484, 241.8263, 0.0041352
1485, 178.4917, 0.0056025
1486, 252.6273, 0.0039584
1487, 267.4512, 0.003739
1488, 231.4118, 0.0043213
1489, 224.1449, 0.0044614
1490, 253.0172, 0.0039523
1491, 240.2518, 0.0041623
1492, 174.816, 0.0057203
1493, 235.5546, 0.0042453
1494, 201.0374, 0.0049742
1495, 191.8097, 0.0052135
1496, 257.493, 0.0038836
1497, 217.6705, 0.0045941
1498, 202.9509, 0.0049273
1499, 253.5433, 0.0039441
1500, 233.5957, 0.0042809
1501, 225.6114, 0.0044324
1502, 270.3579, 0.0036988
1503, 244.7621, 0.0040856
1504, 185.2641, 0.0053977
1505, 235.4049, 0.004248
1506, 264.8586, 0.0037756
1507, 185.0687, 0.0054034
1508, 218.737, 0.0045717
1509, 234.8079, 0.0042588
1510, 202.6835, 0.0049338
1511, 251.623, 0.0039742
1512, 236.6584, 0.0042255
1513, 189.2506, 0.005284
1514, 251.2563, 0.00398
1515, 254.1425, 0.0039348
1516, 183.3853, 0.005453
1517, 254.2847, 0.0039326
1518, 253.2479, 0.0039487
1519, 192.1377, 0.0052046
1520, 212.7931, 0.0046994
1521, 248.6696, 0.0040214
1522, 256.634, 0.0038966
1523, 190.0237, 0.0052625
1524, 260.078, 0.003845
1525, 248.1882, 0.0040292
1526, 172.6698, 0.0057914
1527, 251.1679, 0.0039814
1528, 259.693, 0.0038507
1529, 194.6472, 0.0051375
1530, 218.4885, 0.0045769
1531, 259.8347, 0.0038486
1532, 201.9794, 0.004951
1533, 229.2211, 0.0043626
1534, 223.8689, 0.0044669
1535, 192.5224, 0.0051942
1536, 240.929, 0.0041506
1537, 238.692, 0.0041895
1538, 186.7414, 0.005355
1539, 253.28, 0.0039482
1540, 257.4798, 0.0038838
1541, 194.0354, 0.0051537
1542, 249.302, 0.0040112
1543, 238.8801, 0.0041862
1544, 226.6597, 0.0044119
1545, 194.7458, 0.0051349
1546, 246.999, 0.0040486
1547, 181.1037, 0.0055217
1548, 246.7734, 0.0040523
1549, 249.4761, 0.0040084
1550, 230.9522, 0.0043299
1551, 214.6245, 0.0046593
1552, 243.1374, 0.0041129
1553, 248.441, 0.0040251
1554, 193.476, 0.0051686
1555, 261.65, 0.0038219
1556, 261.3969, 0.0038256
1557, 175.334, 0.0057034
1558, 245.3506, 0.0040758
1559, 262.9157, 0.0038035
1560, 176.9974, 0.0056498
1561, 239.6702, 0.0041724
1562, 269.5055, 0.0037105
1563, 194.1559, 0.0051505
1564, 197.6441, 0.0050596
1565, 212.2331, 0.0047118
1566, 192.8008, 0.0051867
1567, 201.853, 0.0049541
1568, 232.6609, 0.0042981
1569, 192.6819, 0.0051899
1570, 240.2402, 0.0041625
1571, 251.5533, 0.0039753
1572, 188.2778, 0.0053113
1573, 255.8854, 0.003908
1574, 228.561, 0.0043752
1575, 184.0909, 0.0054321
1576, 244.3494, 0.0040925
1577, 244.6842, 0.0040869
1578, 181.0348, 0.0055238
1579, 249.7315, 0.0040043
1580, 263.4144, 0.0037963
1581, 193.6896, 0.0051629
1582, 241.0336, 0.0041488
1583, 245.2724, 0.0040771
1584, 219.592, 0.0045539
1585, 214.537, 0.0046612
1586, 248.441, 0.0040251
1587, 235.4492, 0.0042472
1588, 193.5097, 0.0051677
1589, 256.555, 0.0038978
1590, 222.5189, 0.004494
1591, 217.1317, 0.0046055
1592, 249.0908, 0.0040146
1593, 256.9967, 0.0038911
1594, 29.166, 0.0342865
1595, 226.5775, 0.0044135
1596, 253.2351, 0.0039489
1597, 201.5763, 0.0049609
1598, 241.2662, 0.0041448
1599, 221.6214, 0.0045122
1600, 205.9902, 0.0048546
1601, 217.5048, 0.0045976
1602, 234.4061, 0.0042661
1603, 194.1333, 0.0051511
1604, 247.6657, 0.0040377
1605, 242.0253, 0.0041318
1606, 199.7643, 0.0050059
1607, 264.3405, 0.003783
1608, 241.4526, 0.0041416
1609, 202.7205, 0.0049329
1610, 252.6082, 0.0039587
1611, 260.4574, 0.0038394
1612, 241.2836, 0.0041445
1613, 189.7965, 0.0052688
1614, 245.5796, 0.004072
1615, 244.2122, 0.0040948
1616, 207.499, 0.0048193
1617, 230.9149, 0.0043306
1618, 252.2832, 0.0039638
1619, 224.8353, 0.0044477
1620, 252.2577, 0.0039642
1621, 248.7934, 0.0040194
1622, 203.5706, 0.0049123
1623, 243.8846, 0.0041003
1624, 238.6236, 0.0041907
1625, 219.1877, 0.0045623
1626, 165.7715, 0.0060324
1627, 237.9083, 0.0042033
1628, 183.8742, 0.0054385
1629, 251.1616, 0.0039815
1630, 249.7502, 0.004004
1631, 187.9205, 0.0053214
1632, 238.1576, 0.0041989
1633, 246.0388, 0.0040644
1634, 234.4116, 0.004266
1635, 190.3674, 0.005253
1636, 216.5065, 0.0046188
1637, 212.1296, 0.0047141
1638, 258.0779, 0.0038748
1639, 260.6474, 0.0038366
1640, 228.42, 0.0043779
1641, 196.0823, 0.0050999
1642, 237.863, 0.0042041
1643, 226.439, 0.0044162
1644, 213.5155, 0.0046835
1645, 259.0405, 0.0038604
1646, 268.81, 0.0037201
1647, 197.3321, 0.0050676
1648, 253.1325, 0.0039505
1649, 254.5565, 0.0039284
1650, 225.1036, 0.0044424
1651, 228.812, 0.0043704
1652, 255.6695, 0.0039113
1653, 242.6419, 0.0041213
1654, 199.104, 0.0050225
1655, 237.7839, 0.0042055
1656, 255.2714, 0.0039174
1657, 225.3572, 0.0044374
1658, 248.6201, 0.0040222
1659, 235.799, 0.0042409
1660, 218.8519, 0.0045693
1661, 259.8955, 0.0038477
1662, 259.9631, 0.0038467
1663, 197.9688, 0.0050513
1664, 245.4711, 0.0040738
1665, 250.3254, 0.0039948
1666, 245.8936, 0.0040668
1667, 213.794, 0.0046774
1668, 248.5151, 0.0040239
1669, 270.5262, 0.0036965
1670, 219.106, 0.004564
1671, 237.8461, 0.0042044
1672, 243.3919, 0.0041086
1673, 213.4973, 0.0046839
1674, 251.5217, 0.0039758
1675, 253.3313, 0.0039474
1676, 256.2132, 0.003903
1677, 201.0535, 0.0049738
1678, 260.7222, 0.0038355
1679, 239.0972, 0.0041824
1680, 207.9348, 0.0048092
1681, 261.4995, 0.0038241
1682, 240.5812, 0.0041566
1683, 194.4126, 0.0051437
1684, 256.9505, 0.0038918
1685, 269.0993, 0.0037161
1686, 224.341, 0.0044575
1687, 219.5727, 0.0045543
1688, 266.93, 0.0037463
1689, 259.242, 0.0038574
1690, 208.2899, 0.004801
1691, 220.2013, 0.0045413
1692, 253.0172, 0.0039523
1693, 199.94, 0.0050015
1694, 246.4086, 0.0040583
1695, 238.8801, 0.0041862
1696, 211.9003, 0.0047192
1697, 263.0818, 0.0038011
1698, 236.161, 0.0042344
1699, 216.9715, 0.0046089
1700, 237.524, 0.0042101
1701, 263.8314, 0.0037903
1702, 234.4501, 0.0042653
1703, 196.7923, 0.0050815
1704, 251.4837, 0.0039764
1705, 240.3846, 0.00416
1706, 185.7873, 0.0053825
1707, 239.2802, 0.0041792
1708, 257.5992, 0.003882
1709, 187.9275, 0.0053212
1710, 225.2354, 0.0044398
1711, 251.149, 0.0039817
1712, 187.2344, 0.0053409
1713, 224.7898, 0.0044486
1714, 235.4659, 0.0042469
1715, 204.2233, 0.0048966
1716, 229.3788, 0.0043596
1717, 216.0761, 0.004628
1718, 182.6551, 0.0054748
1719, 237.0342, 0.0042188
1720, 251.509, 0.003976
1721, 197.7887, 0.0050559
1722, 228.3314, 0.0043796
1723, 241.0975, 0.0041477
1724, 189.4083, 0.0052796
1725, 222.8065, 0.0044882
1726, 234.9679, 0.0042559
1727, 188.5903, 0.0053025
1728, 227.3968, 0.0043976
1729, 255.0045, 0.0039215
1730, 215.2204, 0.0046464
1731, 236.1163, 0.0042352
1732, 252.8956, 0.0039542
1733, 230.3192, 0.0043418
1734, 243.736, 0.0041028
1735, 256.5418, 0.003898
1736, 213.0606, 0.0046935
1737, 235.4104, 0.0042479
1738, 266.269, 0.0037556
1739, 256.0426, 0.0039056
1740, 186.7797, 0.0053539
1741, 246.6395, 0.0040545
1742, 262.7016, 0.0038066
1743, 182.3952, 0.0054826
1744, 242.6713, 0.0041208
1745, 255.8985, 0.0039078
1746, 251.1238, 0.0039821
1747, 204.6957, 0.0048853
1748, 205.3936, 0.0048687
1749, 236.1498, 0.0042346
1750, 225.8713, 0.0044273
1751, 237.8404, 0.0042045
1752, 251.6483, 0.0039738
1753, 208.9035, 0.0047869
1754, 245.2122, 0.0040781
1755, 247.3533, 0.0040428
1756, 221.946, 0.0045056
1757, 250.4195, 0.0039933
1758, 243.1788, 0.0041122
1759, 197.8239, 0.005055
1760, 250.5512, 0.0039912
1761, 254.2588, 0.003933
1762, 174.578, 0.0057281
1763, 241.5984, 0.0041391
1764, 253.8458, 0.0039394
1765, 176.5661, 0.0056636
1766, 217.3582, 0.0046007
1767, 255.8723, 0.0039082
1768, 230.0437, 0.004347
1769, 235.0618, 0.0042542
1770, 252.1305, 0.0039662
1771, 261.1512, 0.0038292
1772, 200.5857, 0.0049854
1773, 231.1604, 0.004326
1774, 231.353, 0.0043224
1775, 205.3641, 0.0048694
1776, 256.5089, 0.0038985
1777, 254.6668, 0.0039267
1778, 211.8913, 0.0047194
1779, 229.4157, 0.0043589
1780, 258.3979, 0.00387
1781, 244.2599, 0.004094
1782, 201.5763, 0.0049609
1783, 253.7363, 0.0039411
1784, 259.8415, 0.0038485
1785, 224.8201, 0.004448
1786, 228.019, 0.0043856
1787, 239.1086, 0.0041822
1788, 217.6894, 0.0045937
1789, 243.956, 0.0040991
1790, 241.7328, 0.0041368
1791, 211.824, 0.0047209
1792, 244.457, 0.0040907
1793, 244.0572, 0.0040974
1794, 206.2153, 0.0048493
1795, 218.3597, 0.0045796
1796, 255.317, 0.0039167
1797, 225.9785, 0.0044252
1798, 209.0214, 0.0047842
1799, 256.2788, 0.003902
1800, 260.8106, 0.0038342
1801, 174.0765, 0.0057446
1802, 253.4469, 0.0039456
1803, 236.401, 0.0042301
1804, 182.229, 0.0054876
1805, 246.1539, 0.0040625
1806, 265.6537, 0.0037643
1807, 221.3957, 0.0045168
1808, 240.9, 0.0041511
1809, 258.4981, 0.0038685
1810, 224.341, 0.0044575
1811, 232.1748, 0.0043071
1812, 240.3326, 0.0041609
1813, 241.4293, 0.004142
1814, 220.9017, 0.0045269
1815, 239.4005, 0.0041771
1816, 244.7441, 0.0040859
1817, 204.6706, 0.0048859
1818, 264.2357, 0.0037845
1819, 248.3978, 0.0040258
1820, 199.4535, 0.0050137
1821, 255.1802, 0.0039188
1822, 250.4006, 0.0039936
1823, 238.6521, 0.0041902
1824, 196.0592, 0.0051005
1825, 257.0099, 0.0038909
1826, 254.149, 0.0039347
1827, 213.7574, 0.0046782
1828, 235.0397, 0.0042546
1829, 238.5155, 0.0041926
1830, 184.2639, 0.005427
1831, 241.1382, 0.004147
1832, 249.8001, 0.0040032
1833, 185.2504, 0.0053981
1834, 261.4106, 0.0038254
1835, 251.8004, 0.0039714
1836, 194.6017, 0.0051387
1837, 249.097, 0.0040145
1838, 258.1445, 0.0038738
1839, 240.813, 0.0041526
1840, 178.4026, 0.0056053
1841, 210.5263, 0.00475
1842, 181.3664, 0.0055137
1843, 207.456, 0.0048203
1844, 254.2912, 0.0039325
1845, 196.4019, 0.0050916
1846, 215.1139, 0.0046487
1847, 237.2198, 0.0042155
1848, 187.2133, 0.0053415
1849, 261.0762, 0.0038303
1850, 222.5684, 0.004493
1851, 213.6661, 0.0046802
1852, 263.7896, 0.0037909
1853, 257.7585, 0.0038796
1854, 242.3714, 0.0041259
1855, 205.9393, 0.0048558
1856, 263.463, 0.0037956
1857, 245.6942, 0.0040701
1858, 201.9631, 0.0049514
1859, 254.0328, 0.0039365
1860, 244.9839, 0.0040819
1861, 193.2853, 0.0051737
1862, 243.4334, 0.0041079
1863, 269.6363, 0.0037087
1864, 190.143, 0.0052592
1865, 252.3723, 0.0039624
1866, 249.4948, 0.0040081
1867, 235.5824, 0.0042448
1868, 190.4871, 0.0052497
1869, 218.0359, 0.0045864
1870, 239.9348, 0.0041678
1871, 197.9375, 0.0050521
1872, 237.5635, 0.0042094
1873, 200.5777, 0.0049856
1874, 231.3102, 0.0043232
1875, 265.7666, 0.0037627
1876, 256.4892, 0.0038988
1877, 218.9861, 0.0045665
1878, 242.6713, 0.0041208
1879, 257.8715, 0.0038779
1880, 221.2145, 0.0045205
1881, 236.0328, 0.0042367
1882, 248.2252, 0.0040286
1883, 240.0845, 0.0041652
1884, 239.12, 0.004182
1885, 237.9196, 0.0042031
1886, 260.2608, 0.0038423
1887, 229.9062, 0.0043496
1888, 240.5234, 0.0041576
1889, 241.1382, 0.004147
1890, 212.0081, 0.0047168
1891, 250.7271, 0.0039884
1892, 247.4145, 0.0040418
1893, 209.0388, 0.0047838
1894, 248.022, 0.0040319
1895, 260.315, 0.0038415
1896, 250.3317, 0.0039947
1897, 202.7945, 0.0049311
1898, 260.3828, 0.0038405
1899, 267.3654, 0.0037402
1900, 214.4588, 0.0046629
1901, 238.863, 0.0041865
1902, 247.1333, 0.0040464
1903, 240.4829, 0.0041583
1904, 234.055, 0.0042725
1905, 238.0782, 0.0042003
1906, 259.1949, 0.0038581
1907, 211.5015, 0.0047281
1908, 253.0044, 0.0039525
1909, 259.1949, 0.0038581
1910, 217.6089, 0.0045954
1911, 245.4289, 0.0040745
1912, 261.0625, 0.0038305
1913, 233.5357, 0.004282
1914, 229.6159, 0.0043551
1915, 260.661, 0.0038364
1916, 243.8013, 0.0041017
1917, 214.772, 0.0046561
1918, 248.1759, 0.0040294
1919, 227.6608, 0.0043925
1920, 206.1346, 0.0048512
1921, 231.8733, 0.0043127
1922, 234.0386, 0.0042728
1923, 214.9521, 0.0046522
1924, 250.746, 0.0039881
1925, 250.8214, 0.0039869
1926, 237.3549, 0.0042131
1927, 219.674, 0.0045522
1928, 251.7433, 0.0039723
1929, 242.1366, 0.0041299
1930, 215.2111, 0.0046466
1931, 267.96, 0.0037319
1932, 259.6593, 0.0038512
1933, 202.2695, 0.0049439
1934, 256.0492, 0.0039055
1935, 238.8288, 0.0041871
1936, 212.5444, 0.0047049
1937, 237.541, 0.0042098
1938, 265.1676, 0.0037712
1939, 257.5527, 0.0038827
1940, 182.5584, 0.0054777
1941, 257.4732, 0.0038839
1942, 252.3787, 0.0039623
1943, 208.6811, 0.004792
1944, 231.4601, 0.0043204
1945, 251.8701, 0.0039703
1946, 223.8288, 0.0044677
1947, 235.4049, 0.004248
1948, 248.4843, 0.0040244
1949, 218.3215, 0.0045804
1950, 249.9375, 0.004001
1951, 254.7316, 0.0039257
1952, 246.9197, 0.0040499
1953, 230.7604, 0.0043335
1954, 255.076, 0.0039204
1955, 248.8924, 0.0040178
1956, 207.2668, 0.0048247
1957, 244.1287, 0.0040962
1958, 243.1847, 0.0041121
1959, 228.4409, 0.0043775
1960, 221.0922, 0.004523
1961, 248.7191, 0.0040206
1962, 266.6098, 0.0037508
1963, 220.0704, 0.004544
1964, 241.144, 0.0041469
1965, 264.7604, 0.003777
1966, 206.0666, 0.0048528
1967, 267.5156, 0.0037381
1968, 238.9657, 0.0041847
1969, 205.2208, 0.0048728
1970, 261.4106, 0.0038254
1971, 261.233, 0.003828
1972, 240.9348, 0.0041505
1973, 180.0245, 0.0055548
1974, 258.4714, 0.0038689
1975, 265.0973, 0.0037722
1976, 207.9564, 0.0048087
1977, 251.509, 0.003976
1978, 264.0473, 0.0037872
1979, 198.1257, 0.0050473
1980, 227.3192, 0.0043991
1981, 256.7262, 0.0038952
1982, 195.8327, 0.0051064
1983, 237.6087, 0.0042086
1984, 258.6318, 0.0038665
1985, 243.5638, 0.0041057
1986, 235.3994, 0.0042481
1987, 212.9925, 0.004695
1988, 263.6575, 0.0037928
1989, 222.5883, 0.0044926
1990, 241.996, 0.0041323
1991, 216.3285, 0.0046226
1992, 212.0981, 0.0047148
1993, 259.6121, 0.0038519
1994, 251.9463, 0.0039691
1995, 224.1901, 0.0044605
1996, 231.3102, 0.0043232
1997, 262.0476, 0.0038161
1998, 220.1189, 0.004543
1999, 203.6121, 0.0049113
2000, 255.8985, 0.0039078
2001, 254.855, 0.0039238
2002, 205.8164, 0.0048587
2003, 242.8009, 0.0041186
2004, 255.2779, 0.0039173
2005, 201.1263, 0.004972
2006, 269.7672, 0.0037069
2007, 243.2498, 0.004111
2008, 220.8773, 0.0045274
2009, 229.0164, 0.0043665
2010, 239.6989, 0.0041719
2011, 219.7368, 0.0045509
2012, 193.1322, 0.0051778
2013, 254.972, 0.003922
2014, 225.8305, 0.0044281
2015, 197.3593, 0.0050669
2016, 260.6542, 0.0038365
2017, 261.0966, 0.00383
2018, 183.3483, 0.0054541
2019, 236.3563, 0.0042309
2020, 249.6692, 0.0040053
2021, 202.8192, 0.0049305
2022, 244.81, 0.0040848
2023, 244.87, 0.0040838
2024, 213.0016, 0.0046948
2025, 263.4977, 0.0037951
2026, 217.9789, 0.0045876
2027, 202.8069, 0.0049308
2028, 238.1803, 0.0041985
2029, 252.245, 0.0039644
2030, 195.1219, 0.005125
2031, 259.3092, 0.0038564
2032, 270.2046, 0.0037009
2033, 243.3445, 0.0041094
2034, 192.3854, 0.0051979
2035, 240.6913, 0.0041547
2036, 267.838, 0.0037336
2037, 192.5892, 0.0051924
2038, 246.2933, 0.0040602
2039, 262.8328, 0.0038047
2040, 223.314, 0.004478
2041, 230.5794, 0.0043369
2042, 253.6848, 0.0039419
2043, 251.4901, 0.0039763
2044, 204.6329, 0.0048868
2045, 238.7718, 0.0041881
2046, 243.2084, 0.0041117
2047, 192.4594, 0.0051959
2048, 244.87, 0.0040838
2049, 238.1973, 0.0041982
2050, 204.3527, 0.0048935
2051, 231.5351, 0.004319
2052, 261.3628, 0.0038261
2053, 214.3347, 0.0046656
2054, 265.7384, 0.0037631
2055, 252.6145, 0.0039586
2056, 210.926, 0.004741
2057, 243.238, 0.0041112
2058, 259.6458, 0.0038514
2059, 251.149, 0.0039817
2060, 230.5051, 0.0043383
2061, 241.6685, 0.0041379
2062, 253.3249, 0.0039475
2063, 178.3644, 0.0056065
2064, 250.2941, 0.0039953
2065, 244.2838, 0.0040936
2066, 192.075, 0.0052063
2067, 258.1844, 0.0038732
2068, 253.0108, 0.0039524
2069, 203.9027, 0.0049043
2070, 240.1595, 0.0041639
2071, 264.5783, 0.0037796
2072, 247.4512, 0.0040412
2073, 200.4691, 0.0049883
2074, 254.1038, 0.0039354
2075, 239.8599, 0.0041691
2076, 177.0413, 0.0056484
2077, 249.3517, 0.0040104
2078, 263.3519, 0.0037972
2079, 177.5568, 0.005632
2080, 31.2143, 0.0320366
2081, 233.9236, 0.0042749
2082, 221.1215, 0.0045224
2083, 260.5659, 0.0038378
2084, 235.6656, 0.0042433
2085, 206.4196, 0.0048445
2086, 195.7522, 0.0051085
2087, 247.1821, 0.0040456
2088, 211.9273, 0.0047186
2089, 246.6517, 0.0040543
2090, 261.9721, 0.0038172
2091, 209.7623, 0.0047673
2092, 238.0272, 0.0042012
2093, 255.3365, 0.0039164
2094, 264.2148, 0.0037848
2095, 223.2243, 0.0044798
2096, 250.3693, 0.0039941
2097, 245.5735, 0.0040721
2098, 207.8699, 0.0048107
2099, 243.4215, 0.0041081
2100, 231.1017, 0.0043271
2101, 212.8203, 0.0046988
2102, 210.1414, 0.0047587
2103, 244.912, 0.0040831
2104, 207.5593, 0.0048179
2105, 209.5074, 0.0047731
2106, 228.2428, 0.0043813
2107, 216.2489, 0.0046243
2108, 202.0651, 0.0049489
2109, 209.3758, 0.0047761
2110, 210.2828, 0.0047555
2111, 218.4742, 0.0045772
2112, 222.1778, 0.0045009
2113, 197.2036, 0.0050709
2114, 232.8777, 0.0042941
2115, 205.8672, 0.0048575
2116, 189.6562, 0.0052727
2117, 240.7782, 0.0041532
2118, 225.347, 0.0044376
2119, 201.418, 0.0049648
2120, 234.841, 0.0042582
2121, 246.7552, 0.0040526
2122, 196.5254, 0.0050884
2123, 221.3957, 0.0045168
2124, 233.1655, 0.0042888
2125, 203.8985, 0.0049044
2126, 196.8698, 0.0050795
2127, 238.8801, 0.0041862
2128, 220.342, 0.0045384
2129, 195.4843, 0.0051155
2130, 245.5193, 0.004073
2131, 226.3263, 0.0044184
2132, 231.123, 0.0043267
2133, 234.6812, 0.0042611
2134, 254.7771, 0.003925
2135, 203.3512, 0.0049176
2136, 242.5007, 0.0041237
2137, 235.2, 0.0042517
2138, 210.8637, 0.0047424
2139, 242.0663, 0.0041311
2140, 250.8529, 0.0039864
2141, 217.1411, 0.0046053
2142, 255.8264, 0.0039089
2143, 244.6423, 0.0040876
2144, 250.7271, 0.0039884
2145, 213.306, 0.0046881
2146, 240.3788, 0.0041601
2147, 254.6473, 0.003927
2148, 234.5711, 0.0042631
2149, 226.0602, 0.0044236
2150, 253.0236, 0.0039522
2151, 206.8124, 0.0048353
2152, 237.8347, 0.0042046
2153, 209.9429, 0.0047632
2154, 174.6908, 0.0057244
2155, 251.1932, 0.003981
2156, 242.2657, 0.0041277
2157, 205.9987, 0.0048544
2158, 234.5986, 0.0042626
2159, 267.0726, 0.0037443
2160, 217.9551, 0.0045881
2161, 214.4358, 0.0046634
2162, 225.2658, 0.0044392
2163, 159.0989, 0.0062854
2164, 212.2331, 0.0047118
2165, 195.6449, 0.0051113
2166, 189.4191, 0.0052793
2167, 186.6159, 0.0053586
2168, 223.2542, 0.0044792
2169, 161.9722, 0.0061739
2170, 118.5031, 0.0084386
2171, 117.6152, 0.0085023
2172, 188.5654, 0.0053032
2173, 178.1515, 0.0056132
2174, 198.9971, 0.0050252
2175, 158.9749, 0.0062903
2176, 213.5383, 0.004683
2177, 195.2057, 0.0051228
2178, 162.6598, 0.0061478
2179, 218.5172, 0.0045763
2180, 178.5778, 0.0055998
2181, 208.6158, 0.0047935
2182, 227.8423, 0.004389
2183, 211.6178, 0.0047255
2184, 248.3362, 0.0040268
2185, 241.9199, 0.0041336
2186, 234.0221, 0.0042731
2187, 138.7752, 0.0072059
2188, 248.5893, 0.0040227
2189, 214.8412, 0.0046546
2190, 229.6475, 0.0043545
2191, 252.4296, 0.0039615
2192, 237.6539, 0.0042078
2193, 238.6977, 0.0041894
2194, 255.0695, 0.0039205
2195, 268.8678, 0.0037193
2196, 208.7814, 0.0047897
2197, 247.488, 0.0040406
2198, 248.3115, 0.0040272
2199, 220.7505, 0.00453
2200, 231.1284, 0.0043266
2201, 213.0016, 0.0046948
2202, 214.9706, 0.0046518
2203, 239.3948, 0.0041772
2204, 248.4164, 0.0040255
2205, 245.4409, 0.0040743
2206, 228.7231, 0.0043721
2207, 255.1346, 0.0039195
2208, 217.1364, 0.0046054
2209, 235.6823, 0.004243
2210, 258.5583, 0.0038676
2211, 271.8795, 0.0036781
2212, 206.3302, 0.0048466
2213, 257.7718, 0.0038794
2214, 262.3433, 0.0038118
2215, 258.3245, 0.0038711
2216, 204.2984, 0.0048948
2217, 254.4853, 0.0039295
2218, 259.8888, 0.0038478
2219, 225.5147, 0.0044343
2220, 230.819, 0.0043324
2221, 257.2612, 0.0038871
2222, 129.1256, 0.0077444
2223, 137.3909, 0.0072785
2224, 128.261, 0.0077966
2225, 130.6268, 0.0076554
2226, 66.31036, 0.0150806
2227, 179.6816, 0.0055654
2228, 194.3559, 0.0051452
2229, 154.0286, 0.0064923
2230, 190.7196, 0.0052433
2231, 195.1448, 0.0051244
2232, 191.4975, 0.005222
2233, 200.8677, 0.0049784
2234, 100.6472, 0.0099357
2235, 119.2108, 0.0083885
2236, 172.828, 0.0057861
2237, 202.6301, 0.0049351
2238, 176.258, 0.0056735
2239, 198.594, 0.0050354
2240, 200.3928, 0.0049902
2241, 167.0062, 0.0059878
2242, 206.8894, 0.0048335
2243, 156.4113, 0.0063934
2244, 245.7003, 0.00407
2245, 262.0545, 0.003816
2246, 221.1704, 0.0045214
2247, 186.1123, 0.0053731
2248, 214.1603, 0.0046694
2249, 207.7663, 0.0048131
2250, 256.8581, 0.0038932
2251, 249.5757, 0.0040068
2252, 207.6326, 0.0048162
2253, 254.855, 0.0039238
2254, 256.2591, 0.0039023
2255, 243.9917, 0.0040985
2256, 234.9348, 0.0042565
2257, 245.9238, 0.0040663
2258, 252.436, 0.0039614
2259, 210.1591, 0.0047583
2260, 263.7548, 0.0037914
2261, 252.0034, 0.0039682
2262, 238.7262, 0.0041889
2263, 230.4254, 0.0043398
2264, 258.1911, 0.0038731
2265, 260.6678, 0.0038363
2266, 205.6682, 0.0048622
2267, 255.1281, 0.0039196
2268, 264.7393, 0.0037773
2269, 233.3831, 0.0042848
2270, 240.3557, 0.0041605
2271, 232.0455, 0.0043095
2272, 240.5928, 0.0041564
2273, 226.0551, 0.0044237
2274, 250.5638, 0.003991
2275, 234.8686, 0.0042577
2276, 196.6878, 0.0050842
2277, 254.3623, 0.0039314
2278, 244.5107, 0.0040898
2279, 210.2165, 0.004757
2280, 234.1263, 0.0042712
2281, 244.5945, 0.0040884
2282, 221.6361, 0.0045119
2283, 242.1014, 0.0041305
2284, 233.2307, 0.0042876
2285, 194.5753, 0.0051394
2286, 207.4216, 0.0048211
2287, 208.6594, 0.0047925
2288, 194.3823, 0.0051445
2289, 203.252, 0.00492
2290, 234.4941, 0.0042645
2291, 193.5771, 0.0051659
2292, 244.9899, 0.0040818
2293, 251.8574, 0.0039705
2294, 203.6494, 0.0049104
2295, 252.2068, 0.003965
2296, 253.6462, 0.0039425
2297, 231.1818, 0.0043256
2298, 193.5209, 0.0051674
2299, 268.1684, 0.003729
2300, 264.7253, 0.0037775
2301, 209.7315, 0.004768
2302, 249.5446, 0.0040073
2303, 246.6456, 0.0040544
2304, 223.5886, 0.0044725
2305, 234.1811, 0.0042702
2306, 261.0625, 0.0038305
2307, 260.4913, 0.0038389
2308, 209.1744, 0.0047807
2309, 256.6274, 0.0038967
2310, 252.8317, 0.0039552
2311, 206.5732, 0.0048409
2312, 236.6248, 0.0042261
2313, 237.2479, 0.004215
2314, 195.8442, 0.0051061
2315, 256.779, 0.0038944
2316, 232.3744, 0.0043034
2317, 203.6079, 0.0049114
2318, 261.6568, 0.0038218
2319, 249.9125, 0.0040014
2320, 227.0611, 0.0044041
2321, 198.4481, 0.0050391
2322, 193.8773, 0.0051579
2323, 183.6682, 0.0054446
2324, 186.4489, 0.0053634
2325, 193.4124, 0.0051703
2326, 163.2014, 0.0061274
2327, 205.6809, 0.0048619
2328, 169.5404, 0.0058983
2329, 208.3811, 0.0047989
2330, 185.2675, 0.0053976
2331, 181.6992, 0.0055036
2332, 207.9521, 0.0048088
2333, 187.2238, 0.0053412
2334, 186.5463, 0.0053606
2335, 206.7654, 0.0048364
2336, 168.4494, 0.0059365
2337, 197.9375, 0.0050521
2338, 195.8941, 0.0051048
2339, 164.7338, 0.0060704
2340, 205.8587, 0.0048577
2341, 185.9185, 0.0053787
2342, 136.6699, 0.0073169
2343, 199.92, 0.005002
2344, 163.9801, 0.0060983
2345, 137.8512, 0.0072542
2346, 144.3001, 0.00693
2347, 154.8875, 0.0064563
2348, 159.0634, 0.0062868
2349, 203.4298, 0.0049157
2350, 125.263, 0.0079832
2351, 159.3168, 0.0062768
2352, 175.7284, 0.0056906
2353, 158.7453, 0.0062994
2354, 193.915, 0.0051569
2355, 154.7126, 0.0064636
2356, 173.6955, 0.0057572
2357, 149.9385, 0.0066694
2358, 172.6102, 0.0057934
2359, 178.9229, 0.005589
2360, 157.161, 0.0063629
2361, 177.4339, 0.0056359
2362, 150.5321, 0.0066431
2363, 168.087, 0.0059493
2364, 156.3624, 0.0063954
2365, 164.517, 0.0060784
2366, 144.4419, 0.0069232
2367, 170.0565, 0.0058804
2368, 171.8922, 0.0058176
2369, 156.6441, 0.0063839
2370, 153.4048, 0.0065187
2371, 151.6599, 0.0065937
2372, 149.5864, 0.0066851
2373, 146.7308, 0.0068152
2374, 152.758, 0.0065463
2375, 170.3955, 0.0058687
2376, 183.7188, 0.0054431
2377, 154.3639, 0.0064782
2378, 190.9162, 0.0052379
2379, 196.4366, 0.0050907
2380, 158.8991, 0.0062933
2381, 201.4017, 0.0049652
2382, 154.5237, 0.0064715
2383, 165.8485, 0.0060296
2384, 163.626, 0.0061115
2385, 157.5101, 0.0063488
2386, 160.5755, 0.0062276
2387, 170.3519, 0.0058702
2388, 156.9046, 0.0063733
2389, 150.8728, 0.0066281
2390, 159.9744, 0.006251
2391, 145.6622, 0.0068652
2392, 150.1546, 0.0066598
2393, 162.1771, 0.0061661
2394, 171.063, 0.0058458
2395, 177.7778, 0.005625
2396, 153.4001, 0.0065189
2397, 181.8678, 0.0054985
2398, 160.7717, 0.00622
2399, 159.6322, 0.0062644
2400, 175.8953, 0.0056852
2401, 199.7643, 0.0050059
2402, 177.0037, 0.0056496
2403, 159.5991, 0.0062657
2404, 167.7233, 0.0059622
2405, 158.4384, 0.0063116
2406, 171.7033, 0.005824
2407, 164.563, 0.0060767
2408, 166.2345, 0.0060156
2409, 175.9634, 0.005683
2410, 144.978, 0.0068976
2411, 165.2893, 0.00605
2412, 160.3489, 0.0062364
2413, 150.428, 0.0066477
2414, 153.3625, 0.0065205
2415, 191.8612, 0.0052121
2416, 134.4303, 0.0074388
2417, 163.0683, 0.0061324
2418, 98.72156, 0.0101295
2419, 130.3849, 0.0076696
2420, 147.4383, 0.0067825
2421, 213.9083, 0.0046749
2422, 173.8858, 0.0057509
2423, 193.4947, 0.0051681
2424, 215.3873, 0.0046428
2425, 183.7594, 0.0054419
2426, 235.6323, 0.0042439
2427, 214.445, 0.0046632
2428, 214.5739, 0.0046604
2429, 239.0857, 0.0041826
2430, 231.2887, 0.0043236
2431, 218.1501, 0.004584
2432, 242.3244, 0.0041267
2433, 276.8473, 0.0036121
2434, 217.6563, 0.0045944
2435, 243.4037, 0.0041084
2436, 237.9479, 0.0042026
2437, 250.9725, 0.0039845
2438, 212.3683, 0.0047088
2439, 260.7018, 0.0038358
2440, 258.2378, 0.0038724
2441, 221.8131, 0.0045083
2442, 245.8271, 0.0040679
2443, 225.6623, 0.0044314
2444, 248.6325, 0.004022
2445, 230.3139, 0.0043419
2446, 242.4654, 0.0041243
2447, 210.3359, 0.0047543
2448, 170.7446, 0.0058567
2449, 210.5529, 0.0047494
2450, 179.2693, 0.0055782
2451, 215.8336, 0.0046332
2452, 211.4522, 0.0047292
2453, 186.6891, 0.0053565
2454, 213.7666, 0.004678
2455, 222.326, 0.0044979
2456, 168.5403, 0.0059333
2457, 216.3191, 0.0046228
2458, 252.5763, 0.0039592
2459, 182.6884, 0.0054738
2460, 208.7465, 0.0047905
2461, 221.4987, 0.0045147
2462, 163.2653, 0.006125
2463, 214.6153, 0.0046595
2464, 184.8941, 0.0054085
2465, 207.8484, 0.0048112
2466, 211.113, 0.0047368
2467, 184.2299, 0.005428
2468, 200.8597, 0.0049786
2469, 195.6067, 0.0051123
2470, 177.601, 0.0056306
2471, 197.0016, 0.0050761
2472, 208.8817, 0.0047874
2473, 201.8286, 0.0049547
2474, 212.8384, 0.0046984
2475, 199.2667, 0.0050184
2476, 181.9969, 0.0054946
2477, 216.7082, 0.0046145
2478, 191.0256, 0.0052349
2479, 213.4289, 0.0046854
2480, 211.162, 0.0047357
2481, 188.505, 0.0053049
2482, 252.1178, 0.0039664
2483, 209.4153, 0.0047752
2484, 176.2394, 0.0056741
2485, 259.8213, 0.0038488
2486, 215.4429, 0.0046416
2487, 172.7474, 0.0057888
2488, 218.4408, 0.0045779
2489, 262.6119, 0.0038079
2490, 203.8861, 0.0049047
2491, 226.3263, 0.0044184
2492, 247.4084, 0.0040419
2493, 214.9937, 0.0046513
2494, 238.9829, 0.0041844
2495, 241.5926, 0.0041392
2496, 215.7125, 0.0046358
2497, 240.9406, 0.0041504
2498, 190.8688, 0.0052392
2499, 212.4992, 0.0047059
2500, 235.0397, 0.0042546
2501, 196.6839, 0.0050843
2502, 193.0875, 0.005179
2503, 217.6658, 0.0045942
2504, 192.6523, 0.0051907
2505, 183.3786, 0.0054532
2506, 200.626, 0.0049844
2507, 200.7952, 0.0049802
2508, 177.0852, 0.005647
2509, 212.8158, 0.0046989
2510, 160.9243, 0.0062141
2511, 206.3089, 0.0048471
2512, 246.6335, 0.0040546
2513, 188.3275, 0.0053099
2514, 185.9116, 0.0053789
2515, 124.8471, 0.0080098
2516, 184.5155, 0.0054196
2517, 115.0377, 0.0086928
2518, 179.6171, 0.0055674
2519, 172.6281, 0.0057928
2520, 201.5763, 0.0049609
2521, 205.5752, 0.0048644
2522, 195.1905, 0.0051232
2523, 204.5073, 0.0048898
2524, 194.122, 0.0051514
2525, 192.1747, 0.0052036
2526, 204.5534, 0.0048887
2527, 207.2066, 0.0048261
2528, 182.8688, 0.0054684
2529, 211.7792, 0.0047219
2530, 212.0126, 0.0047167
2531, 188.1715, 0.0053143
2532, 223.5486, 0.0044733
2533, 248.4781, 0.0040245
2534, 191.5195, 0.0052214
2535, 264.8516, 0.0037757
2536, 204.2984, 0.0048948
2537, 217.6231, 0.0045951
2538, 252.7678, 0.0039562
2539, 263.2826, 0.0037982
2540, 202.1999, 0.0049456
2541, 237.6595, 0.0042077
2542, 257.7187, 0.0038802
2543, 233.4648, 0.0042833
2544, 204.6203, 0.0048871
2545, 247.9728, 0.0040327
2546, 244.5825, 0.0040886
2547, 250.4571, 0.0039927
2548, 234.5491, 0.0042635
2549, 258.7791, 0.0038643
2550, 213.5383, 0.004683
2551, 236.4625, 0.004229
2552, 246.2144, 0.0040615
2553, 220.1237, 0.0045429
2554, 252.8062, 0.0039556
2555, 245.5856, 0.0040719
2556, 230.7657, 0.0043334
2557, 226.1318, 0.0044222
2558, 253.1517, 0.0039502
2559, 231.1604, 0.004326
2560, 232.9427, 0.0042929
2561, 256.9175, 0.0038923
2562, 230.4732, 0.0043389
2563, 217.4433, 0.0045989
2564, 237.9423, 0.0042027
2565, 249.9063, 0.0040015
2566, 238.0386, 0.004201
2567, 70.91998, 0.0141004
2568, 163.0949, 0.0061314
2569, 216.5158, 0.0046186
2570, 198.6413, 0.0050342
2571, 239.5956, 0.0041737
2572, 247.0722, 0.0040474
2573, 205.0357, 0.0048772
2574, 241.9257, 0.0041335
2575, 247.8622, 0.0040345
2576, 243.6291, 0.0041046
2577, 217.2779, 0.0046024
2578, 253.4083, 0.0039462
2579, 253.0236, 0.0039522
2580, 204.4237, 0.0048918
2581, 246.8648, 0.0040508
2582, 269.4256, 0.0037116
2583, 67.40543, 0.0148356
