Frame, FPS, Frame Time
1, 50, 0.02
2, 50, 0.02
3, 3, 0.3333333
4, 6.748135, 0.1481891
5, 54.12046, 0.0184773
6, 63.0517, 0.01586
7, 70.64841, 0.0141546
8, 71.04846, 0.0140749
9, 73.88362, 0.0135348
10, 72.55683, 0.0137823
11, 70.09232, 0.0142669
12, 73.39288, 0.0136253
13, 71.25349, 0.0140344
14, 72.09338, 0.0138709
15, 71.8649, 0.013915
16, 71.63273, 0.0139601
17, 68.65256, 0.0145661
18, 76.32889, 0.0131012
19, 69.54926, 0.0143783
20, 73.17484, 0.0136659
21, 72.56683, 0.0137804
22, 71.27025, 0.0140311
23, 69.62721, 0.0143622
24, 74.05433, 0.0135036
25, 71.45052, 0.0139957
26, 72.39977, 0.0138122
27, 70.82304, 0.0141197
28, 72.45642, 0.0138014
29, 71.18299, 0.0140483
30, 23.96576, 0.0417262
31, 71.64504, 0.0139577
32, 73.01455, 0.0136959
33, 71.1982, 0.0140453
34, 70.62347, 0.0141596
35, 72.86399, 0.0137242
36, 72.87568, 0.013722
37, 71.36485, 0.0140125
38, 70.70586, 0.0141431
39, 72.49319, 0.0137944
40, 72.41864, 0.0138086
41, 71.65736, 0.0139553
42, 71.16475, 0.0140519
43, 71.91399, 0.0139055
44, 72.56315, 0.0137811
45, 71.64915, 0.0139569
46, 71.07927, 0.0140688
47, 35.84576, 0.0278973
48, 71.69076, 0.0139488
49, 51.24946, 0.0195124
50, 73.04495, 0.0136902
51, 25.15306, 0.0397566
52, 68.90137, 0.0145135
53, 76.66242, 0.0130442
54, 67.61188, 0.0147903
55, 69.1128, 0.0144691
56, 47.21836, 0.0211782
57, 92.91262, 0.0107628
58, 69.75884, 0.0143351
59, 58.43306, 0.0171136
60, 44.65223, 0.0223953
61, 68.0902, 0.0146864
62, 17.9019, 0.05586
63, 69.75008, 0.0143369
64, 71.82515, 0.0139227
65, 69.69127, 0.014349
66, 72.66702, 0.0137614
67, 71.78133, 0.0139312
68, 71.33329, 0.0140187
69, 73.31432, 0.0136399
70, 69.97509, 0.0142908
71, 54.10611, 0.0184822
72, 109.3231, 0.0091472
73, 71.19566, 0.0140458
74, 72.8948, 0.0137184
75, 69.87437, 0.0143114
76, 71.40307, 0.014005
77, 72.0321, 0.0138827
78, 71.67637, 0.0139516
79, 73.1347, 0.0136734
80, 71.4827, 0.0139894
81, 71.61631, 0.0139633
82, 71.62811, 0.013961
83, 72.1683, 0.0138565
84, 72.49004, 0.013795
85, 35.38633, 0.0282595
86, 54.45941, 0.0183623
87, 105.3463, 0.0094925
88, 72.42966, 0.0138065
89, 68.11943, 0.0146801
90, 72.68446, 0.0137581
91, 72.42546, 0.0138073
92, 73.1117, 0.0136777
93, 74.38318, 0.0134439
94, 71.05654, 0.0140733
95, 71.82515, 0.0139227
96, 72.24442, 0.0138419
97, 71.04796, 0.014075
98, 72.04092, 0.013881
99, 71.23521, 0.014038
100, 71.96368, 0.0138959
101, 69.09274, 0.0144733
102, 74.8139, 0.0133665
103, 71.16171, 0.0140525
104, 72.09286, 0.013871
105, 71.18299, 0.0140483
106, 71.70927, 0.0139452
107, 70.84762, 0.0141148
108, 72.88417, 0.0137204
109, 71.76793, 0.0139338
110, 71.71852, 0.0139434
111, 72.22042, 0.0138465
112, 71.57377, 0.0139716
113, 69.84557, 0.0143173
114, 73.74849, 0.0135596
115, 35.85759, 0.0278881
116, 71.17489, 0.0140499
117, 72.24129, 0.0138425
118, 71.85921, 0.0139161
119, 60.32236, 0.0165776
120, 87.84953, 0.0113831
121, 74.22472, 0.0134726
122, 71.61375, 0.0139638
123, 71.62246, 0.0139621
124, 71.38166, 0.0140092
125, 72.34006, 0.0138236
126, 71.03333, 0.0140779
127, 72.46167, 0.0138004
128, 71.38523, 0.0140085
129, 71.54099, 0.013978
130, 71.60349, 0.0139658
131, 36.0215, 0.0277612
132, 70.03831, 0.0142779
133, 68.80702, 0.0145334
134, 77.05585, 0.0129776
135, 70.5552, 0.0141733
136, 72.69344, 0.0137564
137, 71.07877, 0.0140689
138, 72.6945, 0.0137562
139, 71.54099, 0.013978
140, 71.79524, 0.0139285
141, 71.32719, 0.0140199
142, 72.3919, 0.0138137
143, 70.7649, 0.0141313
144, 71.51899, 0.0139823
145, 58.45902, 0.017106
146, 92.88587, 0.0107659
147, 72.92989, 0.0137118
148, 72.14955, 0.0138601
149, 5.919997, 0.168919
150, 73.70392, 0.0135678
151, 71.28752, 0.0140277
152, 84.73571, 0.0118014
153, 71.22152, 0.0140407
154, 70.12868, 0.0142595
155, 73.08392, 0.0136829
156, 71.49802, 0.0139864
157, 71.35518, 0.0140144
158, 71.66455, 0.0139539
159, 71.09241, 0.0140662
160, 71.11162, 0.0140624
161, 72.80617, 0.0137351
162, 70.81852, 0.0141206
163, 72.40448, 0.0138113
164, 71.59426, 0.0139676
165, 71.05553, 0.0140735
166, 72.02639, 0.0138838
167, 72.24076, 0.0138426
168, 71.42857, 0.014
169, 71.97144, 0.0138944
170, 72.0015, 0.0138886
171, 71.39645, 0.0140063
172, 71.89641, 0.0139089
173, 71.7391, 0.0139394
174, 72.21051, 0.0138484
175, 71.51541, 0.013983
176, 71.41837, 0.014002
177, 59.6111, 0.0167754
178, 56.00045, 0.017857
179, 139.739, 0.0071562
180, 72.46167, 0.0138004
181, 71.79936, 0.0139277
182, 71.49854, 0.0139863
183, 72.33116, 0.0138253
184, 71.37199, 0.0140111
185, 70.67287, 0.0141497
186, 73.73489, 0.0135621
187, 71.07927, 0.0140688
188, 70.73136, 0.014138
189, 73.42953, 0.0136185
190, 71.34805, 0.0140158
191, 71.53332, 0.0139795
192, 71.46992, 0.0139919
193, 72.06168, 0.013877
194, 71.38166, 0.0140092
195, 71.93262, 0.0139019
196, 72.05286, 0.0138787
197, 71.84992, 0.0139179
198, 72.33482, 0.0138246
199, 71.1445, 0.0140559
200, 72.16933, 0.0138563
201, 71.65685, 0.0139554
202, 72.02898, 0.0138833
203, 71.56966, 0.0139724
204, 71.4643, 0.013993
205, 72.41811, 0.0138087
206, 70.57512, 0.0141693
207, 73.04602, 0.01369
208, 71.68459, 0.01395
209, 71.82825, 0.0139221
210, 72.22511, 0.0138456
211, 71.5835, 0.0139697
212, 71.87574, 0.0139129
213, 71.91244, 0.0139058
214, 71.05452, 0.0140737
215, 72.24442, 0.0138419
216, 71.61785, 0.013963
217, 72.18549, 0.0138532
218, 71.87419, 0.0139132
219, 72.03313, 0.0138825
220, 71.88608, 0.0139109
221, 71.38523, 0.0140085
222, 72.07986, 0.0138735
223, 71.92278, 0.0139038
224, 71.46124, 0.0139936
225, 71.15918, 0.014053
226, 71.50774, 0.0139845
227, 71.11819, 0.0140611
228, 73.84815, 0.0135413
229, 71.57684, 0.013971
230, 71.43265, 0.0139992
231, 71.89227, 0.0139097
232, 72.14227, 0.0138615
233, 70.98592, 0.0140873
234, 71.50928, 0.0139842
235, 72.59317, 0.0137754
236, 71.72675, 0.0139418
237, 71.52103, 0.0139819
238, 71.27025, 0.0140311
239, 72.67812, 0.0137593
240, 72.07259, 0.0138749
241, 71.45613, 0.0139946
242, 71.86076, 0.0139158
243, 72.20061, 0.0138503
244, 71.37861, 0.0140098
245, 71.01668, 0.0140812
246, 72.66914, 0.013761
247, 72.01394, 0.0138862
248, 70.99147, 0.0140862
249, 71.89227, 0.0139097
250, 72.29037, 0.0138331
251, 72.11885, 0.013866
252, 71.35976, 0.0140135
253, 72.03625, 0.0138819
254, 71.36179, 0.0140131
255, 71.98439, 0.0138919
256, 71.62554, 0.0139615
257, 71.75042, 0.0139372
258, 71.85973, 0.013916
259, 71.19464, 0.014046
260, 72.95436, 0.0137072
261, 70.90187, 0.014104
262, 72.76908, 0.0137421
263, 71.80916, 0.0139258
264, 71.92641, 0.0139031
265, 71.1911, 0.0140467
266, 72.11937, 0.0138659
267, 72.25069, 0.0138407
268, 71.56198, 0.0139739
269, 71.46175, 0.0139935
270, 71.62656, 0.0139613
271, 72.82791, 0.013731
272, 71.19059, 0.0140468
273, 71.90313, 0.0139076
274, 71.51388, 0.0139833
275, 72.20008, 0.0138504
276, 71.2474, 0.0140356
277, 71.80297, 0.013927
278, 71.21899, 0.0140412
279, 72.3589, 0.01382
280, 71.89021, 0.0139101
281, 71.14298, 0.0140562
282, 72.80246, 0.0137358
283, 71.37249, 0.014011
284, 71.2794, 0.0140293
285, 72.19852, 0.0138507
286, 71.94038, 0.0139004
287, 71.14045, 0.0140567
288, 72.77967, 0.0137401
289, 71.74888, 0.0139375
290, 71.55276, 0.0139757
291, 72.14487, 0.013861
292, 71.32261, 0.0140208
293, 72.26843, 0.0138373
294, 71.91244, 0.0139058
295, 71.67688, 0.0139515
296, 71.7906, 0.0139294
297, 71.65633, 0.0139555
298, 71.30786, 0.0140237
299, 71.77051, 0.0139333
300, 72.14122, 0.0138617
301, 71.37199, 0.0140111
302, 71.59426, 0.0139676
303, 72.3788, 0.0138162
304, 71.86128, 0.0139157
305, 71.39033, 0.0140075
306, 71.89796, 0.0139086
307, 72.00409, 0.0138881
308, 71.79318, 0.0139289
309, 71.09544, 0.0140656
310, 72.50475, 0.0137922
311, 71.4398, 0.0139978
312, 70.996, 0.0140853
313, 72.72198, 0.013751
314, 72.24911, 0.013841
315, 71.89951, 0.0139083
316, 72.00979, 0.013887
317, 70.87524, 0.0141093
318, 72.59106, 0.0137758
319, 71.62452, 0.0139617
320, 71.80865, 0.0139259
321, 71.52513, 0.0139811
322, 71.7906, 0.0139294
323, 70.28988, 0.0142268
324, 73.27994, 0.0136463
325, 71.40002, 0.0140056
326, 72.52263, 0.0137888
327, 71.88866, 0.0139104
328, 71.3338, 0.0140186
329, 71.98595, 0.0138916
330, 71.57889, 0.0139706
331, 72.17767, 0.0138547
332, 71.98335, 0.0138921
333, 71.39186, 0.0140072
334, 72.01498, 0.013886
335, 70.48707, 0.014187
336, 72.69186, 0.0137567
337, 72.3678, 0.0138183
338, 71.83186, 0.0139214
339, 71.64042, 0.0139586
340, 72.14695, 0.0138606
341, 71.14703, 0.0140554
342, 71.25501, 0.0140341
343, 72.55209, 0.0137832
344, 71.72932, 0.0139413
345, 71.60144, 0.0139662
346, 71.41276, 0.0140031
347, 72.73045, 0.0137494
348, 71.58401, 0.0139696
349, 71.69281, 0.0139484
350, 71.91296, 0.0139057
351, 71.87885, 0.0139123
352, 71.6702, 0.0139528
353, 71.5999, 0.0139665
354, 71.72572, 0.013942
355, 70.86469, 0.0141114
356, 72.59476, 0.0137751
357, 72.78444, 0.0137392
358, 71.17742, 0.0140494
359, 72.5221, 0.0137889
360, 71.00155, 0.0140842
361, 72.36361, 0.0138191
362, 72.07259, 0.0138749
363, 71.4689, 0.0139921
364, 71.87988, 0.0139121
365, 71.46788, 0.0139923
366, 71.60964, 0.0139646
367, 72.10897, 0.0138679
368, 71.93675, 0.0139011
369, 71.49956, 0.0139861
370, 71.71697, 0.0139437
371, 72.20947, 0.0138486
372, 71.43061, 0.0139996
373, 70.98089, 0.0140883
374, 72.66016, 0.0137627
375, 71.9083, 0.0139066
376, 72.09234, 0.0138711
377, 71.62862, 0.0139609
378, 72.05545, 0.0138782
379, 72.05182, 0.0138789
380, 70.8662, 0.0141111
381, 72.50369, 0.0137924
382, 72.09234, 0.0138711
383, 71.52974, 0.0139802
384, 72.43385, 0.0138057
385, 71.67123, 0.0139526
386, 70.77291, 0.0141297
387, 72.32959, 0.0138256
388, 72.04922, 0.0138794
389, 71.36638, 0.0140122
390, 72.37199, 0.0138175
391, 71.35365, 0.0140147
392, 72.0965, 0.0138703
393, 71.64812, 0.0139571
394, 71.97714, 0.0138933
395, 71.76742, 0.0139339
396, 71.46839, 0.0139922
397, 71.55943, 0.0139744
398, 72.56999, 0.0137798
399, 72.24964, 0.0138409
400, 71.15159, 0.0140545
401, 72.34947, 0.0138218
402, 71.56966, 0.0139724
403, 71.85921, 0.0139161
404, 71.84321, 0.0139192
405, 72.04455, 0.0138803
406, 71.52053, 0.013982
407, 71.9352, 0.0139014
408, 71.35518, 0.0140144
409, 72.65382, 0.0137639
410, 71.84063, 0.0139197
411, 71.77205, 0.013933
412, 71.2408, 0.0140369
413, 71.3995, 0.0140057
414, 72.11313, 0.0138671
415, 72.00928, 0.0138871
416, 71.94814, 0.0138989
417, 71.84476, 0.0139189
418, 71.34907, 0.0140156
419, 72.2956, 0.0138321
420, 71.88142, 0.0139118
421, 72.03313, 0.0138825
422, 71.79833, 0.0139279
423, 71.80349, 0.0139269
424, 71.64094, 0.0139585
425, 71.28701, 0.0140278
426, 72.53472, 0.0137865
427, 71.79678, 0.0139282
428, 71.93882, 0.0139007
429, 71.81277, 0.0139251
430, 71.90572, 0.0139071
431, 71.78339, 0.0139308
432, 71.27025, 0.0140311
433, 72.0674, 0.0138759
434, 71.33889, 0.0140176
435, 72.00047, 0.0138888
436, 71.94918, 0.0138987
437, 71.71955, 0.0139432
438, 71.95383, 0.0138978
439, 71.22, 0.014041
440, 72.78974, 0.0137382
441, 71.53025, 0.0139801
442, 71.9932, 0.0138902
443, 71.93779, 0.0139009
444, 71.82308, 0.0139231
445, 70.924, 0.0140996
446, 72.58158, 0.0137776
447, 71.30531, 0.0140242
448, 72.76379, 0.0137431
449, 70.99248, 0.014086
450, 72.33012, 0.0138255
451, 72.12249, 0.0138653
452, 71.83598, 0.0139206
453, 71.77875, 0.0139317
454, 71.79782, 0.013928
455, 71.06412, 0.0140718
456, 72.00305, 0.0138883
457, 71.64504, 0.0139577
458, 72.7019, 0.0137548
459, 70.47166, 0.0141901
460, 72.54788, 0.013784
461, 71.1683, 0.0140512
462, 72.61268, 0.0137717
463, 72.55051, 0.0137835
464, 71.32973, 0.0140194
465, 72.17455, 0.0138553
466, 71.96678, 0.0138953
467, 71.20022, 0.0140449
468, 72.33901, 0.0138238
469, 71.77617, 0.0139322
470, 71.60349, 0.0139658
471, 71.2921, 0.0140268
472, 73.16039, 0.0136686
473, 71.47963, 0.01399
474, 71.71081, 0.0139449
475, 71.6317, 0.0139603
476, 72.21625, 0.0138473
477, 71.70206, 0.0139466
478, 71.97403, 0.0138939
479, 70.97534, 0.0140894
480, 72.35052, 0.0138216
481, 70.41212, 0.0142021
482, 73.66808, 0.0135744
483, 71.48883, 0.0139882
484, 71.72778, 0.0139416
485, 71.75248, 0.0139368
486, 70.07856, 0.0142697
487, 73.02095, 0.0136947
488, 72.78339, 0.0137394
489, 71.5835, 0.0139697
490, 71.55788, 0.0139747
491, 72.27522, 0.013836
492, 71.26517, 0.0140321
493, 72.03521, 0.0138821
494, 71.84012, 0.0139198
495, 72.40395, 0.0138114
496, 72.10273, 0.0138691
497, 71.49598, 0.0139868
498, 72.25747, 0.0138394
499, 71.18603, 0.0140477
500, 72.67759, 0.0137594
501, 70.5791, 0.0141685
502, 72.70929, 0.0137534
503, 71.95383, 0.0138978
504, 71.4592, 0.013994
505, 71.56557, 0.0139732
506, 72.60371, 0.0137734
507, 71.81277, 0.0139251
508, 71.7494, 0.0139374
509, 71.91193, 0.0139059
510, 71.45511, 0.0139948
511, 70.73036, 0.0141382
512, 72.92191, 0.0137133
513, 72.39557, 0.013813
514, 71.69692, 0.0139476
515, 71.68562, 0.0139498
516, 71.84682, 0.0139185
517, 70.93708, 0.014097
518, 72.48531, 0.0137959
519, 72.04974, 0.0138793
520, 70.36604, 0.0142114
521, 71.89124, 0.0139099
522, 73.67948, 0.0135723
523, 70.34872, 0.0142149
524, 73.10957, 0.0136781
525, 66.16513, 0.0151137
526, 79.80464, 0.0125306
527, 70.8672, 0.0141109
528, 71.53127, 0.0139799
529, 72.12457, 0.0138649
530, 71.78596, 0.0139303
531, 71.75712, 0.0139359
532, 72.21677, 0.0138472
533, 71.59631, 0.0139672
534, 71.46379, 0.0139931
535, 35.4139, 0.0282375
536, 70.9074, 0.0141029
537, 74.76691, 0.0133749
538, 71.82257, 0.0139232
539, 56.80269, 0.0176048
540, 93.40295, 0.0107063
541, 75.14729, 0.0133072
542, 71.65736, 0.0139553
543, 71.69743, 0.0139475
544, 69.53619, 0.014381
545, 64.57112, 0.0154868
546, 72.20686, 0.0138491
547, 84.24954, 0.0118695
548, 71.37148, 0.0140112
549, 71.91606, 0.0139051
550, 71.86748, 0.0139145
551, 71.17083, 0.0140507
552, 72.13498, 0.0138629
553, 72.02172, 0.0138847
554, 71.14501, 0.0140558
555, 72.20581, 0.0138493
556, 71.79472, 0.0139286
557, 72.32593, 0.0138263
558, 71.74734, 0.0139378
559, 72.0648, 0.0138764
560, 70.92149, 0.0141001
561, 72.73203, 0.0137491
562, 71.14146, 0.0140565
563, 72.24598, 0.0138416
564, 71.01718, 0.0140811
565, 72.66333, 0.0137621
566, 71.32261, 0.0140208
567, 72.63061, 0.0137683
568, 71.38472, 0.0140086
569, 71.63477, 0.0139597
570, 71.86024, 0.0139159
571, 71.78957, 0.0139296
572, 71.59426, 0.0139676
573, 71.24181, 0.0140367
574, 72.75055, 0.0137456
575, 71.60349, 0.0139658
576, 71.8267, 0.0139224
577, 71.72778, 0.0139416
578, 71.9989, 0.0138891
579, 71.81947, 0.0139238
580, 71.71543, 0.013944
581, 72.11729, 0.0138663
582, 71.2982, 0.0140256
583, 72.34738, 0.0138222
584, 71.17134, 0.0140506
585, 72.07883, 0.0138737
586, 72.40815, 0.0138106
587, 71.85198, 0.0139175
588, 71.29514, 0.0140262
589, 72.47795, 0.0137973
590, 71.53638, 0.0139789
591, 71.88659, 0.0139108
592, 71.58708, 0.013969
593, 71.89848, 0.0139085
594, 70.94513, 0.0140954
595, 72.17455, 0.0138553
596, 72.31024, 0.0138293
597, 71.64094, 0.0139585
598, 70.95218, 0.014094
599, 60.75445, 0.0164597
600, 75.00076, 0.0133332
601, 73.78658, 0.0135526
602, 82.13822, 0.0121746
603, 70.58508, 0.0141673
604, 73.09834, 0.0136802
605, 71.63837, 0.013959
606, 72.15684, 0.0138587
607, 71.74528, 0.0139382
608, 71.49189, 0.0139876
609, 71.84166, 0.0139195
610, 71.91658, 0.013905
611, 71.74991, 0.0139373
612, 70.85013, 0.0141143
613, 72.89693, 0.013718
614, 72.07571, 0.0138743
615, 71.82205, 0.0139233
616, 71.07775, 0.0140691
617, 72.45799, 0.0138011
618, 71.38778, 0.014008
619, 71.73241, 0.0139407
620, 71.88091, 0.0139119
621, 72.05389, 0.0138785
622, 72.27104, 0.0138368
623, 71.85302, 0.0139173
624, 71.53434, 0.0139793
625, 72.08454, 0.0138726
626, 72.11781, 0.0138662
627, 71.68768, 0.0139494
628, 71.20782, 0.0140434
629, 72.69925, 0.0137553
630, 71.56557, 0.0139732
631, 71.2799, 0.0140292
632, 71.72366, 0.0139424
633, 72.62112, 0.0137701
634, 71.64658, 0.0139574
635, 72.29456, 0.0138323
636, 71.47912, 0.0139901
637, 71.55584, 0.0139751
638, 71.98958, 0.0138909
639, 71.89124, 0.0139099
640, 71.90054, 0.0139081
641, 71.85508, 0.0139169
642, 71.00003, 0.0140845
643, 71.804, 0.0139268
644, 72.78815, 0.0137385
645, 71.80297, 0.013927
646, 70.60551, 0.0141632
647, 73.22574, 0.0136564
648, 71.49802, 0.0139864
649, 71.93468, 0.0139015
650, 72.28201, 0.0138347
651, 71.48576, 0.0139888
652, 71.53075, 0.01398
653, 69.7355, 0.0143399
654, 74.09823, 0.0134956
655, 71.51081, 0.0139839
656, 72.4538, 0.0138019
657, 71.73653, 0.0139399
658, 72.34634, 0.0138224
659, 71.39695, 0.0140062
660, 71.59631, 0.0139672
661, 71.6512, 0.0139565
662, 72.7765, 0.0137407
663, 71.70824, 0.0139454
664, 70.50645, 0.0141831
665, 73.00762, 0.0136972
666, 71.88453, 0.0139112
667, 71.42194, 0.0140013
668, 71.68716, 0.0139495
669, 72.72305, 0.0137508
670, 71.51848, 0.0139824
671, 71.8494, 0.013918
672, 71.3511, 0.0140152
673, 71.66352, 0.0139541
674, 72.56947, 0.0137799
675, 71.07421, 0.0140698
676, 70.99651, 0.0140852
677, 73.20537, 0.0136602
678, 70.93909, 0.0140966
679, 71.23877, 0.0140373
680, 73.56944, 0.0135926
681, 71.55021, 0.0139762
682, 71.7494, 0.0139374
683, 71.0631, 0.014072
684, 71.32159, 0.014021
685, 71.64094, 0.0139585
686, 72.79186, 0.0137378
687, 69.83338, 0.0143198
688, 64.61826, 0.0154755
689, 61.26062, 0.0163237
690, 104.6332, 0.0095572
691, 71.44235, 0.0139973
692, 72.3186, 0.0138277
693, 71.9673, 0.0138952
694, 71.49292, 0.0139874
695, 71.34703, 0.014016
696, 72.4622, 0.0138003
697, 71.65633, 0.0139555
698, 71.85973, 0.013916
699, 71.62605, 0.0139614
700, 71.73602, 0.01394
701, 72.26582, 0.0138378
702, 71.67945, 0.013951
703, 71.58555, 0.0139693
704, 72.05753, 0.0138778
705, 71.11617, 0.0140615
706, 72.32122, 0.0138272
707, 71.7973, 0.0139281
708, 71.51081, 0.0139839
709, 58.98452, 0.0169536
710, 59.15619, 0.0169044
711, 128.7217, 0.0077687
712, 70.68886, 0.0141465
713, 72.51789, 0.0137897
714, 70.92299, 0.0140998
715, 72.27836, 0.0138354
716, 71.98025, 0.0138927
717, 72.25433, 0.01384
718, 71.36791, 0.0140119
719, 72.24181, 0.0138424
720, 71.49393, 0.0139872
721, 71.64658, 0.0139574
722, 72.48215, 0.0137965
723, 71.63273, 0.0139601
724, 71.67329, 0.0139522
725, 71.41786, 0.0140021
726, 72.31756, 0.0138279
727, 71.07169, 0.0140703
728, 72.44644, 0.0138033
729, 71.78133, 0.0139312
730, 72.09857, 0.0138699
731, 70.96225, 0.014092
732, 72.47007, 0.0137988
733, 72.05026, 0.0138792
734, 71.48831, 0.0139883
735, 72.35471, 0.0138208
736, 71.10909, 0.0140629
737, 71.36893, 0.0140117
738, 72.72357, 0.0137507
739, 71.42806, 0.0140001
740, 71.71852, 0.0139434
741, 72.55104, 0.0137834
742, 71.43623, 0.0139985
743, 71.37096, 0.0140113
744, 72.56631, 0.0137805
745, 71.33736, 0.0140179
746, 71.92382, 0.0139036
747, 72.25069, 0.0138407
748, 70.91796, 0.0141008
749, 72.76537, 0.0137428
750, 71.73602, 0.01394
751, 72.06376, 0.0138766
752, 71.34805, 0.0140158
753, 71.97247, 0.0138942
754, 71.69692, 0.0139476
755, 71.35772, 0.0140139
756, 71.72212, 0.0139427
757, 71.79369, 0.0139288
758, 71.24587, 0.0140359
759, 71.36333, 0.0140128
760, 72.63008, 0.0137684
761, 72.20008, 0.0138504
762, 71.08634, 0.0140674
763, 72.63272, 0.0137679
764, 60.78991, 0.0164501
765, 74.84021, 0.0133618
766, 72.89214, 0.0137189
767, 82.90018, 0.0120627
768, 71.72006, 0.0139431
769, 72.02224, 0.0138846
770, 70.83157, 0.014118
771, 73.08713, 0.0136823
772, 71.3781, 0.0140099
773, 72.02224, 0.0138846
774, 71.66199, 0.0139544
775, 71.35976, 0.0140135
776, 72.23346, 0.013844
777, 72.43752, 0.013805
778, 71.52871, 0.0139804
779, 71.84476, 0.0139189
780, 71.25755, 0.0140336
781, 72.44277, 0.013804
782, 71.70206, 0.0139466
783, 72.50738, 0.0137917
784, 71.4592, 0.013994
785, 71.67226, 0.0139524
786, 71.71286, 0.0139445
787, 72.36623, 0.0138186
788, 71.2474, 0.0140356
789, 72.49371, 0.0137943
790, 71.94245, 0.0139
791, 71.43214, 0.0139993
792, 71.10606, 0.0140635
793, 72.49319, 0.0137944
794, 72.34634, 0.0138224
795, 72.06584, 0.0138762
796, 71.33634, 0.0140181
797, 72.09441, 0.0138707
798, 71.81689, 0.0139243
799, 71.85921, 0.0139161
800, 71.59119, 0.0139682
801, 72.04455, 0.0138803
802, 72.06168, 0.013877
803, 71.71955, 0.0139432
804, 71.31498, 0.0140223
805, 72.35262, 0.0138212
806, 70.94664, 0.0140951
807, 72.36832, 0.0138182
808, 71.55123, 0.013976
809, 72.11365, 0.013867
810, 72.06895, 0.0138756
811, 71.39339, 0.0140069
812, 71.82412, 0.0139229
813, 72.03625, 0.0138819
814, 72.19852, 0.0138507
815, 71.72881, 0.0139414
816, 71.58965, 0.0139685
817, 71.61477, 0.0139636
818, 71.77463, 0.0139325
819, 71.41378, 0.0140029
820, 72.22355, 0.0138459
821, 71.75609, 0.0139361
822, 72.36152, 0.0138195
823, 71.6317, 0.0139603
824, 71.07725, 0.0140692
825, 73.05989, 0.0136874
826, 71.32973, 0.0140194
827, 71.71286, 0.0139445
828, 72.22772, 0.0138451
829, 70.99248, 0.014086
830, 71.77926, 0.0139316
831, 72.73203, 0.0137491
832, 71.64196, 0.0139583
833, 71.76948, 0.0139335
834, 71.3282, 0.0140197
835, 72.70137, 0.0137549
836, 71.39797, 0.014006
837, 72.10689, 0.0138683
838, 71.63786, 0.0139591
839, 72.12093, 0.0138656
840, 71.03938, 0.0140767
841, 70.4985, 0.0141847
842, 73.05402, 0.0136885
843, 72.39504, 0.0138131
844, 23.99445, 0.0416763
845, 71.88297, 0.0139115
846, 71.38013, 0.0140095
847, 72.24493, 0.0138418
848, 71.59477, 0.0139675
849, 71.80452, 0.0139267
850, 69.84167, 0.0143181
851, 73.83725, 0.0135433
852, 71.51694, 0.0139827
853, 71.425, 0.0140007
854, 72.52578, 0.0137882
855, 72.23502, 0.0138437
856, 71.50058, 0.0139859
857, 70.91544, 0.0141013
858, 72.73098, 0.0137493
859, 71.9321, 0.013902
860, 71.78751, 0.01393
861, 71.17843, 0.0140492
862, 72.55157, 0.0137833
863, 70.9557, 0.0140933
864, 72.23399, 0.0138439
865, 71.71389, 0.0139443
866, 72.50054, 0.013793
867, 71.83289, 0.0139212
868, 71.40256, 0.0140051
869, 71.84321, 0.0139192
870, 71.93986, 0.0139005
871, 71.78648, 0.0139302
872, 71.57427, 0.0139715
873, 71.19464, 0.014046
874, 73.05882, 0.0136876
875, 71.47401, 0.0139911
876, 71.46073, 0.0139937
877, 72.11053, 0.0138676
878, 72.2225, 0.0138461
879, 71.69435, 0.0139481
880, 71.00961, 0.0140826
881, 72.97672, 0.013703
882, 71.36434, 0.0140126
883, 71.3282, 0.0140197
884, 58.93689, 0.0169673
885, 87.28517, 0.0114567
886, 71.17995, 0.0140489
887, 57.93105, 0.0172619
888, 49.84299, 0.020063
889, 37.97242, 0.0263349
890, 144.2772, 0.0069311
891, 64.8904, 0.0154106
892, 71.93158, 0.0139021
893, 74.35995, 0.0134481
894, 83.13243, 0.012029
895, 70.43841, 0.0141968
896, 56.22337, 0.0177862
897, 88.12125, 0.011348
898, 71.73138, 0.0139409
899, 84.63172, 0.0118159
900, 58.23264, 0.0171725
901, 82.76433, 0.0120825
902, 79.80782, 0.0125301
903, 71.63837, 0.013959
904, 63.32401, 0.0157918
905, 80.17638, 0.0124725
906, 73.9842, 0.0135164
907, 71.89227, 0.0139097
908, 71.73035, 0.0139411
909, 62.6127, 0.0159712
910, 84.27511, 0.0118659
911, 71.30938, 0.0140234
912, 62.77898, 0.0159289
913, 83.26464, 0.0120099
914, 71.86024, 0.0139159
915, 71.7942, 0.0139287
916, 74.98331, 0.0133363
917, 70.37, 0.0142106
918, 67.52148, 0.0148101
919, 77.31023, 0.0129349
920, 70.40419, 0.0142037
921, 69.94524, 0.0142969
922, 75.8616, 0.0131819
923, 61.67281, 0.0162146
924, 83.28197, 0.0120074
925, 72.86134, 0.0137247
926, 61.39, 0.0162893
927, 86.15714, 0.0116067
928, 71.25958, 0.0140332
929, 72.49581, 0.0137939
930, 71.29921, 0.0140254
931, 72.62058, 0.0137702
932, 73.87925, 0.0135356
933, 69.76225, 0.0143344
934, 73.50509, 0.0136045
935, 72.00513, 0.0138879
936, 71.73138, 0.0139409
937, 67.68465, 0.0147744
938, 71.77978, 0.0139315
939, 74.28979, 0.0134608
940, 72.09702, 0.0138702
941, 71.41225, 0.0140032
942, 73.68925, 0.0135705
943, 72.74049, 0.0137475
944, 71.44184, 0.0139974
945, 71.96937, 0.0138948
946, 71.61169, 0.0139642
947, 71.6625, 0.0139543
948, 42.584, 0.023483
949, 126.36, 0.0079139
950, 98.09307, 0.0101944
951, 71.56813, 0.0139727
952, 11.24574, 0.0889226
953, 6.867179, 0.1456202
954, 23.09698, 0.0432957
955, 64.70188, 0.0154555
956, 72.64116, 0.0137663
957, 72.74155, 0.0137473
958, 60.89244, 0.0164224
959, 86.63259, 0.011543
960, 68.67236, 0.0145619
961, 76.11914, 0.0131373
962, 71.44184, 0.0139974
963, 72.74261, 0.0137471
964, 71.53997, 0.0139782
965, 70.10165, 0.014265
966, 58.12298, 0.0172049
967, 66.37462, 0.015066
968, 105.4819, 0.0094803
969, 70.94563, 0.0140953
970, 72.15163, 0.0138597
971, 73.75284, 0.0135588
972, 69.93545, 0.0142989
973, 71.36842, 0.0140118
974, 70.34971, 0.0142147
975, 73.90164, 0.0135315
976, 74.23023, 0.0134716
977, 71.46226, 0.0139934
978, 72.68076, 0.0137588
979, 72.56157, 0.0137814
980, 64.09394, 0.0156021
981, 83.12, 0.0120308
982, 72.06272, 0.0138768
983, 71.9559, 0.0138974
984, 70.71285, 0.0141417
985, 72.17142, 0.0138559
986, 70.29383, 0.014226
987, 70.68536, 0.0141472
988, 72.57158, 0.0137795
989, 72.02691, 0.0138837
990, 71.23674, 0.0140377
991, 71.15868, 0.0140531
992, 61.67738, 0.0162134
993, 83.49197, 0.0119772
994, 29.36495, 0.0340542
995, 36.1915, 0.0276308
996, 130.9432, 0.0076369
997, 29.99364, 0.0333404
998, 36.51274, 0.0273877
999, 35.63487, 0.0280624
1000, 36.63541, 0.027296
1001, 37.37479, 0.026756
1002, 103.9728, 0.0096179
1003, 67.14203, 0.0148938
1004, 31.4503, 0.0317962
1005, 104.8152, 0.0095406
1006, 74.91703, 0.0133481
1007, 71.7736, 0.0139327
1008, 70.75739, 0.0141328
1009, 73.0647, 0.0136865
1010, 68.37747, 0.0146247
1011, 28.70783, 0.0348337
1012, 37.09653, 0.0269567
1013, 130.2473, 0.0076777
1014, 71.59426, 0.0139676
1015, 69.54683, 0.0143788
1016, 30.51367, 0.0327722
1017, 127.6797, 0.0078321
1018, 70.71336, 0.0141416
1019, 69.95061, 0.0142958
1020, 69.72771, 0.0143415
1021, 29.25174, 0.034186
1022, 154.4545, 0.0064744
1023, 70.89082, 0.0141062
1024, 71.11668, 0.0140614
1025, 72.6533, 0.013764
1026, 71.4735, 0.0139912
1027, 71.73498, 0.0139402
1028, 71.44541, 0.0139967
1029, 72.29874, 0.0138315
1030, 70.88881, 0.0141066
1031, 72.6343, 0.0137676
1032, 71.51899, 0.0139823
1033, 72.82844, 0.0137309
1034, 71.35823, 0.0140138
1035, 71.10909, 0.0140629
1036, 72.39767, 0.0138126
1037, 72.60107, 0.0137739
1038, 71.76278, 0.0139348
1039, 71.54816, 0.0139766
1040, 71.77051, 0.0139333
1041, 72.1355, 0.0138628
1042, 71.63375, 0.0139599
1043, 71.64966, 0.0139568
1044, 71.83083, 0.0139216
1045, 71.90572, 0.0139071
1046, 70.29383, 0.014226
1047, 73.78822, 0.0135523
1048, 71.77772, 0.0139319
1049, 71.35874, 0.0140137
1050, 70.87825, 0.0141087
1051, 73.09247, 0.0136813
1052, 70.84561, 0.0141152
1053, 73.21609, 0.0136582
1054, 71.18704, 0.0140475
1055, 72.45642, 0.0138014
1056, 71.51746, 0.0139826
1057, 71.54765, 0.0139767
1058, 71.33889, 0.0140176
1059, 73.01402, 0.013696
1060, 71.70978, 0.0139451
1061, 70.79996, 0.0141243
1062, 72.79928, 0.0137364
1063, 71.6666, 0.0139535
1064, 71.75969, 0.0139354
1065, 71.99165, 0.0138905
1066, 71.86283, 0.0139154
1067, 71.77514, 0.0139324
1068, 71.75609, 0.0139361
1069, 71.5149, 0.0139831
1070, 71.99217, 0.0138904
1071, 71.92847, 0.0139027
1072, 70.43196, 0.0141981
1073, 72.44487, 0.0138036
1074, 72.41916, 0.0138085
1075, 71.9901, 0.0138908
1076, 71.53178, 0.0139798
1077, 72.53841, 0.0137858
1078, 69.14912, 0.0144615
1079, 74.763, 0.0133756
1080, 70.97534, 0.0140894
1081, 72.27627, 0.0138358
1082, 71.42806, 0.0140001
1083, 72.01342, 0.0138863
1084, 72.16205, 0.0138577
1085, 71.88245, 0.0139116
1086, 71.65479, 0.0139558
1087, 72.25486, 0.0138399
1088, 70.53082, 0.0141782
1089, 73.48186, 0.0136088
1090, 71.14248, 0.0140563
1091, 72.48058, 0.0137968
1092, 71.38421, 0.0140087
1093, 70.42998, 0.0141985
1094, 72.22668, 0.0138453
1095, 72.79716, 0.0137368
1096, 72.10013, 0.0138696
1097, 71.52309, 0.0139815
1098, 71.51694, 0.0139827
1099, 71.93882, 0.0139007
1100, 71.88039, 0.013912
1101, 72.02691, 0.0138837
1102, 71.59528, 0.0139674
1103, 70.93809, 0.0140968
1104, 72.69344, 0.0137564
1105, 70.51589, 0.0141812
1106, 72.77332, 0.0137413
1107, 72.52946, 0.0137875
1108, 71.28346, 0.0140285
1109, 71.51132, 0.0139838
1110, 72.55578, 0.0137825
1111, 72.01291, 0.0138864
1112, 71.67791, 0.0139513
1113, 72.28149, 0.0138348
1114, 71.12072, 0.0140606
1115, 72.43123, 0.0138062
1116, 70.67787, 0.0141487
1117, 72.70137, 0.0137549
1118, 69.8856, 0.0143091
1119, 73.02575, 0.0136938
1120, 72.72305, 0.0137508
1121, 71.35467, 0.0140145
1122, 72.16361, 0.0138574
1123, 71.82515, 0.0139227
1124, 71.76845, 0.0139337
1125, 71.8716, 0.0139137
1126, 71.92226, 0.0139039
1127, 71.24841, 0.0140354
1128, 72.3809, 0.0138158
1129, 70.925, 0.0140994
1130, 73.16252, 0.0136682
1131, 71.48014, 0.0139899
1132, 72.0648, 0.0138764
1133, 71.74219, 0.0139388
1134, 71.42194, 0.0140013
1135, 72.17299, 0.0138556
1136, 71.24537, 0.014036
1137, 72.10013, 0.0138696
1138, 71.21391, 0.0140422
1139, 72.42808, 0.0138068
1140, 71.31599, 0.0140221
1141, 71.46022, 0.0139938
1142, 72.00047, 0.0138888
1143, 72.676, 0.0137597
1144, 71.38319, 0.0140089
1145, 72.23085, 0.0138445
1146, 70.82354, 0.0141196
1147, 72.61268, 0.0137717
1148, 72.198, 0.0138508
1149, 69.70633, 0.0143459
1150, 72.45484, 0.0138017
1151, 73.19787, 0.0136616
1152, 71.84166, 0.0139195
1153, 72.12457, 0.0138649
1154, 71.50519, 0.013985
1155, 71.53178, 0.0139798
1156, 72.91766, 0.0137141
1157, 70.80398, 0.0141235
1158, 72.18237, 0.0138538
1159, 72.19434, 0.0138515
1160, 71.16222, 0.0140524
1161, 72.2486, 0.0138411
1162, 71.85043, 0.0139178
1163, 71.45, 0.0139958
1164, 72.37304, 0.0138173
1165, 71.5794, 0.0139705
1166, 72.1584, 0.0138584
1167, 71.624, 0.0139618
1168, 58.83045, 0.016998
1169, 53.22348, 0.0187887
1170, 131.4423, 0.0076079
1171, 81.47369, 0.0122739
1172, 72.42231, 0.0138079
1173, 71.6435, 0.013958
1174, 71.03584, 0.0140774
1175, 72.61478, 0.0137713
1176, 71.90158, 0.0139079
1177, 71.67277, 0.0139523
1178, 71.19009, 0.0140469
1179, 72.22302, 0.013846
1180, 71.58657, 0.0139691
1181, 72.68657, 0.0137577
1182, 70.49451, 0.0141855
1183, 73.03162, 0.0136927
1184, 71.4398, 0.0139978
1185, 71.05452, 0.0140737
1186, 73.25363, 0.0136512
1187, 71.62246, 0.0139621
1188, 71.84476, 0.0139189
1189, 71.85508, 0.0139169
1190, 71.71749, 0.0139436
1191, 71.40766, 0.0140041
1192, 72.60688, 0.0137728
1193, 70.56764, 0.0141708
1194, 72.93733, 0.0137104
1195, 72.21781, 0.013847
1196, 70.38338, 0.0142079
1197, 72.17663, 0.0138549
1198, 72.81147, 0.0137341
1199, 71.85147, 0.0139176
1200, 71.60195, 0.0139661
1201, 71.73087, 0.013941
1202, 71.77926, 0.0139316
1203, 71.78133, 0.0139312
1204, 70.49751, 0.0141849
1205, 73.43761, 0.013617
1206, 71.38371, 0.0140088
1207, 71.03887, 0.0140768
1208, 72.91712, 0.0137142
1209, 71.64145, 0.0139584
1210, 71.84888, 0.0139181
1211, 71.70721, 0.0139456
1212, 71.8205, 0.0139236
1213, 72.10481, 0.0138687
1214, 71.79163, 0.0139292
1215, 70.76389, 0.0141315
1216, 72.77861, 0.0137403
1217, 72.01342, 0.0138863
1218, 71.79833, 0.0139279
1219, 71.42296, 0.0140011
1220, 72.40134, 0.0138119
1221, 71.45818, 0.0139942
1222, 72.28724, 0.0138337
1223, 71.15311, 0.0140542
1224, 72.20737, 0.013849
1225, 71.3282, 0.0140197
1226, 71.0631, 0.014072
1227, 72.62691, 0.013769
1228, 71.41327, 0.014003
1229, 73.17269, 0.0136663
1230, 71.33787, 0.0140178
1231, 71.89641, 0.0139089
1232, 71.79214, 0.0139291
1233, 71.36689, 0.0140121
1234, 72.33064, 0.0138254
1235, 71.84528, 0.0139188
1236, 72.04404, 0.0138804
1237, 71.16576, 0.0140517
1238, 72.8863, 0.01372
1239, 71.10808, 0.0140631
1240, 73.26813, 0.0136485
1241, 71.17539, 0.0140498
1242, 71.83083, 0.0139216
1243, 71.83598, 0.0139206
1244, 69.24104, 0.0144423
1245, 74.47514, 0.0134273
1246, 71.70155, 0.0139467
1247, 73.04549, 0.0136901
1248, 70.75438, 0.0141334
1249, 72.85815, 0.0137253
1250, 70.8682, 0.0141107
1251, 70.69536, 0.0141452
1252, 75.71398, 0.0132076
1253, 71.74322, 0.0139386
1254, 71.45, 0.0139958
1255, 72.19956, 0.0138505
1256, 70.83558, 0.0141172
1257, 71.46686, 0.0139925
1258, 72.69132, 0.0137568
1259, 70.92953, 0.0140985
1260, 71.96937, 0.0138948
1261, 71.52053, 0.013982
1262, 72.50423, 0.0137923
1263, 71.7355, 0.0139401
1264, 71.60759, 0.013965
1265, 71.81999, 0.0139237
1266, 72.03262, 0.0138826
1267, 71.99268, 0.0138903
1268, 71.57735, 0.0139709
1269, 71.65891, 0.013955
1270, 71.28397, 0.0140284
1271, 72.32332, 0.0138268
1272, 71.36282, 0.0140129
1273, 72.63272, 0.0137679
1274, 71.60144, 0.0139662
1275, 70.78393, 0.0141275
1276, 72.60003, 0.0137741
1277, 71.83701, 0.0139204
1278, 71.88763, 0.0139106
1279, 70.78894, 0.0141265
1280, 72.64116, 0.0137663
1281, 70.93607, 0.0140972
1282, 72.52158, 0.013789
1283, 72.16882, 0.0138564
1284, 71.79575, 0.0139284
1285, 72.04974, 0.0138793
1286, 66.99899, 0.0149256
1287, 70.03291, 0.014279
1288, 31.21459, 0.0320363
1289, 119.0419, 0.0084004
1290, 71.39236, 0.0140071
1291, 70.04567, 0.0142764
1292, 74.18838, 0.0134792
1293, 71.65428, 0.0139559
1294, 71.72984, 0.0139412
1295, 72.44907, 0.0138028
1296, 71.76124, 0.0139351
1297, 70.41312, 0.0142019
1298, 70.62296, 0.0141597
1299, 71.56045, 0.0139742
1300, 71.77617, 0.0139322
1301, 70.47366, 0.0141897
1302, 72.94798, 0.0137084
1303, 75.21681, 0.0132949
1304, 71.52053, 0.013982
1305, 71.65685, 0.0139554
1306, 70.87976, 0.0141084
1307, 68.21468, 0.0146596
1308, 29.23831, 0.0342017
1309, 138.5444, 0.0072179
1310, 69.20942, 0.0144489
1311, 70.38982, 0.0142066
1312, 30.95687, 0.032303
1313, 36.61153, 0.0273138
1314, 118.0777, 0.008469
1315, 70.75789, 0.0141327
1316, 72.23502, 0.0138437
1317, 71.85767, 0.0139164
1318, 71.29617, 0.014026
1319, 72.64644, 0.0137653
1320, 70.50346, 0.0141837
1321, 73.18447, 0.0136641
1322, 72.01031, 0.0138869
1323, 71.44949, 0.0139959
1324, 72.15893, 0.0138583
1325, 72.04663, 0.0138799
1326, 71.81792, 0.0139241
1327, 71.62349, 0.0139619
1328, 71.21594, 0.0140418
1329, 72.31913, 0.0138276
1330, 72.0461, 0.01388
1331, 71.69127, 0.0139487
1332, 71.38523, 0.0140085
1333, 71.64145, 0.0139584
1334, 71.54816, 0.0139766
1335, 72.39033, 0.013814
1336, 71.57787, 0.0139708
1337, 72.17663, 0.0138549
1338, 71.71852, 0.0139434
1339, 71.30227, 0.0140248
1340, 72.06065, 0.0138772
1341, 72.17872, 0.0138545
1342, 71.7216, 0.0139428
1343, 71.53485, 0.0139792
1344, 71.39339, 0.0140069
1345, 71.90882, 0.0139065
1346, 72.58633, 0.0137767
1347, 71.78751, 0.01393
1348, 71.69127, 0.0139487
1349, 71.57838, 0.0139707
1350, 72.40448, 0.0138113
1351, 70.53529, 0.0141773
1352, 73.14968, 0.0136706
1353, 71.75248, 0.0139368
1354, 71.3623, 0.014013
1355, 71.58708, 0.013969
1356, 71.6625, 0.0139543
1357, 72.42074, 0.0138082
1358, 71.43419, 0.0139989
1359, 71.75094, 0.0139371
1360, 70.74337, 0.0141356
1361, 73.02042, 0.0136948
1362, 70.71086, 0.0141421
1363, 73.54834, 0.0135965
1364, 71.96833, 0.013895
1365, 71.23827, 0.0140374
1366, 71.68253, 0.0139504
1367, 71.38879, 0.0140078
1368, 72.52316, 0.0137887
1369, 72.14435, 0.0138611
1370, 72.03728, 0.0138817
1371, 71.63786, 0.0139591
1372, 71.15766, 0.0140533
1373, 72.09129, 0.0138713
1374, 71.09291, 0.0140661
1375, 72.83533, 0.0137296
1376, 71.90882, 0.0139065
1377, 71.57121, 0.0139721
1378, 71.51132, 0.0139838
1379, 71.99424, 0.01389
1380, 70.10853, 0.0142636
1381, 73.59489, 0.0135879
1382, 72.46272, 0.0138002
1383, 71.79524, 0.0139285
1384, 70.74688, 0.0141349
1385, 72.09493, 0.0138706
1386, 72.55841, 0.013782
1387, 71.53793, 0.0139786
1388, 72.18966, 0.0138524
1389, 71.04341, 0.0140759
1390, 71.64504, 0.0139577
1391, 72.03937, 0.0138813
1392, 72.10949, 0.0138678
1393, 72.0513, 0.013879
1394, 71.78391, 0.0139307
1395, 72.26582, 0.0138378
1396, 71.23521, 0.014038
1397, 71.884, 0.0139113
1398, 72.62955, 0.0137685
1399, 71.93106, 0.0139022
1400, 70.86771, 0.0141108
1401, 72.76696, 0.0137425
1402, 70.18922, 0.0142472
1403, 72.79186, 0.0137378
1404, 70.37447, 0.0142097
1405, 73.55646, 0.013595
1406, 72.32593, 0.0138263
1407, 70.94916, 0.0140946
1408, 71.02777, 0.014079
1409, 73.46729, 0.0136115
1410, 71.23015, 0.014039
1411, 71.12173, 0.0140604
1412, 73.09782, 0.0136803
1413, 71.73653, 0.0139399
1414, 71.51234, 0.0139836
1415, 71.67482, 0.0139519
1416, 70.79245, 0.0141258
1417, 73.29444, 0.0136436
1418, 71.37504, 0.0140105
1419, 72.06065, 0.0138772
1420, 72.07571, 0.0138743
1421, 71.94193, 0.0139001
1422, 70.41064, 0.0142024
1423, 72.96341, 0.0137055
1424, 72.186, 0.0138531
1425, 71.804, 0.0139268
1426, 71.29311, 0.0140266
1427, 72.0378, 0.0138816
1428, 72.14643, 0.0138607
1429, 71.20732, 0.0140435
1430, 73.09727, 0.0136804
1431, 71.23775, 0.0140375
1432, 72.3207, 0.0138273
1433, 70.72736, 0.0141388
1434, 71.98543, 0.0138917
1435, 71.15766, 0.0140533
1436, 73.56241, 0.0135939
1437, 71.41735, 0.0140022
1438, 71.74322, 0.0139386
1439, 72.19695, 0.013851
1440, 70.87675, 0.014109
1441, 72.66438, 0.0137619
1442, 71.48883, 0.0139882
1443, 71.93572, 0.0139013
1444, 71.101, 0.0140645
1445, 72.60003, 0.0137741
1446, 71.29668, 0.0140259
1447, 72.52789, 0.0137878
1448, 70.60003, 0.0141643
1449, 71.89176, 0.0139098
1450, 71.12982, 0.0140588
1451, 72.13706, 0.0138625
1452, 72.01187, 0.0138866
1453, 72.05493, 0.0138783
1454, 71.74425, 0.0139384
1455, 69.75592, 0.0143357
1456, 28.40925, 0.0351998
1457, 129.1022, 0.0077458
1458, 82.15779, 0.0121717
1459, 60.96706, 0.0164023
1460, 86.04075, 0.0116224
1461, 72.59317, 0.0137754
1462, 71.87678, 0.0139127
1463, 72.01757, 0.0138855
1464, 71.69949, 0.0139471
1465, 71.27075, 0.014031
1466, 29.0157, 0.0344641
1467, 140.5126, 0.0071168
1468, 71.52257, 0.0139816
1469, 71.82979, 0.0139218
1470, 71.48014, 0.0139899
1471, 72.39977, 0.0138122
1472, 71.81638, 0.0139244
1473, 71.94141, 0.0139002
1474, 71.89021, 0.0139101
1475, 70.44635, 0.0141952
1476, 29.62384, 0.0337566
1477, 126.1877, 0.0079247
1478, 72.14174, 0.0138616
1479, 72.27209, 0.0138366
1480, 71.23218, 0.0140386
1481, 72.18288, 0.0138537
1482, 71.92485, 0.0139034
1483, 71.90106, 0.013908
1484, 71.58657, 0.0139691
1485, 71.11314, 0.0140621
1486, 30.45744, 0.0328327
1487, 113.4687, 0.008813
1488, 71.96212, 0.0138962
1489, 72.14383, 0.0138612
1490, 71.15868, 0.0140531
1491, 71.30836, 0.0140236
1492, 73.17751, 0.0136654
1493, 71.60605, 0.0139653
1494, 71.50928, 0.0139842
1495, 71.26619, 0.0140319
1496, 29.76004, 0.0336021
1497, 124.8829, 0.0080075
1498, 71.83495, 0.0139208
1499, 71.79318, 0.0139289
1500, 70.12377, 0.0142605
1501, 72.94957, 0.0137081
1502, 72.58633, 0.0137767
1503, 71.97455, 0.0138938
1504, 71.25552, 0.014034
1505, 70.30569, 0.0142236
1506, 29.60656, 0.0337763
1507, 132.0516, 0.0075728
1508, 70.68836, 0.0141466
1509, 71.29108, 0.014027
1510, 71.69281, 0.0139484
1511, 72.80563, 0.0137352
1512, 72.12562, 0.0138647
1513, 71.83959, 0.0139199
1514, 71.58657, 0.0139691
1515, 70.93054, 0.0140983
1516, 30.0647, 0.0332616
1517, 113.0224, 0.0088478
1518, 70.87172, 0.01411
1519, 75.20776, 0.0132965
1520, 71.27736, 0.0140297
1521, 72.69766, 0.0137556
1522, 71.54509, 0.0139772
1523, 71.20631, 0.0140437
1524, 71.96523, 0.0138956
1525, 70.14689, 0.0142558
1526, 28.33078, 0.0352973
1527, 100.034, 0.0099966
1528, 100.9601, 0.0099049
1529, 71.94969, 0.0138986
1530, 71.71286, 0.0139445
1531, 71.86076, 0.0139158
1532, 71.76021, 0.0139353
1533, 71.71183, 0.0139447
1534, 72.31181, 0.013829
1535, 70.67038, 0.0141502
1536, 30.21349, 0.0330978
1537, 118.4778, 0.0084404
1538, 71.3399, 0.0140174
1539, 71.41071, 0.0140035
1540, 72.1558, 0.0138589
1541, 72.51685, 0.0137899
1542, 71.55072, 0.0139761
1543, 72.22042, 0.0138465
1544, 71.55737, 0.0139748
1545, 70.47117, 0.0141902
1546, 30.32656, 0.0329744
1547, 118.2047, 0.0084599
1548, 71.2606, 0.014033
1549, 71.58453, 0.0139695
1550, 72.24911, 0.013841
1551, 71.08887, 0.0140669
1552, 72.20008, 0.0138504
1553, 71.9083, 0.0139066
1554, 71.74374, 0.0139385
1555, 71.47861, 0.0139902
1556, 30.43621, 0.0328556
1557, 115.4121, 0.0086646
1558, 70.44933, 0.0141946
1559, 72.53841, 0.0137858
1560, 71.98698, 0.0138914
1561, 71.93831, 0.0139008
1562, 71.69898, 0.0139472
1563, 72.18393, 0.0138535
1564, 71.54407, 0.0139774
1565, 70.32003, 0.0142207
1566, 30.18831, 0.0331254
1567, 117.7565, 0.0084921
1568, 71.88608, 0.0139109
1569, 73.35035, 0.0136332
1570, 71.77514, 0.0139324
1571, 71.55533, 0.0139752
1572, 71.22811, 0.0140394
1573, 71.92382, 0.0139036
1574, 71.98595, 0.0138916
1575, 71.18147, 0.0140486
1576, 29.7666, 0.0335947
1577, 119.9372, 0.0083377
1578, 72.83852, 0.013729
1579, 72.08298, 0.0138729
1580, 72.55999, 0.0137817
1581, 71.45664, 0.0139945
1582, 71.98232, 0.0138923
1583, 71.64504, 0.0139577
1584, 71.42755, 0.0140002
1585, 71.29362, 0.0140265
1586, 30.35205, 0.0329467
1587, 115.5909, 0.0086512
1588, 71.31854, 0.0140216
1589, 70.91142, 0.0141021
1590, 73.30142, 0.0136423
1591, 71.40358, 0.0140049
1592, 72.10013, 0.0138696
1593, 71.57991, 0.0139704
1594, 72.15632, 0.0138588
1595, 71.52462, 0.0139812
1596, 29.91603, 0.0334269
1597, 123.2757, 0.0081119
1598, 71.33838, 0.0140177
1599, 71.72881, 0.0139414
1600, 71.28041, 0.0140291
1601, 72.479, 0.0137971
1602, 71.80555, 0.0139265
1603, 72.1199, 0.0138658
1604, 71.35416, 0.0140146
1605, 71.29921, 0.0140254
1606, 29.97198, 0.0333645
1607, 120.0682, 0.0083286
1608, 71.56045, 0.0139742
1609, 71.97559, 0.0138936
1610, 71.44439, 0.0139969
1611, 72.00928, 0.0138871
1612, 72.09338, 0.0138709
1613, 72.09597, 0.0138704
1614, 71.24283, 0.0140365
1615, 71.73087, 0.013941
1616, 30.63716, 0.0326401
1617, 109.5194, 0.0091308
1618, 71.70721, 0.0139456
1619, 73.07858, 0.0136839
1620, 71.28701, 0.0140278
1621, 71.22102, 0.0140408
1622, 71.68407, 0.0139501
1623, 72.95489, 0.0137071
1624, 71.87419, 0.0139132
1625, 70.80097, 0.0141241
1626, 72.71352, 0.0137526
1627, 71.21594, 0.0140418
1628, 71.86024, 0.0139159
1629, 71.74476, 0.0139383
1630, 72.77755, 0.0137405
1631, 71.99735, 0.0138894
1632, 71.33634, 0.0140181
1633, 72.16048, 0.013858
1634, 71.75042, 0.0139372
1635, 71.62349, 0.0139619
1636, 71.28905, 0.0140274
1637, 71.31802, 0.0140217
1638, 71.76845, 0.0139337
1639, 71.8267, 0.0139224
1640, 72.11521, 0.0138667
1641, 71.89538, 0.0139091
1642, 71.03433, 0.0140777
1643, 71.80658, 0.0139263
1644, 72.36676, 0.0138185
1645, 71.68665, 0.0139496
1646, 71.58504, 0.0139694
1647, 69.45216, 0.0143984
1648, 28.46481, 0.0351311
1649, 91.92698, 0.0108782
1650, 111.3846, 0.0089779
1651, 71.69384, 0.0139482
1652, 71.17336, 0.0140502
1653, 72.2439, 0.013842
1654, 71.45256, 0.0139953
1655, 72.61004, 0.0137722
1656, 71.59785, 0.0139669
1657, 70.94614, 0.0140952
1658, 25.02759, 0.0399559
1659, 43.00187, 0.0232548
1660, 149.1447, 0.0067049
1661, 74.5312, 0.0134172
1662, 71.68202, 0.0139505
1663, 72.05182, 0.0138789
1664, 71.49598, 0.0139868
1665, 72.34425, 0.0138228
1666, 71.16222, 0.0140524
1667, 29.71397, 0.0336542
1668, 123.0058, 0.0081297
1669, 71.76639, 0.0139341
1670, 72.76379, 0.0137431
1671, 71.50979, 0.0139841
1672, 71.5057, 0.0139849
1673, 71.73807, 0.0139396
1674, 72.20061, 0.0138503
1675, 71.70309, 0.0139464
1676, 71.0303, 0.0140785
1677, 30.13982, 0.0331787
1678, 117.9955, 0.0084749
1679, 72.03677, 0.0138818
1680, 71.24486, 0.0140361
1681, 72.49686, 0.0137937
1682, 71.70052, 0.0139469
1683, 71.48576, 0.0139888
1684, 71.49956, 0.0139861
1685, 72.70242, 0.0137547
1686, 70.86218, 0.0141119
1687, 29.6291, 0.0337506
1688, 126.6978, 0.0078928
1689, 71.69024, 0.0139489
1690, 71.90054, 0.0139081
1691, 71.78699, 0.0139301
1692, 71.8071, 0.0139262
1693, 71.37555, 0.0140104
1694, 72.69766, 0.0137556
1695, 71.53332, 0.0139795
1696, 70.0815, 0.0142691
1697, 29.46897, 0.033934
1698, 135.2979, 0.0073911
1699, 71.1759, 0.0140497
1700, 71.101, 0.0140645
1701, 72.55578, 0.0137825
1702, 71.99994, 0.0138889
1703, 71.8236, 0.013923
1704, 71.40562, 0.0140045
1705, 70.64891, 0.0141545
1706, 72.09805, 0.01387
1707, 30.05304, 0.0332745
1708, 123.0224, 0.0081286
1709, 71.24587, 0.0140359
1710, 71.28854, 0.0140275
1711, 71.82773, 0.0139222
1712, 72.35942, 0.0138199
1713, 72.06376, 0.0138766
1714, 70.10116, 0.0142651
1715, 73.12668, 0.0136749
1716, 70.0874, 0.0142679
1717, 28.66274, 0.0348885
1718, 158.5892, 0.0063056
1719, 70.79295, 0.0141257
1720, 71.05048, 0.0140745
1721, 72.39294, 0.0138135
1722, 72.44277, 0.013804
1723, 71.62965, 0.0139607
1724, 70.96275, 0.0140919
1725, 72.19643, 0.0138511
1726, 70.38536, 0.0142075
1727, 28.28118, 0.0353592
1728, 166.5806, 0.0060031
1729, 71.49547, 0.0139869
1730, 71.65685, 0.0139554
1731, 72.41025, 0.0138102
1732, 71.51183, 0.0139837
1733, 71.40816, 0.014004
1734, 71.17793, 0.0140493
1735, 73.11865, 0.0136764
1736, 70.92198, 0.0141
1737, 30.08695, 0.033237
1738, 119.653, 0.0083575
1739, 71.71286, 0.0139445
1740, 71.81638, 0.0139244
1741, 71.03484, 0.0140776
1742, 72.61636, 0.013771
1743, 72.01861, 0.0138853
1744, 71.57787, 0.0139708
1745, 71.62554, 0.0139615
1746, 70.98492, 0.0140875
1747, 31.06912, 0.0321863
1748, 106.9141, 0.0093533
1749, 71.94607, 0.0138993
1750, 71.92692, 0.013903
1751, 71.63324, 0.01396
1752, 71.94141, 0.0139002
1753, 70.71736, 0.0141408
1754, 72.68762, 0.0137575
1755, 71.52615, 0.0139809
1756, 70.47912, 0.0141886
1757, 30.29826, 0.0330052
1758, 120.1086, 0.0083258
1759, 71.32159, 0.014021
1760, 72.05389, 0.0138785
1761, 71.84528, 0.0139188
1762, 70.74888, 0.0141345
1763, 72.65541, 0.0137636
1764, 71.75763, 0.0139358
1765, 71.47095, 0.0139917
1766, 71.28143, 0.0140289
1767, 30.26396, 0.0330426
1768, 116.4524, 0.0085872
1769, 71.32871, 0.0140196
1770, 71.64915, 0.0139569
1771, 71.44592, 0.0139966
1772, 72.78127, 0.0137398
1773, 71.03686, 0.0140772
1774, 72.27157, 0.0138367
1775, 71.82825, 0.0139221
1776, 69.91394, 0.0143033
1777, 28.30849, 0.0353251
1778, 128.1903, 0.0078009
1779, 82.58252, 0.0121091
1780, 72.00616, 0.0138877
1781, 71.56608, 0.0139731
1782, 61.10378, 0.0163656
1783, 88.23399, 0.0113335
1784, 71.44439, 0.0139969
1785, 72.07571, 0.0138743
1786, 70.82304, 0.0141197
1787, 30.58974, 0.0326907
1788, 111.5685, 0.0089631
1789, 72.13446, 0.013863
1790, 71.56301, 0.0139737
1791, 70.84863, 0.0141146
1792, 73.90164, 0.0135315
1793, 71.59785, 0.0139669
1794, 71.55788, 0.0139747
1795, 72.14955, 0.0138601
1796, 70.24692, 0.0142355
1797, 28.88479, 0.0346203
1798, 145.6664, 0.006865
1799, 71.07775, 0.0140691
1800, 71.98491, 0.0138918
1801, 72.8555, 0.0137258
1802, 71.27736, 0.0140297
1803, 71.87367, 0.0139133
1804, 71.85508, 0.0139169
1805, 70.23804, 0.0142373
1806, 72.42178, 0.013808
1807, 30.01498, 0.0333167
1808, 121.9066, 0.008203
1809, 71.15868, 0.0140531
1810, 71.9083, 0.0139066
1811, 72.00047, 0.0138888
1812, 71.82308, 0.0139231
1813, 71.57274, 0.0139718
1814, 72.01031, 0.0138869
1815, 72.18393, 0.0138535
1816, 70.78493, 0.0141273
1817, 30.35851, 0.0329397
1818, 115.9904, 0.0086214
1819, 71.28397, 0.0140284
1820, 71.02122, 0.0140803
1821, 71.56198, 0.0139739
1822, 73.28799, 0.0136448
1823, 71.94918, 0.0138987
1824, 71.64761, 0.0139572
1825, 71.86593, 0.0139148
1826, 71.29617, 0.014026
1827, 29.22003, 0.0342231
1828, 130.5398, 0.0076605
1829, 73.15771, 0.0136691
1830, 71.70206, 0.0139466
1831, 71.65788, 0.0139552
1832, 71.0727, 0.0140701
1833, 72.95063, 0.0137079
1834, 71.45613, 0.0139946
1835, 72.21259, 0.013848
1836, 70.61349, 0.0141616
1837, 30.29513, 0.0330086
1838, 116.7842, 0.0085628
1839, 71.92796, 0.0139028
1840, 71.81792, 0.0139241
1841, 71.95487, 0.0138976
1842, 71.80865, 0.0139259
1843, 71.11212, 0.0140623
1844, 71.62605, 0.0139614
1845, 72.77491, 0.013741
1846, 71.1526, 0.0140543
1847, 29.16226, 0.0342909
1848, 136.6027, 0.0073205
1849, 71.87885, 0.0139123
1850, 71.84888, 0.0139181
1851, 23.76742, 0.0420744
1852, 69.04504, 0.0144833
1853, 72.11209, 0.0138673
1854, 73.03748, 0.0136916
1855, 63.49448, 0.0157494
1856, 74.59068, 0.0134065
1857, 83.3139, 0.0120028
1858, 71.80813, 0.013926
1859, 71.59426, 0.0139676
1860, 71.55072, 0.0139761
1861, 72.50107, 0.0137929
1862, 71.62605, 0.0139614
1863, 70.66638, 0.014151
1864, 72.71881, 0.0137516
1865, 71.79472, 0.0139286
1866, 72.23399, 0.0138439
1867, 70.97937, 0.0140886
1868, 72.45432, 0.0138018
1869, 71.87678, 0.0139127
1870, 71.40816, 0.014004
1871, 71.14805, 0.0140552
1872, 72.57684, 0.0137785
1873, 71.87574, 0.0139129
1874, 72.30762, 0.0138298
1875, 71.17235, 0.0140504
1876, 70.9829, 0.0140879
1877, 73.0898, 0.0136818
1878, 71.61631, 0.0139633
1879, 71.68304, 0.0139503
1880, 72.01134, 0.0138867
1881, 71.68973, 0.013949
1882, 71.5062, 0.0139848
1883, 71.11414, 0.0140619
1884, 73.27349, 0.0136475
1885, 71.57325, 0.0139717
1886, 71.38523, 0.0140085
1887, 71.44643, 0.0139965
1888, 72.94744, 0.0137085
1889, 71.46992, 0.0139919
1890, 71.90726, 0.0139068
1891, 72.15893, 0.0138583
1892, 71.78184, 0.0139311
1893, 72.25747, 0.0138394
1894, 70.90841, 0.0141027
1895, 72.52, 0.0137893
1896, 72.05182, 0.0138789
1897, 71.90468, 0.0139073
1898, 70.32843, 0.014219
1899, 72.77438, 0.0137411
1900, 72.02172, 0.0138847
1901, 72.41025, 0.0138102
1902, 70.68587, 0.0141471
1903, 72.79874, 0.0137365
1904, 71.06058, 0.0140725
1905, 70.79947, 0.0141244
1906, 73.48888, 0.0136075
1907, 71.77154, 0.0139331
1908, 71.8071, 0.0139262
1909, 70.66139, 0.014152
1910, 72.87302, 0.0137225
1911, 71.7, 0.013947
1912, 71.72058, 0.013943
1913, 71.95229, 0.0138981
1914, 71.28905, 0.0140274
1915, 71.37555, 0.0140104
1916, 72.26164, 0.0138386
1917, 72.03417, 0.0138823
1918, 72.34529, 0.0138226
1919, 71.26923, 0.0140313
1920, 71.32413, 0.0140205
1921, 72.45537, 0.0138016
1922, 71.70258, 0.0139465
1923, 71.57121, 0.0139721
1924, 72.24911, 0.013841
1925, 70.06334, 0.0142728
1926, 74.41473, 0.0134382
1927, 70.9819, 0.0140881
1928, 72.32488, 0.0138265
1929, 72.18861, 0.0138526
1930, 71.30277, 0.0140247
1931, 71.2129, 0.0140424
1932, 72.94585, 0.0137088
1933, 71.51132, 0.0139838
1934, 71.68819, 0.0139493
1935, 71.65274, 0.0139562
1936, 71.69589, 0.0139478
1937, 72.80935, 0.0137345
1938, 71.84425, 0.013919
1939, 71.41378, 0.0140029
1940, 71.96316, 0.013896
1941, 71.75557, 0.0139362
1942, 70.92198, 0.0141
1943, 72.25225, 0.0138404
1944, 71.98284, 0.0138922
1945, 71.6435, 0.013958
1946, 71.52103, 0.0139819
1947, 71.18248, 0.0140484
1948, 72.99483, 0.0136996
1949, 71.85353, 0.0139172
1950, 71.38472, 0.0140086
1951, 72.63958, 0.0137666
1952, 71.53587, 0.013979
1953, 70.91846, 0.0141007
1954, 72.10845, 0.013868
1955, 71.80142, 0.0139273
1956, 72.57737, 0.0137784
1957, 71.83598, 0.0139206
1958, 71.62503, 0.0139616
1959, 70.74337, 0.0141356
1960, 73.13042, 0.0136742
1961, 71.18755, 0.0140474
1962, 72.16621, 0.0138569
1963, 71.94452, 0.0138996
1964, 71.07977, 0.0140687
1965, 72.31338, 0.0138287
1966, 72.49213, 0.0137946
1967, 71.4449, 0.0139968
1968, 71.57632, 0.0139711
1969, 72.41392, 0.0138095
1970, 71.96574, 0.0138955
1971, 71.59477, 0.0139675
1972, 72.1881, 0.0138527
1973, 71.34754, 0.0140159
1974, 72.3961, 0.0138129
1975, 70.91193, 0.014102
1976, 72.1532, 0.0138594
1977, 72.12874, 0.0138641
1978, 71.71903, 0.0139433
1979, 70.55968, 0.0141724
1980, 72.22877, 0.0138449
1981, 72.67442, 0.01376
1982, 71.56045, 0.0139742
1983, 72.00824, 0.0138873
1984, 71.80813, 0.013926
1985, 71.36129, 0.0140132
1986, 71.83753, 0.0139203
1987, 72.39924, 0.0138123
1988, 71.5497, 0.0139763
1989, 70.62845, 0.0141586
1990, 73.16092, 0.0136685
1991, 71.65531, 0.0139557
1992, 72.33953, 0.0138237
1993, 71.71955, 0.0139432
1994, 71.3282, 0.0140197
1995, 71.68562, 0.0139498
1996, 71.91917, 0.0139045
1997, 70.2716, 0.0142305
1998, 74.02911, 0.0135082
1999, 71.37861, 0.0140098
2000, 72.25329, 0.0138402
2001, 70.15328, 0.0142545
2002, 74.00008, 0.0135135
2003, 71.32922, 0.0140195
2004, 71.68407, 0.0139501
2005, 72.27679, 0.0138357
2006, 71.52974, 0.0139802
2007, 72.00357, 0.0138882
2008, 71.22964, 0.0140391
2009, 72.46377, 0.0138
2010, 71.41327, 0.014003
2011, 71.83083, 0.0139216
2012, 71.71749, 0.0139436
2013, 72.3809, 0.0138158
2014, 71.94193, 0.0139001
2015, 71.06412, 0.0140718
2016, 71.64299, 0.0139581
2017, 71.82205, 0.0139233
2018, 72.67178, 0.0137605
2019, 69.62964, 0.0143617
2020, 74.01102, 0.0135115
2021, 70.26321, 0.0142322
2022, 72.92722, 0.0137123
2023, 72.20113, 0.0138502
2024, 71.93262, 0.0139019
2025, 71.74991, 0.0139373
2026, 71.9901, 0.0138908
2027, 71.5057, 0.0139849
2028, 72.08974, 0.0138716
2029, 71.86128, 0.0139157
2030, 71.02727, 0.0140791
2031, 72.28097, 0.0138349
2032, 72.05234, 0.0138788
2033, 71.40103, 0.0140054
2034, 72.29089, 0.013833
2035, 70.88629, 0.0141071
2036, 71.9083, 0.0139066
2037, 72.50159, 0.0137928
2038, 71.58298, 0.0139698
2039, 72.13134, 0.0138636
2040, 35.77152, 0.0279552
2041, 72.17663, 0.0138549
2042, 72.1355, 0.0138628
2043, 71.98439, 0.0138919
2044, 71.48525, 0.0139889
2045, 72.29665, 0.0138319
2046, 71.71081, 0.0139449
2047, 71.81277, 0.0139251
2048, 71.72109, 0.0139429
2049, 71.75403, 0.0139365
2050, 71.74219, 0.0139388
2051, 70.7679, 0.0141307
2052, 73.03855, 0.0136914
2053, 71.70772, 0.0139455
2054, 72.14903, 0.0138602
2055, 71.60657, 0.0139652
2056, 71.96108, 0.0138964
2057, 71.49802, 0.0139864
2058, 71.87988, 0.0139121
2059, 72.0809, 0.0138733
2060, 71.52666, 0.0139808
2061, 71.97507, 0.0138937
2062, 71.21391, 0.0140422
2063, 70.56167, 0.014172
2064, 73.67079, 0.0135739
2065, 72.38876, 0.0138143
2066, 71.49854, 0.0139863
2067, 71.64248, 0.0139582
2068, 71.70978, 0.0139451
2069, 72.01342, 0.0138863
2070, 70.88077, 0.0141082
2071, 72.67283, 0.0137603
2072, 72.15267, 0.0138595
2073, 71.23928, 0.0140372
2074, 71.25806, 0.0140335
2075, 73.10316, 0.0136793
2076, 72.33116, 0.0138253
2077, 71.76433, 0.0139345
2078, 71.58401, 0.0139696
2079, 71.87522, 0.013913
2080, 71.80194, 0.0139272
2081, 70.67638, 0.014149
2082, 72.79874, 0.0137365
2083, 71.74271, 0.0139387
2084, 70.54922, 0.0141745
2085, 73.33744, 0.0136356
2086, 71.79627, 0.0139283
2087, 71.72881, 0.0139414
2088, 71.57735, 0.0139709
2089, 72.57737, 0.0137784
2090, 70.80197, 0.0141239
2091, 72.36676, 0.0138185
2092, 71.93675, 0.0139011
2093, 71.86231, 0.0139155
2094, 71.18704, 0.0140475
2095, 71.76021, 0.0139353
2096, 72.61004, 0.0137722
2097, 71.89279, 0.0139096
2098, 71.11819, 0.0140611
2099, 72.30501, 0.0138303
2100, 71.86903, 0.0139142
2101, 72.19018, 0.0138523
2102, 71.11566, 0.0140616
2103, 72.51894, 0.0137895
2104, 71.47503, 0.0139909
2105, 71.82257, 0.0139232
2106, 71.32006, 0.0140213
2107, 72.6496, 0.0137647
2108, 71.69589, 0.0139478
2109, 71.92072, 0.0139042
2110, 71.33889, 0.0140176
2111, 72.19747, 0.0138509
2112, 72.01653, 0.0138857
2113, 70.52137, 0.0141801
2114, 72.83003, 0.0137306
2115, 70.86569, 0.0141112
2116, 73.59272, 0.0135883
2117, 69.95061, 0.0142958
2118, 73.42737, 0.0136189
2119, 71.1015, 0.0140644
2120, 72.14903, 0.0138602
2121, 71.7803, 0.0139314
2122, 71.69795, 0.0139474
2123, 71.45409, 0.013995
2124, 72.45064, 0.0138025
2125, 71.88659, 0.0139108
2126, 70.96326, 0.0140918
2127, 72.97565, 0.0137032
2128, 69.94524, 0.0142969
2129, 73.52887, 0.0136001
2130, 71.56045, 0.0139742
2131, 71.97144, 0.0138944
2132, 72.0015, 0.0138886
2133, 72.00357, 0.0138882
2134, 71.64299, 0.0139581
2135, 71.41582, 0.0140025
2136, 71.91451, 0.0139054
2137, 72.29456, 0.0138323
2138, 71.70875, 0.0139453
2139, 71.12426, 0.0140599
2140, 72.70665, 0.0137539
2141, 71.5057, 0.0139849
2142, 72.49055, 0.0137949
2143, 72.22042, 0.0138465
2144, 70.95168, 0.0140941
2145, 72.53735, 0.013786
2146, 58.37235, 0.0171314
2147, 56.43914, 0.0177182
2148, 140.0796, 0.0071388
2149, 73.56944, 0.0135926
2150, 70.82855, 0.0141186
2151, 72.91978, 0.0137137
2152, 71.68716, 0.0139495
2153, 71.38319, 0.0140089
2154, 71.63375, 0.0139599
2155, 71.74837, 0.0139376
2156, 72.49213, 0.0137946
2157, 71.72623, 0.0139419
2158, 71.64966, 0.0139568
2159, 71.89899, 0.0139084
2160, 72.2079, 0.0138489
2161, 71.20174, 0.0140446
2162, 72.11573, 0.0138666
2163, 71.91451, 0.0139054
2164, 71.06462, 0.0140717
2165, 72.04767, 0.0138797
2166, 72.40448, 0.0138113
2167, 72.08506, 0.0138725
2168, 71.57632, 0.0139711
2169, 72.08298, 0.0138729
2170, 71.5011, 0.0139858
2171, 71.64094, 0.0139585
2172, 71.97662, 0.0138934
2173, 72.19486, 0.0138514
2174, 71.83856, 0.0139201
2175, 71.12376, 0.01406
2176, 72.11937, 0.0138659
2177, 71.85664, 0.0139166
2178, 71.9818, 0.0138924
2179, 71.6358, 0.0139595
2180, 72.35419, 0.0138209
2181, 71.28905, 0.0140274
2182, 72.40868, 0.0138105
2183, 70.47912, 0.0141886
2184, 73.18501, 0.013664
2185, 72.06792, 0.0138758
2186, 71.36842, 0.0140118
2187, 71.88659, 0.0139108
2188, 72.0321, 0.0138827
2189, 71.08938, 0.0140668
2190, 71.55174, 0.0139759
2191, 72.33221, 0.0138251
2192, 72.49844, 0.0137934
2193, 71.80349, 0.0139269
2194, 70.31212, 0.0142223
2195, 73.1636, 0.013668
2196, 72.16621, 0.0138569
2197, 71.33228, 0.0140189
2198, 71.73087, 0.013941
2199, 71.88969, 0.0139102
2200, 71.85198, 0.0139175
2201, 71.76124, 0.0139351
2202, 71.18907, 0.0140471
2203, 72.23138, 0.0138444
2204, 72.82897, 0.0137308
2205, 70.67587, 0.0141491
2206, 71.53536, 0.0139791
2207, 71.50877, 0.0139843
2208, 72.21312, 0.0138479
2209, 71.59939, 0.0139666
2210, 71.14248, 0.0140563
2211, 72.50423, 0.0137923
2212, 71.30176, 0.0140249
2213, 71.61579, 0.0139634
2214, 73.15343, 0.0136699
2215, 71.93003, 0.0139024
2216, 69.26503, 0.0144373
2217, 27.45835, 0.0364188
2218, 135.1717, 0.007398
2219, 90.57643, 0.0110404
2220, 61.53202, 0.0162517
2221, 85.78094, 0.0116576
2222, 71.68459, 0.01395
2223, 71.23674, 0.0140377
2224, 72.69608, 0.0137559
2225, 71.80607, 0.0139264
2226, 70.48508, 0.0141874
2227, 29.96964, 0.0333671
2228, 122.8139, 0.0081424
2229, 70.03194, 0.0142792
2230, 72.73203, 0.0137491
2231, 71.8494, 0.013918
2232, 70.65739, 0.0141528
2233, 72.89108, 0.0137191
2234, 71.94711, 0.0138991
2235, 71.9202, 0.0139043
2236, 70.28593, 0.0142276
2237, 29.62533, 0.0337549
2238, 131.794, 0.0075876
2239, 70.00497, 0.0142847
2240, 72.28986, 0.0138332
2241, 72.01447, 0.0138861
2242, 70.94262, 0.0140959
2243, 72.17351, 0.0138555
2244, 72.49844, 0.0137934
2245, 71.83701, 0.0139204
2246, 70.55321, 0.0141737
2247, 29.90458, 0.0334397
2248, 126.6624, 0.007895
2249, 70.50396, 0.0141836
2250, 71.63734, 0.0139592
2251, 72.25225, 0.0138404
2252, 70.53678, 0.014177
2253, 73.11064, 0.0136779
2254, 71.7633, 0.0139347
2255, 71.78802, 0.0139299
2256, 70.86419, 0.0141115
2257, 30.24245, 0.0330661
2258, 119.5214, 0.0083667
2259, 70.4528, 0.0141939
2260, 72.93946, 0.01371
2261, 70.82604, 0.0141191
2262, 72.76749, 0.0137424
2263, 71.74785, 0.0139377
2264, 71.94607, 0.0138993
2265, 71.51899, 0.0139823
2266, 71.36333, 0.0140128
2267, 30.15109, 0.0331663
2268, 117.4936, 0.0085111
2269, 71.80555, 0.0139265
2270, 71.55225, 0.0139758
2271, 72.48583, 0.0137958
2272, 70.76239, 0.0141318
2273, 72.2079, 0.0138489
2274, 72.43804, 0.0138049
2275, 71.77978, 0.0139315
2276, 70.49203, 0.014186
2277, 29.91603, 0.0334269
2278, 124.9688, 0.008002
2279, 71.20834, 0.0140433
2280, 70.49502, 0.0141854
2281, 73.19305, 0.0136625
2282, 71.83083, 0.0139216
2283, 72.03054, 0.013883
2284, 71.67072, 0.0139527
2285, 71.02424, 0.0140797
2286, 71.61067, 0.0139644
2287, 29.17212, 0.0342793
2288, 141.0636, 0.007089
2289, 70.59754, 0.0141648
2290, 70.73686, 0.0141369
2291, 73.81654, 0.0135471
2292, 71.47554, 0.0139908
2293, 71.67791, 0.0139513
2294, 71.90054, 0.0139081
2295, 72.18497, 0.0138533
2296, 70.1715, 0.0142508
2297, 31.03335, 0.0322234
2298, 107.0996, 0.0093371
2299, 72.1558, 0.0138589
2300, 71.86283, 0.0139154
2301, 71.57478, 0.0139714
2302, 72.19747, 0.0138509
2303, 71.16779, 0.0140513
2304, 71.54867, 0.0139765
2305, 72.80193, 0.0137359
2306, 71.01264, 0.014082
2307, 30.13809, 0.0331806
2308, 118.4483, 0.0084425
2309, 71.82515, 0.0139227
2310, 71.35009, 0.0140154
2311, 72.20737, 0.013849
2312, 71.75454, 0.0139364
2313, 71.37606, 0.0140103
2314, 72.38928, 0.0138142
2315, 71.78596, 0.0139303
2316, 70.98743, 0.014087
2317, 29.91397, 0.0334292
2318, 123.9265, 0.0080693
2319, 71.38727, 0.0140081
2320, 71.68716, 0.0139495
2321, 72.1355, 0.0138628
2322, 71.50928, 0.0139842
2323, 71.20884, 0.0140432
2324, 72.60741, 0.0137727
2325, 71.604, 0.0139657
2326, 70.60352, 0.0141636
2327, 28.59153, 0.0349754
2328, 148.8516, 0.0067181
2329, 73.30196, 0.0136422
2330, 71.77205, 0.013933
2331, 71.44797, 0.0139962
2332, 72.20321, 0.0138498
2333, 71.5794, 0.0139705
2334, 71.69024, 0.0139489
2335, 72.18184, 0.0138539
2336, 69.88218, 0.0143098
2337, 30.32922, 0.0329715
2338, 114.1735, 0.0087586
2339, 72.57895, 0.0137781
2340, 71.33482, 0.0140184
2341, 70.78143, 0.014128
2342, 60.93845, 0.01641
2343, 89.83031, 0.0111321
2344, 71.22761, 0.0140395
2345, 72.39347, 0.0138134
2346, 70.08445, 0.0142685
2347, 28.50489, 0.0350817
2348, 126.5374, 0.0079028
2349, 82.52663, 0.0121173
2350, 71.35569, 0.0140143
2351, 72.3432, 0.013823
2352, 71.15057, 0.0140547
2353, 72.23085, 0.0138445
2354, 71.89331, 0.0139095
2355, 71.66917, 0.013953
2356, 70.82805, 0.0141187
2357, 29.94971, 0.0333893
2358, 124.0002, 0.0080645
2359, 71.13589, 0.0140576
2360, 71.86696, 0.0139146
2361, 71.03433, 0.0140777
2362, 73.02362, 0.0136942
2363, 71.45664, 0.0139945
2364, 71.94193, 0.0139001
2365, 72.02224, 0.0138846
2366, 70.64242, 0.0141558
2367, 29.86537, 0.0334836
2368, 123.9787, 0.0080659
2369, 71.81792, 0.0139241
2370, 71.38727, 0.0140081
2371, 71.81535, 0.0139246
2372, 71.56096, 0.0139741
2373, 72.60424, 0.0137733
2374, 71.82412, 0.0139229
2375, 71.01869, 0.0140808
2376, 71.62914, 0.0139608
2377, 29.27726, 0.0341562
2378, 136.7465, 0.0073128
2379, 70.93054, 0.0140983
2380, 72.19018, 0.0138523
2381, 71.18857, 0.0140472
2382, 72.40868, 0.0138105
2383, 71.57478, 0.0139714
2384, 70.61449, 0.0141614
2385, 73.04922, 0.0136894
2386, 71.06159, 0.0140723
2387, 29.37004, 0.0340483
2388, 129.7943, 0.0077045
2389, 73.50401, 0.0136047
2390, 71.65942, 0.0139549
2391, 71.68202, 0.0139505
2392, 71.5456, 0.0139771
2393, 72.10533, 0.0138686
2394, 71.31396, 0.0140225
2395, 72.35576, 0.0138206
2396, 71.04392, 0.0140758
2397, 28.5192, 0.0350641
2398, 152.5181, 0.0065566
2399, 71.52615, 0.0139809
2400, 71.16121, 0.0140526
2401, 72.44382, 0.0138038
2402, 71.73035, 0.0139411
2403, 72.19591, 0.0138512
2404, 71.34805, 0.0140158
2405, 72.63641, 0.0137672
2406, 70.48558, 0.0141873
2407, 72.74896, 0.0137459
2408, 71.94918, 0.0138987
2409, 71.1911, 0.0140467
2410, 72.15215, 0.0138596
2411, 71.42448, 0.0140008
2412, 72.19226, 0.0138519
2413, 71.11465, 0.0140618
2414, 73.08553, 0.0136826
2415, 71.50826, 0.0139844
2416, 71.973, 0.0138941
2417, 71.02525, 0.0140795
2418, 71.74167, 0.0139389
2419, 72.44854, 0.0138029
2420, 71.75145, 0.013937
2421, 71.63837, 0.013959
2422, 72.22407, 0.0138458
2423, 71.70618, 0.0139458
2424, 71.0076, 0.014083
2425, 73.06203, 0.013687
2426, 71.6625, 0.0139543
2427, 71.89072, 0.01391
2428, 70.9074, 0.0141029
2429, 72.79345, 0.0137375
2430, 70.89785, 0.0141048
2431, 72.74155, 0.0137473
2432, 71.91554, 0.0139052
2433, 71.56915, 0.0139725
2434, 72.17976, 0.0138543
2435, 70.7614, 0.014132
2436, 67.37092, 0.0148432
2437, 74.79432, 0.01337
2438, 70.73936, 0.0141364
2439, 28.23056, 0.0354226
2440, 36.55799, 0.0273538
2441, 153.8391, 0.0065003
2442, 71.18096, 0.0140487
2443, 74.62074, 0.0134011
2444, 71.54304, 0.0139776
2445, 71.81483, 0.0139247
2446, 71.76227, 0.0139349
2447, 72.39871, 0.0138124
2448, 72.08506, 0.0138725
2449, 71.25908, 0.0140333
2450, 71.13033, 0.0140587
2451, 72.33064, 0.0138254
2452, 71.25704, 0.0140337
2453, 72.62955, 0.0137685
2454, 70.85867, 0.0141126
2455, 72.94904, 0.0137082
2456, 71.94296, 0.0138999
2457, 71.33482, 0.0140184
2458, 71.71492, 0.0139441
2459, 72.34686, 0.0138223
2460, 71.66045, 0.0139547
2461, 71.22102, 0.0140408
2462, 72.60741, 0.0137727
2463, 71.68562, 0.0139498
2464, 71.6317, 0.0139603
2465, 71.67123, 0.0139526
2466, 72.32541, 0.0138264
2467, 71.4352, 0.0139987
2468, 72.49213, 0.0137946
2469, 71.38829, 0.0140079
2470, 71.54457, 0.0139773
2471, 71.77205, 0.013933
2472, 71.65274, 0.0139562
2473, 72.39977, 0.0138122
2474, 71.69692, 0.0139476
2475, 71.70361, 0.0139463
2476, 71.69795, 0.0139474
2477, 70.64742, 0.0141548
2478, 73.49105, 0.0136071
2479, 71.64504, 0.0139577
2480, 71.77824, 0.0139318
2481, 72.22302, 0.013846
2482, 70.85967, 0.0141124
2483, 71.99113, 0.0138906
2484, 72.81518, 0.0137334
2485, 70.97333, 0.0140898
2486, 72.46062, 0.0138006
2487, 70.82655, 0.014119
2488, 72.73309, 0.0137489
2489, 71.94193, 0.0139001
2490, 71.73498, 0.0139402
2491, 71.03231, 0.0140781
2492, 72.29299, 0.0138326
2493, 71.75609, 0.0139361
2494, 71.79782, 0.013928
2495, 72.31442, 0.0138285
2496, 71.78751, 0.01393
2497, 71.79936, 0.0139277
2498, 71.45613, 0.0139946
2499, 72.08402, 0.0138727
2500, 71.868, 0.0139144
2501, 72.01083, 0.0138868
2502, 71.55788, 0.0139747
2503, 71.84269, 0.0139193
2504, 72.03832, 0.0138815
2505, 70.96326, 0.0140918
2506, 72.63008, 0.0137684
2507, 35.79803, 0.0279345
2508, 72.06013, 0.0138773
2509, 71.97766, 0.0138932
2510, 71.20681, 0.0140436
2511, 72.66492, 0.0137618
2512, 71.16982, 0.0140509
2513, 72.5742, 0.013779
2514, 71.57632, 0.0139711
2515, 70.97685, 0.0140891
2516, 72.84701, 0.0137274
2517, 71.38166, 0.0140092
2518, 72.18497, 0.0138533
2519, 71.91709, 0.0139049
2520, 72.10065, 0.0138695
2521, 71.39186, 0.0140072
2522, 71.61631, 0.0139633
2523, 70.73186, 0.0141379
2524, 72.99004, 0.0137005
2525, 71.7494, 0.0139374
2526, 71.3104, 0.0140232
2527, 71.64248, 0.0139582
2528, 73.27833, 0.0136466
2529, 70.95319, 0.0140938
2530, 72.07571, 0.0138743
2531, 71.97921, 0.0138929
2532, 72.34947, 0.0138218
2533, 71.41888, 0.0140019
2534, 71.44592, 0.0139966
2535, 72.17038, 0.0138561
2536, 71.69898, 0.0139472
2537, 70.50744, 0.0141829
2538, 73.62198, 0.0135829
2539, 71.66558, 0.0139537
2540, 70.62247, 0.0141598
2541, 73.10369, 0.0136792
2542, 72.03521, 0.0138821
2543, 71.51388, 0.0139833
2544, 71.63273, 0.0139601
2545, 71.86334, 0.0139153
2546, 72.15424, 0.0138592
2547, 71.62965, 0.0139607
2548, 71.39542, 0.0140065
2549, 72.20998, 0.0138485
2550, 72.01965, 0.0138851
2551, 71.71903, 0.0139433
2552, 71.32464, 0.0140204
2553, 72.46429, 0.0137999
2554, 72.04455, 0.0138803
2555, 71.52462, 0.0139812
2556, 71.99372, 0.0138901
2557, 71.30481, 0.0140243
2558, 71.9409, 0.0139003
2559, 71.53536, 0.0139791
2560, 70.83959, 0.0141164
2561, 72.80882, 0.0137346
2562, 72.05701, 0.0138779
2563, 72.5079, 0.0137916
2564, 72.49319, 0.0137944
2565, 71.56506, 0.0139733
2566, 71.14653, 0.0140555
2567, 71.73756, 0.0139397
2568, 71.6666, 0.0139535
2569, 71.58913, 0.0139686
2570, 72.03054, 0.013883
2571, 72.25329, 0.0138402
2572, 71.6738, 0.0139521
2573, 71.53536, 0.0139791
2574, 72.31966, 0.0138275
2575, 71.97507, 0.0138937
2576, 71.28397, 0.0140284
2577, 72.46114, 0.0138005
2578, 71.46584, 0.0139927
2579, 71.90882, 0.0139065
2580, 71.16678, 0.0140515
2581, 71.85095, 0.0139177
2582, 72.70876, 0.0137535
2583, 71.02273, 0.01408
2584, 70.74638, 0.014135
2585, 74.04556, 0.0135052
2586, 71.77514, 0.0139324
2587, 71.51848, 0.0139824
2588, 71.47095, 0.0139917
2589, 72.32227, 0.013827
2590, 71.5794, 0.0139705
2591, 71.9958, 0.0138897
2592, 70.73936, 0.0141364
2593, 72.76855, 0.0137422
2594, 71.46175, 0.0139935
2595, 72.26687, 0.0138376
2596, 70.91746, 0.0141009
2597, 73.23325, 0.013655
2598, 71.63529, 0.0139596
2599, 71.19312, 0.0140463
2600, 72.67812, 0.0137593
2601, 71.23624, 0.0140378
2602, 71.69332, 0.0139483
2603, 70.78995, 0.0141263
2604, 73.07271, 0.013685
2605, 72.08142, 0.0138732
2606, 71.57632, 0.0139711
2607, 71.94245, 0.0139
2608, 71.63786, 0.0139591
2609, 71.91761, 0.0139048
2610, 72.00201, 0.0138885
2611, 71.45562, 0.0139947
2612, 72.30762, 0.0138298
2613, 71.82308, 0.0139231
2614, 70.48558, 0.0141873
2615, 73.07164, 0.0136852
2616, 71.65017, 0.0139567
2617, 72.02535, 0.013884
2618, 71.48933, 0.0139881
2619, 71.68613, 0.0139497
2620, 72.23294, 0.0138441
2621, 70.75388, 0.0141335
2622, 72.19174, 0.013852
2623, 72.92085, 0.0137135
2624, 72.11469, 0.0138668
2625, 70.50744, 0.0141829
2626, 71.92175, 0.013904
2627, 72.97885, 0.0137026
2628, 71.81638, 0.0139244
2629, 71.04038, 0.0140765
2630, 72.45537, 0.0138016
2631, 71.60964, 0.0139646
2632, 71.25552, 0.014034
2633, 72.53262, 0.0137869
2634, 71.40256, 0.0140051
2635, 71.61887, 0.0139628
2636, 71.59682, 0.0139671
2637, 72.82155, 0.0137322
2638, 71.61528, 0.0139635
2639, 71.81277, 0.0139251
2640, 71.71338, 0.0139444
2641, 72.15163, 0.0138597
2642, 71.77721, 0.013932
2643, 70.98743, 0.014087
2644, 71.97559, 0.0138936
2645, 72.50002, 0.0137931
2646, 70.36703, 0.0142112
2647, 70.38982, 0.0142066
2648, 74.91254, 0.0133489
2649, 71.90417, 0.0139074
2650, 71.62195, 0.0139622
2651, 72.02068, 0.0138849
2652, 71.48525, 0.0139889
2653, 71.94865, 0.0138988
2654, 71.30684, 0.0140239
2655, 72.35419, 0.0138209
2656, 71.2205, 0.0140409
2657, 72.1355, 0.0138628
2658, 71.24638, 0.0140358
2659, 72.54683, 0.0137842
2660, 71.98077, 0.0138926
2661, 58.88415, 0.0169825
2662, 54.7022, 0.0182808
2663, 151.2059, 0.0066135
2664, 72.12249, 0.0138653
2665, 71.22152, 0.0140407
2666, 72.61214, 0.0137718
2667, 71.64042, 0.0139586
2668, 72.07571, 0.0138743
2669, 70.54176, 0.014176
2670, 73.32239, 0.0136384
2671, 71.47656, 0.0139906
2672, 71.94038, 0.0139004
2673, 72.03937, 0.0138813
2674, 71.65685, 0.0139554
2675, 71.0313, 0.0140783
2676, 72.79133, 0.0137379
2677, 71.26974, 0.0140312
2678, 71.37199, 0.0140111
2679, 72.66333, 0.0137621
2680, 70.71285, 0.0141417
2681, 73.08232, 0.0136832
2682, 71.36027, 0.0140134
2683, 72.12093, 0.0138656
2684, 71.57325, 0.0139717
2685, 71.87212, 0.0139136
2686, 72.0321, 0.0138827
2687, 71.20225, 0.0140445
2688, 72.67653, 0.0137596
2689, 71.23521, 0.014038
2690, 72.19904, 0.0138506
2691, 70.59754, 0.0141648
2692, 73.16413, 0.0136679
2693, 71.45562, 0.0139947
2694, 72.02639, 0.0138838
2695, 71.58811, 0.0139688
2696, 71.94969, 0.0138986
2697, 71.64145, 0.0139584
2698, 71.90313, 0.0139076
2699, 72.04352, 0.0138805
2700, 72.14227, 0.0138615
2701, 70.74787, 0.0141347
2702, 71.69127, 0.0139487
2703, 72.55104, 0.0137834
2704, 72.41916, 0.0138085
2705, 71.65017, 0.0139567
2706, 71.04745, 0.0140751
2707, 72.38037, 0.0138159
2708, 72.02587, 0.0138839
2709, 71.52257, 0.0139816
2710, 72.09338, 0.0138709
2711, 71.78493, 0.0139305
2712, 71.77308, 0.0139328
2713, 71.85664, 0.0139166
2714, 72.16726, 0.0138567
2715, 71.77566, 0.0139323
2716, 71.9818, 0.0138924
2717, 71.47963, 0.01399
2718, 72.29978, 0.0138313
2719, 71.70824, 0.0139454
2720, 71.65839, 0.0139551
2721, 71.94865, 0.0138988
2722, 71.74271, 0.0139387
2723, 71.09139, 0.0140664
2724, 71.73602, 0.01394
2725, 72.86028, 0.0137249
2726, 71.56813, 0.0139727
2727, 72.16673, 0.0138568
2728, 71.88453, 0.0139112
2729, 71.23624, 0.0140378
2730, 71.95383, 0.0138978
2731, 72.27366, 0.0138363
2732, 71.59888, 0.0139667
2733, 71.06462, 0.0140717
2734, 73.23915, 0.0136539
2735, 70.39774, 0.014205
2736, 73.46352, 0.0136122
2737, 71.02475, 0.0140796
2738, 72.32279, 0.0138269
2739, 71.69795, 0.0139474
2740, 71.85095, 0.0139177
2741, 70.45578, 0.0141933
2742, 73.28906, 0.0136446
2743, 71.90313, 0.0139076
2744, 71.46278, 0.0139933
2745, 71.8959, 0.013909
2746, 71.11971, 0.0140608
2747, 71.94555, 0.0138994
2748, 72.27574, 0.0138359
2749, 72.4748, 0.0137979
2750, 71.56147, 0.013974
2751, 71.50826, 0.0139844
2752, 71.42603, 0.0140005
2753, 70.66838, 0.0141506
2754, 73.89345, 0.013533
2755, 71.81123, 0.0139254
2756, 71.8556, 0.0139168
2757, 70.81401, 0.0141215
2758, 72.9714, 0.013704
2759, 70.88881, 0.0141066
2760, 73.07431, 0.0136847
2761, 71.39236, 0.0140071
2762, 71.66404, 0.013954
2763, 71.81174, 0.0139253
2764, 71.55328, 0.0139756
2765, 71.71594, 0.0139439
2766, 72.46535, 0.0137997
2767, 71.5584, 0.0139746
2768, 71.03584, 0.0140774
2769, 72.88046, 0.0137211
2770, 71.93779, 0.0139009
2771, 71.23674, 0.0140377
2772, 72.47952, 0.013797
2773, 71.45562, 0.0139947
2774, 71.9021, 0.0139078
2775, 71.49701, 0.0139866
2776, 72.02016, 0.013885
2777, 71.94141, 0.0139002
2778, 72.0991, 0.0138698
2779, 70.54674, 0.014175
2780, 72.79874, 0.0137365
2781, 72.06429, 0.0138765
2782, 71.66917, 0.013953
2783, 71.17134, 0.0140506
2784, 72.68023, 0.0137589
2785, 71.87626, 0.0139128
2786, 70.06383, 0.0142727
2787, 73.16573, 0.0136676
2788, 71.45511, 0.0139948
2789, 72.38928, 0.0138142
2790, 70.79646, 0.014125
2791, 72.74155, 0.0137473
2792, 71.65531, 0.0139557
2793, 72.4092, 0.0138104
2794, 71.68922, 0.0139491
2795, 71.4398, 0.0139978
2796, 71.42194, 0.0140013
2797, 72.56104, 0.0137815
2798, 71.9818, 0.0138924
2799, 71.61375, 0.0139638
2800, 71.86903, 0.0139142
2801, 70.59255, 0.0141658
2802, 73.18555, 0.0136639
2803, 71.40052, 0.0140055
2804, 72.41496, 0.0138093
2805, 71.26771, 0.0140316
2806, 71.5011, 0.0139858
2807, 72.35523, 0.0138207
2808, 71.83289, 0.0139212
2809, 71.97092, 0.0138945
2810, 71.91554, 0.0139052
2811, 71.43775, 0.0139982
2812, 70.87022, 0.0141103
2813, 72.67759, 0.0137594
2814, 72.43804, 0.0138049
2815, 71.0919, 0.0140663
2816, 71.59221, 0.013968
2817, 71.7067, 0.0139457
2818, 71.80246, 0.0139271
2819, 71.29718, 0.0140258
2820, 72.27314, 0.0138364
2821, 71.59477, 0.0139675
2822, 72.34791, 0.0138221
2823, 69.33178, 0.0144234
2824, 28.55307, 0.0350225
2825, 121.9408, 0.0082007
2826, 84.05339, 0.0118972
2827, 60.75814, 0.0164587
2828, 88.61163, 0.0112852
2829, 71.56506, 0.0139733
2830, 71.83134, 0.0139215
2831, 72.06792, 0.0138758
2832, 71.80297, 0.013927
2833, 70.85816, 0.0141127
2834, 29.12548, 0.0343342
2835, 138.7463, 0.0072074
2836, 71.61682, 0.0139632
2837, 71.67842, 0.0139512
2838, 71.91451, 0.0139054
2839, 71.13287, 0.0140582
2840, 72.28254, 0.0138346
2841, 71.68819, 0.0139493
2842, 71.95539, 0.0138975
2843, 70.89785, 0.0141048
2844, 30.14281, 0.0331754
2845, 118.4708, 0.0084409
2846, 71.85715, 0.0139165
2847, 71.97714, 0.0138933
2848, 71.80503, 0.0139266
2849, 71.89899, 0.0139084
2850, 71.84063, 0.0139197
2851, 71.89279, 0.0139096
2852, 71.28752, 0.0140277
2853, 70.97987, 0.0140885
2854, 30.64589, 0.0326308
2855, 113.3555, 0.0088218
2856, 71.38319, 0.0140089
2857, 71.31905, 0.0140215
2858, 71.89021, 0.0139101
2859, 71.7391, 0.0139394
2860, 72.49055, 0.0137949
2861, 71.68459, 0.01395
2862, 72.05026, 0.0138792
2863, 70.46124, 0.0141922
2864, 30.01047, 0.0333217
2865, 122.1449, 0.008187
2866, 71.18857, 0.0140472
2867, 71.74528, 0.0139382
2868, 71.79782, 0.013928
2869, 72.04299, 0.0138806
2870, 72.39243, 0.0138136
2871, 71.10959, 0.0140628
2872, 72.45694, 0.0138013
2873, 69.69078, 0.0143491
2874, 29.95124, 0.0333876
2875, 128.2216, 0.007799
2876, 70.35961, 0.0142127
2877, 72.21886, 0.0138468
2878, 72.11625, 0.0138665
2879, 71.57325, 0.0139717
2880, 70.90087, 0.0141042
2881, 73.2177, 0.0136579
2882, 71.64812, 0.0139571
2883, 70.02457, 0.0142807
2884, 29.06765, 0.0344025
2885, 144.5108, 0.0069199
2886, 71.01466, 0.0140816
2887, 72.02898, 0.0138833
2888, 72.20477, 0.0138495
2889, 71.68407, 0.0139501
2890, 72.03313, 0.0138825
2891, 70.67537, 0.0141492
2892, 72.2079, 0.0138489
2893, 72.16257, 0.0138576
2894, 30.16955, 0.033146
2895, 117.1797, 0.0085339
2896, 70.26123, 0.0142326
2897, 73.57756, 0.0135911
2898, 71.67277, 0.0139523
2899, 23.90675, 0.0418292
2900, 71.32566, 0.0140202
2901, 72.40395, 0.0138114
2902, 30.07962, 0.0332451
2903, 120.0639, 0.0083289
2904, 71.28143, 0.0140289
2905, 71.30227, 0.0140248
2906, 71.90054, 0.0139081
2907, 71.8365, 0.0139205
2908, 71.27025, 0.0140311
2909, 72.06844, 0.0138757
2910, 71.82566, 0.0139226
2911, 70.65739, 0.0141528
2912, 30.04672, 0.0332815
2913, 122.5896, 0.0081573
2914, 71.42041, 0.0140016
2915, 71.59273, 0.0139679
2916, 72.30658, 0.01383
2917, 71.69898, 0.0139472
2918, 72.21416, 0.0138477
2919, 70.88931, 0.0141065
2920, 72.96394, 0.0137054
2921, 70.57861, 0.0141686
2922, 29.05406, 0.0344186
2923, 142.4481, 0.0070201
2924, 70.93204, 0.014098
2925, 71.53485, 0.0139792
2926, 72.12926, 0.013864
2927, 71.16171, 0.0140525
2928, 71.72623, 0.0139419
2929, 71.72984, 0.0139412
2930, 72.72886, 0.0137497
2931, 70.97635, 0.0140892
2932, 30.5254, 0.0327596
2933, 114.6329, 0.0087235
2934, 71.10352, 0.014064
2935, 71.91606, 0.0139051
2936, 70.77892, 0.0141285
2937, 71.66199, 0.0139544
2938, 73.02628, 0.0136937
2939, 72.11573, 0.0138666
2940, 70.49998, 0.0141844
2941, 70.56117, 0.0141721
2942, 27.90763, 0.0358325
2943, 130.5415, 0.0076604
2944, 86.18312, 0.0116032
2945, 71.57632, 0.0139711
2946, 70.62595, 0.0141591
2947, 56.92395, 0.0175673
2948, 100.009, 0.0099991
2949, 71.77824, 0.0139318
2950, 71.91813, 0.0139047
2951, 70.58458, 0.0141674
2952, 28.29326, 0.0353441
2953, 165.0301, 0.0060595
2954, 70.75488, 0.0141333
2955, 71.57172, 0.013972
2956, 71.99528, 0.0138898
2957, 71.98491, 0.0138918
2958, 71.60452, 0.0139656
2959, 71.84425, 0.013919
2960, 71.68922, 0.0139491
2961, 71.46481, 0.0139929
2962, 29.12896, 0.0343301
2963, 138.3968, 0.0072256
2964, 71.40307, 0.014005
2965, 70.78242, 0.0141278
2966, 73.1545, 0.0136697
2967, 71.78648, 0.0139302
2968, 71.93158, 0.0139021
2969, 71.41276, 0.0140031
2970, 72.39033, 0.013814
2971, 69.94328, 0.0142973
2972, 29.64447, 0.0337331
2973, 130.0069, 0.0076919
2974, 71.14096, 0.0140566
2975, 72.20737, 0.013849
2976, 71.97247, 0.0138942
2977, 71.53946, 0.0139783
2978, 69.72382, 0.0143423
2979, 73.18608, 0.0136638
2980, 73.21931, 0.0136576
2981, 70.42849, 0.0141988
2982, 29.42423, 0.0339856
2983, 136.4275, 0.0073299
2984, 70.50346, 0.0141837
2985, 72.07156, 0.0138751
2986, 71.91193, 0.0139059
2987, 71.71029, 0.013945
2988, 71.87936, 0.0139122
2989, 71.83753, 0.0139203
2990, 71.36536, 0.0140124
2991, 69.40781, 0.0144076
2992, 30.48335, 0.0328048
2993, 120.2472, 0.0083162
2994, 71.40766, 0.0140041
2995, 71.90106, 0.013908
2996, 72.01342, 0.0138863
2997, 71.70978, 0.0139451
2998, 71.59734, 0.013967
2999, 71.83805, 0.0139202
3000, 72.04819, 0.0138796
3001, 70.28345, 0.0142281
3002, 29.97395, 0.0333623
3003, 123.6293, 0.0080887
3004, 71.42908, 0.0139999
3005, 71.99528, 0.0138898
3006, 71.94659, 0.0138992
3007, 71.81895, 0.0139239
3008, 71.23978, 0.0140371
3009, 72.66016, 0.0137627
3010, 71.15816, 0.0140532
3011, 71.25755, 0.0140336
3012, 30.21468, 0.0330965
3013, 120.9672, 0.0082667
3014, 70.90288, 0.0141038
3015, 71.56403, 0.0139735
3016, 72.08662, 0.0138722
3017, 72.14799, 0.0138604
3018, 71.49445, 0.0139871
3019, 72.15476, 0.0138591
3020, 71.84114, 0.0139196
3021, 69.96872, 0.0142921
3022, 30.16, 0.0331565
3023, 122.1434, 0.0081871
3024, 71.69589, 0.0139478
3025, 71.13944, 0.0140569
3026, 71.96574, 0.0138955
3027, 71.9989, 0.0138891
3028, 72.29874, 0.0138315
3029, 71.29311, 0.0140266
3030, 71.88194, 0.0139117
3031, 71.57325, 0.0139717
3032, 29.82341, 0.0335307
3033, 123.4979, 0.0080973
3034, 71.43929, 0.0139979
3035, 72.15476, 0.0138591
3036, 71.5062, 0.0139848
3037, 71.97041, 0.0138946
3038, 72.2272, 0.0138452
3039, 71.41276, 0.0140031
3040, 71.7736, 0.0139327
3041, 70.73286, 0.0141377
3042, 30.18212, 0.0331322
3043, 120.703, 0.0082848
3044, 71.55584, 0.0139751
3045, 71.86386, 0.0139152
3046, 72.0015, 0.0138886
3047, 71.10049, 0.0140646
3048, 71.43929, 0.0139979
3049, 72.70454, 0.0137543
3050, 71.94141, 0.0139002
3051, 70.56964, 0.0141704
3052, 72.9134, 0.0137149
3053, 70.66638, 0.014151
3054, 72.8364, 0.0137294
3055, 72.46797, 0.0137992
3056, 71.81535, 0.0139246
3057, 71.45766, 0.0139943
3058, 71.80246, 0.0139271
3059, 71.77669, 0.0139321
3060, 71.61631, 0.0139633
3061, 72.20425, 0.0138496
3062, 70.19169, 0.0142467
3063, 71.08785, 0.0140671
3064, 73.34927, 0.0136334
3065, 71.48525, 0.0139889
3066, 72.14227, 0.0138615
3067, 72.06168, 0.013877
3068, 70.98089, 0.0140883
3069, 23.99526, 0.0416749
3070, 60.83281, 0.0164385
3071, 84.77306, 0.0117962
3072, 28.12528, 0.0355552
3073, 135.6171, 0.0073737
3074, 82.021, 0.012192
3075, 71.87316, 0.0139134
3076, 71.71389, 0.0139443
3077, 71.61324, 0.0139639
3078, 70.92953, 0.0140985
3079, 72.77385, 0.0137412
3080, 71.36994, 0.0140115
3081, 70.19958, 0.0142451
3082, 30.28064, 0.0330244
3083, 123.4065, 0.0081033
3084, 70.27753, 0.0142293
3085, 71.51286, 0.0139835
3086, 72.88789, 0.0137197
3087, 71.21746, 0.0140415
3088, 71.89486, 0.0139092
3089, 71.93365, 0.0139017
3090, 71.72572, 0.013942
3091, 70.924, 0.0140996
3092, 29.04596, 0.0344282
3093, 142.0293, 0.0070408
3094, 71.17286, 0.0140503
3095, 72.15215, 0.0138596
3096, 71.50211, 0.0139856
3097, 71.98129, 0.0138925
3098, 71.9528, 0.013898
3099, 71.52206, 0.0139817
3100, 72.01447, 0.0138861
3101, 70.20007, 0.014245
3102, 29.36107, 0.0340587
3103, 136.3234, 0.0073355
3104, 71.59785, 0.0139669
3105, 71.87316, 0.0139134
3106, 71.51234, 0.0139836
3107, 72.03884, 0.0138814
3108, 71.63426, 0.0139598
3109, 71.80555, 0.0139265
3110, 71.97247, 0.0138942
3111, 69.70535, 0.0143461
3112, 30.41168, 0.0328821
3113, 119.7318, 0.008352
3114, 71.25603, 0.0140339
3115, 72.10273, 0.0138691
3116, 71.67277, 0.0139523
3117, 71.6851, 0.0139499
3118, 71.91709, 0.0139049
3119, 71.68407, 0.0139501
3120, 70.73936, 0.0141364
3121, 72.44592, 0.0138034
3122, 29.0371, 0.0344387
3123, 141.2848, 0.0070779
3124, 71.01415, 0.0140817
3125, 71.28651, 0.0140279
3126, 72.23241, 0.0138442
3127, 71.8236, 0.013923
3128, 71.58862, 0.0139687
3129, 71.6666, 0.0139535
3130, 72.51474, 0.0137903
3131, 71.0202, 0.0140805
3132, 25.28848, 0.0395437
3133, 41.65174, 0.0240086
3134, 143.0779, 0.0069892
3135, 78.10303, 0.0128036
3136, 71.5195, 0.0139822
3137, 71.70567, 0.0139459
3138, 72.3364, 0.0138243
3139, 71.4689, 0.0139921
3140, 69.05553, 0.0144811
3141, 27.28789, 0.0366463
3142, 131.7645, 0.0075893
3143, 96.27419, 0.010387
3144, 70.56764, 0.0141708
3145, 70.82404, 0.0141195
3146, 72.56736, 0.0137803
3147, 71.59631, 0.0139672
3148, 72.04507, 0.0138802
3149, 71.61887, 0.0139628
3150, 59.18281, 0.0168968
3151, 32.89463, 0.0304001
3152, 120.9951, 0.0082648
3153, 68.66245, 0.014564
3154, 74.28041, 0.0134625
3155, 71.72366, 0.0139424
3156, 71.9295, 0.0139025
3157, 71.36333, 0.0140128
3158, 71.48422, 0.0139891
3159, 72.77014, 0.0137419
3160, 70.71386, 0.0141415
3161, 28.7033, 0.0348392
3162, 151.5266, 0.0065995
3163, 70.97585, 0.0140893
3164, 71.87006, 0.013914
3165, 71.5369, 0.0139788
3166, 72.03365, 0.0138824
3167, 71.38625, 0.0140083
3168, 71.89072, 0.01391
3169, 72.62691, 0.013769
3170, 70.96477, 0.0140915
3171, 28.64361, 0.0349118
3172, 150.9958, 0.0066227
3173, 70.53629, 0.0141771
3174, 72.30762, 0.0138298
3175, 71.7906, 0.0139294
3176, 71.88556, 0.013911
3177, 71.52974, 0.0139802
3178, 72.36728, 0.0138184
3179, 71.5497, 0.0139763
3180, 71.51592, 0.0139829
3181, 29.81594, 0.0335391
3182, 124.5206, 0.0080308
3183, 70.80699, 0.0141229
3184, 71.91348, 0.0139056
3185, 71.99839, 0.0138892
3186, 71.71081, 0.0139449
3187, 72.45222, 0.0138022
3188, 71.35722, 0.014014
3189, 72.34163, 0.0138233
3190, 70.35614, 0.0142134
3191, 29.40026, 0.0340133
3192, 134.8472, 0.0074158
3193, 71.65172, 0.0139564
3194, 71.81895, 0.0139239
3195, 71.51337, 0.0139834
3196, 71.47707, 0.0139905
3197, 72.39137, 0.0138138
3198, 72.04195, 0.0138808
3199, 71.32413, 0.0140205
3200, 71.50467, 0.0139851
3201, 30.06081, 0.0332659
3202, 121.0624, 0.0082602
3203, 71.42806, 0.0140001
3204, 71.74991, 0.0139373
3205, 72.0155, 0.0138859
3206, 70.64292, 0.0141557
3207, 72.91021, 0.0137155
3208, 72.18757, 0.0138528
3209, 71.08482, 0.0140677
3210, 71.56966, 0.0139724
3211, 30.35823, 0.03294
3212, 115.7528, 0.0086391
3213, 71.38217, 0.0140091
3214, 72.1459, 0.0138608
3215, 70.87373, 0.0141096
3216, 72.55104, 0.0137834
3217, 71.7669, 0.013934
3218, 71.70721, 0.0139456
3219, 71.97092, 0.0138945
3220, 70.8883, 0.0141067
3221, 29.91191, 0.0334315
3222, 122.9513, 0.0081333
3223, 71.50058, 0.0139859
3224, 71.77669, 0.0139321
3225, 71.58094, 0.0139702
3226, 72.43175, 0.0138061
3227, 71.66506, 0.0139538
3228, 71.75248, 0.0139368
3229, 71.63426, 0.0139598
3230, 71.69024, 0.0139489
3231, 30.12738, 0.0331924
3232, 119.5529, 0.0083645
3233, 71.14197, 0.0140564
3234, 71.80142, 0.0139273
3235, 71.64504, 0.0139577
3236, 72.22459, 0.0138457
3237, 71.88969, 0.0139102
3238, 71.84682, 0.0139185
3239, 71.53332, 0.0139795
3240, 70.90991, 0.0141024
3241, 71.70875, 0.0139453
3242, 73.10209, 0.0136795
3243, 71.32311, 0.0140207
3244, 71.38727, 0.0140081
3245, 72.95969, 0.0137062
3246, 71.50877, 0.0139843
3247, 71.12477, 0.0140598
3248, 73.17645, 0.0136656
3249, 71.46175, 0.0139935
3250, 71.50467, 0.0139851
3251, 71.25146, 0.0140348
3252, 72.5463, 0.0137843
3253, 71.81535, 0.0139246
3254, 71.98077, 0.0138926
3255, 71.60297, 0.0139659
3256, 72.33691, 0.0138242
3257, 70.93154, 0.0140981
3258, 70.01723, 0.0142822
3259, 62.76558, 0.0159323
3260, 86.22176, 0.011598
3261, 72.00824, 0.0138873
3262, 69.79098, 0.0143285
3263, 26.995, 0.0370439
3264, 132.8074, 0.0075297
3265, 97.92785, 0.0102116
3266, 71.15716, 0.0140534
3267, 71.58298, 0.0139698
3268, 71.94296, 0.0138999
3269, 71.71235, 0.0139446
3270, 71.84063, 0.0139197
3271, 71.84785, 0.0139183
3272, 70.53032, 0.0141783
3273, 29.40692, 0.0340056
3274, 133.131, 0.0075114
3275, 71.03736, 0.0140771
3276, 71.57427, 0.0139715
3277, 72.40081, 0.013812
3278, 71.57838, 0.0139707
3279, 70.81049, 0.0141222
3280, 72.53683, 0.0137861
3281, 72.04819, 0.0138796
3282, 70.99651, 0.0140852
3283, 29.48652, 0.0339138
3284, 129.9731, 0.0076939
3285, 70.41113, 0.0142023
3286, 72.46954, 0.0137989
3287, 72.23033, 0.0138446
3288, 71.18704, 0.0140475
3289, 72.67178, 0.0137605
3290, 71.74064, 0.0139391
3291, 71.57684, 0.013971
3292, 70.37298, 0.01421
3293, 28.40627, 0.0352035
3294, 122.2748, 0.0081783
3295, 83.43694, 0.0119851
3296, 73.86506, 0.0135382
3297, 71.45205, 0.0139954
3298, 71.95435, 0.0138977
3299, 70.89935, 0.0141045
3300, 71.89382, 0.0139094
3301, 72.26948, 0.0138371
3302, 71.05301, 0.014074
3303, 29.33386, 0.0340903
3304, 135.4683, 0.0073818
3305, 69.99958, 0.0142858
3306, 71.60605, 0.0139653
3307, 72.25069, 0.0138407
3308, 72.24598, 0.0138416
3309, 71.44847, 0.0139961
3310, 71.78596, 0.0139303
3311, 71.51132, 0.0139838
3312, 70.82655, 0.014119
3313, 29.01856, 0.0344607
3314, 143.2706, 0.0069798
3315, 71.00306, 0.0140839
3316, 71.46941, 0.013992
3317, 72.25903, 0.0138391
3318, 71.43929, 0.0139979
3319, 72.13029, 0.0138638
3320, 72.39137, 0.0138138
3321, 71.48883, 0.0139882
3322, 71.41735, 0.0140022
3323, 29.91477, 0.0334283
3324, 123.5834, 0.0080917
3325, 70.79295, 0.0141257
3326, 71.48627, 0.0139887
3327, 72.0565, 0.013878
3328, 72.26217, 0.0138385
3329, 71.12224, 0.0140603
3330, 71.85043, 0.0139178
3331, 72.01187, 0.0138866
3332, 70.82404, 0.0141195
3333, 29.14696, 0.0343089
3334, 132.517, 0.0075462
3335, 74.07352, 0.0135001
3336, 72.2747, 0.0138361
3337, 71.40103, 0.0140054
3338, 71.77978, 0.0139315
3339, 71.67637, 0.0139516
3340, 71.30888, 0.0140235
3341, 72.23346, 0.013844
3342, 68.68085, 0.0145601
3343, 28.54117, 0.0350371
3344, 123.9941, 0.0080649
3345, 85.21807, 0.0117346
3346, 72.76114, 0.0137436
3347, 70.81702, 0.0141209
3348, 72.09857, 0.0138699
3349, 70.67937, 0.0141484
3350, 72.58263, 0.0137774
3351, 70.37199, 0.0142102
3352, 70.5333, 0.0141777
3353, 27.57662, 0.0362626
3354, 92.39838, 0.0108227
3355, 127.6438, 0.0078343
3356, 70.75588, 0.0141331
3357, 72.5321, 0.013787
3358, 71.46379, 0.0139931
3359, 71.69281, 0.0139484
3360, 71.47196, 0.0139915
3361, 71.47605, 0.0139907
3362, 71.06412, 0.0140718
3363, 29.91415, 0.033429
3364, 123.4004, 0.0081037
3365, 71.24587, 0.0140359
3366, 71.99217, 0.0138904
3367, 71.39645, 0.0140063
3368, 72.0887, 0.0138718
3369, 71.77772, 0.0139319
3370, 71.83186, 0.0139214
3371, 71.47707, 0.0139905
3372, 70.77892, 0.0141285
3373, 29.22148, 0.0342214
3374, 136.4108, 0.0073308
3375, 71.78133, 0.0139312
3376, 72.06844, 0.0138757
3377, 71.18248, 0.0140484
3378, 72.36937, 0.013818
3379, 71.88091, 0.0139119
3380, 71.97196, 0.0138943
3381, 70.73036, 0.0141382
3382, 72.25329, 0.0138402
3383, 29.91486, 0.0334282
3384, 123.0815, 0.0081247
3385, 71.31548, 0.0140222
3386, 71.36333, 0.0140128
3387, 71.86645, 0.0139147
3388, 71.74322, 0.0139386
3389, 71.93675, 0.0139011
3390, 71.45818, 0.0139942
3391, 72.88152, 0.0137209
3392, 70.87825, 0.0141087
3393, 29.47783, 0.0339238
3394, 129.9545, 0.007695
3395, 71.87006, 0.013914
3396, 71.92175, 0.013904
3397, 71.5835, 0.0139697
3398, 71.7216, 0.0139428
3399, 71.54457, 0.0139773
3400, 71.84992, 0.0139179
3401, 72.25694, 0.0138395
3402, 70.90589, 0.0141032
3403, 29.89376, 0.0334518
3404, 123.3517, 0.0081069
3405, 71.47401, 0.0139911
3406, 72.05961, 0.0138774
3407, 71.67893, 0.0139511
3408, 71.78854, 0.0139298
3409, 72.02743, 0.0138836
3410, 71.47656, 0.0139906
3411, 71.91917, 0.0139045
3412, 70.99147, 0.0140862
3413, 29.93232, 0.0334087
3414, 124.7132, 0.0080184
3415, 70.35466, 0.0142137
3416, 72.4412, 0.0138043
3417, 71.34296, 0.0140168
3418, 72.61795, 0.0137707
3419, 71.5011, 0.0139858
3420, 71.92434, 0.0139035
3421, 71.67534, 0.0139518
3422, 71.10201, 0.0140643
3423, 29.10098, 0.0343631
3424, 140.3666, 0.0071242
3425, 71.95332, 0.0138979
3426, 70.96779, 0.0140909
3427, 72.12197, 0.0138654
3428, 71.90003, 0.0139082
3429, 72.23138, 0.0138444
3430, 71.83805, 0.0139202
3431, 71.54099, 0.013978
3432, 71.37045, 0.0140114
3433, 29.90341, 0.033441
3434, 123.2058, 0.0081165
3435, 70.64092, 0.0141561
3436, 72.60213, 0.0137737
3437, 71.93468, 0.0139015
3438, 71.86024, 0.0139159
3439, 71.14957, 0.0140549
3440, 72.78444, 0.0137392
3441, 71.20985, 0.014043
3442, 71.03534, 0.0140775
3443, 28.66175, 0.0348897
3444, 148.7254, 0.0067238
3445, 71.18096, 0.0140487
3446, 72.80988, 0.0137344
3447, 71.56711, 0.0139729
3448, 71.79266, 0.013929
3449, 71.45306, 0.0139952
3450, 71.91399, 0.0139055
3451, 72.81147, 0.0137341
3452, 70.38536, 0.0142075
3453, 72.83003, 0.0137306
3454, 71.62605, 0.0139614
3455, 71.64555, 0.0139576
3456, 71.95487, 0.0138976
3457, 71.3781, 0.0140099
3458, 72.32279, 0.0138269
3459, 72.12145, 0.0138655
3460, 71.64452, 0.0139578
3461, 71.64555, 0.0139576
3462, 71.55635, 0.013975
3463, 69.71799, 0.0143435
3464, 28.46108, 0.0351357
3465, 126.2371, 0.0079216
3466, 81.13327, 0.0123254
3467, 72.00047, 0.0138888
3468, 73.25739, 0.0136505
3469, 71.61221, 0.0139641
3470, 72.06947, 0.0138755
3471, 71.23471, 0.0140381
3472, 71.55891, 0.0139745
3473, 70.79145, 0.014126
3474, 29.60358, 0.0337797
3475, 101.8382, 0.0098195
3476, 83.45156, 0.011983
3477, 72.42913, 0.0138066
3478, 71.64555, 0.0139576
3479, 72.83003, 0.0137306
3480, 71.4643, 0.013993
3481, 71.99268, 0.0138903
3482, 71.8959, 0.013909
3483, 70.89584, 0.0141052
3484, 30.08025, 0.0332444
3485, 119.3004, 0.0083822
3486, 69.64176, 0.0143592
3487, 73.80237, 0.0135497
3488, 71.48627, 0.0139887
3489, 72.0513, 0.013879
3490, 71.99268, 0.0138903
3491, 71.99943, 0.013889
3492, 71.01264, 0.014082
3493, 71.53332, 0.0139795
3494, 29.19853, 0.0342483
3495, 137.1817, 0.0072896
3496, 71.30989, 0.0140233
3497, 71.62503, 0.0139616
3498, 72.37933, 0.0138161
3499, 71.36485, 0.0140125
3500, 72.04248, 0.0138807
3501, 71.37606, 0.0140103
3502, 72.15736, 0.0138586
3503, 70.80749, 0.0141228
3504, 29.70065, 0.0336693
3505, 124.1419, 0.0080553
3506, 73.26598, 0.0136489
3507, 71.78545, 0.0139304
3508, 70.94714, 0.014095
3509, 72.57842, 0.0137782
3510, 71.66712, 0.0139534
3511, 71.58657, 0.0139691
3512, 71.76742, 0.0139339
3513, 71.24892, 0.0140353
3514, 30.01714, 0.0333143
3515, 121.9661, 0.008199
3516, 71.15513, 0.0140538
3517, 72.05805, 0.0138777
3518, 71.52769, 0.0139806
3519, 71.53844, 0.0139785
3520, 72.17924, 0.0138544
3521, 71.74991, 0.0139373
3522, 71.26568, 0.014032
3523, 71.92434, 0.0139035
3524, 30.28587, 0.0330187
3525, 115.6457, 0.0086471
3526, 71.81895, 0.0139239
3527, 71.91864, 0.0139046
3528, 71.63273, 0.0139601
3529, 71.96212, 0.0138962
3530, 71.80349, 0.0139269
3531, 71.77514, 0.0139324
3532, 71.73705, 0.0139398
3533, 70.96477, 0.0140915
3534, 29.43887, 0.0339687
3535, 129.6496, 0.0077131
3536, 70.89835, 0.0141047
3537, 72.73574, 0.0137484
3538, 71.6317, 0.0139603
3539, 71.78184, 0.0139311
3540, 71.86283, 0.0139154
3541, 71.15513, 0.0140538
3542, 71.30023, 0.0140252
3543, 61.59646, 0.0162347
3544, 30.04997, 0.0332779
3545, 39.97554, 0.0250153
3546, 56.15675, 0.0178073
3547, 158.985, 0.0062899
3548, 82.61322, 0.0121046
3549, 71.52974, 0.0139802
3550, 71.84269, 0.0139193
3551, 71.44133, 0.0139975
3552, 70.40171, 0.0142042
3553, 28.75985, 0.0347707
3554, 150.3692, 0.0066503
3555, 71.12274, 0.0140602
3556, 71.7144, 0.0139442
3557, 71.89641, 0.0139089
3558, 71.73293, 0.0139406
3559, 71.56813, 0.0139727
3560, 72.06688, 0.013876
3561, 71.48933, 0.0139881
3562, 70.11246, 0.0142628
3563, 30.1711, 0.0331443
3564, 123.0239, 0.0081285
3565, 70.80699, 0.0141229
3566, 71.79472, 0.0139286
3567, 72.13654, 0.0138626
3568, 72.17663, 0.0138549
3569, 71.52769, 0.0139806
3570, 71.71697, 0.0139437
3571, 70.23853, 0.0142372
3572, 71.91864, 0.0139046
3573, 30.03508, 0.0332944
3574, 124.6852, 0.0080202
3575, 71.1982, 0.0140453
3576, 71.21645, 0.0140417
3577, 72.25747, 0.0138394
3578, 72.00047, 0.0138888
3579, 72.11937, 0.0138659
3580, 71.56608, 0.0139731
3581, 72.01757, 0.0138855
3582, 70.75238, 0.0141338
3583, 29.61568, 0.0337659
3584, 130.7053, 0.0076508
3585, 70.20943, 0.0142431
3586, 72.5058, 0.013792
3587, 71.78957, 0.0139296
3588, 71.60759, 0.013965
3589, 72.1433, 0.0138613
3590, 71.76072, 0.0139352
3591, 71.79369, 0.0139288
3592, 70.8421, 0.0141159
3593, 29.9753, 0.0333608
3594, 122.0271, 0.0081949
3595, 71.05199, 0.0140742
3596, 72.65752, 0.0137632
3597, 71.38116, 0.0140093
3598, 71.70309, 0.0139464
3599, 72.85762, 0.0137254
3600, 71.60503, 0.0139655
3601, 70.98038, 0.0140884
3602, 71.05099, 0.0140744
3603, 29.9035, 0.0334409
3604, 124.5098, 0.0080315
3605, 71.76587, 0.0139342
3606, 71.63375, 0.0139599
3607, 72.06272, 0.0138768
3608, 71.44797, 0.0139962
3609, 71.868, 0.0139144
3610, 72.46639, 0.0137995
3611, 71.80916, 0.0139258
3612, 70.24642, 0.0142356
3613, 29.97081, 0.0333658
3614, 120.9131, 0.0082704
3615, 72.78709, 0.0137387
3616, 71.23471, 0.0140381
3617, 72.13966, 0.013862
3618, 71.74528, 0.0139382
3619, 71.84166, 0.0139195
3620, 71.85198, 0.0139175
3621, 71.50417, 0.0139852
3622, 71.72984, 0.0139412
3623, 30.09854, 0.0332242
3624, 120.7963, 0.0082784
3625, 70.42998, 0.0141985
3626, 72.32122, 0.0138272
3627, 71.81689, 0.0139243
3628, 71.25958, 0.0140332
3629, 72.18237, 0.0138538
3630, 71.7355, 0.0139401
3631, 69.90025, 0.0143061
3632, 72.75267, 0.0137452
3633, 73.48672, 0.0136079
3634, 71.51132, 0.0139838
3635, 71.71389, 0.0139443
3636, 71.50979, 0.0139841
3637, 72.27157, 0.0138367
3638, 71.17438, 0.01405
3639, 72.48583, 0.0137958
3640, 71.8649, 0.013915
3641, 71.42041, 0.0140016
3642, 71.23827, 0.0140374
3643, 72.11937, 0.0138659
3644, 72.34843, 0.013822
3645, 71.65326, 0.0139561
3646, 71.32261, 0.0140208
3647, 72.70876, 0.0137535
3648, 71.29007, 0.0140272
3649, 71.63837, 0.013959
3650, 72.19747, 0.0138509
3651, 71.15716, 0.0140534
3652, 72.60793, 0.0137726
3653, 71.82979, 0.0139218
3654, 70.75339, 0.0141336
3655, 71.89899, 0.0139084
3656, 72.71616, 0.0137521
3657, 71.59682, 0.0139671
3658, 71.97559, 0.0138936
3659, 72.00357, 0.0138882
3660, 71.84837, 0.0139182
3661, 71.23319, 0.0140384
3662, 72.17506, 0.0138552
3663, 72.12769, 0.0138643
3664, 72.1433, 0.0138613
3665, 70.87222, 0.0141099
3666, 72.29926, 0.0138314
3667, 72.06636, 0.0138761
3668, 71.72315, 0.0139425
3669, 71.91296, 0.0139057
3670, 71.79472, 0.0139286
3671, 71.60913, 0.0139647
3672, 72.23659, 0.0138434
3673, 71.67226, 0.0139524
3674, 72.29247, 0.0138327
3675, 71.14096, 0.0140566
3676, 71.42908, 0.0139999
3677, 72.5463, 0.0137843
3678, 72.07883, 0.0138737
3679, 71.28854, 0.0140275
3680, 71.76278, 0.0139348
3681, 72.20529, 0.0138494
3682, 71.37911, 0.0140097
3683, 72.3139, 0.0138286
3684, 71.75866, 0.0139356
3685, 71.53178, 0.0139798
3686, 72.43333, 0.0138058
3687, 70.57561, 0.0141692
3688, 72.56999, 0.0137798
3689, 71.80813, 0.013926
3690, 71.78596, 0.0139303
3691, 71.56813, 0.0139727
3692, 72.13498, 0.0138629
3693, 71.88556, 0.013911
3694, 71.32464, 0.0140204
3695, 71.55584, 0.0139751
3696, 71.84528, 0.0139188
3697, 72.47164, 0.0137985
3698, 70.94161, 0.0140961
3699, 72.28933, 0.0138333
3700, 72.20842, 0.0138488
3701, 71.61887, 0.0139628
3702, 71.53793, 0.0139786
3703, 71.55276, 0.0139757
3704, 72.23972, 0.0138428
3705, 71.06917, 0.0140708
3706, 72.94691, 0.0137086
3707, 71.54407, 0.0139774
3708, 72.11313, 0.0138671
3709, 71.13691, 0.0140574
3710, 71.79318, 0.0139289
3711, 72.22668, 0.0138453
3712, 72.0461, 0.01388
3713, 71.48883, 0.0139882
3714, 72.25538, 0.0138398
3715, 71.30634, 0.014024
3716, 72.2559, 0.0138397
3717, 71.60964, 0.0139646
3718, 72.4769, 0.0137975
3719, 71.4781, 0.0139903
3720, 71.46175, 0.0139935
3721, 72.40501, 0.0138112
3722, 70.80047, 0.0141242
3723, 72.89639, 0.0137181
3724, 71.71081, 0.0139449
3725, 71.78957, 0.0139296
3726, 71.6435, 0.013958
3727, 72.08765, 0.013872
3728, 68.93176, 0.0145071
3729, 70.87122, 0.0141101
3730, 28.93879, 0.0345557
3731, 37.03923, 0.0269984
3732, 139.2641, 0.0071806
3733, 71.76175, 0.013935
3734, 67.53699, 0.0148067
3735, 71.21848, 0.0140413
3736, 29.15911, 0.0342946
3737, 36.27618, 0.0275663
3738, 123.0951, 0.0081238
3739, 29.55974, 0.0338298
3740, 139.6258, 0.007162
3741, 27.43176, 0.0364541
3742, 38.82846, 0.0257543
3743, 141.8802, 0.0070482
3744, 69.7073, 0.0143457
3745, 67.83064, 0.0147426
3746, 77.66809, 0.0128753
3747, 71.92072, 0.0139042
3748, 70.27357, 0.0142301
3749, 69.63497, 0.0143606
3750, 77.25647, 0.0129439
3751, 72.29926, 0.0138314
3752, 72.79133, 0.0137379
3753, 71.32973, 0.0140194
3754, 69.66116, 0.0143552
3755, 71.74579, 0.0139381
3756, 71.86076, 0.0139158
3757, 73.55862, 0.0135946
3758, 70.24199, 0.0142365
3759, 71.05704, 0.0140732
3760, 69.26599, 0.0144371
3761, 71.34907, 0.0140156
3762, 74.36824, 0.0134466
3763, 66.04889, 0.0151403
3764, 61.83107, 0.0161731
3765, 91.4637, 0.0109333
3766, 74.22031, 0.0134734
3767, 75.96937, 0.0131632
3768, 71.74682, 0.0139379
3769, 70.70536, 0.0141432
3770, 72.85338, 0.0137262
3771, 68.30042, 0.0146412
3772, 74.74065, 0.0133796
3773, 72.25069, 0.0138407
3774, 71.22, 0.014041
3775, 72.77967, 0.0137401
3776, 71.8071, 0.0139262
3777, 70.30173, 0.0142244
3778, 72.28724, 0.0138337
3779, 70.67987, 0.0141483
3780, 71.7319, 0.0139408
3781, 71.65891, 0.013955
3782, 72.50002, 0.0137931
3783, 52.22369, 0.0191484
3784, 80.78132, 0.0123791
3785, 91.08961, 0.0109782
3786, 77.27378, 0.012941
3787, 72.16257, 0.0138576
3788, 23.67559, 0.0422376
