Frame, FPS, Frame Time
1, 50, 0.02
2, 50, 0.02
3, 3, 0.3333333
4, 6.463886, 0.1547057
5, 26.8098, 0.0372998
6, 179.6945, 0.005565
7, 224.2907, 0.0044585
8, 232.1317, 0.0043079
9, 198.1022, 0.0050479
10, 198.7439, 0.0050316
11, 250.4759, 0.0039924
12, 224.6787, 0.0044508
13, 230.9096, 0.0043307
14, 206.9751, 0.0048315
15, 237.7386, 0.0042063
16, 190.3855, 0.0052525
17, 242.7008, 0.0041203
18, 200.7025, 0.0049825
19, 238.1916, 0.0041983
20, 248.8801, 0.004018
21, 220.4586, 0.004536
22, 234.0988, 0.0042717
23, 211.3852, 0.0047307
24, 247.6964, 0.0040372
25, 238.5382, 0.0041922
26, 226.3468, 0.004418
27, 228.9639, 0.0043675
28, 191.5012, 0.0052219
29, 238.7946, 0.0041877
30, 235.0563, 0.0042543
31, 238.6806, 0.0041897
32, 197.0987, 0.0050736
33, 222.514, 0.0044941
34, 244.4809, 0.0040903
35, 240.5407, 0.0041573
36, 231.4708, 0.0043202
37, 223.4837, 0.0044746
38, 249.6006, 0.0040064
39, 237.9876, 0.0042019
40, 189.5878, 0.0052746
41, 207.3398, 0.004823
42, 246.1841, 0.004062
43, 224.9365, 0.0044457
44, 200.8315, 0.0049793
45, 201.3004, 0.0049677
46, 240.4887, 0.0041582
47, 230.9682, 0.0043296
48, 217.3441, 0.004601
49, 248.3546, 0.0040265
50, 175.9015, 0.005685
51, 211.3718, 0.004731
52, 231.911, 0.004312
53, 245.4831, 0.0040736
54, 211.6761, 0.0047242
55, 226.9014, 0.0044072
56, 258.7121, 0.0038653
57, 244.248, 0.0040942
58, 231.9271, 0.0043117
59, 184.0163, 0.0054343
60, 250.1563, 0.0039975
61, 201.8815, 0.0049534
62, 246.0146, 0.0040648
63, 213.0561, 0.0046936
64, 229.8956, 0.0043498
65, 230.367, 0.0043409
66, 199.0089, 0.0050249
67, 199.6646, 0.0050084
68, 203.9734, 0.0049026
69, 209.868, 0.0047649
70, 221.6361, 0.0045119
71, 26.74705, 0.0373873
72, 172.1733, 0.0058081
73, 188.7469, 0.0052981
74, 236.3508, 0.004231
75, 229.6317, 0.0043548
76, 241.3535, 0.0041433
77, 216.2583, 0.0046241
78, 256.5221, 0.0038983
79, 231.8626, 0.0043129
80, 256.9703, 0.0038915
81, 229.6106, 0.0043552
82, 236.9275, 0.0042207
83, 266.099, 0.003758
84, 266.6098, 0.0037508
85, 209.2225, 0.0047796
86, 209.1263, 0.0047818
87, 241.336, 0.0041436
88, 240.9522, 0.0041502
89, 247.9482, 0.0040331
90, 227.9306, 0.0043873
91, 234.5711, 0.0042631
92, 195.0382, 0.0051272
93, 219.6209, 0.0045533
94, 205.774, 0.0048597
95, 236.849, 0.0042221
96, 211.3852, 0.0047307
97, 206.9836, 0.0048313
98, 259.4976, 0.0038536
99, 200.1721, 0.0049957
100, 215.2157, 0.0046465
101, 244.2957, 0.0040934
102, 237.023, 0.004219
103, 237.6595, 0.0042077
104, 253.0172, 0.0039523
105, 229.6791, 0.0043539
106, 244.7202, 0.0040863
107, 242.1014, 0.0041305
108, 254.2007, 0.0039339
109, 236.7592, 0.0042237
110, 244.1525, 0.0040958
111, 250.7963, 0.0039873
112, 242.8953, 0.004117
113, 243.6885, 0.0041036
114, 238.3733, 0.0041951
115, 214.2016, 0.0046685
116, 235.4936, 0.0042464
117, 247.2127, 0.0040451
118, 265.6466, 0.0037644
119, 226.1011, 0.0044228
120, 199.6287, 0.0050093
121, 245.8936, 0.0040668
122, 196.7962, 0.0050814
123, 235.5324, 0.0042457
124, 212.3548, 0.0047091
125, 257.2215, 0.0038877
126, 256.6669, 0.0038961
127, 211.3227, 0.0047321
128, 230.2556, 0.004343
129, 48.89235, 0.0204531
130, 201.4423, 0.0049642
131, 180.4989, 0.0055402
132, 215.6985, 0.0046361
133, 211.8105, 0.0047212
134, 236.8602, 0.0042219
135, 247.9605, 0.0040329
136, 214.7351, 0.0046569
137, 248.5275, 0.0040237
138, 191.2668, 0.0052283
139, 260.437, 0.0038397
140, 261.5747, 0.003823
141, 227.3141, 0.0043992
142, 245.6761, 0.0040704
143, 229.1581, 0.0043638
144, 261.3218, 0.0038267
145, 226.0245, 0.0044243
146, 216.2069, 0.0046252
147, 212.8792, 0.0046975
148, 247.4451, 0.0040413
149, 255.4344, 0.0039149
150, 253.7685, 0.0039406
151, 244.248, 0.0040942
152, 205.4443, 0.0048675
153, 220.9554, 0.0045258
154, 230.0331, 0.0043472
155, 251.1805, 0.0039812
156, 249.1777, 0.0040132
157, 234.9403, 0.0042564
158, 245.2784, 0.004077
159, 238.96, 0.0041848
160, 262.9157, 0.0038035
161, 261.7664, 0.0038202
162, 179.3883, 0.0055745
163, 243.5638, 0.0041057
164, 260.2202, 0.0038429
165, 266.93, 0.0037463
166, 212.0846, 0.0047151
167, 211.8824, 0.0047196
168, 251.1553, 0.0039816
169, 261.9378, 0.0038177
170, 243.7241, 0.004103
171, 221.5281, 0.0045141
172, 227.9618, 0.0043867
173, 242.6831, 0.0041206
174, 235.7656, 0.0042415
175, 255.3691, 0.0039159
176, 183.4088, 0.0054523
177, 193.836, 0.005159
178, 212.2151, 0.0047122
179, 262.5016, 0.0038095
180, 203.7822, 0.0049072
181, 228.0762, 0.0043845
182, 256.141, 0.0039041
183, 212.9381, 0.0046962
184, 249.4388, 0.004009
185, 213.9816, 0.0046733
186, 26.5046, 0.0377293
187, 171.7534, 0.0058223
188, 242.6831, 0.0041206
189, 233.1057, 0.0042899
190, 209.4811, 0.0047737
191, 235.8658, 0.0042397
192, 218.541, 0.0045758
193, 249.3828, 0.0040099
194, 199.4933, 0.0050127
195, 180.3719, 0.0055441
196, 186.2614, 0.0053688
197, 171.9188, 0.0058167
198, 250.6391, 0.0039898
199, 79.43443, 0.012589
200, 121.9631, 0.0081992
201, 122.3556, 0.0081729
202, 106.6257, 0.0093786
203, 197.5036, 0.0050632
204, 224.7595, 0.0044492
205, 267.9887, 0.0037315
206, 205.8079, 0.0048589
207, 224.2102, 0.0044601
208, 195.4614, 0.0051161
209, 220.6434, 0.0045322
210, 209.8856, 0.0047645
211, 244.1287, 0.0040962
212, 187.575, 0.0053312
213, 219.7995, 0.0045496
214, 212.2241, 0.004712
215, 239.5095, 0.0041752
216, 195.9747, 0.0051027
217, 244.4091, 0.0040915
218, 221.5281, 0.0045141
219, 258.6786, 0.0038658
220, 184.6415, 0.0054159
221, 233.0894, 0.0042902
222, 252.4042, 0.0039619
223, 221.641, 0.0045118
224, 216.6237, 0.0046163
225, 206.928, 0.0048326
226, 238.0556, 0.0042007
227, 249.1591, 0.0040135
228, 226.4288, 0.0044164
229, 264.131, 0.003786
230, 186.4837, 0.0053624
231, 261.3491, 0.0038263
232, 251.9209, 0.0039695
233, 240.2114, 0.004163
234, 221.4888, 0.0045149
235, 251.4521, 0.0039769
236, 219.3319, 0.0045593
237, 210.2342, 0.0047566
238, 190.5161, 0.0052489
239, 210.3138, 0.0047548
240, 252.5635, 0.0039594
241, 237.733, 0.0042064
242, 234.0988, 0.0042717
243, 193.6933, 0.0051628
244, 217.1364, 0.0046054
245, 252.9596, 0.0039532
246, 199.7723, 0.0050057
247, 247.6044, 0.0040387
248, 223.6786, 0.0044707
249, 214.1511, 0.0046696
250, 237.1748, 0.0042163
251, 233.6394, 0.0042801
252, 62.77661, 0.0159295
253, 211.9902, 0.0047172
254, 238.0556, 0.0042007
255, 226.9684, 0.0044059
256, 259.9023, 0.0038476
257, 264.7674, 0.0037769
258, 261.5336, 0.0038236
259, 210.3757, 0.0047534
260, 243.3801, 0.0041088
261, 203.7697, 0.0049075
262, 261.0284, 0.003831
263, 250.4195, 0.0039933
264, 222.9754, 0.0044848
265, 202.8686, 0.0049293
266, 205.2377, 0.0048724
267, 225.8713, 0.0044273
268, 234.6096, 0.0042624
269, 259.1546, 0.0038587
270, 246.0327, 0.0040645
271, 246.9075, 0.0040501
272, 270.1024, 0.0037023
273, 220.6629, 0.0045318
274, 204.9642, 0.0048789
275, 252.1814, 0.0039654
276, 239.7967, 0.0041702
277, 210.8904, 0.0047418
278, 232.0832, 0.0043088
279, 245.8936, 0.0040668
280, 259.4101, 0.0038549
281, 230.5263, 0.0043379
282, 228.3366, 0.0043795
283, 241.8263, 0.0041352
284, 257.0562, 0.0038902
285, 243.1907, 0.004112
286, 235.2498, 0.0042508
287, 223.8338, 0.0044676
288, 218.6653, 0.0045732
289, 204.3652, 0.0048932
290, 245.2603, 0.0040773
291, 234.3732, 0.0042667
292, 243.95, 0.0040992
293, 267.1582, 0.0037431
294, 260.7494, 0.0038351
295, 236.6864, 0.004225
296, 220.4391, 0.0045364
297, 214.6383, 0.004659
298, 242.483, 0.004124
299, 199.8481, 0.0050038
300, 225.9223, 0.0044263
301, 167.9825, 0.005953
302, 172.4168, 0.0057999
303, 180.0861, 0.0055529
304, 196.8, 0.0050813
305, 220.3857, 0.0045375
306, 242.7774, 0.004119
307, 232.9319, 0.0042931
308, 237.5353, 0.0042099
309, 199.8282, 0.0050043
310, 214.666, 0.0046584
311, 242.389, 0.0041256
312, 186.1504, 0.005372
313, 221.0384, 0.0045241
314, 246.4633, 0.0040574
315, 212.2556, 0.0047113
316, 206.6585, 0.0048389
317, 244.7681, 0.0040855
318, 210.8059, 0.0047437
319, 214.9844, 0.0046515
320, 217.061, 0.004607
321, 244.2539, 0.0040941
322, 202.4414, 0.0049397
323, 210.7038, 0.004746
324, 226.8911, 0.0044074
325, 236.4346, 0.0042295
326, 225.0478, 0.0044435
327, 230.9576, 0.0043298
328, 245.9359, 0.0040661
329, 221.5968, 0.0045127
330, 247.7517, 0.0040363
331, 201.268, 0.0049685
332, 233.1926, 0.0042883
333, 247.8622, 0.0040345
334, 218.0978, 0.0045851
335, 240.2864, 0.0041617
336, 207.2539, 0.004825
337, 238.0272, 0.0042012
338, 210.6106, 0.0047481
339, 228.2271, 0.0043816
340, 211.7657, 0.0047222
341, 254.2395, 0.0039333
342, 228.9797, 0.0043672
343, 217.6658, 0.0045942
344, 223.7787, 0.0044687
345, 221.3712, 0.0045173
346, 227.3296, 0.0043989
347, 228.0606, 0.0043848
348, 244.87, 0.0040838
349, 206.7269, 0.0048373
350, 34.66072, 0.0288511
351, 198.906, 0.0050275
352, 225.642, 0.0044318
353, 254.2524, 0.0039331
354, 248.5275, 0.0040237
355, 247.0661, 0.0040475
356, 202.507, 0.0049381
357, 232.5149, 0.0043008
358, 248.2005, 0.004029
359, 248.973, 0.0040165
360, 245.062, 0.0040806
361, 258.5182, 0.0038682
362, 227.6556, 0.0043926
363, 258.1511, 0.0038737
364, 242.9543, 0.004116
365, 243.8786, 0.0041004
366, 251.4521, 0.0039769
367, 165.374, 0.0060469
368, 257.5793, 0.0038823
369, 254.3688, 0.0039313
370, 249.4823, 0.0040083
371, 222.2914, 0.0044986
372, 269.1718, 0.0037151
373, 261.9584, 0.0038174
374, 244.7321, 0.0040861
375, 265.6889, 0.0037638
376, 244.5406, 0.0040893
377, 220.6093, 0.0045329
378, 260.5524, 0.003838
379, 248.7129, 0.0040207
380, 239.4751, 0.0041758
381, 225.591, 0.0044328
382, 253.3506, 0.0039471
383, 256.746, 0.0038949
384, 242.1366, 0.0041299
385, 232.4014, 0.0043029
386, 229.0846, 0.0043652
387, 249.8938, 0.0040017
388, 230.0226, 0.0043474
389, 251.0481, 0.0039833
390, 261.2945, 0.0038271
391, 236.9893, 0.0042196
392, 237.1129, 0.0042174
393, 265.7031, 0.0037636
394, 203.1034, 0.0049236
395, 249.6443, 0.0040057
396, 199.4694, 0.0050133
397, 221.1069, 0.0045227
398, 236.877, 0.0042216
399, 260.1321, 0.0038442
400, 211.7074, 0.0047235
401, 222.737, 0.0044896
402, 204.5157, 0.0048896
403, 37.55643, 0.0266266
404, 181.0708, 0.0055227
405, 195.8825, 0.0051051
406, 264.7253, 0.0037775
407, 265.4421, 0.0037673
408, 249.3082, 0.0040111
409, 217.9789, 0.0045876
410, 197.5855, 0.0050611
411, 253.8329, 0.0039396
412, 234.4721, 0.0042649
413, 211.5015, 0.0047281
414, 258.5382, 0.0038679
415, 252.0987, 0.0039667
416, 256.7196, 0.0038953
417, 240.929, 0.0041506
418, 240.9464, 0.0041503
419, 261.7527, 0.0038204
420, 269.4691, 0.003711
421, 254.2071, 0.0039338
422, 237.3718, 0.0042128
423, 184.8565, 0.0054096
424, 234.0112, 0.0042733
425, 218.374, 0.0045793
426, 237.7273, 0.0042065
427, 242.5536, 0.0041228
428, 249.4823, 0.0040083
429, 207.4216, 0.0048211
430, 249.1777, 0.0040132
431, 260.3285, 0.0038413
432, 189.136, 0.0052872
433, 245.3145, 0.0040764
434, 246.7917, 0.004052
435, 256.3971, 0.0039002
436, 259.9698, 0.0038466
437, 199.2945, 0.0050177
438, 268.7811, 0.0037205
439, 235.355, 0.0042489
440, 248.3917, 0.0040259
441, 203.1034, 0.0049236
442, 225.591, 0.0044328
443, 246.1054, 0.0040633
444, 233.5412, 0.0042819
445, 240.5407, 0.0041573
446, 232.5257, 0.0043006
447, 246.9136, 0.00405
448, 240.1249, 0.0041645
449, 214.3669, 0.0046649
450, 246.8526, 0.004051
451, 234.6977, 0.0042608
452, 269.7162, 0.0037076
453, 255.05, 0.0039208
454, 231.1337, 0.0043265
455, 259.2084, 0.0038579
456, 231.1871, 0.0043255
457, 249.2026, 0.0040128
458, 262.6395, 0.0038075
459, 5.358488, 0.1866198
460, 27.90023, 0.035842
461, 33.69408, 0.0296788
462, 38.66198, 0.0258652
463, 189.4657, 0.005278
464, 224.3108, 0.0044581
465, 182.8421, 0.0054692
466, 231.9432, 0.0043114
467, 246.6335, 0.0040546
468, 224.81, 0.0044482
469, 173.4244, 0.0057662
470, 238.7603, 0.0041883
471, 245.074, 0.0040804
472, 200.6944, 0.0049827
473, 204.0108, 0.0049017
474, 210.6993, 0.0047461
475, 221.0042, 0.0045248
476, 42.35188, 0.0236117
477, 220.1625, 0.0045421
478, 213.5657, 0.0046824
479, 220.6191, 0.0045327
480, 241.2662, 0.0041448
481, 241.9843, 0.0041325
482, 238.6806, 0.0041897
483, 179.7656, 0.0055628
484, 219.5824, 0.0045541
485, 232.8289, 0.004295
486, 229.7689, 0.0043522
487, 178.565, 0.0056002
488, 232.0078, 0.0043102
489, 242.3596, 0.0041261
490, 246.5848, 0.0040554
491, 211.5283, 0.0047275
492, 244.7561, 0.0040857
493, 237.3268, 0.0042136
494, 244.93, 0.0040828
495, 232.2071, 0.0043065
496, 208.3464, 0.0047997
497, 234.5656, 0.0042632
498, 229.9379, 0.004349
499, 240.9871, 0.0041496
500, 200.2563, 0.0049936
501, 219.0388, 0.0045654
502, 224.3712, 0.0044569
503, 194.4391, 0.005143
504, 248.8801, 0.004018
505, 210.3182, 0.0047547
506, 40.66677, 0.0245901
507, 208.5158, 0.0047958
508, 244.6244, 0.0040879
509, 199.916, 0.0050021
510, 227.5883, 0.0043939
511, 243.4512, 0.0041076
512, 233.3069, 0.0042862
513, 239.412, 0.0041769
514, 221.43, 0.0045161
515, 234.2908, 0.0042682
516, 199.956, 0.0050011
517, 242.9484, 0.0041161
518, 221.0384, 0.0045241
519, 245.056, 0.0040807
520, 184.0977, 0.0054319
521, 225.0529, 0.0044434
522, 237.1467, 0.0042168
523, 197.0871, 0.0050739
524, 238.9829, 0.0041844
525, 245.6882, 0.0040702
526, 243.6172, 0.0041048
527, 210.2828, 0.0047555
528, 231.9594, 0.0043111
529, 245.2483, 0.0040775
530, 210.8059, 0.0047437
531, 220.3371, 0.0045385
532, 221.4006, 0.0045167
533, 235.8101, 0.0042407
534, 232.1047, 0.0043084
535, 209.4504, 0.0047744
536, 192.4113, 0.0051972
537, 194.3597, 0.0051451
538, 223.9993, 0.0044643
539, 238.9943, 0.0041842
540, 203.7199, 0.0049087
541, 229.8692, 0.0043503
542, 222.1827, 0.0045008
543, 219.1733, 0.0045626
544, 236.5968, 0.0042266
545, 225.0529, 0.0044434
546, 232.4122, 0.0043027
547, 220.4731, 0.0045357
548, 228.0138, 0.0043857
549, 215.5312, 0.0046397
550, 204.746, 0.0048841
551, 241.1382, 0.004147
552, 246.354, 0.0040592
553, 237.7952, 0.0042053
554, 211.2378, 0.004734
555, 251.8257, 0.003971
556, 246.0751, 0.0040638
557, 220.3031, 0.0045392
558, 190.3275, 0.0052541
559, 173.8254, 0.0057529
560, 188.2105, 0.0053132
561, 196.2516, 0.0050955
562, 215.4105, 0.0046423
563, 231.1871, 0.0043255
564, 168.0079, 0.0059521
565, 235.0618, 0.0042542
566, 195.4156, 0.0051173
567, 198.6334, 0.0050344
568, 235.0287, 0.0042548
569, 246.9502, 0.0040494
570, 221.7049, 0.0045105
571, 189.3222, 0.005282
572, 253.1582, 0.0039501
573, 250.7585, 0.0039879
574, 238.2881, 0.0041966
575, 222.4397, 0.0044956
576, 237.5635, 0.0042094
577, 214.2153, 0.0046682
578, 246.1599, 0.0040624
579, 231.9056, 0.0043121
580, 227.1488, 0.0044024
581, 236.8714, 0.0042217
582, 230.819, 0.0043324
583, 246.1054, 0.0040633
584, 256.2132, 0.003903
585, 215.4615, 0.0046412
586, 234.6261, 0.0042621
587, 241.9784, 0.0041326
588, 231.2566, 0.0043242
589, 193.6183, 0.0051648
590, 227.7904, 0.00439
591, 249.5321, 0.0040075
592, 233.8744, 0.0042758
593, 250.1626, 0.0039974
594, 212.436, 0.0047073
595, 232.4176, 0.0043026
596, 242.1894, 0.004129
597, 198.5506, 0.0050365
598, 167.7627, 0.0059608
599, 242.913, 0.0041167
600, 247.0356, 0.004048
601, 230.5369, 0.0043377
602, 209.4636, 0.0047741
603, 218.5554, 0.0045755
604, 253.524, 0.0039444
605, 214.0273, 0.0046723
606, 241.5459, 0.00414
607, 226.0143, 0.0044245
608, 243.4926, 0.0041069
609, 216.3378, 0.0046224
610, 229.5262, 0.0043568
611, 238.4757, 0.0041933
612, 212.689, 0.0047017
613, 237.1973, 0.0042159
614, 168.9332, 0.0059195
615, 226.67, 0.0044117
616, 215.9361, 0.004631
617, 73.08926, 0.0136819
618, 215.7171, 0.0046357
619, 258.2778, 0.0038718
620, 261.52, 0.0038238
621, 250.7711, 0.0039877
622, 250.7334, 0.0039883
623, 236.1163, 0.0042352
624, 250.2127, 0.0039966
625, 251.3257, 0.0039789
626, 230.7071, 0.0043345
627, 262.8466, 0.0038045
628, 234.4501, 0.0042653
629, 254.3235, 0.003932
630, 246.9014, 0.0040502
631, 256.6142, 0.0038969
632, 251.3573, 0.0039784
633, 232.8235, 0.0042951
634, 247.1149, 0.0040467
635, 266.6951, 0.0037496
636, 230.3882, 0.0043405
637, 254.8485, 0.0039239
638, 233.4485, 0.0042836
639, 260.315, 0.0038415
640, 247.7455, 0.0040364
641, 259.9023, 0.0038476
642, 265.569, 0.0037655
643, 227.8164, 0.0043895
644, 248.5707, 0.004023
645, 258.6118, 0.0038668
646, 255.9771, 0.0039066
647, 252.5253, 0.00396
648, 233.6722, 0.0042795
649, 259.5178, 0.0038533
650, 269.993, 0.0037038
651, 247.1944, 0.0040454
652, 232.5744, 0.0042997
653, 242.4007, 0.0041254
654, 251.3826, 0.003978
655, 241.6334, 0.0041385
656, 250.9725, 0.0039845
657, 252.9724, 0.003953
658, 240.6333, 0.0041557
659, 238.8915, 0.004186
660, 256.746, 0.0038949
661, 264.4313, 0.0037817
662, 253.2864, 0.0039481
663, 211.22, 0.0047344
664, 255.1411, 0.0039194
665, 237.7952, 0.0042053
666, 254.3041, 0.0039323
667, 212.1026, 0.0047147
668, 232.1263, 0.004308
669, 252.3596, 0.0039626
670, 250.2001, 0.0039968
671, 252.2322, 0.0039646
672, 232.164, 0.0043073
673, 208.2076, 0.0048029
674, 202.5234, 0.0049377
675, 181.3993, 0.0055127
676, 258.6653, 0.003866
677, 230.6486, 0.0043356
678, 247.2555, 0.0040444
679, 243.5401, 0.0041061
680, 243.7598, 0.0041024
681, 257.5992, 0.003882
682, 239.286, 0.0041791
683, 245.2122, 0.0040781
684, 258.6854, 0.0038657
685, 238.6749, 0.0041898
686, 265.6889, 0.0037638
687, 215.4105, 0.0046423
688, 262.1095, 0.0038152
689, 245.6158, 0.0040714
690, 264.7674, 0.0037769
691, 248.6635, 0.0040215
692, 228.7597, 0.0043714
693, 260.254, 0.0038424
694, 264.6553, 0.0037785
695, 247.2493, 0.0040445
696, 236.429, 0.0042296
697, 231.8733, 0.0043127
698, 258.1045, 0.0038744
699, 251.1238, 0.0039821
700, 242.0194, 0.0041319
701, 239.6128, 0.0041734
702, 257.1289, 0.0038891
703, 258.6452, 0.0038663
704, 253.3185, 0.0039476
705, 256.5681, 0.0038976
706, 236.7873, 0.0042232
707, 266.3116, 0.003755
708, 235.1724, 0.0042522
709, 264.4873, 0.0037809
710, 251.8067, 0.0039713
711, 225.0276, 0.0044439
712, 248.2807, 0.0040277
713, 266.9585, 0.0037459
714, 259.1412, 0.0038589
715, 234.4226, 0.0042658
716, 201.3085, 0.0049675
717, 241.955, 0.004133
718, 259.0539, 0.0038602
719, 258.7523, 0.0038647
720, 248.9358, 0.0040171
721, 238.4302, 0.0041941
722, 247.3594, 0.0040427
723, 247.5922, 0.0040389
724, 249.1218, 0.0040141
725, 255.011, 0.0039214
726, 226.9993, 0.0044053
727, 221.5723, 0.0045132
728, 240.3962, 0.0041598
729, 204.2609, 0.0048957
730, 256.3774, 0.0039005
731, 228.514, 0.0043761
732, 248.367, 0.0040263
733, 254.8875, 0.0039233
734, 248.256, 0.0040281
735, 263.1995, 0.0037994
736, 228.7231, 0.0043721
737, 265.1887, 0.0037709
738, 259.6391, 0.0038515
739, 252.6273, 0.0039584
740, 251.1742, 0.0039813
741, 232.1802, 0.004307
742, 247.1271, 0.0040465
743, 265.3505, 0.0037686
744, 237.5523, 0.0042096
745, 252.7806, 0.003956
746, 234.8355, 0.0042583
747, 239.5382, 0.0041747
748, 237.6934, 0.0042071
749, 256.9967, 0.0038911
750, 240.3038, 0.0041614
751, 264.6483, 0.0037786
752, 249.1218, 0.0040141
753, 240.5697, 0.0041568
754, 265.6819, 0.0037639
755, 241.8731, 0.0041344
756, 252.6848, 0.0039575
757, 235.5324, 0.0042457
758, 262.7707, 0.0038056
759, 258.438, 0.0038694
760, 225.8254, 0.0044282
761, 252.5508, 0.0039596
762, 258.8461, 0.0038633
763, 261.4106, 0.0038254
764, 243.5935, 0.0041052
765, 227.2727, 0.0044
766, 259.9428, 0.003847
767, 259.3495, 0.0038558
768, 245.7848, 0.0040686
769, 254.0909, 0.0039356
770, 243.0783, 0.0041139
771, 261.274, 0.0038274
772, 252.5125, 0.0039602
773, 240.8188, 0.0041525
774, 256.4234, 0.0038998
775, 218.1786, 0.0045834
776, 236.4066, 0.00423
777, 212.9971, 0.0046949
778, 252.7998, 0.0039557
779, 262.8121, 0.003805
780, 227.2624, 0.0044002
781, 247.2249, 0.0040449
782, 260.6814, 0.0038361
783, 244.0572, 0.0040974
784, 261.2467, 0.0038278
785, 209.2576, 0.0047788
786, 243.9144, 0.0040998
787, 256.2132, 0.003903
788, 262.0202, 0.0038165
789, 252.8062, 0.0039556
790, 234.4446, 0.0042654
791, 245.2363, 0.0040777
792, 262.3433, 0.0038118
793, 260.315, 0.0038415
794, 245.1581, 0.004079
795, 203.6411, 0.0049106
796, 234.9624, 0.004256
797, 205.2419, 0.0048723
798, 208.3246, 0.0048002
799, 235.3883, 0.0042483
800, 259.2554, 0.0038572
801, 238.5098, 0.0041927
802, 255.1346, 0.0039195
803, 261.4995, 0.0038241
804, 239.0514, 0.0041832
805, 236.8321, 0.0042224
806, 253.0813, 0.0039513
807, 256.3117, 0.0039015
808, 253.7169, 0.0039414
809, 227.2004, 0.0044014
810, 242.2305, 0.0041283
811, 260.8786, 0.0038332
812, 265.259, 0.0037699
813, 251.5786, 0.0039749
814, 225.6063, 0.0044325
815, 262.1507, 0.0038146
816, 261.5063, 0.003824
817, 249.7253, 0.0040044
818, 248.8491, 0.0040185
819, 235.8991, 0.0042391
820, 250.1814, 0.0039971
821, 244.5227, 0.0040896
822, 231.6316, 0.0043172
823, 257.4135, 0.0038848
824, 241.4992, 0.0041408
825, 254.4918, 0.0039294
826, 248.6078, 0.0040224
827, 259.8955, 0.0038477
828, 260.6678, 0.0038363
829, 233.3341, 0.0042857
830, 239.3031, 0.0041788
831, 255.1151, 0.0039198
832, 262.2951, 0.0038125
833, 252.1623, 0.0039657
834, 228.2271, 0.0043816
835, 258.3646, 0.0038705
836, 262.7016, 0.0038066
837, 250.1188, 0.0039981
838, 262.4052, 0.0038109
839, 229.3578, 0.00436
840, 250.1689, 0.0039973
841, 259.1345, 0.003859
842, 255.1932, 0.0039186
843, 241.2487, 0.0041451
844, 227.2831, 0.0043998
845, 259.8888, 0.0038478
846, 270.3287, 0.0036992
847, 233.3668, 0.0042851
848, 246.6639, 0.0040541
849, 240.6739, 0.004155
850, 263.4352, 0.003796
851, 251.2374, 0.0039803
852, 248.3855, 0.004026
853, 260.1728, 0.0038436
854, 240.0154, 0.0041664
855, 242.8127, 0.0041184
856, 253.4983, 0.0039448
857, 257.9647, 0.0038765
858, 252.538, 0.0039598
859, 229.9273, 0.0043492
860, 235.9325, 0.0042385
861, 255.591, 0.0039125
862, 257.9713, 0.0038764
863, 255.4605, 0.0039145
864, 220.2304, 0.0045407
865, 255.7087, 0.0039107
866, 267.2725, 0.0037415
867, 259.3899, 0.0038552
868, 248.2252, 0.0040286
869, 234.2249, 0.0042694
870, 259.7335, 0.0038501
871, 263.1648, 0.0037999
872, 224.0846, 0.0044626
873, 257.3075, 0.0038864
874, 237.6595, 0.0042077
875, 254.946, 0.0039224
876, 235.5158, 0.004246
877, 256.5089, 0.0038985
878, 263.7687, 0.0037912
879, 224.482, 0.0044547
880, 247.7271, 0.0040367
881, 258.5182, 0.0038682
882, 258.5516, 0.0038677
883, 213.6113, 0.0046814
884, 179.559, 0.0055692
885, 250.3254, 0.0039948
886, 249.6193, 0.0040061
887, 262.3501, 0.0038117
888, 229.0479, 0.0043659
889, 249.975, 0.0040004
890, 241.7678, 0.0041362
891, 255.2062, 0.0039184
892, 253.4854, 0.003945
893, 238.635, 0.0041905
894, 253.2351, 0.0039489
895, 256.6933, 0.0038957
896, 247.6903, 0.0040373
897, 247.5247, 0.00404
898, 229.1423, 0.0043641
899, 255.0305, 0.0039211
900, 252.245, 0.0039644
901, 264.0403, 0.0037873
902, 243.9917, 0.0040985
903, 242.8894, 0.0041171
904, 250.8152, 0.003987
905, 239.4579, 0.0041761
906, 259.007, 0.0038609
907, 264.1171, 0.0037862
908, 239.5783, 0.004174
909, 229.2632, 0.0043618
910, 254.563, 0.0039283
911, 261.4721, 0.0038245
912, 267.2725, 0.0037415
913, 222.9853, 0.0044846
914, 253.9812, 0.0039373
915, 258.0779, 0.0038748
916, 249.3144, 0.004011
917, 222.2963, 0.0044985
918, 211.8061, 0.0047213
919, 241.5809, 0.0041394
920, 260.0239, 0.0038458
921, 218.8519, 0.0045693
922, 212.1071, 0.0047146
923, 213.6661, 0.0046802
924, 194.073, 0.0051527
925, 257.8117, 0.0038788
926, 251.9717, 0.0039687
927, 237.3099, 0.0042139
928, 236.3228, 0.0042315
929, 248.3238, 0.004027
930, 255.3561, 0.0039161
931, 249.925, 0.0040012
932, 220.342, 0.0045384
933, 256.7856, 0.0038943
934, 252.8125, 0.0039555
935, 248.3978, 0.0040258
936, 247.4451, 0.0040413
937, 229.2999, 0.0043611
938, 256.4037, 0.0039001
939, 234.8465, 0.0042581
940, 251.2879, 0.0039795
941, 255.3757, 0.0039158
942, 239.5382, 0.0041747
943, 255.9574, 0.0039069
944, 265.0551, 0.0037728
945, 255.3496, 0.0039162
946, 255.7675, 0.0039098
947, 222.1334, 0.0045018
948, 259.9293, 0.0038472
949, 247.8253, 0.0040351
950, 256.2788, 0.003902
951, 229.2369, 0.0043623
952, 235.699, 0.0042427
953, 242.2422, 0.0041281
954, 238.2881, 0.0041966
955, 263.5046, 0.003795
956, 238.692, 0.0041895
957, 250.8655, 0.0039862
958, 248.5893, 0.0040227
959, 254.4076, 0.0039307
960, 258.0113, 0.0038758
961, 221.8082, 0.0045084
962, 246.4754, 0.0040572
963, 262.6602, 0.0038072
964, 262.3364, 0.0038119
965, 245.8211, 0.004068
966, 218.0978, 0.0045851
967, 243.7835, 0.004102
968, 259.538, 0.003853
969, 236.0941, 0.0042356
970, 252.7422, 0.0039566
971, 224.8606, 0.0044472
972, 251.6103, 0.0039744
973, 225.5249, 0.0044341
974, 250.1313, 0.0039979
975, 266.4109, 0.0037536
976, 233.4648, 0.0042833
977, 242.636, 0.0041214
978, 257.5925, 0.0038821
979, 254.7511, 0.0039254
980, 259.9428, 0.003847
981, 222.9505, 0.0044853
982, 253.2479, 0.0039487
983, 250.9347, 0.0039851
984, 254.6797, 0.0039265
985, 228.0554, 0.0043849
986, 207.5206, 0.0048188
987, 233.0025, 0.0042918
988, 235.927, 0.0042386
989, 219.3704, 0.0045585
990, 216.4174, 0.0046207
991, 239.7277, 0.0041714
992, 232.3258, 0.0043043
993, 226.6083, 0.0044129
994, 240.7029, 0.0041545
995, 205.952, 0.0048555
996, 231.6692, 0.0043165
997, 226.1574, 0.0044217
998, 245.02, 0.0040813
999, 207.7965, 0.0048124
1000, 232.8289, 0.004295
1001, 226.2085, 0.0044207
1002, 235.0729, 0.004254
1003, 235.9715, 0.0042378
1004, 210.2386, 0.0047565
1005, 226.8757, 0.0044077
1006, 234.8741, 0.0042576
1007, 222.0298, 0.0045039
1008, 214.3669, 0.0046649
1009, 218.3406, 0.00458
1010, 233.4976, 0.0042827
1011, 239.3203, 0.0041785
1012, 227.7852, 0.0043901
1013, 219.703, 0.0045516
1014, 244.3136, 0.0040931
1015, 237.7499, 0.0042061
1016, 214.2658, 0.0046671
1017, 224.6131, 0.0044521
1018, 207.2668, 0.0048247
1019, 235.9103, 0.0042389
1020, 210.2033, 0.0047573
1021, 232.9753, 0.0042923
1022, 221.5085, 0.0045145
1023, 226.4134, 0.0044167
1024, 246.877, 0.0040506
1025, 230.9842, 0.0043293
1026, 243.3623, 0.0041091
1027, 194.0655, 0.0051529
1028, 233.9729, 0.004274
1029, 225.8356, 0.004428
1030, 221.6263, 0.0045121
1031, 217.4149, 0.0045995
1032, 252.2959, 0.0039636
1033, 232.396, 0.004303
1034, 223.0002, 0.0044843
1035, 218.7657, 0.0045711
1036, 179.5171, 0.0055705
1037, 199.0842, 0.005023
1038, 177.8948, 0.0056213
1039, 223.5736, 0.0044728
1040, 240.0038, 0.0041666
1041, 250.4759, 0.0039924
1042, 255.0045, 0.0039215
1043, 250.9221, 0.0039853
1044, 214.749, 0.0046566
1045, 258.2645, 0.003872
1046, 245.6339, 0.0040711
1047, 245.8754, 0.0040671
1048, 251.8638, 0.0039704
1049, 231.4547, 0.0043205
1050, 245.2423, 0.0040776
1051, 235.699, 0.0042427
1052, 243.2202, 0.0041115
1053, 258.5249, 0.0038681
1054, 229.1318, 0.0043643
1055, 246.5362, 0.0040562
1056, 253.4983, 0.0039448
1057, 263.7061, 0.0037921
1058, 255.3039, 0.0039169
1059, 225.8509, 0.0044277
1060, 257.8183, 0.0038787
1061, 264.5923, 0.0037794
1062, 243.1847, 0.0041121
1063, 256.6867, 0.0038958
1064, 237.9593, 0.0042024
1065, 255.6172, 0.0039121
1066, 247.586, 0.004039
1067, 253.6976, 0.0039417
1068, 263.9358, 0.0037888
1069, 239.4579, 0.0041761
1070, 212.9653, 0.0046956
1071, 240.0096, 0.0041665
1072, 252.4424, 0.0039613
1073, 251.4458, 0.003977
1074, 224.487, 0.0044546
1075, 256.0688, 0.0039052
1076, 266.3258, 0.0037548
1077, 255.4605, 0.0039145
1078, 244.0691, 0.0040972
1079, 224.0796, 0.0044627
1080, 252.2322, 0.0039646
1081, 258.458, 0.0038691
1082, 244.081, 0.004097
1083, 253.357, 0.003947
1084, 237.1129, 0.0042174
1085, 254.4594, 0.0039299
1086, 258.7322, 0.003865
1087, 246.2144, 0.0040615
1088, 250, 0.004
1089, 227.5572, 0.0043945
1090, 257.7054, 0.0038804
1091, 244.1525, 0.0040958
1092, 263.2687, 0.0037984
1093, 261.4448, 0.0038249
1094, 235.6323, 0.0042439
1095, 251.4648, 0.0039767
1096, 256.7987, 0.0038941
1097, 255.0175, 0.0039213
1098, 242.6183, 0.0041217
1099, 218.4551, 0.0045776
1100, 251.4837, 0.0039764
1101, 242.9071, 0.0041168
1102, 250.4634, 0.0039926
1103, 217.5521, 0.0045966
1104, 250.6077, 0.0039903
1105, 249.302, 0.0040112
1106, 261.4311, 0.0038251
1107, 249.3517, 0.0040104
1108, 221.9411, 0.0045057
1109, 257.0099, 0.0038909
1110, 252.7678, 0.0039562
1111, 262.5361, 0.003809
1112, 250.2878, 0.0039954
1113, 241.9725, 0.0041327
1114, 263.0887, 0.003801
1115, 254.5825, 0.003928
1116, 235.9938, 0.0042374
1117, 257.8183, 0.0038787
1118, 234.3842, 0.0042665
1119, 261.2672, 0.0038275
1120, 244.4868, 0.0040902
1121, 256.4563, 0.0038993
1122, 255.3822, 0.0039157
1123, 71.29159, 0.0140269
1124, 246.6213, 0.0040548
1125, 234.83, 0.0042584
1126, 173.4996, 0.0057637
1127, 249.3703, 0.0040101
1128, 242.7243, 0.0041199
1129, 230.5582, 0.0043373
1130, 238.3336, 0.0041958
1131, 260.8106, 0.0038342
1132, 235.6712, 0.0042432
1133, 254.6149, 0.0039275
1134, 255.4931, 0.003914
1135, 241.2662, 0.0041448
1136, 250.9284, 0.0039852
1137, 252.3468, 0.0039628
1138, 240.5465, 0.0041572
1139, 253.0108, 0.0039524
1140, 229.0164, 0.0043665
1141, 253.7942, 0.0039402
1142, 249.8813, 0.0040019
1143, 264.131, 0.003786
1144, 246.2569, 0.0040608
1145, 240.4424, 0.004159
1146, 250.1689, 0.0039973
1147, 251.9653, 0.0039688
1148, 254.3235, 0.003932
1149, 264.7324, 0.0037774
1150, 221.7, 0.0045106
1151, 238.4017, 0.0041946
1152, 256.9175, 0.0038923
1153, 253.4405, 0.0039457
1154, 254.2265, 0.0039335
1155, 223.0599, 0.0044831
1156, 216.1788, 0.0046258
1157, 224.7797, 0.0044488
1158, 208.7988, 0.0047893
1159, 205.3304, 0.0048702
1160, 260.9263, 0.0038325
1161, 260.2405, 0.0038426
1162, 233.8033, 0.0042771
1163, 258.6854, 0.0038657
1164, 243.5045, 0.0041067
1165, 256.4497, 0.0038994
1166, 247.1027, 0.0040469
1167, 266.106, 0.0037579
1168, 254.149, 0.0039347
1169, 232.5744, 0.0042997
1170, 231.0269, 0.0043285
1171, 259.3227, 0.0038562
1172, 254.8355, 0.0039241
1173, 245.3386, 0.004076
1174, 223.5836, 0.0044726
1175, 259.5784, 0.0038524
1176, 256.4103, 0.0039
1177, 236.8714, 0.0042217
1178, 251.5344, 0.0039756
1179, 225.2303, 0.0044399
1180, 254.3688, 0.0039313
1181, 257.5129, 0.0038833
1182, 240.3384, 0.0041608
1183, 246.8892, 0.0040504
1184, 220.1867, 0.0045416
1185, 255.089, 0.0039202
1186, 243.3327, 0.0041096
1187, 252.8637, 0.0039547
1188, 247.4084, 0.0040419
1189, 239.3948, 0.0041772
1190, 248.546, 0.0040234
1191, 245.08, 0.0040803
1192, 236.9724, 0.0042199
1193, 263.6296, 0.0037932
1194, 223.8088, 0.0044681
1195, 255.6891, 0.003911
1196, 242.1659, 0.0041294
1197, 258.2378, 0.0038724
1198, 261.9721, 0.0038172
1199, 232.7909, 0.0042957
1200, 254.2976, 0.0039324
1201, 263.7896, 0.0037909
1202, 242.8894, 0.0041171
1203, 231.7927, 0.0043142
1204, 215.1602, 0.0046477
1205, 251.8511, 0.0039706
1206, 259.6863, 0.0038508
1207, 236.5184, 0.004228
1208, 236.5576, 0.0042273
1209, 260.7154, 0.0038356
1210, 266.9657, 0.0037458
1211, 224.341, 0.0044575
1212, 240.1825, 0.0041635
1213, 238.2427, 0.0041974
1214, 252.8189, 0.0039554
1215, 238.0329, 0.0042011
1216, 258.7523, 0.0038647
1217, 259.4572, 0.0038542
1218, 243.1552, 0.0041126
1219, 222.7717, 0.0044889
1220, 262.4121, 0.0038108
1221, 262.4465, 0.0038103
1222, 257.7054, 0.0038804
1223, 221.146, 0.0045219
1224, 249.8813, 0.0040019
1225, 249.5633, 0.004007
1226, 249.0908, 0.0040146
1227, 237.7499, 0.0042061
1228, 233.8197, 0.0042768
1229, 247.9482, 0.0040331
1230, 251.9336, 0.0039693
1231, 253.9425, 0.0039379
1232, 257.7718, 0.0038794
1233, 239.8024, 0.0041701
1234, 236.2502, 0.0042328
1235, 238.3222, 0.004196
1236, 233.6885, 0.0042792
1237, 252.1432, 0.003966
1238, 223.4038, 0.0044762
1239, 241.2895, 0.0041444
1240, 245.7969, 0.0040684
1241, 245.2543, 0.0040774
1242, 266.1627, 0.0037571
1243, 239.929, 0.0041679
1244, 252.3086, 0.0039634
1245, 252.9468, 0.0039534
1246, 249.3392, 0.0040106
1247, 261.8829, 0.0038185
1248, 229.3367, 0.0043604
1249, 247.8008, 0.0040355
1250, 262.8397, 0.0038046
1251, 255.8788, 0.0039081
1252, 235.4492, 0.0042472
1253, 227.7697, 0.0043904
1254, 253.3185, 0.0039476
1255, 258.5449, 0.0038678
1256, 240.9232, 0.0041507
1257, 212.1161, 0.0047144
1258, 227.2934, 0.0043996
1259, 251.9844, 0.0039685
1260, 212.9744, 0.0046954
1261, 238.8573, 0.0041866
1262, 218.9381, 0.0045675
1263, 250.1501, 0.0039976
1264, 223.2641, 0.004479
1265, 259.4841, 0.0038538
1266, 265.4069, 0.0037678
1267, 240.3095, 0.0041613
1268, 214.1419, 0.0046698
1269, 253.4276, 0.0039459
1270, 250.4508, 0.0039928
1271, 255.8788, 0.0039081
1272, 219.2165, 0.0045617
1273, 254.1038, 0.0039354
1274, 255.4801, 0.0039142
1275, 226.9478, 0.0044063
1276, 205.2377, 0.0048724
1277, 223.0948, 0.0044824
1278, 211.3361, 0.0047318
1279, 206.0793, 0.0048525
1280, 221.332, 0.0045181
1281, 231.8841, 0.0043125
1282, 251.8638, 0.0039704
1283, 235.0508, 0.0042544
1284, 250.9284, 0.0039852
1285, 217.2874, 0.0046022
1286, 256.6472, 0.0038964
1287, 238.2427, 0.0041974
1288, 261.7116, 0.003821
1289, 234.83, 0.0042584
1290, 235.3329, 0.0042493
1291, 244.4091, 0.0040915
1292, 254.7381, 0.0039256
1293, 246.5423, 0.0040561
1294, 258.8193, 0.0038637
1295, 233.7705, 0.0042777
1296, 258.7724, 0.0038644
1297, 247.4268, 0.0040416
1298, 247.7762, 0.0040359
1299, 264.3545, 0.0037828
1300, 224.2002, 0.0044603
1301, 248.3793, 0.0040261
1302, 252.4296, 0.0039615
1303, 257.5461, 0.0038828
1304, 244.0096, 0.0040982
1305, 235.5824, 0.0042448
1306, 256.8713, 0.003893
1307, 267.2868, 0.0037413
1308, 244.816, 0.0040847
1309, 254.589, 0.0039279
1310, 241.0103, 0.0041492
1311, 263.0264, 0.0038019
1312, 237.6934, 0.0042071
1313, 260.532, 0.0038383
1314, 259.2353, 0.0038575
1315, 236.0551, 0.0042363
1316, 211.815, 0.0047211
1317, 258.9399, 0.0038619
1318, 253.3056, 0.0039478
1319, 265.02, 0.0037733
1320, 220.3954, 0.0045373
1321, 239.3604, 0.0041778
1322, 265.8019, 0.0037622
1323, 264.9919, 0.0037737
1324, 227.1591, 0.0044022
1325, 229.2999, 0.0043611
1326, 244.0632, 0.0040973
1327, 263.6505, 0.0037929
1328, 242.5771, 0.0041224
1329, 249.7128, 0.0040046
1330, 238.9201, 0.0041855
1331, 258.5249, 0.0038681
1332, 247.4206, 0.0040417
1333, 245.8996, 0.0040667
1334, 260.8514, 0.0038336
1335, 223.3938, 0.0044764
1336, 259.774, 0.0038495
1337, 247.2799, 0.004044
1338, 262.7638, 0.0038057
1339, 256.0426, 0.0039056
1340, 239.9981, 0.0041667
1341, 243.9382, 0.0040994
1342, 262.4603, 0.0038101
1343, 250.4006, 0.0039936
1344, 262.6878, 0.0038068
1345, 222.5982, 0.0044924
1346, 254.2912, 0.0039325
1347, 251.8955, 0.0039699
1348, 255.1867, 0.0039187
1349, 246.9563, 0.0040493
1350, 222.7271, 0.0044898
1351, 249.925, 0.0040012
1352, 259.1412, 0.0038589
1353, 249.638, 0.0040058
1354, 261.274, 0.0038274
1355, 230.0278, 0.0043473
1356, 253.9682, 0.0039375
1357, 237.2761, 0.0042145
1358, 236.5184, 0.004228
1359, 233.2525, 0.0042872
1360, 258.7322, 0.003865
1361, 254.4724, 0.0039297
1362, 243.552, 0.0041059
1363, 257.3737, 0.0038854
1364, 238.3506, 0.0041955
1365, 263.7896, 0.0037909
1366, 246.6456, 0.0040544
1367, 259.6391, 0.0038515
1368, 261.8281, 0.0038193
1369, 237.914, 0.0042032
1370, 232.2449, 0.0043058
1371, 259.3832, 0.0038553
1372, 263.5393, 0.0037945
1373, 254.5177, 0.003929
1374, 228.9744, 0.0043673
1375, 263.1925, 0.0037995
1376, 262.0339, 0.0038163
1377, 266.2903, 0.0037553
1378, 241.6042, 0.004139
1379, 260.4641, 0.0038393
1380, 241.9257, 0.0041335
1381, 262.8397, 0.0038046
1382, 239.8657, 0.004169
1383, 251.7877, 0.0039716
1384, 250.8277, 0.0039868
1385, 233.3559, 0.0042853
1386, 256.4563, 0.0038993
1387, 253.4662, 0.0039453
1388, 269.4038, 0.0037119
1389, 259.7335, 0.0038501
1390, 232.369, 0.0043035
1391, 240.2691, 0.004162
1392, 260.8514, 0.0038336
1393, 252.5699, 0.0039593
1394, 265.02, 0.0037733
1395, 228.6394, 0.0043737
1396, 255.3757, 0.0039158
1397, 209.4767, 0.0047738
1398, 256.2132, 0.003903
1399, 230.819, 0.0043324
1400, 257.4003, 0.003885
1401, 244.5586, 0.004089
1402, 255.102, 0.00392
1403, 223.319, 0.0044779
1404, 206.3856, 0.0048453
1405, 234.5876, 0.0042628
1406, 219.2069, 0.0045619
1407, 234.5821, 0.0042629
1408, 231.4386, 0.0043208
1409, 237.0399, 0.0042187
1410, 249.6754, 0.0040052
1411, 238.5781, 0.0041915
1412, 247.6106, 0.0040386
1413, 260.6474, 0.0038366
1414, 235.355, 0.0042489
1415, 234.8686, 0.0042577
1416, 253.9812, 0.0039373
1417, 255.5453, 0.0039132
1418, 241.7795, 0.004136
1419, 242.2598, 0.0041278
1420, 265.3083, 0.0037692
1421, 265.245, 0.0037701
1422, 262.0339, 0.0038163
1423, 233.7541, 0.004278
1424, 230.1602, 0.0043448
1425, 258.3646, 0.0038705
1426, 258.7054, 0.0038654
1427, 230.8989, 0.0043309
1428, 237.9026, 0.0042034
1429, 256.2394, 0.0039026
1430, 252.7039, 0.0039572
1431, 238.4415, 0.0041939
1432, 259.6526, 0.0038513
1433, 236.877, 0.0042216
1434, 247.4757, 0.0040408
1435, 247.6474, 0.004038
1436, 260.6746, 0.0038362
1437, 265.6607, 0.0037642
1438, 228.2375, 0.0043814
1439, 252.175, 0.0039655
1440, 251.5407, 0.0039755
1441, 249.6318, 0.0040059
1442, 244.7621, 0.0040856
1443, 236.5632, 0.0042272
1444, 242.1366, 0.0041299
1445, 260.0442, 0.0038455
1446, 249.0908, 0.0040146
1447, 261.4995, 0.0038241
1448, 212.6709, 0.0047021
1449, 246.3236, 0.0040597
1450, 254.6149, 0.0039275
1451, 259.2823, 0.0038568
1452, 246.166, 0.0040623
1453, 222.3111, 0.0044982
1454, 260.9127, 0.0038327
1455, 262.9226, 0.0038034
1456, 232.1371, 0.0043078
1457, 254.6473, 0.003927
1458, 240.3269, 0.004161
1459, 254.7576, 0.0039253
1460, 247.3533, 0.0040428
1461, 222.9108, 0.0044861
1462, 244.5346, 0.0040894
1463, 233.3886, 0.0042847
1464, 249.9688, 0.0040005
1465, 223.2093, 0.0044801
1466, 255.7022, 0.0039108
1467, 261.6158, 0.0038224
1468, 204.2943, 0.0048949
1469, 172.9775, 0.0057811
1470, 227.4278, 0.004397
1471, 210.9126, 0.0047413
1472, 195.7369, 0.0051089
1473, 218.694, 0.0045726
1474, 218.8663, 0.004569
1475, 191.9644, 0.0052093
1476, 222.2667, 0.0044991
1477, 247.4696, 0.0040409
1478, 249.1591, 0.0040135
1479, 247.439, 0.0040414
1480, 265.428, 0.0037675
1481, 229.0531, 0.0043658
1482, 240.9232, 0.0041507
1483, 251.1869, 0.0039811
1484, 249.6318, 0.0040059
1485, 265.2872, 0.0037695
1486, 236.9949, 0.0042195
1487, 252.436, 0.0039614
1488, 259.7875, 0.0038493
1489, 262.7154, 0.0038064
1490, 251.623, 0.0039742
1491, 215.8662, 0.0046325
1492, 262.1576, 0.0038145
1493, 263.4283, 0.0037961
1494, 250.0938, 0.0039985
1495, 250.5952, 0.0039905
1496, 235.6157, 0.0042442
1497, 251.718, 0.0039727
1498, 255.9246, 0.0039074
1499, 249.9063, 0.0040015
1500, 244.0751, 0.0040971
1501, 211.2468, 0.0047338
1502, 259.1479, 0.0038588
1503, 230.3616, 0.004341
1504, 256.141, 0.0039041
1505, 229.2579, 0.0043619
1506, 261.1102, 0.0038298
1507, 254.881, 0.0039234
1508, 253.4405, 0.0039457
1509, 252.7359, 0.0039567
1510, 244.3076, 0.0040932
1511, 261.9859, 0.003817
1512, 227.9358, 0.0043872
1513, 257.043, 0.0038904
1514, 267.8882, 0.0037329
1515, 241.7035, 0.0041373
1516, 238.0556, 0.0042007
1517, 248.3855, 0.004026
1518, 262.1576, 0.0038145
1519, 263.0748, 0.0038012
1520, 194.9584, 0.0051293
1521, 180.4859, 0.0055406
1522, 225.063, 0.0044432
1523, 188.6401, 0.0053011
1524, 223.4537, 0.0044752
1525, 259.6795, 0.0038509
1526, 262.8328, 0.0038047
1527, 232.9211, 0.0042933
1528, 257.7785, 0.0038793
1529, 237.096, 0.0042177
1530, 253.2992, 0.0039479
1531, 237.293, 0.0042142
1532, 250.9662, 0.0039846
1533, 250.2816, 0.0039955
1534, 233.7377, 0.0042783
1535, 242.0311, 0.0041317
1536, 247.1271, 0.0040465
1537, 252.3532, 0.0039627
1538, 226.4031, 0.0044169
1539, 186.4628, 0.005363
1540, 243.3801, 0.0041088
1541, 234.4886, 0.0042646
1542, 245.9903, 0.0040652
1543, 248.1574, 0.0040297
1544, 236.7985, 0.004223
1545, 243.1315, 0.004113
1546, 245.2423, 0.0040776
1547, 243.3978, 0.0041085
1548, 228.6812, 0.0043729
1549, 252.7295, 0.0039568
1550, 266.2194, 0.0037563
1551, 250.1626, 0.0039974
1552, 260.797, 0.0038344
1553, 220.7311, 0.0045304
1554, 258.3579, 0.0038706
1555, 258.4915, 0.0038686
1556, 251.3636, 0.0039783
1557, 247.8622, 0.0040345
1558, 228.6185, 0.0043741
1559, 259.1143, 0.0038593
1560, 249.4761, 0.0040084
1561, 251.2058, 0.0039808
1562, 262.0064, 0.0038167
1563, 235.0508, 0.0042544
1564, 248.7748, 0.0040197
1565, 247.7762, 0.0040359
1566, 259.007, 0.0038609
1567, 260.6407, 0.0038367
1568, 219.2886, 0.0045602
1569, 245.1341, 0.0040794
1570, 257.334, 0.003886
1571, 262.1163, 0.0038151
1572, 228.0658, 0.0043847
1573, 238.0726, 0.0042004
1574, 261.0693, 0.0038304
1575, 259.1278, 0.0038591
1576, 230.8509, 0.0043318
1577, 254.4594, 0.0039299
1578, 235.6879, 0.0042429
1579, 254.3559, 0.0039315
1580, 214.892, 0.0046535
1581, 243.4749, 0.0041072
1582, 260.9603, 0.003832
1583, 242.7538, 0.0041194
1584, 240.2345, 0.0041626
1585, 254.881, 0.0039234
1586, 254.5501, 0.0039285
1587, 258.6118, 0.0038668
1588, 228.5714, 0.004375
1589, 253.5368, 0.0039442
1590, 252.1114, 0.0039665
1591, 247.2371, 0.0040447
1592, 266.5671, 0.0037514
1593, 228.6289, 0.0043739
1594, 249.6193, 0.0040061
1595, 252.7934, 0.0039558
1596, 246.069, 0.0040639
1597, 236.3899, 0.0042303
1598, 235.0563, 0.0042543
1599, 252.9276, 0.0039537
1600, 261.7801, 0.00382
1601, 244.7441, 0.0040859
1602, 260.4777, 0.0038391
1603, 232.4284, 0.0043024
1604, 265.9362, 0.0037603
1605, 241.0684, 0.0041482
1606, 259.2084, 0.0038579
1607, 247.7762, 0.0040359
1608, 235.4659, 0.0042469
1609, 236.2558, 0.0042327
1610, 263.8662, 0.0037898
1611, 246.524, 0.0040564
1612, 263.7061, 0.0037921
1613, 226.3314, 0.0044183
1614, 248.2375, 0.0040284
1615, 256.8449, 0.0038934
1616, 261.5473, 0.0038234
1617, 258.9533, 0.0038617
1618, 225.7234, 0.0044302
1619, 261.7321, 0.0038207
1620, 262.2194, 0.0038136
1621, 268.226, 0.0037282
1622, 245.086, 0.0040802
1623, 229.8745, 0.0043502
1624, 255.4866, 0.0039141
1625, 251.1805, 0.0039812
1626, 231.8841, 0.0043125
1627, 258.8126, 0.0038638
1628, 227.9514, 0.0043869
1629, 264.4453, 0.0037815
1630, 232.1909, 0.0043068
1631, 260.6814, 0.0038361
1632, 254.576, 0.0039281
1633, 229.9432, 0.0043489
1634, 210.8948, 0.0047417
1635, 258.0912, 0.0038746
1636, 243.3682, 0.004109
1637, 224.3561, 0.0044572
1638, 245.2543, 0.0040774
1639, 264.8586, 0.0037756
1640, 257.7984, 0.003879
1641, 242.8658, 0.0041175
1642, 226.8706, 0.0044078
1643, 258.438, 0.0038694
1644, 258.8796, 0.0038628
1645, 222.6229, 0.0044919
1646, 204.3903, 0.0048926
1647, 193.3488, 0.005172
1648, 203.2934, 0.004919
1649, 251.661, 0.0039736
1650, 259.4572, 0.0038542
1651, 242.2422, 0.0041281
1652, 246.069, 0.0040639
1653, 259.3765, 0.0038554
1654, 249.0226, 0.0040157
1655, 244.7142, 0.0040864
1656, 213.5201, 0.0046834
1657, 12.94773, 0.0772336
1658, 109.329, 0.0091467
1659, 240.3442, 0.0041607
1660, 263.727, 0.0037918
1661, 262.082, 0.0038156
1662, 234.1537, 0.0042707
1663, 237.3718, 0.0042128
1664, 247.6719, 0.0040376
1665, 257.8516, 0.0038782
1666, 263.6714, 0.0037926
1667, 209.6216, 0.0047705
1668, 244.3793, 0.004092
1669, 254.589, 0.0039279
1670, 262.5568, 0.0038087
1671, 224.4266, 0.0044558
1672, 253.82, 0.0039398
1673, 252.8381, 0.0039551
1674, 264.5503, 0.00378
1675, 234.1317, 0.0042711
1676, 227.967, 0.0043866
1677, 261.008, 0.0038313
1678, 246.4511, 0.0040576
1679, 244.5945, 0.0040884
1680, 254.4594, 0.0039299
1681, 239.6185, 0.0041733
1682, 241.5517, 0.0041399
1683, 258.6519, 0.0038662
1684, 242.1718, 0.0041293
1685, 254.2459, 0.0039332
1686, 219.9155, 0.0045472
1687, 250.6957, 0.0039889
1688, 242.2011, 0.0041288
1689, 257.1024, 0.0038895
1690, 233.0025, 0.0042918
1691, 236.72, 0.0042244
1692, 232.7963, 0.0042956
1693, 253.9296, 0.0039381
1694, 211.7657, 0.0047222
1695, 211.5462, 0.0047271
1696, 228.097, 0.0043841
1697, 244.3136, 0.0040931
1698, 260.5659, 0.0038378
1699, 255.6891, 0.003911
1700, 226.9735, 0.0044058
1701, 239.5841, 0.0041739
1702, 259.7538, 0.0038498
1703, 257.0033, 0.003891
1704, 249.2895, 0.0040114
1705, 218.6557, 0.0045734
1706, 256.1213, 0.0039044
1707, 260.6882, 0.003836
1708, 253.994, 0.0039371
1709, 248.0836, 0.0040309
1710, 239.7047, 0.0041718
1711, 239.9405, 0.0041677
1712, 245.2543, 0.0040774
1713, 259.5044, 0.0038535
1714, 259.2218, 0.0038577
1715, 244.3554, 0.0040924
1716, 248.5707, 0.004023
1717, 265.3083, 0.0037692
1718, 252.7231, 0.0039569
1719, 258.6385, 0.0038664
1720, 199.7802, 0.0050055
1721, 259.3563, 0.0038557
1722, 266.3683, 0.0037542
1723, 266.4393, 0.0037532
1724, 232.9591, 0.0042926
1725, 217.9267, 0.0045887
1726, 257.2678, 0.003887
1727, 264.3265, 0.0037832
1728, 227.1798, 0.0044018
1729, 243.9262, 0.0040996
1730, 241.08, 0.004148
1731, 256.8053, 0.003894
1732, 248.5522, 0.0040233
1733, 248.3115, 0.0040272
1734, 257.8649, 0.003878
1735, 230.3298, 0.0043416
1736, 249.4637, 0.0040086
1737, 239.1086, 0.0041822
1738, 257.3406, 0.0038859
1739, 253.434, 0.0039458
1740, 242.1542, 0.0041296
1741, 249.4948, 0.0040081
1742, 262.4948, 0.0038096
1743, 251.7053, 0.0039729
1744, 231.3422, 0.0043226
1745, 204.0067, 0.0049018
1746, 185.846, 0.0053808
1747, 203.2107, 0.004921
1748, 250.338, 0.0039946
1749, 239.8369, 0.0041695
1750, 228.5453, 0.0043755
1751, 238.8345, 0.004187
1752, 209.7095, 0.0047685
1753, 226.2699, 0.0044195
1754, 187.3571, 0.0053374
1755, 235.3606, 0.0042488
1756, 227.6245, 0.0043932
1757, 219.2021, 0.004562
1758, 210.7215, 0.0047456
1759, 227.2676, 0.0044001
1760, 235.5602, 0.0042452
1761, 243.4986, 0.0041068
1762, 246.6091, 0.004055
1763, 214.0869, 0.004671
1764, 223.7287, 0.0044697
1765, 242.3361, 0.0041265
1766, 229.6053, 0.0043553
1767, 198.1375, 0.005047
1768, 237.0736, 0.0042181
1769, 236.4234, 0.0042297
1770, 238.8288, 0.0041871
1771, 212.7298, 0.0047008
1772, 228.0658, 0.0043847
1773, 247.7026, 0.0040371
1774, 232.9482, 0.0042928
1775, 230.622, 0.0043361
1776, 225.8509, 0.0044277
1777, 236.6472, 0.0042257
1778, 224.0846, 0.0044626
1779, 229.2474, 0.0043621
1780, 235.8991, 0.0042391
1781, 218.9717, 0.0045668
1782, 213.4016, 0.004686
1783, 231.3262, 0.0043229
1784, 223.2691, 0.0044789
1785, 193.8398, 0.0051589
1786, 222.1038, 0.0045024
1787, 241.9609, 0.0041329
1788, 224.9618, 0.0044452
1789, 202.4128, 0.0049404
1790, 207.8095, 0.0048121
1791, 245.6459, 0.0040709
1792, 239.0743, 0.0041828
1793, 227.6971, 0.0043918
1794, 216.0294, 0.004629
1795, 230.2768, 0.0043426
1796, 243.9679, 0.0040989
1797, 222.8661, 0.004487
1798, 226.6803, 0.0044115
1799, 214.2199, 0.0046681
1800, 241.0742, 0.0041481
1801, 228.1282, 0.0043835
1802, 233.9236, 0.0042749
1803, 220.8627, 0.0045277
1804, 243.4156, 0.0041082
1805, 256.8713, 0.003893
1806, 251.813, 0.0039712
1807, 261.0421, 0.0038308
1808, 241.6977, 0.0041374
1809, 238.1293, 0.0041994
1810, 249.6692, 0.0040053
1811, 262.481, 0.0038098
1812, 256.6406, 0.0038965
1813, 214.4726, 0.0046626
1814, 245.5193, 0.004073
1815, 258.6786, 0.0038658
1816, 250.05, 0.0039992
1817, 243.6944, 0.0041035
1818, 233.0079, 0.0042917
1819, 258.1111, 0.0038743
1820, 264.4943, 0.0037808
1821, 237.9479, 0.0042026
1822, 249.8251, 0.0040028
1823, 229.1371, 0.0043642
1824, 206.6372, 0.0048394
1825, 241.208, 0.0041458
1826, 244.7501, 0.0040858
1827, 251.528, 0.0039757
1828, 223.8088, 0.0044681
1829, 247.1577, 0.004046
1830, 260.7834, 0.0038346
1831, 259.1211, 0.0038592
1832, 258.8059, 0.0038639
1833, 214.6245, 0.0046593
1834, 254.7122, 0.003926
1835, 254.7446, 0.0039255
1836, 242.9248, 0.0041165
1837, 228.8748, 0.0043692
1838, 258.4981, 0.0038685
1839, 257.0033, 0.003891
1840, 241.5051, 0.0041407
1841, 260.3624, 0.0038408
1842, 229.4104, 0.004359
1843, 254.803, 0.0039246
1844, 256.8845, 0.0038928
1845, 258.7657, 0.0038645
1846, 243.8786, 0.0041004
1847, 227.7956, 0.0043899
1848, 256.8515, 0.0038933
1849, 255.7675, 0.0039098
1850, 249.445, 0.0040089
1851, 255.1867, 0.0039187
1852, 239.7621, 0.0041708
1853, 253.4083, 0.0039462
1854, 239.3833, 0.0041774
1855, 245.6761, 0.0040704
1856, 240.298, 0.0041615
1857, 239.4579, 0.0041761
1858, 246.439, 0.0040578
1859, 250.1438, 0.0039977
1860, 265.245, 0.0037701
1861, 256.0819, 0.003905
1862, 234.7583, 0.0042597
1863, 239.7967, 0.0041702
1864, 260.7018, 0.0038358
1865, 63.23071, 0.0158151
1866, 18.03778, 0.0554392
1867, 130.9466, 0.0076367
1868, 230.9042, 0.0043308
1869, 233.5357, 0.004282
1870, 200.3446, 0.0049914
1871, 221.1704, 0.0045214
1872, 205.7274, 0.0048608
1873, 152.6275, 0.0065519
1874, 151.6001, 0.0065963
1875, 59.62603, 0.0167712
1876, 71.94245, 0.0139
1877, 71.03333, 0.0140779
1878, 74.82062, 0.0133653
1879, 70.924, 0.0140996
1880, 72.15215, 0.0138596
1881, 74.00883, 0.0135119
1882, 69.47629, 0.0143934
1883, 68.6634, 0.0145638
1884, 80.27551, 0.0124571
1885, 71.82205, 0.0139233
1886, 71.39542, 0.0140065
1887, 72.05856, 0.0138776
1888, 71.40511, 0.0140046
1889, 70.47366, 0.0141897
1890, 74.32899, 0.0134537
1891, 71.06815, 0.014071
1892, 71.26162, 0.0140328
1893, 72.58527, 0.0137769
1894, 72.65488, 0.0137637
1895, 68.09763, 0.0146848
1896, 77.01787, 0.012984
1897, 71.65839, 0.0139551
1898, 71.59324, 0.0139678
1899, 71.7803, 0.0139314
1900, 71.23928, 0.0140372
1901, 70.58209, 0.0141679
1902, 73.47862, 0.0136094
1903, 71.43112, 0.0139995
1904, 69.76955, 0.0143329
1905, 75.08691, 0.0133179
1906, 72.59844, 0.0137744
1907, 70.72786, 0.0141387
1908, 72.65488, 0.0137637
1909, 71.22152, 0.0140407
1910, 72.56894, 0.01378
1911, 71.73807, 0.0139396
1912, 71.94607, 0.0138993
1913, 71.01415, 0.0140817
1914, 73.05563, 0.0136882
1915, 70.79746, 0.0141248
1916, 72.77491, 0.013741
1917, 72.2841, 0.0138343
1918, 72.30344, 0.0138306
1919, 70.74688, 0.0141349
1920, 72.76485, 0.0137429
1921, 72.41077, 0.0138101
1922, 72.46324, 0.0138001
1923, 50.94581, 0.0196287
1924, 72.71088, 0.0137531
1925, 103.6366, 0.0096491
1926, 60.01608, 0.0166622
1927, 74.97769, 0.0133373
1928, 70.8682, 0.0141107
1929, 68.47439, 0.014604
1930, 68.64879, 0.0145669
1931, 69.36256, 0.014417
1932, 70.09919, 0.0142655
1933, 69.35294, 0.014419
1934, 71.76433, 0.0139345
1935, 70.87323, 0.0141097
1936, 70.67738, 0.0141488
1937, 70.08838, 0.0142677
1938, 71.26568, 0.014032
1939, 72.12302, 0.0138652
1940, 70.58358, 0.0141676
1941, 71.81947, 0.0139238
1942, 71.80246, 0.0139271
1943, 70.66139, 0.014152
1944, 71.87678, 0.0139127
1945, 71.44337, 0.0139971
1946, 70.07169, 0.0142711
1947, 73.18716, 0.0136636
1948, 70.29531, 0.0142257
1949, 72.3919, 0.0138137
1950, 72.08038, 0.0138734
1951, 71.52053, 0.013982
1952, 71.61015, 0.0139645
1953, 72.30292, 0.0138307
1954, 71.7216, 0.0139428
1955, 71.2134, 0.0140423
1956, 72.15007, 0.01386
1957, 71.79678, 0.0139282
1958, 70.70186, 0.0141439
1959, 71.30634, 0.014024
1960, 73.36596, 0.0136303
1961, 71.96108, 0.0138964
1962, 71.38574, 0.0140084
1963, 71.63273, 0.0139601
1964, 70.54823, 0.0141747
1965, 73.95465, 0.0135218
1966, 71.80761, 0.0139261
1967, 71.59324, 0.0139678
1968, 71.73705, 0.0139398
1969, 70.24642, 0.0142356
1970, 72.1834, 0.0138536
1971, 73.23753, 0.0136542
1972, 70.69186, 0.0141459
1973, 69.55844, 0.0143764
1974, 74.80663, 0.0133678
1975, 71.02273, 0.01408
1976, 71.76381, 0.0139346
1977, 72.31913, 0.0138276
1978, 72.03988, 0.0138812
1979, 70.49203, 0.014186
1980, 72.72727, 0.01375
1981, 35.71748, 0.0279975
1982, 71.64555, 0.0139576
1983, 72.11625, 0.0138665
1984, 71.60657, 0.0139652
1985, 70.00987, 0.0142837
1986, 24.12633, 0.0414485
1987, 70.86168, 0.014112
1988, 72.54262, 0.013785
1989, 71.79575, 0.0139284
1990, 69.25304, 0.0144398
1991, 74.93781, 0.0133444
1992, 72.25433, 0.01384
1993, 71.45358, 0.0139951
1994, 71.83546, 0.0139207
1995, 70.1105, 0.0142632
1996, 73.58514, 0.0135897
1997, 71.72623, 0.0139419
1998, 72.35471, 0.0138208
1999, 71.74064, 0.0139391
2000, 71.91037, 0.0139062
2001, 71.02626, 0.0140793
2002, 72.23399, 0.0138439
2003, 71.99994, 0.0138889
2004, 71.63683, 0.0139593
2005, 70.06973, 0.0142715
2006, 72.19904, 0.0138506
2007, 72.29089, 0.013833
2008, 73.54671, 0.0135968
2009, 71.49802, 0.0139864
2010, 70.30569, 0.0142236
2011, 72.68868, 0.0137573
2012, 71.64915, 0.0139569
2013, 72.53052, 0.0137873
2014, 71.07573, 0.0140695
2015, 72.04663, 0.0138799
2016, 71.57325, 0.0139717
2017, 59.31585, 0.0168589
2018, 91.23089, 0.0109612
2019, 72.16621, 0.0138569
2020, 71.38625, 0.0140083
2021, 72.33169, 0.0138252
2022, 70.95419, 0.0140936
2023, 71.90262, 0.0139077
2024, 72.17351, 0.0138555
2025, 69.92469, 0.0143011
2026, 73.31002, 0.0136407
2027, 72.30815, 0.0138297
2028, 71.24385, 0.0140363
2029, 72.23399, 0.0138439
2030, 72.18132, 0.013854
2031, 71.20935, 0.0140431
2032, 72.10221, 0.0138692
2033, 71.73344, 0.0139405
2034, 70.44089, 0.0141963
2035, 73.54942, 0.0135963
2036, 70.47217, 0.01419
2037, 73.35788, 0.0136318
2038, 71.83289, 0.0139212
2039, 71.83443, 0.0139209
2040, 70.93758, 0.0140969
2041, 71.33838, 0.0140177
2042, 48.66582, 0.0205483
2043, 120.0797, 0.0083278
2044, 71.49445, 0.0139871
2045, 72.66702, 0.0137614
2046, 73.23003, 0.0136556
2047, 71.90417, 0.0139074
2048, 74.2082, 0.0134756
2049, 72.39977, 0.0138122
2050, 72.28986, 0.0138332
2051, 72.51158, 0.0137909
2052, 70.73837, 0.0141366
2053, 74.03239, 0.0135076
2054, 71.54253, 0.0139777
2055, 72.36571, 0.0138187
2056, 71.01869, 0.0140808
2057, 72.22198, 0.0138462
2058, 71.66199, 0.0139544
2059, 73.25793, 0.0136504
2060, 71.2058, 0.0140438
2061, 71.30836, 0.0140236
2062, 71.87885, 0.0139123
2063, 72.27261, 0.0138365
2064, 70.241, 0.0142367
2065, 73.60735, 0.0135856
2066, 72.40762, 0.0138107
2067, 70.10951, 0.0142634
2068, 73.93442, 0.0135255
2069, 72.59844, 0.0137744
2070, 70.0658, 0.0142723
2071, 72.81995, 0.0137325
2072, 72.11417, 0.0138669
2073, 71.19414, 0.0140461
2074, 72.71987, 0.0137514
2075, 70.18922, 0.0142472
2076, 72.46429, 0.0137999
2077, 71.26822, 0.0140315
2078, 72.09545, 0.0138705
2079, 73.03962, 0.0136912
2080, 72.7442, 0.0137468
2081, 72.13758, 0.0138624
2082, 71.03786, 0.014077
2083, 72.44907, 0.0138028
2084, 72.05493, 0.0138783
2085, 71.47554, 0.0139908
2086, 70.97736, 0.014089
2087, 72.7961, 0.013737
2088, 70.60851, 0.0141626
2089, 71.02122, 0.0140803
2090, 73.3988, 0.0136242
2091, 72.10741, 0.0138682
2092, 71.93054, 0.0139023
2093, 71.2205, 0.0140409
2094, 70.96225, 0.014092
2095, 73.00496, 0.0136977
2096, 71.75866, 0.0139356
2097, 71.99061, 0.0138907
2098, 71.58401, 0.0139696
2099, 71.09746, 0.0140652
2100, 70.76039, 0.0141322
2101, 74.40034, 0.0134408
2102, 71.52769, 0.0139806
2103, 71.11971, 0.0140608
2104, 72.18549, 0.0138532
2105, 71.81638, 0.0139244
2106, 70.63644, 0.014157
2107, 71.7067, 0.0139457
2108, 73.5213, 0.0136015
2109, 71.31396, 0.0140225
2110, 71.96678, 0.0138953
2111, 70.79696, 0.0141249
2112, 72.49897, 0.0137933
2113, 69.80901, 0.0143248
2114, 74.45906, 0.0134302
2115, 71.39491, 0.0140066
2116, 71.95642, 0.0138973
2117, 72.2225, 0.0138461
2118, 71.10858, 0.014063
2119, 72.48163, 0.0137966
2120, 71.42194, 0.0140013
2121, 70.91846, 0.0141007
2122, 72.55683, 0.0137823
2123, 72.33221, 0.0138251
2124, 71.74271, 0.0139387
2125, 72.2225, 0.0138461
2126, 70.87976, 0.0141084
2127, 72.59949, 0.0137742
2128, 71.77669, 0.0139321
2129, 71.81432, 0.0139248
2130, 71.43469, 0.0139988
2131, 71.80607, 0.0139264
2132, 71.01617, 0.0140813
2133, 71.98647, 0.0138915
2134, 72.26217, 0.0138385
2135, 72.32907, 0.0138257
2136, 71.45461, 0.0139949
2137, 71.75506, 0.0139363
2138, 71.62605, 0.0139614
2139, 71.7144, 0.0139442
2140, 71.84992, 0.0139179
2141, 71.54816, 0.0139766
2142, 72.41287, 0.0138097
2143, 71.27482, 0.0140302
2144, 71.94452, 0.0138996
2145, 72.16621, 0.0138569
2146, 71.50263, 0.0139855
2147, 72.33169, 0.0138252
2148, 71.67996, 0.0139509
2149, 71.54611, 0.013977
2150, 70.83558, 0.0141172
2151, 72.32436, 0.0138266
2152, 71.12072, 0.0140606
2153, 73.53428, 0.0135991
2154, 71.46481, 0.0139929
2155, 71.34398, 0.0140166
2156, 72.54367, 0.0137848
2157, 72.02224, 0.0138846
2158, 71.34449, 0.0140165
2159, 72.34529, 0.0138226
2160, 72.03106, 0.0138829
2161, 72.04248, 0.0138807
2162, 70.85415, 0.0141135
2163, 72.68762, 0.0137575
2164, 71.68253, 0.0139504
2165, 72.11469, 0.0138668
2166, 70.87524, 0.0141093
2167, 72.35471, 0.0138208
2168, 71.65017, 0.0139567
2169, 72.04248, 0.0138807
2170, 71.81999, 0.0139237
2171, 71.19515, 0.0140459
2172, 72.27366, 0.0138363
2173, 39.68522, 0.0251983
2174, 51.70524, 0.0193404
2175, 86.54937, 0.0115541
2176, 71.5753, 0.0139713
2177, 74.02692, 0.0135086
2178, 49.36906, 0.0202556
2179, 102.395, 0.0097661
2180, 83.68201, 0.01195
2181, 72.45694, 0.0138013
2182, 71.45461, 0.0139949
2183, 71.11314, 0.0140621
2184, 69.81728, 0.0143231
2185, 74.81055, 0.0133671
2186, 72.96021, 0.0137061
2187, 69.34332, 0.014421
2188, 73.99788, 0.0135139
2189, 71.6081, 0.0139649
2190, 69.41456, 0.0144062
2191, 74.87552, 0.0133555
2192, 72.0965, 0.0138703
2193, 71.42398, 0.0140009
2194, 71.74785, 0.0139377
2195, 71.97714, 0.0138933
2196, 71.11768, 0.0140612
2197, 70.77742, 0.0141288
2198, 72.19122, 0.0138521
2199, 72.30553, 0.0138302
2200, 72.22094, 0.0138464
2201, 69.20319, 0.0144502
2202, 74.82734, 0.0133641
2203, 71.98647, 0.0138915
2204, 71.101, 0.0140645
2205, 72.59739, 0.0137746
2206, 71.99683, 0.0138895
2207, 71.8138, 0.0139249
2208, 69.72237, 0.0143426
2209, 71.57325, 0.0139717
2210, 74.02199, 0.0135095
2211, 72.35052, 0.0138216
2212, 71.25755, 0.0140336
2213, 70.9829, 0.0140879
2214, 71.58401, 0.0139696
2215, 73.6415, 0.0135793
2216, 71.53793, 0.0139786
2217, 71.3043, 0.0140244
2218, 72.54578, 0.0137844
2219, 71.51183, 0.0139837
2220, 68.33775, 0.0146332
2221, 73.01829, 0.0136952
2222, 74.01322, 0.0135111
2223, 72.54578, 0.0137844
2224, 71.54611, 0.013977
2225, 69.68641, 0.01435
2226, 73.53211, 0.0135995
2227, 71.89745, 0.0139087
2228, 72.3186, 0.0138277
2229, 70.83006, 0.0141183
2230, 73.30196, 0.0136422
2231, 70.93809, 0.0140968
2232, 71.13084, 0.0140586
2233, 65.99049, 0.0151537
2234, 76.11161, 0.0131386
2235, 71.90468, 0.0139073
2236, 72.28828, 0.0138335
2237, 70.36951, 0.0142107
2238, 71.1273, 0.0140593
2239, 74.02253, 0.0135094
2240, 68.29155, 0.0146431
2241, 74.66196, 0.0133937
2242, 61.71088, 0.0162046
2243, 87.14901, 0.0114746
2244, 74.20544, 0.0134761
2245, 72.52263, 0.0137888
2246, 70.63943, 0.0141564
2247, 73.36004, 0.0136314
2248, 71.12426, 0.0140599
2249, 72.1709, 0.013856
2250, 70.37644, 0.0142093
2251, 72.72146, 0.0137511
2252, 70.72286, 0.0141397
2253, 72.80776, 0.0137348
2254, 71.79163, 0.0139292
2255, 63.66385, 0.0157075
2256, 63.03938, 0.0158631
2257, 99.684, 0.0100317
2258, 71.60759, 0.013965
2259, 71.4097, 0.0140037
2260, 72.61848, 0.0137706
2261, 25.24354, 0.0396141
2262, 25.36462, 0.039425
2263, 72.51526, 0.0137902
2264, 182.6251, 0.0054757
2265, 77.66447, 0.0128759
2266, 72.84276, 0.0137282
2267, 68.70538, 0.0145549
2268, 74.81838, 0.0133657
2269, 67.55068, 0.0148037
2270, 62.23782, 0.0160674
2271, 84.33267, 0.0118578
2272, 73.01508, 0.0136958
2273, 71.42959, 0.0139998
2274, 73.78277, 0.0135533
2275, 70.14738, 0.0142557
2276, 72.61057, 0.0137721
2277, 72.81677, 0.0137331
2278, 71.93417, 0.0139016
2279, 71.28956, 0.0140273
2280, 73.28799, 0.0136448
2281, 64.89967, 0.0154084
2282, 68.09901, 0.0146845
2283, 84.13754, 0.0118853
2284, 71.93727, 0.013901
2285, 72.23763, 0.0138432
2286, 16.391, 0.0610091
2287, 14.75433, 0.0677767
2288, 26.10475, 0.0383072
2289, 26.36019, 0.037936
2290, 53.40739, 0.018724
2291, 49.77824, 0.0200891
2292, 70.84009, 0.0141163
2293, 128.0902, 0.007807
2294, 70.30421, 0.0142239
2295, 60.04239, 0.0166549
2296, 30.02327, 0.0333075
2297, 149.0868, 0.0067075
2298, 91.36342, 0.0109453
2299, 24.69996, 0.0404859
2300, 44.12206, 0.0226644
2301, 157.8532, 0.006335
2302, 70.4156, 0.0142014
2303, 70.67487, 0.0141493
2304, 72.6908, 0.0137569
2305, 71.38166, 0.0140092
2306, 69.74181, 0.0143386
2307, 73.23057, 0.0136555
2308, 71.10757, 0.0140632
2309, 73.00282, 0.0136981
2310, 71.34856, 0.0140157
2311, 70.37, 0.0142106
2312, 74.36658, 0.0134469
2313, 72.08506, 0.0138725
2314, 71.5584, 0.0139746
2315, 71.85715, 0.0139165
2316, 68.37139, 0.014626
2317, 71.3338, 0.0140186
2318, 28.34853, 0.0352752
2319, 133.8796, 0.0074694
2320, 76.81849, 0.0130177
2321, 76.08382, 0.0131434
2322, 27.70022, 0.0361008
2323, 34.81131, 0.0287263
2324, 152.8982, 0.0065403
2325, 31.35062, 0.0318973
2326, 34.09885, 0.0293265
2327, 142.3852, 0.0070232
2328, 73.42844, 0.0136187
2329, 74.03349, 0.0135074
2330, 71.73756, 0.0139397
2331, 70.97534, 0.0140894
2332, 71.91193, 0.0139059
2333, 70.91595, 0.0141012
2334, 72.4748, 0.0137979
2335, 71.48525, 0.0139889
2336, 71.83443, 0.0139209
2337, 71.49905, 0.0139862
2338, 75.47227, 0.0132499
2339, 69.43866, 0.0144012
2340, 73.60139, 0.0135867
2341, 73.42791, 0.0136188
2342, 71.42194, 0.0140013
2343, 68.95125, 0.014503
2344, 75.45177, 0.0132535
2345, 72.14227, 0.0138615
2346, 72.53262, 0.0137869
2347, 71.03635, 0.0140773
2348, 70.78092, 0.0141281
2349, 74.05707, 0.0135031
2350, 71.09797, 0.0140651
2351, 72.77596, 0.0137408
2352, 70.93356, 0.0140977
2353, 72.48215, 0.0137965
2354, 70.88126, 0.0141081
2355, 72.37671, 0.0138166
2356, 71.71235, 0.0139446
2357, 71.82515, 0.0139227
2358, 71.32464, 0.0140204
2359, 72.48267, 0.0137964
2360, 71.18096, 0.0140487
2361, 73.28047, 0.0136462
2362, 71.03534, 0.0140775
2363, 71.96886, 0.0138949
2364, 68.02027, 0.0147015
2365, 71.1187, 0.014061
2366, 71.20782, 0.0140434
2367, 28.46448, 0.0351315
2368, 128.406, 0.0077878
2369, 82.65897, 0.0120979
2370, 70.71086, 0.0141421
2371, 70.37248, 0.0142101
2372, 27.05606, 0.0369603
2373, 55.12405, 0.0181409
2374, 66.38916, 0.0150627
2375, 72.198, 0.0138508
2376, 75.17497, 0.0133023
2377, 68.83591, 0.0145273
2378, 74.37488, 0.0134454
2379, 25.55787, 0.0391269
2380, 25.86298, 0.0386653
2381, 36.54396, 0.0273643
2382, 144.1213, 0.0069386
2383, 84.80973, 0.0117911
2384, 27.59603, 0.0362371
2385, 38.13766, 0.0262208
2386, 152.1098, 0.0065742
2387, 70.88328, 0.0141077
2388, 71.44847, 0.0139961
2389, 71.41837, 0.014002
2390, 65.88874, 0.0151771
2391, 29.42293, 0.0339871
2392, 153.0058, 0.0065357
2393, 66.9053, 0.0149465
2394, 30.26469, 0.0330418
2395, 34.86629, 0.028681
2396, 37.37912, 0.0267529
2397, 113.5099, 0.0088098
2398, 27.54464, 0.0363047
2399, 34.28909, 0.0291638
2400, 55.78707, 0.0179253
2401, 70.3705, 0.0142105
2402, 72.42178, 0.013808
2403, 71.21544, 0.0140419
2404, 71.98025, 0.0138927
2405, 71.85198, 0.0139175
2406, 73.07858, 0.0136839
2407, 71.57889, 0.0139706
2408, 70.96577, 0.0140913
2409, 72.32488, 0.0138265
2410, 70.76389, 0.0141315
2411, 70.80649, 0.014123
2412, 72.69132, 0.0137568
2413, 70.9824, 0.014088
2414, 70.95369, 0.0140937
2415, 73.11865, 0.0136764
2416, 72.06013, 0.0138773
2417, 70.31854, 0.014221
2418, 75.3239, 0.013276
2419, 69.6801, 0.0143513
2420, 73.17484, 0.0136659
2421, 71.84373, 0.0139191
2422, 71.45461, 0.0139949
2423, 69.74814, 0.0143373
2424, 73.22681, 0.0136562
2425, 72.80776, 0.0137348
2426, 70.36852, 0.0142109
2427, 70.31953, 0.0142208
2428, 26.35025, 0.0379503
2429, 58.14123, 0.0171995
2430, 73.24827, 0.0136522
2431, 70.05598, 0.0142743
2432, 59.65733, 0.0167624
2433, 88.58965, 0.011288
2434, 76.19164, 0.0131248
2435, 70.14984, 0.0142552
2436, 69.71313, 0.0143445
2437, 73.74033, 0.0135611
2438, 71.66866, 0.0139531
2439, 71.57069, 0.0139722
2440, 76.08729, 0.0131428
2441, 66.93306, 0.0149403
2442, 77.46114, 0.0129097
2443, 71.32311, 0.0140207
2444, 70.51291, 0.0141818
2445, 68.57394, 0.0145828
2446, 73.76046, 0.0135574
2447, 72.34163, 0.0138233
2448, 70.91645, 0.0141011
2449, 68.44064, 0.0146112
2450, 29.02353, 0.0344548
2451, 159.7904, 0.0062582
2452, 70.48956, 0.0141865
2453, 74.6096, 0.0134031
2454, 71.05402, 0.0140738
2455, 73.2429, 0.0136532
2456, 70.21929, 0.0142411
2457, 74.03458, 0.0135072
2458, 66.73473, 0.0149847
2459, 73.2692, 0.0136483
2460, 70.63494, 0.0141573
2461, 70.9552, 0.0140934
2462, 73.07057, 0.0136854
2463, 68.54433, 0.0145891
2464, 77.80405, 0.0128528
2465, 70.18134, 0.0142488
2466, 73.20322, 0.0136606
2467, 67.10374, 0.0149023
2468, 76.09482, 0.0131415
2469, 72.71406, 0.0137525
2470, 72.27888, 0.0138353
2471, 74.88898, 0.0133531
2472, 71.39899, 0.0140058
2473, 71.13438, 0.0140579
2474, 72.31808, 0.0138278
2475, 72.29874, 0.0138315
2476, 70.39527, 0.0142055
2477, 72.7961, 0.013737
2478, 71.18096, 0.0140487
2479, 68.86436, 0.0145213
2480, 71.71235, 0.0139446
2481, 73.17269, 0.0136663
2482, 71.54765, 0.0139767
2483, 70.8421, 0.0141159
2484, 72.92882, 0.013712
2485, 74.67368, 0.0133916
2486, 70.84109, 0.0141161
2487, 69.99419, 0.0142869
2488, 73.45272, 0.0136142
2489, 73.2692, 0.0136483
2490, 68.74175, 0.0145472
2491, 74.67981, 0.0133905
2492, 70.89935, 0.0141045
2493, 72.15788, 0.0138585
2494, 72.47847, 0.0137972
2495, 71.49393, 0.0139872
2496, 70.97131, 0.0140902
2497, 72.87302, 0.0137225
2498, 69.80218, 0.0143262
2499, 75.04691, 0.013325
2500, 64.8984, 0.0154087
2501, 75.25304, 0.0132885
2502, 67.38, 0.0148412
2503, 74.00227, 0.0135131
2504, 73.12561, 0.0136751
2505, 72.74103, 0.0137474
2506, 77.11111, 0.0129683
2507, 71.62656, 0.0139613
2508, 71.62144, 0.0139623
2509, 71.80246, 0.0139271
2510, 71.01617, 0.0140813
2511, 71.79782, 0.013928
2512, 72.37775, 0.0138164
2513, 73.0663, 0.0136862
2514, 70.14197, 0.0142568
2515, 72.69819, 0.0137555
2516, 54.99492, 0.0181835
2517, 33.32822, 0.0300046
2518, 135.4702, 0.0073817
2519, 69.87388, 0.0143115
2520, 72.35471, 0.0138208
2521, 71.49854, 0.0139863
2522, 53.29752, 0.0187626
2523, 27.61455, 0.0362128
2524, 28.52872, 0.0350524
2525, 37.19325, 0.0268866
2526, 35.39973, 0.0282488
2527, 35.63906, 0.0280591
2528, 31.12094, 0.0321327
2529, 34.64956, 0.0288604
2530, 27.493, 0.0363729
2531, 30.86591, 0.0323982
2532, 23.19508, 0.0431126
2533, 23.93329, 0.0417828
2534, 28.10931, 0.0355754
2535, 39.13726, 0.0255511
2536, 35.64059, 0.0280579
2537, 35.16422, 0.028438
2538, 33.64353, 0.0297234
2539, 36.43505, 0.0274461
2540, 113.0237, 0.0088477
2541, 71.86128, 0.0139157
2542, 28.97736, 0.0345097
2543, 136.0063, 0.0073526
2544, 30.14218, 0.0331761
2545, 34.25784, 0.0291904
2546, 157.2228, 0.0063604
2547, 73.00069, 0.0136985
2548, 67.55753, 0.0148022
2549, 75.04015, 0.0133262
2550, 72.66438, 0.0137619
2551, 71.52309, 0.0139815
2552, 72.03937, 0.0138813
2553, 72.18757, 0.0138528
2554, 71.94865, 0.0138988
2555, 71.35416, 0.0140146
2556, 72.25851, 0.0138392
2557, 70.44585, 0.0141953
2558, 71.49393, 0.0139872
2559, 74.15208, 0.0134858
2560, 71.06159, 0.0140723
2561, 72.4307, 0.0138063
2562, 71.68716, 0.0139495
2563, 70.69686, 0.0141449
2564, 72.50948, 0.0137913
2565, 72.67125, 0.0137606
2566, 71.40664, 0.0140043
2567, 71.73344, 0.0139405
2568, 71.2921, 0.0140268
2569, 69.99762, 0.0142862
2570, 74.79767, 0.0133694
2571, 71.86438, 0.0139151
2572, 71.49751, 0.0139865
2573, 71.96004, 0.0138966
2574, 70.85867, 0.0141126
2575, 70.68587, 0.0141471
2576, 74.14822, 0.0134865
2577, 71.52462, 0.0139812
2578, 71.02122, 0.0140803
2579, 72.19174, 0.013852
2580, 72.20581, 0.0138493
2581, 71.31905, 0.0140215
2582, 71.91296, 0.0139057
2583, 71.69898, 0.0139472
2584, 71.56915, 0.0139725
2585, 70.63993, 0.0141563
2586, 73.53806, 0.0135984
2587, 70.81, 0.0141223
2588, 72.63483, 0.0137675
2589, 72.5542, 0.0137828
2590, 71.28295, 0.0140286
2591, 71.82412, 0.0139229
2592, 72.22146, 0.0138463
2593, 71.20123, 0.0140447
2594, 71.8587, 0.0139162
2595, 72.07935, 0.0138736
2596, 71.23421, 0.0140382
2597, 71.06967, 0.0140707
2598, 72.74049, 0.0137475
2599, 72.4706, 0.0137987
2600, 72.37095, 0.0138177
2601, 71.32464, 0.0140204
2602, 72.06584, 0.0138762
2603, 71.7216, 0.0139428
2604, 71.94141, 0.0139002
2605, 70.58807, 0.0141667
2606, 73.04335, 0.0136905
2607, 70.4399, 0.0141965
2608, 72.92031, 0.0137136
2609, 72.21781, 0.013847
2610, 71.60503, 0.0139655
2611, 71.79833, 0.0139279
2612, 71.80968, 0.0139257
2613, 71.77617, 0.0139322
2614, 71.55225, 0.0139758
2615, 71.96833, 0.013895
2616, 71.57121, 0.0139721
2617, 72.31442, 0.0138285
2618, 69.68301, 0.0143507
2619, 74.23519, 0.0134707
2620, 69.44107, 0.0144007
2621, 73.9071, 0.0135305
2622, 72.13342, 0.0138632
2623, 71.66148, 0.0139545
2624, 71.96574, 0.0138955
2625, 67.59086, 0.0147949
2626, 76.38427, 0.0130917
2627, 71.33278, 0.0140188
2628, 72.85338, 0.0137262
2629, 70.85314, 0.0141137
2630, 72.64433, 0.0137657
2631, 71.67842, 0.0139512
2632, 72.12769, 0.0138643
2633, 71.57991, 0.0139704
2634, 71.5584, 0.0139746
2635, 71.91606, 0.0139051
2636, 72.06376, 0.0138766
2637, 71.49342, 0.0139873
2638, 72.57895, 0.0137781
2639, 71.27126, 0.0140309
2640, 71.33838, 0.0140177
2641, 72.69766, 0.0137556
2642, 71.47707, 0.0139905
2643, 72.19695, 0.013851
2644, 71.49956, 0.0139861
2645, 71.95694, 0.0138972
2646, 70.94312, 0.0140958
2647, 72.69238, 0.0137566
2648, 72.06999, 0.0138754
2649, 71.29565, 0.0140261
2650, 71.51439, 0.0139832
2651, 71.22203, 0.0140406
2652, 72.38404, 0.0138152
2653, 71.23877, 0.0140373
2654, 72.36518, 0.0138188
2655, 71.99683, 0.0138895
2656, 70.66139, 0.014152
2657, 71.50723, 0.0139846
2658, 72.85974, 0.013725
2659, 72.49424, 0.0137942
2660, 71.88763, 0.0139106
2661, 71.83186, 0.0139214
2662, 70.82805, 0.0141187
2663, 72.33534, 0.0138245
2664, 71.91761, 0.0139048
2665, 71.95073, 0.0138984
2666, 70.12131, 0.014261
2667, 72.78233, 0.0137396
2668, 72.60688, 0.0137728
2669, 71.65172, 0.0139564
2670, 70.2336, 0.0142382
2671, 73.07431, 0.0136847
2672, 71.7566, 0.013936
2673, 71.46278, 0.0139933
2674, 72.72992, 0.0137495
2675, 71.64606, 0.0139575
2676, 71.35976, 0.0140135
2677, 72.6797, 0.013759
2678, 70.78593, 0.0141271
2679, 71.97092, 0.0138945
2680, 72.0461, 0.01388
2681, 72.36099, 0.0138196
2682, 70.88579, 0.0141072
2683, 72.70137, 0.0137549
2684, 70.39973, 0.0142046
2685, 72.89001, 0.0137193
2686, 71.85508, 0.0139169
2687, 71.87988, 0.0139121
2688, 71.65582, 0.0139556
2689, 70.83909, 0.0141165
2690, 72.01134, 0.0138867
2691, 72.65277, 0.0137641
2692, 70.7614, 0.014132
2693, 72.41496, 0.0138093
2694, 72.33534, 0.0138245
2695, 70.37595, 0.0142094
2696, 70.63344, 0.0141576
2697, 74.18838, 0.0134792
2698, 72.25329, 0.0138402
2699, 70.95067, 0.0140943
2700, 71.87367, 0.0139133
2701, 71.40919, 0.0140038
2702, 71.82566, 0.0139226
2703, 72.92989, 0.0137118
2704, 71.12628, 0.0140595
2705, 72.3364, 0.0138243
2706, 35.29316, 0.0283341
2707, 73.36649, 0.0136302
2708, 72.56578, 0.0137806
2709, 72.5342, 0.0137866
2710, 71.63631, 0.0139594
2711, 72.68287, 0.0137584
2712, 71.63477, 0.0139597
2713, 70.75339, 0.0141336
2714, 72.48846, 0.0137953
2715, 72.27888, 0.0138353
2716, 71.12982, 0.0140588
2717, 71.7669, 0.013934
2718, 72.28619, 0.0138339
2719, 71.26314, 0.0140325
2720, 72.45012, 0.0138026
2721, 71.88194, 0.0139117
2722, 71.884, 0.0139113
2723, 71.59221, 0.013968
2724, 71.69846, 0.0139473
2725, 70.17937, 0.0142492
2726, 73.70772, 0.0135671
2727, 71.35467, 0.0140145
2728, 66.98013, 0.0149298
2729, 77.83797, 0.0128472
2730, 72.80405, 0.0137355
2731, 70.67787, 0.0141487
2732, 72.90277, 0.0137169
2733, 71.72469, 0.0139422
2734, 71.65633, 0.0139555
2735, 71.60554, 0.0139654
2736, 70.28197, 0.0142284
2737, 73.49806, 0.0136058
2738, 72.4307, 0.0138063
2739, 70.83758, 0.0141168
2740, 72.65488, 0.0137637
2741, 71.77412, 0.0139326
2742, 71.30735, 0.0140238
2743, 71.35212, 0.014015
2744, 72.45326, 0.013802
2745, 71.29871, 0.0140255
2746, 72.06168, 0.013877
2747, 72.6285, 0.0137687
2748, 70.7654, 0.0141312
2749, 72.53577, 0.0137863
2750, 70.87424, 0.0141095
2751, 72.93148, 0.0137115
2752, 71.94348, 0.0138998
2753, 71.58453, 0.0139695
2754, 71.17641, 0.0140496
2755, 70.79044, 0.0141262
2756, 74.26827, 0.0134647
2757, 71.6317, 0.0139603
2758, 71.36994, 0.0140115
2759, 71.92226, 0.0139039
2760, 71.74064, 0.0139391
2761, 71.18704, 0.0140475
2762, 71.53178, 0.0139798
2763, 69.5933, 0.0143692
2764, 75.40511, 0.0132617
2765, 70.4032, 0.0142039
2766, 71.26111, 0.0140329
2767, 73.70827, 0.013567
2768, 72.01965, 0.0138851
2769, 71.50826, 0.0139844
2770, 71.76793, 0.0139338
2771, 72.07831, 0.0138738
2772, 70.74938, 0.0141344
2773, 72.43909, 0.0138047
2774, 72.07727, 0.013874
2775, 71.97662, 0.0138934
2776, 71.34754, 0.0140159
2777, 72.00305, 0.0138883
2778, 72.16882, 0.0138564
2779, 71.58094, 0.0139702
2780, 70.69886, 0.0141445
2781, 73.20055, 0.0136611
2782, 71.56915, 0.0139725
2783, 71.18046, 0.0140488
2784, 72.07727, 0.013874
2785, 72.60477, 0.0137732
2786, 71.67893, 0.0139511
2787, 71.93262, 0.0139019
2788, 72.12145, 0.0138655
2789, 71.53281, 0.0139796
2790, 71.81792, 0.0139241
2791, 71.78545, 0.0139304
2792, 71.80142, 0.0139273
2793, 72.06272, 0.0138768
2794, 70.93003, 0.0140984
2795, 72.51631, 0.01379
2796, 71.14957, 0.0140549
2797, 72.37199, 0.0138175
2798, 72.12302, 0.0138652
2799, 71.4046, 0.0140047
2800, 69.53378, 0.0143815
2801, 75.04859, 0.0133247
2802, 71.41582, 0.0140025
2803, 70.84109, 0.0141161
2804, 72.88098, 0.013721
2805, 70.44437, 0.0141956
2806, 73.60844, 0.0135854
2807, 71.28448, 0.0140283
2808, 71.5958, 0.0139673
2809, 71.79266, 0.013929
2810, 71.78184, 0.0139311
2811, 71.96316, 0.013896
2812, 72.03521, 0.0138821
2813, 71.85405, 0.0139171
2814, 71.36587, 0.0140123
2815, 71.02575, 0.0140794
2816, 70.50446, 0.0141835
2817, 74.91029, 0.0133493
2818, 71.71183, 0.0139447
2819, 71.47095, 0.0139917
2820, 71.71543, 0.013944
2821, 72.14955, 0.0138601
2822, 71.14906, 0.014055
2823, 72.72833, 0.0137498
2824, 71.81638, 0.0139244
2825, 71.62656, 0.0139613
2826, 71.43163, 0.0139994
2827, 68.5415, 0.0145897
2828, 75.9313, 0.0131698
2829, 72.56947, 0.0137799
2830, 71.3455, 0.0140163
2831, 72.03988, 0.0138812
2832, 71.93882, 0.0139007
2833, 71.41021, 0.0140036
2834, 69.49126, 0.0143903
2835, 71.81226, 0.0139252
2836, 74.72501, 0.0133824
2837, 70.6589, 0.0141525
2838, 72.09129, 0.0138713
2839, 71.82876, 0.013922
2840, 71.07725, 0.0140692
2841, 73.00709, 0.0136973
2842, 72.11885, 0.013866
2843, 71.81019, 0.0139256
2844, 71.49445, 0.0139871
2845, 71.85818, 0.0139163
2846, 70.45329, 0.0141938
2847, 72.86718, 0.0137236
2848, 72.24911, 0.013841
2849, 71.46073, 0.0139937
2850, 71.51592, 0.0139829
2851, 72.44907, 0.0138028
2852, 58.20857, 0.0171796
2853, 73.17323, 0.0136662
2854, 71.13135, 0.0140585
2855, 72.46429, 0.0137999
2856, 71.4398, 0.0139978
2857, 71.63273, 0.0139601
2858, 57.05092, 0.0175282
2859, 137.7999, 0.0072569
2860, 71.85457, 0.013917
2861, 72.46639, 0.0137995
2862, 71.1987, 0.0140452
2863, 72.38404, 0.0138152
2864, 70.74988, 0.0141343
2865, 35.05242, 0.0285287
2866, 75.58865, 0.0132295
2867, 71.83186, 0.0139214
2868, 71.79318, 0.0139289
2869, 65.93566, 0.0151663
2870, 74.74847, 0.0133782
2871, 28.73183, 0.0348046
2872, 124.9797, 0.0080013
2873, 85.29221, 0.0117244
2874, 69.8563, 0.0143151
2875, 73.54563, 0.013597
2876, 71.69846, 0.0139473
2877, 72.30449, 0.0138304
2878, 71.37249, 0.014011
2879, 71.42347, 0.014001
2880, 70.76039, 0.0141322
2881, 30.14591, 0.033172
2882, 120.8313, 0.008276
2883, 71.30836, 0.0140236
2884, 71.60759, 0.013965
2885, 70.28049, 0.0142287
2886, 73.82689, 0.0135452
2887, 70.97182, 0.0140901
2888, 71.26669, 0.0140318
2889, 72.23711, 0.0138433
2890, 71.77051, 0.0139333
2891, 29.19725, 0.0342498
2892, 134.8818, 0.0074139
2893, 72.15267, 0.0138595
2894, 71.96574, 0.0138955
2895, 71.53229, 0.0139797
2896, 70.00399, 0.0142849
2897, 74.28151, 0.0134623
2898, 71.23319, 0.0140384
2899, 72.08194, 0.0138731
2900, 70.79446, 0.0141254
2901, 28.37338, 0.0352443
2902, 158.932, 0.006292
2903, 71.64196, 0.0139583
2904, 71.49905, 0.0139862
2905, 71.19464, 0.014046
2906, 72.6111, 0.013772
2907, 71.16171, 0.0140525
2908, 72.84171, 0.0137284
2909, 71.46124, 0.0139936
2910, 71.09493, 0.0140657
2911, 30.49245, 0.032795
2912, 112.5885, 0.0088819
2913, 71.39746, 0.0140061
2914, 72.34947, 0.0138218
2915, 71.49701, 0.0139866
2916, 71.944, 0.0138997
2917, 72.29978, 0.0138313
2918, 71.53075, 0.01398
2919, 72.02587, 0.0138839
2920, 70.64941, 0.0141544
2921, 27.82887, 0.0359339
2922, 157.1042, 0.0063652
2923, 76.18699, 0.0131256
2924, 72.22355, 0.0138459
2925, 71.144, 0.014056
2926, 71.63529, 0.0139596
2927, 71.77205, 0.013933
2928, 72.16465, 0.0138572
2929, 71.40052, 0.0140055
2930, 71.25755, 0.0140336
2931, 28.08097, 0.0356113
2932, 165.3384, 0.0060482
2933, 71.13033, 0.0140587
2934, 71.74116, 0.013939
2935, 73.00602, 0.0136975
2936, 72.34947, 0.0138218
2937, 70.97937, 0.0140886
2938, 71.78442, 0.0139306
2939, 72.0674, 0.0138759
2940, 71.30938, 0.0140234
2941, 29.65177, 0.0337248
2942, 128.6836, 0.007771
2943, 71.17286, 0.0140503
2944, 71.25958, 0.0140332
2945, 72.00824, 0.0138873
2946, 71.67791, 0.0139513
2947, 71.84321, 0.0139192
2948, 71.69024, 0.0139489
2949, 70.50645, 0.0141831
2950, 72.2606, 0.0138388
2951, 30.06172, 0.0332649
2952, 122.8637, 0.0081391
2953, 71.00911, 0.0140827
2954, 71.72984, 0.0139412
2955, 72.03728, 0.0138817
2956, 71.76896, 0.0139336
2957, 71.72778, 0.0139416
2958, 72.10169, 0.0138693
2959, 70.84461, 0.0141154
2960, 72.28619, 0.0138339
2961, 30.3811, 0.0329152
2962, 114.5488, 0.0087299
2963, 71.74064, 0.0139391
2964, 71.62144, 0.0139623
2965, 71.05907, 0.0140728
2966, 72.14435, 0.0138611
2967, 70.06236, 0.014273
2968, 73.56998, 0.0135925
2969, 72.14383, 0.0138612
2970, 71.5057, 0.0139849
2971, 27.88521, 0.0358613
2972, 158.1353, 0.0063237
2973, 75.13543, 0.0133093
2974, 72.32541, 0.0138264
2975, 71.65017, 0.0139567
2976, 70.83056, 0.0141182
2977, 72.59844, 0.0137744
2978, 72.02898, 0.0138833
2979, 70.97333, 0.0140898
2980, 71.7067, 0.0139457
2981, 30.30129, 0.0330019
2982, 116.7283, 0.0085669
2983, 70.31261, 0.0142222
2984, 72.07883, 0.0138737
2985, 73.34658, 0.0136339
2986, 71.55276, 0.0139757
2987, 71.57325, 0.0139717
2988, 70.59405, 0.0141655
2989, 72.66702, 0.0137614
2990, 70.99802, 0.0140849
2991, 30.75977, 0.03251
2992, 111.7543, 0.0089482
2993, 71.28194, 0.0140288
2994, 70.49353, 0.0141857
2995, 72.68657, 0.0137577
2996, 72.79133, 0.0137379
2997, 71.86645, 0.0139147
2998, 71.28701, 0.0140278
2999, 72.07727, 0.013874
3000, 70.97182, 0.0140901
3001, 27.96929, 0.0357535
3002, 176.0811, 0.0056792
3003, 70.6105, 0.0141622
3004, 72.61954, 0.0137704
3005, 71.55021, 0.0139762
3006, 70.70086, 0.0141441
3007, 72.6797, 0.013759
3008, 71.58555, 0.0139693
3009, 71.70258, 0.0139465
3010, 70.06628, 0.0142722
3011, 28.90031, 0.0346017
3012, 120.2068, 0.008319
3013, 81.7314, 0.0122352
3014, 71.9875, 0.0138913
3015, 71.77669, 0.0139321
3016, 72.00565, 0.0138878
3017, 70.1341, 0.0142584
3018, 73.59001, 0.0135888
3019, 71.87781, 0.0139125
3020, 70.35119, 0.0142144
3021, 30.30872, 0.0329938
3022, 110.9779, 0.0090108
3023, 75.74323, 0.0132025
3024, 70.85415, 0.0141135
3025, 72.04092, 0.013881
3026, 71.87057, 0.0139139
3027, 71.64299, 0.0139581
3028, 71.72829, 0.0139415
3029, 72.37252, 0.0138174
3030, 70.91897, 0.0141006
3031, 28.64509, 0.03491
3032, 142.3771, 0.0070236
3033, 71.00558, 0.0140834
3034, 74.64581, 0.0133966
3035, 71.87367, 0.0139133
3036, 71.32719, 0.0140199
3037, 70.53977, 0.0141764
3038, 72.7855, 0.013739
3039, 71.15969, 0.0140529
3040, 72.23138, 0.0138444
3041, 29.69386, 0.033677
3042, 127.2135, 0.0078608
3043, 70.24297, 0.0142363
3044, 72.32122, 0.0138272
3045, 72.0404, 0.0138811
3046, 72.30711, 0.0138299
3047, 71.31294, 0.0140227
3048, 72.26687, 0.0138376
3049, 71.65633, 0.0139555
3050, 70.77492, 0.0141293
3051, 30.11658, 0.0332043
3052, 120.0898, 0.0083271
3053, 71.44133, 0.0139975
3054, 72.18653, 0.013853
3055, 71.51592, 0.0139829
3056, 71.59426, 0.0139676
3057, 71.88453, 0.0139112
3058, 72.20061, 0.0138503
3059, 71.68922, 0.0139491
3060, 71.3455, 0.0140163
3061, 31.12259, 0.032131
3062, 103.2279, 0.0096873
3063, 72.45694, 0.0138013
3064, 72.02691, 0.0138837
3065, 71.14146, 0.0140565
3066, 69.24297, 0.0144419
3067, 75.54068, 0.0132379
3068, 71.58043, 0.0139703
3069, 72.10326, 0.013869
3070, 70.6524, 0.0141538
3071, 29.33179, 0.0340927
3072, 137.2853, 0.0072841
3073, 70.63394, 0.0141575
3074, 71.95798, 0.013897
3075, 71.73035, 0.0139411
3076, 72.19643, 0.0138511
3077, 71.63016, 0.0139606
3078, 71.78133, 0.0139312
3079, 71.83443, 0.0139209
3080, 71.67482, 0.0139519
3081, 25.67091, 0.0389546
3082, 44.72932, 0.0223567
3083, 122.0882, 0.0081908
3084, 71.77978, 0.0139315
3085, 71.72109, 0.0139429
3086, 71.73241, 0.0139407
3087, 70.0707, 0.0142713
3088, 73.1545, 0.0136697
3089, 71.46124, 0.0139936
3090, 30.17948, 0.0331351
3091, 119.9084, 0.0083397
3092, 71.14197, 0.0140564
3093, 71.78699, 0.0139301
3094, 71.03382, 0.0140778
3095, 72.53577, 0.0137863
3096, 71.68973, 0.013949
3097, 68.4819, 0.0146024
3098, 75.8783, 0.013179
3099, 69.51347, 0.0143857
3100, 30.62393, 0.0326542
3101, 117.4743, 0.0085125
3102, 70.35713, 0.0142132
3103, 72.39243, 0.0138136
3104, 70.85616, 0.0141131
3105, 73.13256, 0.0136738
3106, 72.0991, 0.0138698
3107, 71.47912, 0.0139901
3108, 71.70103, 0.0139468
3109, 70.28148, 0.0142285
3110, 72.86718, 0.0137236
3111, 73.13791, 0.0136728
3112, 71.27736, 0.0140297
3113, 71.74271, 0.0139387
3114, 71.98595, 0.0138916
3115, 71.26365, 0.0140324
3116, 72.03573, 0.013882
3117, 72.21572, 0.0138474
3118, 71.78648, 0.0139302
3119, 71.42448, 0.0140008
3120, 71.44745, 0.0139963
3121, 72.58211, 0.0137775
3122, 70.32299, 0.0142201
3123, 73.32561, 0.0136378
3124, 71.69743, 0.0139475
3125, 71.73705, 0.0139398
3126, 71.74837, 0.0139376
3127, 71.89796, 0.0139086
3128, 69.61122, 0.0143655
3129, 73.83398, 0.0135439
3130, 71.63375, 0.0139599
3131, 71.87885, 0.0139123
3132, 72.48583, 0.0137958
3133, 69.14099, 0.0144632
3134, 72.86505, 0.013724
3135, 73.6106, 0.013585
3136, 71.35467, 0.0140145
3137, 72.31077, 0.0138292
3138, 70.80548, 0.0141232
3139, 72.76591, 0.0137427
3140, 69.92078, 0.0143019
3141, 72.92031, 0.0137136
3142, 71.42296, 0.0140011
3143, 73.17323, 0.0136662
3144, 72.34843, 0.013822
3145, 71.02475, 0.0140796
3146, 71.88763, 0.0139106
3147, 71.73035, 0.0139411
3148, 72.30658, 0.01383
3149, 72.3898, 0.0138141
3150, 71.16931, 0.014051
3151, 72.56104, 0.0137815
3152, 71.19668, 0.0140456
3153, 71.33685, 0.014018
3154, 72.61057, 0.0137721
3155, 71.63786, 0.0139591
3156, 71.81535, 0.0139246
3157, 71.61734, 0.0139631
3158, 71.44745, 0.0139963
3159, 72.46587, 0.0137996
3160, 70.41064, 0.0142024
3161, 73.15717, 0.0136692
3162, 72.0321, 0.0138827
3163, 71.49956, 0.0139861
3164, 70.45628, 0.0141932
3165, 73.28853, 0.0136447
3166, 72.0212, 0.0138848
3167, 71.76175, 0.013935
3168, 70.50198, 0.014184
3169, 73.2429, 0.0136532
3170, 70.30519, 0.0142237
3171, 73.74251, 0.0135607
3172, 71.71235, 0.0139446
3173, 71.67226, 0.0139524
3174, 71.96004, 0.0138966
3175, 71.05654, 0.0140733
3176, 71.98335, 0.0138921
3177, 71.62246, 0.0139621
3178, 73.04762, 0.0136897
3179, 71.01517, 0.0140815
3180, 72.25069, 0.0138407
3181, 71.87522, 0.013913
3182, 71.32464, 0.0140204
3183, 72.78921, 0.0137383
3184, 71.33939, 0.0140175
3185, 71.84321, 0.0139192
3186, 70.86469, 0.0141114
3187, 72.61742, 0.0137708
3188, 71.76587, 0.0139342
3189, 71.65479, 0.0139558
3190, 72.91287, 0.013715
3191, 72.11105, 0.0138675
3192, 71.24638, 0.0140358
3193, 72.30605, 0.0138301
3194, 71.56966, 0.0139724
3195, 72.03937, 0.0138813
3196, 71.76072, 0.0139352
3197, 70.86017, 0.0141123
3198, 71.868, 0.0139144
3199, 71.40205, 0.0140052
3200, 72.3139, 0.0138286
3201, 73.22789, 0.013656
3202, 71.69127, 0.0139487
3203, 71.45562, 0.0139947
3204, 70.81651, 0.014121
3205, 69.19984, 0.0144509
3206, 76.52808, 0.0130671
3207, 69.10277, 0.0144712
3208, 74.14547, 0.013487
3209, 72.23138, 0.0138444
3210, 71.81895, 0.0139239
3211, 71.21391, 0.0140422
3212, 72.31442, 0.0138285
3213, 72.04974, 0.0138793
3214, 71.55482, 0.0139753
3215, 72.04715, 0.0138798
3216, 71.34805, 0.0140158
3217, 72.27627, 0.0138358
3218, 71.49649, 0.0139867
3219, 70.98542, 0.0140874
3220, 72.92085, 0.0137135
3221, 71.21544, 0.0140419
3222, 72.05389, 0.0138785
3223, 71.92796, 0.0139028
3224, 71.47861, 0.0139902
3225, 72.2345, 0.0138438
3226, 70.86971, 0.0141104
3227, 71.92641, 0.0139031
3228, 72.46482, 0.0137998
3229, 72.12874, 0.0138641
3230, 71.05351, 0.0140739
3231, 72.68128, 0.0137587
3232, 70.29383, 0.014226
3233, 72.70348, 0.0137545
3234, 72.36309, 0.0138192
3235, 71.86024, 0.0139159
3236, 72.29665, 0.0138319
3237, 71.27634, 0.0140299
3238, 70.83558, 0.0141172
3239, 72.9267, 0.0137124
3240, 71.99424, 0.01389
3241, 71.46328, 0.0139932
3242, 72.22459, 0.0138457
3243, 71.89538, 0.0139091
3244, 71.624, 0.0139618
3245, 71.95746, 0.0138971
3246, 72.00513, 0.0138879
3247, 71.25654, 0.0140338
3248, 71.18299, 0.0140483
3249, 72.94744, 0.0137085
3250, 72.10585, 0.0138685
3251, 71.04341, 0.0140759
3252, 70.86469, 0.0141114
3253, 73.21341, 0.0136587
3254, 71.73962, 0.0139393
3255, 71.86645, 0.0139147
3256, 71.61528, 0.0139635
3257, 71.95953, 0.0138967
3258, 71.02122, 0.0140803
3259, 72.3364, 0.0138243
3260, 71.91193, 0.0139059
3261, 71.56045, 0.0139742
3262, 72.4706, 0.0137987
3263, 69.45554, 0.0143977
3264, 74.45961, 0.0134301
3265, 71.86283, 0.0139154
3266, 71.65891, 0.013955
3267, 72.24807, 0.0138412
3268, 71.00458, 0.0140836
3269, 72.49477, 0.0137941
3270, 72.11729, 0.0138663
3271, 71.61477, 0.0139636
3272, 71.29668, 0.0140259
3273, 71.66455, 0.0139539
3274, 71.81329, 0.013925
3275, 71.62914, 0.0139608
3276, 71.50314, 0.0139854
3277, 70.76039, 0.0141322
3278, 73.80183, 0.0135498
3279, 71.184, 0.0140481
3280, 72.41549, 0.0138092
3281, 71.87522, 0.013913
3282, 71.89279, 0.0139096
3283, 71.87006, 0.013914
3284, 71.03837, 0.0140769
3285, 71.11314, 0.0140621
3286, 73.58948, 0.0135889
3287, 71.40562, 0.0140045
3288, 70.93356, 0.0140977
3289, 72.84064, 0.0137286
3290, 71.35212, 0.014015
3291, 71.67482, 0.0139519
3292, 72.29874, 0.0138315
3293, 71.78339, 0.0139308
3294, 71.86231, 0.0139155
3295, 71.95332, 0.0138979
3296, 69.28567, 0.014433
3297, 73.73272, 0.0135625
3298, 73.58569, 0.0135896
3299, 71.67842, 0.0139512
3300, 70.83106, 0.0141181
3301, 72.27888, 0.0138353
3302, 72.09753, 0.0138701
3303, 70.95923, 0.0140926
3304, 72.06688, 0.013876
3305, 71.77566, 0.0139323
3306, 72.07467, 0.0138745
3307, 71.14703, 0.0140554
3308, 72.85178, 0.0137265
3309, 70.64143, 0.014156
3310, 73.1069, 0.0136786
3311, 70.94563, 0.0140953
3312, 72.65541, 0.0137636
3313, 71.40766, 0.0140041
3314, 72.25016, 0.0138408
3315, 70.77943, 0.0141284
3316, 71.8587, 0.0139162
3317, 72.53052, 0.0137873
3318, 70.88227, 0.0141079
3319, 73.07111, 0.0136853
3320, 72.1199, 0.0138658
3321, 70.16707, 0.0142517
3322, 73.50941, 0.0136037
3323, 72.00928, 0.0138871
3324, 71.3338, 0.0140186
3325, 71.61579, 0.0139634
3326, 71.52718, 0.0139807
3327, 71.99632, 0.0138896
3328, 72.64854, 0.0137649
3329, 70.71535, 0.0141412
3330, 72.5321, 0.013787
3331, 72.02068, 0.0138849
3332, 71.51183, 0.0139837
3333, 71.10252, 0.0140642
3334, 73.30841, 0.013641
3335, 70.9552, 0.0140934
3336, 72.27209, 0.0138366
3337, 71.77617, 0.0139322
3338, 71.80865, 0.0139259
3339, 71.57427, 0.0139715
3340, 71.14045, 0.0140567
3341, 73.3326, 0.0136365
3342, 71.67534, 0.0139518
3343, 71.80658, 0.0139263
3344, 70.46372, 0.0141917
3345, 71.34398, 0.0140166
3346, 73.68436, 0.0135714
3347, 71.58862, 0.0139687
3348, 69.93887, 0.0142982
3349, 73.73598, 0.0135619
3350, 71.95176, 0.0138982
3351, 70.37942, 0.0142087
3352, 73.12186, 0.0136758
3353, 72.31547, 0.0138283
3354, 71.75197, 0.0139369
3355, 70.25827, 0.0142332
3356, 73.00389, 0.0136979
3357, 71.89279, 0.0139096
3358, 71.8716, 0.0139137
3359, 71.99943, 0.013889
3360, 71.56352, 0.0139736
3361, 72.03728, 0.0138817
3362, 70.53629, 0.0141771
3363, 72.9911, 0.0137003
3364, 71.38166, 0.0140092
3365, 71.10504, 0.0140637
3366, 72.27992, 0.0138351
3367, 71.92485, 0.0139034
3368, 71.84785, 0.0139183
3369, 71.96264, 0.0138961
3370, 71.92123, 0.0139041
3371, 72.10013, 0.0138696
3372, 71.55533, 0.0139752
3373, 71.71286, 0.0139445
3374, 72.30031, 0.0138312
3375, 70.30816, 0.0142231
3376, 73.31325, 0.0136401
3377, 71.46839, 0.0139922
3378, 72.9895, 0.0137006
3379, 71.42755, 0.0140002
3380, 71.86851, 0.0139143
3381, 71.88556, 0.013911
3382, 72.76591, 0.0137427
3383, 70.95319, 0.0140938
3384, 71.68304, 0.0139503
3385, 72.60266, 0.0137736
3386, 70.62795, 0.0141587
3387, 72.72992, 0.0137495
3388, 71.86748, 0.0139145
3389, 71.90003, 0.0139082
3390, 71.69384, 0.0139482
3391, 71.28143, 0.0140289
3392, 72.23607, 0.0138435
3393, 70.80548, 0.0141232
3394, 72.47532, 0.0137978
3395, 71.43877, 0.013998
3396, 71.03736, 0.0140771
3397, 72.39347, 0.0138134
3398, 72.29874, 0.0138315
3399, 71.60759, 0.013965
3400, 71.5917, 0.0139681
3401, 71.74476, 0.0139383
3402, 71.32159, 0.014021
3403, 72.45117, 0.0138024
3404, 71.65274, 0.0139562
3405, 72.19904, 0.0138506
3406, 68.85203, 0.0145239
3407, 29.15554, 0.0342988
3408, 119.6602, 0.008357
3409, 81.38286, 0.0122876
3410, 71.58144, 0.0139701
3411, 72.52999, 0.0137874
3412, 71.0071, 0.0140831
3413, 72.25642, 0.0138396
3414, 71.75918, 0.0139355
3415, 71.53741, 0.0139787
3416, 54.01522, 0.0185133
3417, 31.90739, 0.0313407
3418, 167.7543, 0.0059611
3419, 75.8996, 0.0131753
3420, 71.57274, 0.0139718
3421, 71.884, 0.0139113
3422, 71.11414, 0.0140619
3423, 70.75438, 0.0141334
3424, 73.6898, 0.0135704
3425, 70.53082, 0.0141782
3426, 71.50826, 0.0139844
3427, 28.62762, 0.0349313
3428, 149.5931, 0.0066848
3429, 71.00659, 0.0140832
3430, 71.37045, 0.0140114
3431, 71.87936, 0.0139122
3432, 71.59528, 0.0139674
3433, 71.43112, 0.0139995
3434, 72.91606, 0.0137144
3435, 71.1526, 0.0140543
3436, 70.92651, 0.0140991
3437, 30.72555, 0.0325462
3438, 110.7015, 0.0090333
3439, 71.67739, 0.0139514
3440, 71.73138, 0.0139409
3441, 69.2329, 0.014444
3442, 74.17297, 0.013482
3443, 72.13394, 0.0138631
3444, 71.15311, 0.0140542
3445, 72.30449, 0.0138304
3446, 71.1688, 0.0140511
3447, 29.8875, 0.0334588
3448, 121.0434, 0.0082615
3449, 71.02424, 0.0140797
3450, 71.48474, 0.013989
3451, 73.36703, 0.0136301
3452, 71.29972, 0.0140253
3453, 72.53789, 0.0137859
3454, 71.73498, 0.0139402
3455, 71.29007, 0.0140272
3456, 71.13185, 0.0140584
3457, 30.44316, 0.0328481
3458, 113.5641, 0.0088056
3459, 72.54999, 0.0137836
3460, 71.22203, 0.0140406
3461, 72.21989, 0.0138466
3462, 71.72263, 0.0139426
3463, 71.97403, 0.0138939
3464, 71.66558, 0.0139537
3465, 71.56147, 0.013974
3466, 70.08789, 0.0142678
3467, 30.10452, 0.0332176
3468, 125.1345, 0.0079914
3469, 70.11836, 0.0142616
3470, 72.46429, 0.0137999
3471, 69.92469, 0.0143011
3472, 73.81272, 0.0135478
3473, 71.82412, 0.0139229
3474, 72.12093, 0.0138656
3475, 71.42041, 0.0140016
3476, 71.45103, 0.0139956
3477, 30.42306, 0.0328698
3478, 115.6858, 0.0086441
3479, 70.97937, 0.0140886
3480, 70.74187, 0.0141359
3481, 72.22929, 0.0138448
3482, 70.97585, 0.0140893
3483, 73.46999, 0.013611
3484, 68.729, 0.0145499
3485, 73.46945, 0.0136111
3486, 71.2794, 0.0140293
3487, 30.78723, 0.032481
3488, 112.8605, 0.0088605
3489, 71.01718, 0.0140811
3490, 72.04715, 0.0138798
3491, 71.21188, 0.0140426
3492, 72.4412, 0.0138043
3493, 71.38319, 0.0140089
3494, 71.16171, 0.0140525
3495, 73.31701, 0.0136394
3496, 70.52087, 0.0141802
3497, 30.03282, 0.0332969
3498, 121.2033, 0.0082506
3499, 71.87781, 0.0139125
3500, 71.24638, 0.0140358
3501, 72.0238, 0.0138843
3502, 72.06999, 0.0138754
3503, 71.55379, 0.0139755
3504, 70.64891, 0.0141545
3505, 73.23271, 0.0136551
3506, 71.05351, 0.0140739
3507, 30.65238, 0.0326239
3508, 110.3887, 0.0090589
3509, 71.72366, 0.0139424
3510, 71.42194, 0.0140013
3511, 71.50979, 0.0139841
3512, 72.7606, 0.0137437
3513, 71.79678, 0.0139282
3514, 72.37095, 0.0138177
3515, 71.5016, 0.0139857
3516, 69.41841, 0.0144054
3517, 30.39329, 0.032902
3518, 120.3355, 0.0083101
3519, 70.50744, 0.0141829
3520, 71.50417, 0.0139852
3521, 71.88297, 0.0139115
3522, 72.31077, 0.0138292
3523, 71.77205, 0.013933
3524, 71.53332, 0.0139795
3525, 71.13539, 0.0140577
3526, 70.71486, 0.0141413
3527, 28.90165, 0.0346001
3528, 118.4189, 0.0084446
3529, 79.8856, 0.0125179
3530, 73.4878, 0.0136077
3531, 72.53472, 0.0137865
3532, 71.30888, 0.0140235
3533, 72.37514, 0.0138169
3534, 71.60452, 0.0139656
3535, 71.51899, 0.0139823
3536, 71.19363, 0.0140462
3537, 30.45605, 0.0328342
3538, 112.8503, 0.0088613
3539, 72.24651, 0.0138415
3540, 71.81844, 0.013924
3541, 71.82463, 0.0139228
3542, 71.79266, 0.013929
3543, 71.98388, 0.013892
3544, 71.91296, 0.0139057
3545, 72.00357, 0.0138882
3546, 70.71936, 0.0141404
3547, 30.3944, 0.0329008
3548, 113.6402, 0.0087997
3549, 72.17663, 0.0138549
3550, 72.09961, 0.0138697
3551, 71.84114, 0.0139196
3552, 70.94916, 0.0140946
3553, 72.84382, 0.013728
3554, 71.50263, 0.0139855
3555, 72.03262, 0.0138826
3556, 70.25531, 0.0142338
3557, 29.38212, 0.0340343
3558, 135.6981, 0.0073693
3559, 70.81, 0.0141223
3560, 72.11781, 0.0138662
3561, 72.56736, 0.0137803
3562, 71.59528, 0.0139674
3563, 71.624, 0.0139618
3564, 72.25903, 0.0138391
3565, 69.99811, 0.0142861
3566, 73.16306, 0.0136681
3567, 29.64025, 0.0337379
3568, 127.7384, 0.0078285
3569, 71.20225, 0.0140445
3570, 70.57512, 0.0141693
3571, 73.20483, 0.0136603
3572, 71.45664, 0.0139945
3573, 71.46226, 0.0139934
3574, 72.53841, 0.0137858
3575, 71.85767, 0.0139164
3576, 70.16362, 0.0142524
3577, 30.34551, 0.0329538
3578, 117.7038, 0.0084959
3579, 71.01668, 0.0140812
3580, 70.36258, 0.0142121
3581, 70.5144, 0.0141815
3582, 74.48901, 0.0134248
3583, 72.76855, 0.0137422
3584, 70.9069, 0.014103
3585, 72.33482, 0.0138246
3586, 71.8334, 0.0139211
3587, 27.58354, 0.0362535
3588, 170.8117, 0.0058544
3589, 75.01482, 0.0133307
3590, 71.93262, 0.0139019
3591, 70.53082, 0.0141782
3592, 71.23877, 0.0140373
3593, 73.34013, 0.0136351
3594, 71.08735, 0.0140672
3595, 71.61938, 0.0139627
3596, 71.43112, 0.0139995
3597, 29.22524, 0.034217
3598, 139.2273, 0.0071825
3599, 71.17641, 0.0140496
3600, 71.55225, 0.0139758
3601, 72.0887, 0.0138718
3602, 71.23624, 0.0140378
3603, 70.45628, 0.0141932
3604, 74.16582, 0.0134833
3605, 71.76381, 0.0139346
3606, 70.83607, 0.0141171
3607, 30.93734, 0.0323234
3608, 104.6594, 0.0095548
3609, 73.16734, 0.0136673
3610, 71.24638, 0.0140358
3611, 72.28149, 0.0138348
3612, 71.8959, 0.013909
3613, 72.01601, 0.0138858
3614, 70.9074, 0.0141029
3615, 71.09443, 0.0140658
3616, 72.80617, 0.0137351
3617, 26.75435, 0.0373771
3618, 163.0284, 0.0061339
3619, 84.46303, 0.0118395
3620, 73.50563, 0.0136044
3621, 70.82153, 0.01412
3622, 71.73602, 0.01394
3623, 71.28143, 0.0140289
3624, 71.65377, 0.013956
3625, 70.80949, 0.0141224
3626, 71.39491, 0.0140066
3627, 72.12197, 0.0138654
3628, 72.35785, 0.0138202
3629, 71.62298, 0.013962
3630, 71.67637, 0.0139516
3631, 70.89634, 0.0141051
3632, 73.45272, 0.0136142
3633, 71.53946, 0.0139783
3634, 71.53332, 0.0139795
3635, 71.07018, 0.0140706
3636, 72.73574, 0.0137484
3637, 70.74237, 0.0141358
3638, 72.47375, 0.0137981
3639, 71.3343, 0.0140185
3640, 72.36099, 0.0138196
3641, 71.76227, 0.0139349
3642, 71.86334, 0.0139153
3643, 71.53741, 0.0139787
3644, 72.32227, 0.013827
3645, 72.21886, 0.0138468
3646, 71.32515, 0.0140203
3647, 71.67175, 0.0139525
3648, 70.54873, 0.0141746
3649, 72.35942, 0.0138199
3650, 72.8348, 0.0137297
3651, 71.85043, 0.0139178
3652, 72.38247, 0.0138155
3653, 71.44695, 0.0139964
3654, 71.6317, 0.0139603
3655, 71.93468, 0.0139015
3656, 72.0238, 0.0138843
3657, 70.75989, 0.0141323
3658, 72.48163, 0.0137966
3659, 71.12982, 0.0140588
3660, 71.14349, 0.0140561
3661, 72.35576, 0.0138206
3662, 72.84754, 0.0137273
3663, 72.1329, 0.0138633
3664, 71.59785, 0.0139669
3665, 71.52257, 0.0139816
3666, 71.65685, 0.0139554
3667, 72.0212, 0.0138848
3668, 71.99113, 0.0138906
3669, 70.97685, 0.0140891
3670, 71.0303, 0.0140785
3671, 73.5478, 0.0135966
3672, 71.98958, 0.0138909
3673, 71.64196, 0.0139583
3674, 71.94245, 0.0139
3675, 71.97559, 0.0138936
3676, 71.33075, 0.0140192
3677, 72.03365, 0.0138824
3678, 72.11313, 0.0138671
3679, 71.72366, 0.0139424
3680, 71.43112, 0.0139995
3681, 71.93468, 0.0139015
3682, 71.92692, 0.013903
3683, 71.81947, 0.0139238
3684, 71.84166, 0.0139195
3685, 70.93859, 0.0140967
3686, 71.68973, 0.013949
3687, 59.64025, 0.0167672
3688, 71.84476, 0.0139189
3689, 61.16021, 0.0163505
3690, 117.0837, 0.0085409
3691, 72.2559, 0.0138397
3692, 70.84962, 0.0141144
3693, 72.60899, 0.0137724
3694, 72.01601, 0.0138858
3695, 71.7973, 0.0139281
3696, 71.44847, 0.0139961
3697, 71.81586, 0.0139245
3698, 72.08662, 0.0138722
3699, 70.99097, 0.0140863
3700, 73.00922, 0.0136969
3701, 71.99735, 0.0138894
3702, 71.4398, 0.0139978
3703, 71.55994, 0.0139743
3704, 71.60759, 0.013965
3705, 72.90543, 0.0137164
3706, 71.46022, 0.0139938
3707, 71.91917, 0.0139045
3708, 71.06159, 0.0140723
3709, 72.479, 0.0137971
3710, 71.81638, 0.0139244
3711, 72.11781, 0.0138662
3712, 70.91846, 0.0141007
3713, 72.23972, 0.0138428
3714, 69.20942, 0.0144489
3715, 74.68204, 0.0133901
3716, 71.24587, 0.0140359
3717, 72.44329, 0.0138039
3718, 70.68137, 0.014148
3719, 72.75797, 0.0137442
3720, 71.5062, 0.0139848
3721, 72.25486, 0.0138399
3722, 71.43163, 0.0139994
3723, 72.71669, 0.013752
3724, 71.86541, 0.0139149
3725, 71.0626, 0.0140721
3726, 72.44067, 0.0138044
3727, 71.77978, 0.0139315
3728, 69.979, 0.01429
3729, 74.00062, 0.0135134
3730, 71.06917, 0.0140708
3731, 72.45747, 0.0138012
3732, 71.90985, 0.0139063
3733, 71.34652, 0.0140161
3734, 71.90726, 0.0139068
3735, 71.93675, 0.0139011
3736, 71.425, 0.0140007
3737, 72.7569, 0.0137444
3738, 69.88999, 0.0143082
3739, 73.53374, 0.0135992
3740, 70.97131, 0.0140902
3741, 73.48025, 0.0136091
3742, 71.3043, 0.0140244
3743, 71.81689, 0.0139243
3744, 72.07831, 0.0138738
3745, 68.72427, 0.0145509
3746, 70.84762, 0.0141148
3747, 75.43127, 0.0132571
3748, 71.52309, 0.0139815
3749, 72.57737, 0.0137784
3750, 71.60657, 0.0139652
3751, 71.4827, 0.0139894
3752, 71.61579, 0.0139634
3753, 68.78573, 0.0145379
3754, 68.2226, 0.0146579
3755, 29.54131, 0.0338509
3756, 33.03939, 0.0302669
3757, 36.44474, 0.0274388
3758, 166.2013, 0.0060168
3759, 31.13751, 0.0321156
3760, 37.06628, 0.0269787
3761, 103.9415, 0.0096208
3762, 71.25501, 0.0140341
3763, 29.25876, 0.0341778
3764, 33.42749, 0.0299155
3765, 149.6401, 0.0066827
3766, 31.61495, 0.0316306
3767, 36.81004, 0.0271665
3768, 110.5754, 0.0090436
3769, 71.07674, 0.0140693
3770, 72.35314, 0.0138211
3771, 71.99683, 0.0138895
3772, 73.23808, 0.0136541
3773, 72.29874, 0.0138315
3774, 71.08482, 0.0140677
3775, 72.30815, 0.0138297
3776, 72.35, 0.0138217
3777, 70.66289, 0.0141517
3778, 71.01062, 0.0140824
3779, 67.40498, 0.0148357
3780, 74.25449, 0.0134672
3781, 73.10583, 0.0136788
3782, 66.82169, 0.0149652
3783, 76.19628, 0.013124
3784, 74.43799, 0.013434
3785, 73.02575, 0.0136938
3786, 72.45484, 0.0138017
3787, 66.00835, 0.0151496
3788, 74.59624, 0.0134055
3789, 72.38037, 0.0138159
3790, 74.54342, 0.013415
3791, 71.8525, 0.0139174
3792, 72.25538, 0.0138398
3793, 71.78545, 0.0139304
3794, 70.51142, 0.0141821
3795, 72.6702, 0.0137608
3796, 72.00357, 0.0138882
3797, 51.35104, 0.0194738
3798, 34.32345, 0.0291346
3799, 136.8345, 0.0073081
3800, 69.7978, 0.0143271
3801, 73.89672, 0.0135324
3802, 23.39537, 0.0427435
