Frame, FPS, Frame Time
1, 50, 0.02
2, 50, 0.02
3, 3, 0.3333333
4, 5.48571, 0.1822918
5, 43.84081, 0.0228098
6, 94.18147, 0.0106178
7, 72.92085, 0.0137135
8, 70.66089, 0.0141521
9, 73.15235, 0.0136701
10, 72.12717, 0.0138644
11, 71.86593, 0.0139148
12, 71.78236, 0.013931
13, 72.26582, 0.0138378
14, 72.02224, 0.0138846
15, 71.13387, 0.014058
16, 72.22302, 0.013846
17, 72.08662, 0.0138722
18, 71.64709, 0.0139573
19, 72.32593, 0.0138263
20, 70.69186, 0.0141459
21, 72.76908, 0.0137421
22, 72.16621, 0.0138569
23, 71.57838, 0.0139707
24, 71.84992, 0.0139179
25, 71.11971, 0.0140608
26, 70.82655, 0.014119
27, 73.12828, 0.0136746
28, 71.88142, 0.0139118
29, 4.22311, 0.2367923
30, 72.5321, 0.013787
31, 71.92847, 0.0139027
32, 71.56506, 0.0139733
33, 71.86541, 0.0139149
34, 71.30328, 0.0140246
35, 72.35366, 0.013821
36, 72.34791, 0.0138221
37, 69.46567, 0.0143956
38, 53.35268, 0.0187432
39, 60.09435, 0.0166405
40, 12.61841, 0.0792493
41, 66.58543, 0.0150183
42, 74.81446, 0.0133664
43, 70.84361, 0.0141156
44, 68.39337, 0.0146213
45, 69.85484, 0.0143154
46, 69.57974, 0.014372
47, 70.16116, 0.0142529
48, 68.39104, 0.0146218
49, 70.01183, 0.0142833
50, 74.38483, 0.0134436
51, 69.13717, 0.014464
52, 72.91819, 0.013714
53, 69.48643, 0.0143913
54, 72.45064, 0.0138025
55, 71.05704, 0.0140732
56, 68.73088, 0.0145495
57, 73.2311, 0.0136554
58, 70.70635, 0.014143
59, 73.63933, 0.0135797
60, 68.55373, 0.0145871
61, 71.79782, 0.013928
62, 73.48079, 0.013609
63, 72.57948, 0.013778
64, 73.1759, 0.0136657
65, 70.10066, 0.0142652
66, 71.45869, 0.0139941
67, 73.78277, 0.0135533
68, 69.66747, 0.0143539
69, 73.02468, 0.013694
70, 69.93202, 0.0142996
71, 72.19904, 0.0138506
72, 29.9001, 0.0334447
73, 95.09229, 0.0105161
74, 73.5716, 0.0135922
75, 73.31754, 0.0136393
76, 75.67387, 0.0132146
77, 72.7802, 0.01374
78, 71.85973, 0.013916
79, 72.98524, 0.0137014
80, 70.20795, 0.0142434
81, 73.86398, 0.0135384
82, 72.23763, 0.0138432
83, 72.59001, 0.013776
84, 70.13754, 0.0142577
85, 74.41583, 0.013438
86, 72.56789, 0.0137802
87, 72.06013, 0.0138773
88, 71.43469, 0.0139988
89, 73.78331, 0.0135532
90, 72.28619, 0.0138339
91, 73.04762, 0.0136897
92, 71.46022, 0.0139938
93, 71.57427, 0.0139715
94, 69.78659, 0.0143294
95, 73.69685, 0.0135691
96, 70.23902, 0.0142371
97, 73.72131, 0.0135646
98, 71.49598, 0.0139868
99, 68.54996, 0.0145879
100, 74.74903, 0.0133781
101, 71.78133, 0.0139312
102, 70.45776, 0.0141929
103, 72.81889, 0.0137327
104, 72.04144, 0.0138809
105, 72.13029, 0.0138638
106, 71.56506, 0.0139733
107, 71.96678, 0.0138953
108, 70.0712, 0.0142712
109, 73.36327, 0.0136308
110, 72.01498, 0.013886
111, 70.82002, 0.0141203
112, 70.9819, 0.0140881
113, 73.63065, 0.0135813
114, 70.69236, 0.0141458
115, 71.77257, 0.0139329
116, 72.39504, 0.0138131
117, 71.52462, 0.0139812
118, 70.02409, 0.0142808
119, 73.96285, 0.0135203
120, 70.71285, 0.0141417
121, 72.81518, 0.0137334
122, 70.76991, 0.0141303
123, 70.73737, 0.0141368
124, 74.14382, 0.0134873
125, 72.11002, 0.0138677
126, 70.4394, 0.0141966
127, 72.81359, 0.0137337
128, 71.21493, 0.014042
129, 71.71852, 0.0139434
130, 72.66808, 0.0137612
131, 70.54972, 0.0141744
132, 71.35314, 0.0140148
133, 72.27366, 0.0138363
134, 71.31802, 0.0140217
135, 71.83701, 0.0139204
136, 71.22, 0.014041
137, 72.73309, 0.0137489
138, 71.34958, 0.0140155
139, 70.49998, 0.0141844
140, 73.33636, 0.0136358
141, 72.81942, 0.0137326
142, 71.34754, 0.0140159
143, 71.20884, 0.0140432
144, 72.11365, 0.013867
145, 71.84425, 0.013919
146, 70.83809, 0.0141167
147, 70.53928, 0.0141765
148, 74.09383, 0.0134964
149, 71.83908, 0.01392
150, 71.804, 0.0139268
151, 71.45818, 0.0139942
152, 72.28306, 0.0138345
153, 72.30815, 0.0138297
154, 71.09847, 0.014065
155, 69.92225, 0.0143016
156, 72.29089, 0.013833
157, 72.28306, 0.0138345
158, 72.71035, 0.0137532
159, 71.61272, 0.013964
160, 71.9616, 0.0138963
161, 71.54611, 0.013977
162, 72.22877, 0.0138449
163, 70.15427, 0.0142543
164, 72.99696, 0.0136992
165, 72.0861, 0.0138723
166, 71.41225, 0.0140032
167, 71.54867, 0.0139765
168, 70.88729, 0.0141069
169, 71.804, 0.0139268
170, 72.8693, 0.0137232
171, 71.44745, 0.0139963
172, 71.92589, 0.0139032
173, 72.1532, 0.0138594
174, 70.95218, 0.014094
175, 72.01134, 0.0138867
176, 72.21207, 0.0138481
177, 72.20947, 0.0138486
178, 70.9819, 0.0140881
179, 72.33012, 0.0138255
180, 70.9824, 0.014088
181, 71.69435, 0.0139481
182, 71.59785, 0.0139669
183, 72.15893, 0.0138583
184, 71.75866, 0.0139356
185, 72.24807, 0.0138412
186, 71.79936, 0.0139277
187, 70.80499, 0.0141233
188, 72.55367, 0.0137829
189, 71.32159, 0.014021
190, 72.76962, 0.013742
191, 71.69178, 0.0139486
192, 71.79472, 0.0139286
193, 70.96779, 0.0140909
194, 71.91813, 0.0139047
195, 72.54683, 0.0137842
196, 71.66917, 0.013953
197, 71.25704, 0.0140337
198, 72.41811, 0.0138087
199, 70.77792, 0.0141287
200, 72.30815, 0.0138297
201, 71.9528, 0.013898
202, 70.84962, 0.0141144
203, 73.19198, 0.0136627
204, 71.03181, 0.0140782
205, 70.50744, 0.0141829
206, 73.31647, 0.0136395
207, 56.03465, 0.0178461
208, 83.2106, 0.0120177
209, 88.74059, 0.0112688
210, 70.71386, 0.0141415
211, 70.92601, 0.0140992
212, 69.60492, 0.0143668
213, 73.07965, 0.0136837
214, 71.5456, 0.0139771
215, 72.91393, 0.0137148
216, 70.83157, 0.014118
217, 72.37933, 0.0138161
218, 72.16882, 0.0138564
219, 70.64242, 0.0141558
220, 72.13706, 0.0138625
221, 72.3139, 0.0138286
222, 73.17216, 0.0136664
223, 71.20276, 0.0140444
224, 72.11625, 0.0138665
225, 70.73236, 0.0141378
226, 71.64299, 0.0139581
227, 71.37199, 0.0140111
228, 72.704, 0.0137544
229, 71.5103, 0.013984
230, 72.02328, 0.0138844
231, 69.9795, 0.0142899
232, 72.75426, 0.0137449
233, 72.54472, 0.0137846
234, 70.57014, 0.0141703
235, 72.08247, 0.013873
236, 72.22355, 0.0138459
237, 71.41071, 0.0140035
238, 71.78339, 0.0139308
239, 71.88504, 0.0139111
240, 72.30187, 0.0138309
241, 71.53895, 0.0139784
242, 71.92123, 0.0139041
243, 71.7942, 0.0139287
244, 71.87471, 0.0139131
245, 71.79524, 0.0139285
246, 71.44541, 0.0139967
247, 72.01083, 0.0138868
248, 70.47117, 0.0141902
249, 72.43858, 0.0138048
250, 71.78802, 0.0139299
251, 71.66917, 0.013953
252, 71.84837, 0.0139182
253, 72.11365, 0.013867
254, 71.09089, 0.0140665
255, 71.45766, 0.0139943
256, 73.11919, 0.0136763
257, 71.91864, 0.0139046
258, 71.78699, 0.0139301
259, 71.5917, 0.0139681
260, 69.88706, 0.0143088
261, 72.49319, 0.0137944
262, 72.78921, 0.0137383
263, 71.0631, 0.014072
264, 72.42336, 0.0138077
265, 72.19852, 0.0138507
266, 71.46635, 0.0139926
267, 72.18653, 0.013853
268, 71.30023, 0.0140252
269, 72.06065, 0.0138772
270, 70.68436, 0.0141474
271, 72.58633, 0.0137767
272, 71.52257, 0.0139816
273, 72.24546, 0.0138417
274, 70.52933, 0.0141785
275, 73.53049, 0.0135998
276, 71.98284, 0.0138922
277, 71.39134, 0.0140073
278, 71.31702, 0.0140219
279, 71.69435, 0.0139481
280, 71.44949, 0.0139959
281, 71.97403, 0.0138939
282, 71.53485, 0.0139792
283, 72.00098, 0.0138887
284, 71.74219, 0.0139388
285, 72.47007, 0.0137988
286, 71.3455, 0.0140163
287, 70.6569, 0.0141529
288, 73.33475, 0.0136361
289, 71.78133, 0.0139312
290, 71.32922, 0.0140195
291, 71.92382, 0.0139036
292, 71.79885, 0.0139278
293, 71.28651, 0.0140279
294, 72.07986, 0.0138735
295, 72.83587, 0.0137295
296, 69.91051, 0.014304
297, 73.49429, 0.0136065
298, 71.62965, 0.0139607
299, 71.9083, 0.0139066
300, 71.89951, 0.0139083
301, 71.79782, 0.013928
302, 71.29057, 0.0140271
303, 70.27555, 0.0142297
304, 70.84009, 0.0141163
305, 74.38041, 0.0134444
306, 71.97921, 0.0138929
307, 72.11313, 0.0138671
308, 70.813, 0.0141217
309, 72.93946, 0.01371
310, 70.98693, 0.0140871
311, 71.38472, 0.0140086
312, 71.14754, 0.0140553
313, 73.67405, 0.0135733
314, 70.52137, 0.0141801
315, 72.01447, 0.0138861
316, 71.81999, 0.0139237
317, 72.76908, 0.0137421
318, 71.83598, 0.0139206
319, 71.50058, 0.0139859
320, 71.5917, 0.0139681
321, 71.77205, 0.013933
322, 71.41888, 0.0140019
323, 72.4706, 0.0137987
324, 71.82979, 0.0139218
325, 71.20174, 0.0140446
326, 70.55072, 0.0141742
327, 73.29444, 0.0136436
328, 72.5363, 0.0137862
329, 71.7319, 0.0139408
330, 72.31704, 0.013828
331, 70.74437, 0.0141354
332, 72.24964, 0.0138409
333, 70.35119, 0.0142144
334, 73.54347, 0.0135974
335, 71.50007, 0.013986
336, 71.58298, 0.0139698
337, 70.78944, 0.0141264
338, 72.88948, 0.0137194
339, 71.56864, 0.0139726
340, 72.15267, 0.0138595
341, 72.00357, 0.0138882
342, 71.46635, 0.0139926
343, 72.2345, 0.0138438
344, 71.58913, 0.0139686
345, 71.80607, 0.0139264
346, 71.72263, 0.0139426
347, 71.41378, 0.0140029
348, 69.10516, 0.0144707
349, 75.04071, 0.0133261
350, 71.01869, 0.0140808
351, 71.87936, 0.0139122
352, 68.83876, 0.0145267
353, 72.19695, 0.013851
354, 74.8447, 0.013361
355, 73.13737, 0.0136729
356, 71.23471, 0.0140381
357, 70.06039, 0.0142734
358, 74.02473, 0.013509
359, 71.03282, 0.014078
360, 71.56506, 0.0139733
361, 73.2177, 0.0136579
362, 71.51286, 0.0139835
363, 71.55635, 0.013975
364, 71.72572, 0.013942
365, 72.51053, 0.0137911
366, 71.65582, 0.0139556
367, 71.69435, 0.0139481
368, 71.84321, 0.0139192
369, 70.79295, 0.0141257
370, 72.71194, 0.0137529
371, 71.73241, 0.0139407
372, 71.48525, 0.0139889
373, 71.84373, 0.0139191
374, 71.8236, 0.013923
375, 72.2486, 0.0138411
376, 71.53025, 0.0139801
377, 71.62914, 0.0139608
378, 72.34476, 0.0138227
379, 71.71338, 0.0139444
380, 70.95218, 0.014094
381, 72.18653, 0.013853
382, 72.18393, 0.0138535
383, 71.99787, 0.0138893
384, 71.26669, 0.0140318
385, 72.40972, 0.0138103
386, 71.24791, 0.0140355
387, 71.50467, 0.0139851
388, 72.40448, 0.0138113
389, 72.04455, 0.0138803
390, 71.18299, 0.0140483
391, 72.37147, 0.0138176
392, 70.04028, 0.0142775
393, 73.5781, 0.013591
394, 71.94711, 0.0138991
395, 72.01757, 0.0138855
396, 71.47605, 0.0139907
397, 71.67585, 0.0139517
398, 72.42808, 0.0138068
399, 71.27025, 0.0140311
400, 71.69692, 0.0139476
401, 71.46992, 0.0139919
402, 72.48425, 0.0137961
403, 71.07018, 0.0140706
404, 72.58263, 0.0137774
405, 70.91897, 0.0141006
406, 72.26217, 0.0138385
407, 72.50896, 0.0137914
408, 71.66199, 0.0139544
409, 71.39695, 0.0140062
410, 72.44802, 0.013803
411, 71.27787, 0.0140296
412, 72.29507, 0.0138322
413, 70.24544, 0.0142358
414, 73.48511, 0.0136082
415, 71.94038, 0.0139004
416, 71.47503, 0.0139909
417, 71.41174, 0.0140033
418, 71.85612, 0.0139167
419, 72.50002, 0.0137931
420, 71.48474, 0.013989
421, 71.80194, 0.0139272
422, 70.95872, 0.0140927
423, 72.61795, 0.0137707
424, 71.57735, 0.0139709
425, 72.06947, 0.0138755
426, 72.09961, 0.0138697
427, 71.76896, 0.0139336
428, 71.01062, 0.0140824
429, 70.96376, 0.0140917
430, 73.1759, 0.0136657
431, 72.34425, 0.0138228
432, 72.27, 0.013837
433, 70.73236, 0.0141378
434, 70.32398, 0.0142199
435, 73.95739, 0.0135213
436, 72.03573, 0.013882
437, 72.18497, 0.0138533
438, 71.52564, 0.013981
439, 71.43011, 0.0139997
440, 71.59426, 0.0139676
441, 71.71955, 0.0139432
442, 72.63588, 0.0137673
443, 71.82825, 0.0139221
444, 70.34624, 0.0142154
445, 72.25277, 0.0138403
446, 72.70612, 0.013754
447, 71.96316, 0.013896
448, 71.57172, 0.013972
449, 71.64555, 0.0139576
450, 71.44286, 0.0139972
451, 72.31704, 0.013828
452, 71.78699, 0.0139301
453, 71.7633, 0.0139347
454, 71.69332, 0.0139483
455, 70.99852, 0.0140848
456, 73.13791, 0.0136728
457, 71.37911, 0.0140097
458, 71.88711, 0.0139107
459, 71.30176, 0.0140249
460, 72.63113, 0.0137682
461, 71.50723, 0.0139846
462, 72.18913, 0.0138525
463, 71.73293, 0.0139406
464, 71.63273, 0.0139601
465, 71.69332, 0.0139483
466, 71.56762, 0.0139728
467, 72.66914, 0.013761
468, 71.46737, 0.0139924
469, 71.43317, 0.0139991
470, 72.02587, 0.0138839
471, 71.79111, 0.0139293
472, 71.93365, 0.0139017
473, 71.72778, 0.0139416
474, 71.78699, 0.0139301
475, 71.49138, 0.0139877
476, 71.53025, 0.0139801
477, 72.41916, 0.0138085
478, 72.11261, 0.0138672
479, 71.85921, 0.0139161
480, 71.46481, 0.0139929
481, 72.66914, 0.013761
482, 71.42755, 0.0140002
483, 71.09746, 0.0140652
484, 71.07977, 0.0140687
485, 73.16841, 0.0136671
486, 69.54877, 0.0143784
487, 74.31298, 0.0134566
488, 71.01517, 0.0140815
489, 72.72833, 0.0137498
490, 71.79163, 0.0139292
491, 70.996, 0.0140853
492, 72.25381, 0.0138401
493, 72.41916, 0.0138085
494, 71.5456, 0.0139771
495, 71.54816, 0.0139766
496, 71.86645, 0.0139147
497, 72.3343, 0.0138247
498, 71.90365, 0.0139075
499, 71.36129, 0.0140132
500, 72.31913, 0.0138276
501, 71.75248, 0.0139368
502, 70.79446, 0.0141254
503, 72.29613, 0.013832
504, 71.5062, 0.0139848
505, 72.25016, 0.0138408
506, 69.43721, 0.0144015
507, 73.78603, 0.0135527
508, 72.7712, 0.0137417
509, 71.68973, 0.013949
510, 71.80297, 0.013927
511, 72.32174, 0.0138271
512, 71.36027, 0.0140134
513, 71.29617, 0.014026
514, 72.69819, 0.0137555
515, 71.85715, 0.0139165
516, 71.59119, 0.0139682
517, 71.3939, 0.0140068
518, 71.88504, 0.0139111
519, 72.35471, 0.0138208
520, 71.83856, 0.0139201
521, 71.87522, 0.013913
522, 71.45, 0.0139958
523, 71.61477, 0.0139636
524, 71.38676, 0.0140082
525, 72.1683, 0.0138565
526, 72.28619, 0.0138339
527, 71.54457, 0.0139773
528, 71.74013, 0.0139392
529, 72.13914, 0.0138621
530, 71.47452, 0.013991
531, 72.52946, 0.0137875
532, 71.13489, 0.0140578
533, 72.07883, 0.0138737
534, 71.94555, 0.0138994
535, 71.39186, 0.0140072
536, 71.67893, 0.0139511
537, 71.82412, 0.0139229
538, 72.06324, 0.0138767
539, 71.31599, 0.0140221
540, 70.13655, 0.0142579
541, 74.55509, 0.0134129
542, 71.48729, 0.0139885
543, 72.09702, 0.0138702
544, 71.83289, 0.0139212
545, 71.65428, 0.0139559
546, 71.72058, 0.013943
547, 71.52615, 0.0139809
548, 72.31704, 0.013828
549, 71.95021, 0.0138985
550, 69.49609, 0.0143893
551, 72.97725, 0.0137029
552, 72.98791, 0.0137009
553, 71.83392, 0.013921
554, 71.80194, 0.0139272
555, 71.98335, 0.0138921
556, 71.10403, 0.0140639
557, 72.05286, 0.0138787
558, 72.52421, 0.0137885
559, 71.69641, 0.0139477
560, 71.74476, 0.0139383
561, 70.71236, 0.0141418
562, 70.76039, 0.0141322
563, 75.04859, 0.0133247
564, 70.86168, 0.014112
565, 72.43018, 0.0138064
566, 71.26314, 0.0140325
567, 72.27418, 0.0138362
568, 71.30582, 0.0140241
569, 71.89382, 0.0139094
570, 72.13758, 0.0138624
571, 71.41276, 0.0140031
572, 70.75138, 0.014134
573, 71.46788, 0.0139923
574, 72.92031, 0.0137136
575, 72.45117, 0.0138024
576, 71.41939, 0.0140018
577, 72.22877, 0.0138449
578, 71.72469, 0.0139422
579, 71.78596, 0.0139303
580, 71.13135, 0.0140585
581, 70.2405, 0.0142368
582, 73.76862, 0.0135559
583, 71.73653, 0.0139399
584, 71.45818, 0.0139942
585, 71.88659, 0.0139108
586, 72.96873, 0.0137045
587, 71.52411, 0.0139813
588, 72.02172, 0.0138847
589, 70.67787, 0.0141487
590, 73.12775, 0.0136747
591, 72.06895, 0.0138756
592, 70.09477, 0.0142664
593, 73.93278, 0.0135258
594, 70.20549, 0.0142439
595, 73.38696, 0.0136264
596, 71.62965, 0.0139607
597, 72.05234, 0.0138788
598, 71.46073, 0.0139937
599, 71.09039, 0.0140666
600, 72.79239, 0.0137377
601, 70.94463, 0.0140955
602, 72.39085, 0.0138139
603, 71.81432, 0.0139248
604, 71.24841, 0.0140354
605, 72.34738, 0.0138222
606, 70.3705, 0.0142105
607, 72.95436, 0.0137072
608, 71.87419, 0.0139132
609, 72.30501, 0.0138303
610, 71.47861, 0.0139902
611, 72.1881, 0.0138527
612, 71.33228, 0.0140189
613, 71.72315, 0.0139425
614, 72.5721, 0.0137794
615, 71.32159, 0.014021
616, 71.72932, 0.0139413
617, 71.75403, 0.0139365
618, 72.5563, 0.0137824
619, 71.88349, 0.0139114
620, 71.08836, 0.014067
621, 72.27, 0.013837
622, 71.15868, 0.0140531
623, 72.31808, 0.0138278
624, 71.56506, 0.0139733
625, 72.14278, 0.0138614
626, 71.91141, 0.013906
627, 71.28346, 0.0140285
628, 71.19617, 0.0140457
629, 72.75214, 0.0137453
630, 71.71389, 0.0139443
631, 72.07259, 0.0138749
632, 71.6081, 0.0139649
633, 72.15632, 0.0138588
634, 71.04745, 0.0140751
635, 72.71722, 0.0137519
636, 71.64145, 0.0139584
637, 71.69332, 0.0139483
638, 71.16425, 0.014052
639, 72.83268, 0.0137301
640, 71.06765, 0.0140711
641, 71.12881, 0.014059
642, 73.50833, 0.0136039
643, 71.06462, 0.0140717
644, 71.9901, 0.0138908
645, 71.95642, 0.0138973
646, 71.82102, 0.0139235
647, 72.68551, 0.0137579
648, 71.75248, 0.0139368
649, 71.7803, 0.0139314
650, 70.27753, 0.0142293
651, 73.86124, 0.0135389
652, 71.69795, 0.0139474
653, 71.59631, 0.0139672
654, 71.85198, 0.0139175
655, 71.61785, 0.013963
656, 71.42551, 0.0140006
657, 72.27522, 0.013836
658, 72.02016, 0.013885
659, 71.28244, 0.0140287
660, 71.86903, 0.0139142
661, 71.79678, 0.0139282
662, 71.84734, 0.0139184
663, 71.7566, 0.013936
664, 71.82825, 0.0139221
665, 72.01913, 0.0138852
666, 71.82773, 0.0139222
667, 72.01187, 0.0138866
668, 70.66988, 0.0141503
669, 73.16895, 0.013667
670, 71.64864, 0.013957
671, 71.21645, 0.0140417
672, 72.39557, 0.013813
673, 72.0404, 0.0138811
674, 71.69435, 0.0139481
675, 72.00616, 0.0138877
676, 71.66301, 0.0139542
677, 72.21364, 0.0138478
678, 71.35467, 0.0140145
679, 72.05805, 0.0138777
680, 71.7463, 0.013938
681, 70.91293, 0.0141018
682, 73.17858, 0.0136652
683, 71.93003, 0.0139024
684, 71.59837, 0.0139668
685, 71.92899, 0.0139026
686, 71.47963, 0.01399
687, 71.94038, 0.0139004
688, 71.78699, 0.0139301
689, 71.61887, 0.0139628
690, 72.04092, 0.013881
691, 71.00609, 0.0140833
692, 72.76008, 0.0137438
693, 71.63734, 0.0139592
694, 72.24651, 0.0138415
695, 71.25248, 0.0140346
696, 72.10429, 0.0138688
697, 71.49342, 0.0139873
698, 71.90882, 0.0139065
699, 71.87678, 0.0139127
700, 71.08331, 0.014068
701, 71.85043, 0.0139178
702, 72.62217, 0.0137699
703, 71.67175, 0.0139525
704, 71.6738, 0.0139521
705, 72.01238, 0.0138865
706, 72.18861, 0.0138526
707, 71.20326, 0.0140443
708, 72.38456, 0.0138151
709, 71.57427, 0.0139715
710, 71.80607, 0.0139264
711, 71.48627, 0.0139887
712, 72.29195, 0.0138328
713, 71.41327, 0.014003
714, 72.17924, 0.0138544
715, 72.26112, 0.0138387
716, 71.74528, 0.0139382
717, 72.21886, 0.0138468
718, 71.54356, 0.0139775
719, 70.84812, 0.0141147
720, 71.61682, 0.0139632
721, 71.9958, 0.0138897
722, 72.21572, 0.0138474
723, 72.8778, 0.0137216
724, 71.63273, 0.0139601
725, 70.98844, 0.0140868
726, 72.15007, 0.01386
727, 71.98129, 0.0138925
728, 71.80968, 0.0139257
729, 71.74734, 0.0139378
730, 71.8365, 0.0139205
731, 70.96426, 0.0140916
732, 72.6343, 0.0137676
733, 71.44337, 0.0139971
734, 72.03884, 0.0138814
735, 72.29717, 0.0138318
736, 70.5547, 0.0141734
737, 70.71936, 0.0141404
738, 74.14217, 0.0134876
739, 71.90779, 0.0139067
740, 71.70103, 0.0139468
741, 71.5195, 0.0139822
742, 72.03677, 0.0138818
743, 71.55737, 0.0139748
744, 71.52411, 0.0139813
745, 72.29037, 0.0138331
746, 71.78391, 0.0139307
747, 71.97403, 0.0138939
748, 71.46124, 0.0139936
749, 70.56018, 0.0141723
750, 74.07737, 0.0134994
751, 71.74734, 0.0139378
752, 70.8883, 0.0141067
753, 72.27574, 0.0138359
754, 71.96574, 0.0138955
755, 70.97433, 0.0140896
756, 72.96128, 0.0137059
757, 71.66558, 0.0139537
758, 71.67534, 0.0139518
759, 71.59785, 0.0139669
760, 70.96376, 0.0140917
761, 73.01242, 0.0136963
762, 72.08765, 0.013872
763, 71.64658, 0.0139574
764, 70.63893, 0.0141565
765, 73.11865, 0.0136764
766, 69.94768, 0.0142964
767, 73.17323, 0.0136662
768, 71.35569, 0.0140143
769, 72.0991, 0.0138698
770, 71.51899, 0.0139823
771, 72.45326, 0.013802
772, 71.58094, 0.0139702
773, 72.0861, 0.0138723
774, 72.09597, 0.0138704
775, 71.74219, 0.0139388
776, 71.84992, 0.0139179
777, 71.05755, 0.0140731
778, 72.6248, 0.0137694
779, 71.49956, 0.0139861
780, 72.17246, 0.0138557
781, 71.81741, 0.0139242
782, 71.84528, 0.0139188
783, 71.16323, 0.0140522
784, 72.47112, 0.0137986
785, 71.43827, 0.0139981
786, 72.32122, 0.0138272
787, 71.9616, 0.0138963
788, 70.64991, 0.0141543
789, 71.95746, 0.0138971
790, 71.89951, 0.0139083
791, 72.24129, 0.0138425
792, 72.07623, 0.0138742
793, 71.04392, 0.0140758
794, 72.15684, 0.0138587
795, 72.60741, 0.0137727
796, 71.80297, 0.013927
797, 71.89176, 0.0139098
798, 71.55891, 0.0139745
799, 71.72417, 0.0139423
800, 71.96989, 0.0138947
801, 72.16413, 0.0138573
802, 71.56301, 0.0139737
803, 71.81999, 0.0139237
804, 71.66917, 0.013953
805, 70.47018, 0.0141904
806, 72.29507, 0.0138322
807, 72.3589, 0.01382
808, 71.30023, 0.0140252
809, 71.61067, 0.0139644
810, 72.20737, 0.013849
811, 72.38352, 0.0138153
812, 71.40919, 0.0140038
813, 72.09805, 0.01387
814, 72.31756, 0.0138279
815, 58.94871, 0.0169639
816, 69.55602, 0.0143769
817, 74.292, 0.0134604
818, 71.90313, 0.0139076
819, 71.7144, 0.0139442
820, 71.84063, 0.0139197
821, 59.44314, 0.0168228
822, 125.0578, 0.0079963
823, 71.48678, 0.0139886
824, 71.98595, 0.0138916
825, 71.88453, 0.0139112
826, 71.41021, 0.0140036
827, 72.24181, 0.0138424
828, 71.92692, 0.013903
829, 71.70875, 0.0139453
830, 72.26635, 0.0138377
831, 71.86438, 0.0139151
832, 71.29871, 0.0140255
833, 72.44225, 0.0138041
834, 71.74064, 0.0139391
835, 71.82515, 0.0139227
836, 70.51042, 0.0141823
837, 73.21716, 0.013658
838, 71.09948, 0.0140648
839, 72.15267, 0.0138595
840, 71.76896, 0.0139336
841, 71.88763, 0.0139106
842, 71.80091, 0.0139274
843, 71.30531, 0.0140242
844, 72.40395, 0.0138114
845, 70.72286, 0.0141397
846, 71.83753, 0.0139203
847, 73.20859, 0.0136596
848, 71.45971, 0.0139939
849, 71.59375, 0.0139677
850, 71.71286, 0.0139445
851, 72.23241, 0.0138442
852, 71.60041, 0.0139664
853, 71.51183, 0.0139837
854, 71.54202, 0.0139778
855, 72.47532, 0.0137978
856, 71.3567, 0.0140141
857, 71.90726, 0.0139068
858, 72.39452, 0.0138132
859, 71.47605, 0.0139907
860, 71.57069, 0.0139722
861, 72.82844, 0.0137309
862, 72.06844, 0.0138757
863, 71.59528, 0.0139674
864, 71.36536, 0.0140124
865, 71.89641, 0.0139089
866, 72.06429, 0.0138765
867, 72.12093, 0.0138656
868, 72.19591, 0.0138512
869, 71.48627, 0.0139887
870, 71.91141, 0.013906
871, 71.28346, 0.0140285
872, 72.48005, 0.0137969
873, 71.83598, 0.0139206
874, 71.80916, 0.0139258
875, 72.08454, 0.0138726
876, 71.09695, 0.0140653
877, 71.76536, 0.0139343
878, 72.58422, 0.0137771
879, 71.62965, 0.0139607
880, 71.57018, 0.0139723
881, 72.20425, 0.0138496
882, 70.75188, 0.0141339
883, 72.23659, 0.0138434
884, 72.23033, 0.0138446
885, 72.03417, 0.0138823
886, 71.70052, 0.0139469
887, 70.77441, 0.0141294
888, 71.07472, 0.0140697
889, 72.39085, 0.0138139
890, 73.01615, 0.0136956
891, 71.98595, 0.0138916
892, 71.36689, 0.0140121
893, 72.42598, 0.0138072
894, 71.08028, 0.0140686
895, 72.31129, 0.0138291
896, 71.43469, 0.0139988
897, 72.11729, 0.0138663
898, 71.54662, 0.0139769
899, 72.48793, 0.0137954
900, 70.44585, 0.0141953
901, 73.2429, 0.0136532
902, 71.49854, 0.0139863
903, 72.01447, 0.0138861
904, 71.34703, 0.014016
905, 72.60371, 0.0137734
906, 70.91897, 0.0141006
907, 72.56894, 0.01378
908, 70.90036, 0.0141043
909, 71.53075, 0.01398
910, 73.24558, 0.0136527
911, 71.81638, 0.0139244
912, 71.24232, 0.0140366
913, 72.77068, 0.0137418
914, 71.24435, 0.0140362
915, 72.03262, 0.0138826
916, 71.21138, 0.0140427
917, 72.54946, 0.0137837
918, 71.11516, 0.0140617
919, 72.10585, 0.0138685
920, 70.91746, 0.0141009
921, 72.8863, 0.01372
922, 71.79988, 0.0139276
923, 71.61887, 0.0139628
924, 71.52513, 0.0139811
925, 72.479, 0.0137971
926, 71.56915, 0.0139725
927, 71.67842, 0.0139512
928, 71.87574, 0.0139129
929, 71.9673, 0.0138952
930, 69.77978, 0.0143308
931, 74.28758, 0.0134612
932, 72.00565, 0.0138878
933, 71.60041, 0.0139664
934, 71.88608, 0.0139109
935, 71.53587, 0.013979
936, 72.24651, 0.0138415
937, 71.26212, 0.0140327
938, 72.95329, 0.0137074
939, 71.40409, 0.0140048
940, 71.28498, 0.0140282
941, 73.00762, 0.0136972
942, 71.40154, 0.0140053
943, 72.52736, 0.0137879
944, 71.27279, 0.0140306
945, 71.82773, 0.0139222
946, 71.38879, 0.0140078
947, 72.33325, 0.0138249
948, 71.76175, 0.013935
949, 71.9083, 0.0139066
950, 71.69846, 0.0139473
951, 71.24994, 0.0140351
952, 72.34634, 0.0138224
953, 71.50211, 0.0139856
954, 71.92641, 0.0139031
955, 71.69795, 0.0139474
956, 71.8004, 0.0139275
957, 71.44082, 0.0139976
958, 71.99165, 0.0138905
959, 72.06636, 0.0138761
960, 71.79833, 0.0139279
961, 71.91193, 0.0139059
962, 71.45766, 0.0139943
963, 72.58949, 0.0137761
964, 71.61785, 0.013963
965, 71.73962, 0.0139393
966, 71.53587, 0.013979
967, 72.18653, 0.013853
968, 71.11971, 0.0140608
969, 72.16933, 0.0138563
970, 72.01083, 0.0138868
971, 71.70978, 0.0139451
972, 70.9955, 0.0140854
973, 71.89951, 0.0139083
974, 72.93255, 0.0137113
975, 71.25349, 0.0140344
976, 72.36256, 0.0138193
977, 71.80761, 0.0139261
978, 71.868, 0.0139144
979, 71.3623, 0.014013
980, 71.8494, 0.013918
981, 71.99165, 0.0138905
982, 70.56665, 0.014171
983, 72.95063, 0.0137079
984, 71.93158, 0.0139021
985, 72.18966, 0.0138524
986, 71.0313, 0.0140783
987, 72.45747, 0.0138012
988, 71.61477, 0.0139636
989, 71.804, 0.0139268
990, 71.35314, 0.0140148
991, 72.33953, 0.0138237
992, 71.54509, 0.0139772
993, 72.34163, 0.0138233
994, 71.52309, 0.0139815
995, 71.61221, 0.0139641
996, 72.00461, 0.013888
997, 71.98335, 0.0138921
998, 71.52871, 0.0139804
999, 72.2841, 0.0138343
1000, 71.32871, 0.0140196
1001, 71.15462, 0.0140539
1002, 72.98364, 0.0137017
1003, 71.26466, 0.0140322
1004, 71.72623, 0.0139419
1005, 72.03884, 0.0138814
1006, 72.24233, 0.0138423
1007, 71.72572, 0.013942
1008, 71.88504, 0.0139111
1009, 70.74287, 0.0141357
1010, 72.92776, 0.0137122
1011, 72.27992, 0.0138351
1012, 71.78596, 0.0139303
1013, 71.74116, 0.013939
1014, 71.60246, 0.013966
1015, 70.35515, 0.0142136
1016, 72.81465, 0.0137335
1017, 72.2152, 0.0138475
1018, 72.14539, 0.0138609
1019, 71.67585, 0.0139517
1020, 71.87626, 0.0139128
1021, 71.78442, 0.0139306
1022, 72.06688, 0.013876
1023, 71.6435, 0.013958
1024, 71.70772, 0.0139455
1025, 70.8662, 0.0141111
1026, 72.87568, 0.013722
1027, 71.04443, 0.0140757
1028, 72.27679, 0.0138357
1029, 72.29351, 0.0138325
1030, 70.78193, 0.0141279
1031, 72.07311, 0.0138748
1032, 71.96886, 0.0138949
1033, 71.33685, 0.014018
1034, 72.70137, 0.0137549
1035, 71.68922, 0.0139491
1036, 72.13186, 0.0138635
1037, 69.88218, 0.0143098
1038, 73.29337, 0.0136438
1039, 72.75426, 0.0137449
1040, 71.75969, 0.0139354
1041, 71.46737, 0.0139924
1042, 71.868, 0.0139144
1043, 71.58504, 0.0139694
1044, 72.11313, 0.0138671
1045, 72.11781, 0.0138662
1046, 71.61272, 0.013964
1047, 71.54611, 0.013977
1048, 72.24911, 0.013841
1049, 71.65274, 0.0139562
1050, 71.70361, 0.0139463
1051, 70.86369, 0.0141116
1052, 72.82526, 0.0137315
1053, 72.21364, 0.0138478
1054, 71.55225, 0.0139758
1055, 71.61785, 0.013963
1056, 71.55737, 0.0139748
1057, 71.15361, 0.0140541
1058, 73.13898, 0.0136726
1059, 71.35314, 0.0140148
1060, 71.60452, 0.0139656
1061, 71.79988, 0.0139276
1062, 72.33221, 0.0138251
1063, 71.13641, 0.0140575
1064, 72.66016, 0.0137627
1065, 71.97766, 0.0138932
1066, 71.77308, 0.0139328
1067, 71.93158, 0.0139021
1068, 71.36129, 0.0140132
1069, 71.59273, 0.0139679
1070, 72.5542, 0.0137828
1071, 71.43469, 0.0139988
1072, 71.91348, 0.0139056
1073, 71.48372, 0.0139892
1074, 72.03988, 0.0138812
1075, 71.79885, 0.0139278
1076, 71.31802, 0.0140217
1077, 72.47427, 0.013798
1078, 71.91193, 0.0139059
1079, 71.90158, 0.0139079
1080, 71.254, 0.0140343
1081, 72.23555, 0.0138436
1082, 72.22616, 0.0138454
1083, 71.7566, 0.013936
1084, 70.925, 0.0140994
1085, 72.38509, 0.013815
1086, 72.0965, 0.0138703
1087, 71.23573, 0.0140379
1088, 71.76536, 0.0139343
1089, 72.43962, 0.0138046
1090, 71.5753, 0.0139713
1091, 71.83495, 0.0139208
1092, 71.60144, 0.0139662
1093, 70.69736, 0.0141448
1094, 73.49213, 0.0136069
1095, 71.72829, 0.0139415
1096, 71.81895, 0.0139239
1097, 72.0648, 0.0138764
1098, 71.70309, 0.0139464
1099, 71.6923, 0.0139485
1100, 71.99113, 0.0138906
1101, 71.83495, 0.0139208
1102, 70.98089, 0.0140883
1103, 72.33953, 0.0138237
1104, 71.36485, 0.0140125
1105, 72.42546, 0.0138073
1106, 71.57377, 0.0139716
1107, 71.75815, 0.0139357
1108, 72.15893, 0.0138583
1109, 71.80865, 0.0139259
1110, 71.57991, 0.0139704
1111, 71.45205, 0.0139954
1112, 72.65066, 0.0137645
1113, 70.67537, 0.0141492
1114, 72.34686, 0.0138223
1115, 72.41287, 0.0138097
1116, 71.65891, 0.013955
1117, 71.59016, 0.0139684
1118, 71.90365, 0.0139075
1119, 72.04663, 0.0138799
1120, 71.24283, 0.0140365
1121, 71.84321, 0.0139192
1122, 72.16933, 0.0138563
1123, 71.49547, 0.0139869
1124, 71.9932, 0.0138902
1125, 70.80649, 0.014123
1126, 73.11759, 0.0136766
1127, 71.62914, 0.0139608
1128, 71.66506, 0.0139538
1129, 71.38523, 0.0140085
1130, 72.51316, 0.0137906
1131, 71.86593, 0.0139148
1132, 71.51643, 0.0139828
1133, 72.03365, 0.0138824
1134, 71.49802, 0.0139864
1135, 71.71235, 0.0139446
1136, 71.95021, 0.0138985
1137, 71.51439, 0.0139832
1138, 71.94918, 0.0138987
1139, 71.27075, 0.014031
1140, 71.67277, 0.0139523
1141, 72.3809, 0.0138158
1142, 71.67637, 0.0139516
1143, 72.0965, 0.0138703
1144, 70.66489, 0.0141513
1145, 71.91813, 0.0139047
1146, 73.25739, 0.0136505
1147, 71.66712, 0.0139534
1148, 71.40409, 0.0140048
1149, 72.13238, 0.0138634
1150, 71.86903, 0.0139142
1151, 71.61887, 0.0139628
1152, 71.67277, 0.0139523
1153, 72.08662, 0.0138722
1154, 70.28642, 0.0142275
1155, 71.884, 0.0139113
1156, 73.47053, 0.0136109
1157, 71.34042, 0.0140173
1158, 71.93572, 0.0139013
1159, 72.11677, 0.0138664
1160, 71.77772, 0.0139319
1161, 72.31756, 0.0138279
1162, 71.24486, 0.0140361
1163, 72.44382, 0.0138038
1164, 71.22406, 0.0140402
1165, 71.90158, 0.0139079
1166, 71.77566, 0.0139323
1167, 72.43647, 0.0138052
1168, 71.24841, 0.0140354
1169, 70.48259, 0.0141879
1170, 73.6106, 0.013585
1171, 71.75506, 0.0139363
1172, 71.57018, 0.0139723
1173, 71.63734, 0.0139592
1174, 71.93934, 0.0139006
1175, 71.58504, 0.0139694
1176, 71.96833, 0.013895
1177, 72.17819, 0.0138546
1178, 71.50417, 0.0139852
1179, 72.00098, 0.0138887
1180, 71.65069, 0.0139566
1181, 72.18913, 0.0138525
1182, 71.65069, 0.0139566
1183, 72.03521, 0.0138821
1184, 70.41856, 0.0142008
1185, 73.124, 0.0136754
1186, 71.84425, 0.013919
1187, 72.0072, 0.0138875
1188, 70.93104, 0.0140982
1189, 72.00098, 0.0138887
1190, 71.83186, 0.0139214
1191, 72.56157, 0.0137814
1192, 71.7494, 0.0139374
1193, 71.59324, 0.0139678
1194, 71.94607, 0.0138993
1195, 69.63352, 0.0143609
1196, 73.35627, 0.0136321
1197, 73.17162, 0.0136665
1198, 71.61528, 0.0139635
1199, 71.80658, 0.0139263
1200, 70.76239, 0.0141318
1201, 72.28358, 0.0138344
1202, 71.55431, 0.0139754
1203, 72.71511, 0.0137523
1204, 72.03728, 0.0138817
1205, 71.61067, 0.0139644
1206, 71.26872, 0.0140314
1207, 72.40395, 0.0138114
1208, 70.21831, 0.0142413
1209, 73.32131, 0.0136386
1210, 71.82154, 0.0139234
1211, 72.13914, 0.0138621
1212, 71.63837, 0.013959
1213, 71.50519, 0.013985
1214, 71.9052, 0.0139072
1215, 72.34006, 0.0138236
1216, 71.18907, 0.0140471
1217, 72.24024, 0.0138427
1218, 71.74837, 0.0139376
1219, 71.95487, 0.0138976
1220, 69.77831, 0.0143311
1221, 74.41085, 0.0134389
1222, 71.51439, 0.0139832
1223, 71.67791, 0.0139513
1224, 71.44389, 0.013997
1225, 72.40448, 0.0138113
1226, 70.98391, 0.0140877
1227, 72.70665, 0.0137539
1228, 70.60501, 0.0141633
1229, 73.31217, 0.0136403
1230, 71.56966, 0.0139724
1231, 70.8682, 0.0141107
1232, 72.13081, 0.0138637
1233, 73.00389, 0.0136979
1234, 71.61579, 0.0139634
1235, 71.78699, 0.0139301
1236, 71.61631, 0.0139633
1237, 71.79885, 0.0139278
1238, 71.60349, 0.0139658
1239, 70.69786, 0.0141447
1240, 72.76273, 0.0137433
1241, 72.43542, 0.0138054
1242, 70.97887, 0.0140887
1243, 70.50247, 0.0141839
1244, 73.83125, 0.0135444
1245, 71.69846, 0.0139473
1246, 72.01653, 0.0138857
1247, 71.1688, 0.0140511
1248, 72.71669, 0.013752
1249, 71.52513, 0.0139811
1250, 71.42959, 0.0139998
1251, 72.5221, 0.0137889
1252, 71.42347, 0.014001
1253, 72.00201, 0.0138885
1254, 69.87339, 0.0143116
1255, 72.40868, 0.0138105
1256, 71.59068, 0.0139683
1257, 72.35471, 0.0138208
1258, 70.3136, 0.014222
1259, 73.90765, 0.0135304
1260, 71.86903, 0.0139142
1261, 71.78391, 0.0139307
1262, 70.30569, 0.0142236
1263, 73.75121, 0.0135591
1264, 72.01913, 0.0138852
1265, 72.45904, 0.0138009
1266, 70.86268, 0.0141118
1267, 72.5642, 0.0137809
1268, 71.26822, 0.0140315
1269, 72.60583, 0.013773
1270, 70.57312, 0.0141697
1271, 73.13309, 0.0136737
1272, 70.48905, 0.0141866
1273, 72.6702, 0.0137608
1274, 71.26771, 0.0140316
1275, 71.21848, 0.0140413
1276, 73.54347, 0.0135974
1277, 71.53075, 0.01398
1278, 70.9819, 0.0140881
1279, 72.93201, 0.0137114
1280, 71.4827, 0.0139894
1281, 71.84373, 0.0139191
1282, 71.34499, 0.0140164
1283, 72.11521, 0.0138667
1284, 71.70258, 0.0139465
1285, 71.41071, 0.0140035
1286, 71.88608, 0.0139109
1287, 72.53577, 0.0137863
1288, 70.92702, 0.014099
1289, 72.58949, 0.0137761
1290, 71.66199, 0.0139544
1291, 71.78493, 0.0139305
1292, 71.79266, 0.013929
1293, 71.57427, 0.0139715
1294, 71.88504, 0.0139111
1295, 72.28358, 0.0138344
1296, 71.97455, 0.0138938
1297, 71.31243, 0.0140228
1298, 71.99113, 0.0138906
1299, 72.17611, 0.013855
1300, 71.69178, 0.0139486
1301, 71.28194, 0.0140288
1302, 72.02691, 0.0138837
1303, 72.06324, 0.0138767
1304, 71.59528, 0.0139674
1305, 71.36587, 0.0140123
1306, 72.44015, 0.0138045
1307, 71.86128, 0.0139157
1308, 71.61836, 0.0139629
1309, 71.60605, 0.0139653
1310, 72.18913, 0.0138525
1311, 71.07573, 0.0140695
1312, 72.18027, 0.0138542
1313, 72.17142, 0.0138559
1314, 71.39695, 0.0140062
1315, 72.25016, 0.0138408
1316, 71.90417, 0.0139074
1317, 71.96782, 0.0138951
1318, 72.1709, 0.013856
1319, 71.45358, 0.0139951
1320, 71.56557, 0.0139732
1321, 71.99113, 0.0138906
1322, 72.01291, 0.0138864
1323, 71.0732, 0.01407
1324, 72.44592, 0.0138034
1325, 71.56198, 0.0139739
1326, 70.57113, 0.0141701
1327, 73.30089, 0.0136424
1328, 71.3995, 0.0140057
1329, 72.08038, 0.0138734
1330, 72.41339, 0.0138096
1331, 71.41378, 0.0140029
1332, 72.05545, 0.0138782
1333, 71.72366, 0.0139424
1334, 71.72366, 0.0139424
1335, 72.07467, 0.0138745
1336, 70.94815, 0.0140948
1337, 72.9033, 0.0137168
1338, 70.7664, 0.014131
1339, 72.91978, 0.0137137
1340, 71.62349, 0.0139619
1341, 70.32299, 0.0142201
1342, 73.64258, 0.0135791
1343, 71.72315, 0.0139425
1344, 71.49087, 0.0139878
1345, 71.7566, 0.013936
1346, 71.83598, 0.0139206
1347, 69.869, 0.0143125
1348, 74.13722, 0.0134885
1349, 72.19591, 0.0138512
1350, 71.82979, 0.0139218
1351, 71.7252, 0.0139421
1352, 71.52001, 0.0139821
1353, 71.64658, 0.0139574
1354, 72.27, 0.013837
1355, 71.91089, 0.0139061
1356, 71.15108, 0.0140546
1357, 72.31599, 0.0138282
1358, 71.65428, 0.0139559
1359, 71.96264, 0.0138961
1360, 71.8587, 0.0139162
1361, 72.28724, 0.0138337
1362, 71.42142, 0.0140014
1363, 71.42653, 0.0140004
1364, 71.29261, 0.0140267
1365, 72.45694, 0.0138013
1366, 72.40291, 0.0138116
1367, 71.43775, 0.0139982
1368, 70.39676, 0.0142052
1369, 73.44193, 0.0136162
1370, 72.71246, 0.0137528
1371, 70.69336, 0.0141456
1372, 72.80723, 0.0137349
1373, 72.12405, 0.013865
1374, 71.27431, 0.0140303
1375, 71.90262, 0.0139077
1376, 71.79318, 0.0139289
1377, 70.47763, 0.0141889
1378, 73.66374, 0.0135752
1379, 71.08988, 0.0140667
1380, 72.20216, 0.01385
1381, 71.81174, 0.0139253
1382, 70.78593, 0.0141271
1383, 72.29195, 0.0138328
1384, 71.7566, 0.013936
1385, 70.74837, 0.0141346
1386, 72.83215, 0.0137302
1387, 72.07727, 0.013874
1388, 72.01031, 0.0138869
1389, 71.35772, 0.0140139
1390, 72.25225, 0.0138404
1391, 71.88659, 0.0139108
1392, 71.30023, 0.0140252
1393, 72.13342, 0.0138632
1394, 71.84063, 0.0139197
1395, 71.50928, 0.0139842
1396, 72.18757, 0.0138528
1397, 71.6435, 0.013958
1398, 72.20216, 0.01385
1399, 71.69589, 0.0139478
1400, 71.62656, 0.0139613
1401, 71.73138, 0.0139409
1402, 70.11787, 0.0142617
1403, 73.61819, 0.0135836
1404, 67.64847, 0.0147823
1405, 77.51998, 0.0128999
1406, 71.51183, 0.0139837
1407, 70.76239, 0.0141318
1408, 72.5742, 0.013779
1409, 69.79147, 0.0143284
1410, 74.78033, 0.0133725
1411, 71.7144, 0.0139442
1412, 71.78493, 0.0139305
1413, 71.10959, 0.0140628
1414, 71.78082, 0.0139313
1415, 72.06792, 0.0138758
1416, 71.9673, 0.0138952
1417, 71.30074, 0.0140251
1418, 72.27418, 0.0138362
1419, 71.31345, 0.0140226
1420, 72.2794, 0.0138352
1421, 72.12145, 0.0138655
1422, 71.65069, 0.0139566
1423, 71.93727, 0.013901
1424, 58.70336, 0.0170348
1425, 74.72557, 0.0133823
1426, 90.0479, 0.0111052
1427, 72.13498, 0.0138629
1428, 71.55174, 0.0139759
1429, 71.51746, 0.0139826
1430, 72.35471, 0.0138208
1431, 71.75609, 0.0139361
1432, 71.01264, 0.014082
1433, 72.12874, 0.0138641
1434, 71.90985, 0.0139063
1435, 71.4199, 0.0140017
1436, 71.78957, 0.0139296
1437, 71.58555, 0.0139693
1438, 72.60529, 0.0137731
1439, 71.46992, 0.0139919
1440, 71.13539, 0.0140577
1441, 72.63747, 0.013767
1442, 72.18757, 0.0138528
1443, 71.37402, 0.0140107
1444, 71.19769, 0.0140454
1445, 72.65171, 0.0137643
1446, 71.80091, 0.0139274
1447, 71.35569, 0.0140143
1448, 71.37351, 0.0140108
1449, 71.31243, 0.0140228
1450, 72.8847, 0.0137203
1451, 72.51631, 0.01379
1452, 71.25045, 0.014035
1453, 72.18966, 0.0138524
1454, 71.59068, 0.0139683
1455, 71.72315, 0.0139425
1456, 71.79678, 0.0139282
1457, 71.97403, 0.0138939
1458, 71.61631, 0.0139633
1459, 69.75106, 0.0143367
1460, 73.55321, 0.0135956
1461, 72.57684, 0.0137785
1462, 71.34093, 0.0140172
1463, 71.88866, 0.0139104
1464, 71.81689, 0.0139243
1465, 71.94141, 0.0139002
1466, 71.47452, 0.013991
1467, 72.16621, 0.0138569
1468, 72.02795, 0.0138835
1469, 71.23877, 0.0140373
1470, 70.8883, 0.0141067
1471, 73.41712, 0.0136208
1472, 72.08974, 0.0138716
1473, 71.79214, 0.0139291
1474, 71.92692, 0.013903
1475, 71.34602, 0.0140162
1476, 71.88245, 0.0139116
1477, 72.10897, 0.0138679
1478, 71.14045, 0.0140567
1479, 71.66045, 0.0139547
1480, 70.09232, 0.0142669
1481, 73.19572, 0.013662
1482, 71.98439, 0.0138919
1483, 71.12932, 0.0140589
1484, 72.34529, 0.0138226
1485, 72.55946, 0.0137818
1486, 71.64094, 0.0139585
1487, 72.43647, 0.0138052
1488, 71.59682, 0.0139671
1489, 71.50928, 0.0139842
1490, 72.80776, 0.0137348
1491, 71.64094, 0.0139585
1492, 70.73987, 0.0141363
1493, 72.8932, 0.0137187
1494, 71.45358, 0.0139951
1495, 71.6358, 0.0139595
1496, 71.79988, 0.0139276
1497, 71.94452, 0.0138996
1498, 71.11111, 0.0140625
1499, 72.65488, 0.0137637
1500, 71.09493, 0.0140657
1501, 72.34738, 0.0138222
1502, 72.28671, 0.0138338
1503, 71.30684, 0.0140239
1504, 71.51439, 0.0139832
1505, 72.54262, 0.013785
1506, 71.85147, 0.0139176
1507, 71.83134, 0.0139215
1508, 71.1911, 0.0140467
1509, 72.17506, 0.0138552
1510, 70.71886, 0.0141405
1511, 72.97779, 0.0137028
1512, 71.20884, 0.0140432
1513, 73.03535, 0.013692
1514, 71.47248, 0.0139914
1515, 71.76124, 0.0139351
1516, 70.92651, 0.0140991
1517, 73.1069, 0.0136786
1518, 71.58401, 0.0139696
1519, 71.47043, 0.0139918
1520, 72.10585, 0.0138685
1521, 71.79627, 0.0139283
1522, 71.56147, 0.013974
1523, 72.59212, 0.0137756
1524, 71.14957, 0.0140549
1525, 71.95487, 0.0138976
1526, 71.60861, 0.0139648
1527, 72.21312, 0.0138479
1528, 71.11263, 0.0140622
1529, 72.12093, 0.0138656
1530, 71.73344, 0.0139405
1531, 71.70618, 0.0139458
1532, 71.78493, 0.0139305
1533, 70.44437, 0.0141956
1534, 73.06203, 0.013687
1535, 71.47707, 0.0139905
1536, 72.35995, 0.0138198
1537, 72.38509, 0.013815
1538, 71.44745, 0.0139963
1539, 71.78236, 0.013931
1540, 71.29565, 0.0140261
1541, 72.68076, 0.0137588
1542, 71.23218, 0.0140386
1543, 71.89021, 0.0139101
1544, 72.30449, 0.0138304
1545, 71.8205, 0.0139236
1546, 71.49905, 0.0139862
1547, 71.63991, 0.0139587
1548, 72.18184, 0.0138539
1549, 71.82154, 0.0139234
1550, 71.88091, 0.0139119
1551, 69.24057, 0.0144424
1552, 73.0679, 0.0136859
1553, 73.75447, 0.0135585
1554, 70.52286, 0.0141798
1555, 72.85178, 0.0137265
1556, 71.98077, 0.0138926
1557, 71.49598, 0.0139868
1558, 71.41735, 0.0140022
1559, 72.44592, 0.0138034
1560, 71.58043, 0.0139703
1561, 71.40307, 0.014005
1562, 71.18299, 0.0140483
1563, 73.00602, 0.0136975
1564, 70.05941, 0.0142736
1565, 72.91499, 0.0137146
1566, 72.5221, 0.0137889
1567, 72.31756, 0.0138279
1568, 70.42105, 0.0142003
1569, 72.77173, 0.0137416
1570, 72.0991, 0.0138698
1571, 71.84218, 0.0139194
1572, 71.38217, 0.0140091
1573, 71.71492, 0.0139441
1574, 72.21938, 0.0138467
1575, 71.60861, 0.0139648
1576, 71.42755, 0.0140002
1577, 72.49844, 0.0137934
1578, 71.83959, 0.0139199
1579, 71.72417, 0.0139423
1580, 70.89082, 0.0141062
1581, 72.61954, 0.0137704
1582, 71.77772, 0.0139319
1583, 71.45306, 0.0139952
1584, 72.19174, 0.013852
1585, 71.5584, 0.0139746
1586, 71.74991, 0.0139373
1587, 72.02535, 0.013884
1588, 72.3678, 0.0138183
1589, 71.87522, 0.013913
1590, 69.38807, 0.0144117
1591, 72.36676, 0.0138185
1592, 73.9306, 0.0135262
1593, 71.73859, 0.0139395
1594, 72.02847, 0.0138834
1595, 71.96056, 0.0138965
1596, 70.93809, 0.0140968
1597, 72.75638, 0.0137445
1598, 71.20935, 0.0140431
1599, 71.72469, 0.0139422
1600, 71.48525, 0.0139889
1601, 72.3521, 0.0138213
1602, 71.16425, 0.014052
1603, 72.45694, 0.0138013
1604, 71.37402, 0.0140107
1605, 71.81999, 0.0139237
1606, 72.05286, 0.0138787
1607, 71.06765, 0.0140711
1608, 71.98595, 0.0138916
1609, 72.39452, 0.0138132
1610, 72.34006, 0.0138236
1611, 71.75763, 0.0139358
1612, 71.71338, 0.0139444
1613, 70.7649, 0.0141313
1614, 72.63377, 0.0137677
1615, 72.21259, 0.013848
1616, 71.65479, 0.0139558
1617, 71.7355, 0.0139401
1618, 70.71336, 0.0141416
1619, 72.45747, 0.0138012
1620, 72.14539, 0.0138609
1621, 72.18757, 0.0138528
1622, 71.84631, 0.0139186
1623, 71.79008, 0.0139295
1624, 71.09594, 0.0140655
1625, 71.74682, 0.0139379
1626, 72.00876, 0.0138872
1627, 72.1907, 0.0138522
1628, 72.15163, 0.0138597
1629, 71.46022, 0.0139938
1630, 72.32593, 0.0138263
1631, 71.08382, 0.0140679
1632, 72.34634, 0.0138224
1633, 71.35416, 0.0140146
1634, 72.2079, 0.0138489
1635, 70.86118, 0.0141121
1636, 72.58105, 0.0137777
1637, 71.55328, 0.0139756
1638, 71.48219, 0.0139895
1639, 72.20581, 0.0138493
1640, 71.56403, 0.0139735
1641, 72.74791, 0.0137461
1642, 71.63119, 0.0139604
1643, 71.53895, 0.0139784
1644, 71.92485, 0.0139034
1645, 71.58453, 0.0139695
1646, 69.60007, 0.0143678
1647, 74.2363, 0.0134705
1648, 71.98388, 0.013892
1649, 71.24283, 0.0140365
1650, 72.98205, 0.013702
1651, 70.62845, 0.0141586
1652, 72.87992, 0.0137212
1653, 70.8426, 0.0141158
1654, 73.09407, 0.013681
1655, 71.43214, 0.0139993
1656, 71.7144, 0.0139442
1657, 72.09857, 0.0138699
1658, 72.19643, 0.0138511
1659, 71.51234, 0.0139836
1660, 70.77091, 0.0141301
1661, 71.46737, 0.0139924
1662, 71.45613, 0.0139946
1663, 73.55592, 0.0135951
1664, 71.2921, 0.0140268
1665, 71.60503, 0.0139655
1666, 71.26822, 0.0140315
1667, 72.41287, 0.0138097
1668, 72.17663, 0.0138549
1669, 72.45064, 0.0138025
1670, 71.85973, 0.013916
1671, 72.04092, 0.013881
1672, 70.30124, 0.0142245
1673, 72.67125, 0.0137606
1674, 72.65488, 0.0137637
1675, 71.48372, 0.0139892
1676, 71.68407, 0.0139501
1677, 71.98388, 0.013892
1678, 72.16986, 0.0138562
1679, 71.13235, 0.0140583
1680, 71.9616, 0.0138963
1681, 71.52103, 0.0139819
1682, 71.79318, 0.0139289
1683, 73.10904, 0.0136782
1684, 71.22558, 0.0140399
1685, 72.34476, 0.0138227
1686, 71.46839, 0.0139922
1687, 72.20425, 0.0138496
1688, 70.996, 0.0140853
1689, 71.7633, 0.0139347
1690, 72.12509, 0.0138648
1691, 71.18755, 0.0140474
1692, 72.57842, 0.0137782
1693, 71.68253, 0.0139504
1694, 71.85198, 0.0139175
1695, 71.49905, 0.0139862
1696, 72.13602, 0.0138627
1697, 71.50314, 0.0139854
1698, 71.92072, 0.0139042
1699, 72.28777, 0.0138336
1700, 71.73807, 0.0139396
1701, 70.6534, 0.0141536
1702, 72.87461, 0.0137222
1703, 70.78143, 0.014128
1704, 73.21127, 0.0136591
1705, 70.79696, 0.0141249
1706, 72.06065, 0.0138772
1707, 72.14643, 0.0138607
1708, 72.18757, 0.0138528
1709, 71.5282, 0.0139805
1710, 36.0176, 0.0277642
1711, 71.53127, 0.0139799
1712, 72.79398, 0.0137374
1713, 71.55174, 0.0139759
1714, 71.96626, 0.0138954
1715, 71.73756, 0.0139397
1716, 72.22094, 0.0138464
1717, 71.40002, 0.0140056
1718, 71.64504, 0.0139577
1719, 71.91296, 0.0139057
1720, 71.92485, 0.0139034
1721, 71.46788, 0.0139923
1722, 71.91968, 0.0139044
1723, 71.78339, 0.0139308
1724, 71.79627, 0.0139283
1725, 72.42231, 0.0138079
1726, 70.14049, 0.0142571
1727, 73.00975, 0.0136968
1728, 71.80761, 0.0139261
1729, 72.0835, 0.0138728
1730, 71.48014, 0.0139899
1731, 72.15267, 0.0138595
1732, 71.52564, 0.013981
1733, 71.76536, 0.0139343
1734, 71.16728, 0.0140514
1735, 72.26373, 0.0138382
1736, 72.19122, 0.0138521
1737, 71.97144, 0.0138944
1738, 72.12302, 0.0138652
1739, 71.7, 0.013947
1740, 71.74888, 0.0139375
1741, 71.10352, 0.014064
1742, 72.17715, 0.0138548
1743, 70.85917, 0.0141125
1744, 72.77279, 0.0137414
1745, 71.74322, 0.0139386
1746, 71.8587, 0.0139162
1747, 71.65531, 0.0139557
1748, 71.86024, 0.0139159
1749, 72.08765, 0.013872
1750, 71.3944, 0.0140067
1751, 72.2841, 0.0138343
1752, 72.14122, 0.0138617
1753, 71.29362, 0.0140265
1754, 71.00609, 0.0140833
1755, 72.6665, 0.0137615
1756, 70.93456, 0.0140975
1757, 73.22574, 0.0136564
1758, 71.52053, 0.013982
1759, 71.81071, 0.0139255
1760, 71.87057, 0.0139139
1761, 71.9295, 0.0139025
1762, 71.4046, 0.0140047
1763, 72.04144, 0.0138809
1764, 71.65633, 0.0139555
1765, 71.97714, 0.0138933
1766, 70.88077, 0.0141082
1767, 72.33273, 0.013825
1768, 71.61375, 0.0139638
1769, 72.37985, 0.013816
1770, 71.83392, 0.013921
1771, 72.06947, 0.0138755
1772, 72.09338, 0.0138709
1773, 71.39084, 0.0140074
1774, 72.15945, 0.0138582
1775, 71.6435, 0.013958
1776, 71.62811, 0.013961
1777, 70.81802, 0.0141207
1778, 72.88895, 0.0137195
1779, 72.07415, 0.0138746
1780, 71.81947, 0.0139238
1781, 71.12628, 0.0140595
1782, 72.65382, 0.0137639
1783, 71.49393, 0.0139872
1784, 71.93262, 0.0139019
1785, 72.19539, 0.0138513
1786, 71.72984, 0.0139412
1787, 70.06137, 0.0142732
1788, 73.50347, 0.0136048
1789, 72.05338, 0.0138786
1790, 71.71235, 0.0139446
1791, 71.66917, 0.013953
1792, 71.76124, 0.0139351
1793, 71.48116, 0.0139897
1794, 72.61214, 0.0137718
1795, 71.26314, 0.0140325
1796, 71.76845, 0.0139337
1797, 72.35262, 0.0138212
1798, 68.48283, 0.0146022
1799, 73.80564, 0.0135491
1800, 73.761, 0.0135573
1801, 71.47401, 0.0139911
1802, 71.61272, 0.013964
1803, 71.59426, 0.0139676
1804, 72.07623, 0.0138742
1805, 70.71736, 0.0141408
1806, 72.9501, 0.013708
1807, 71.94711, 0.0138991
1808, 71.76381, 0.0139346
1809, 72.13446, 0.013863
1810, 71.4643, 0.013993
1811, 70.19317, 0.0142464
1812, 73.64204, 0.0135792
1813, 71.91864, 0.0139046
1814, 71.80194, 0.0139272
1815, 71.81277, 0.0139251
1816, 71.89176, 0.0139098
1817, 69.99615, 0.0142865
1818, 73.94426, 0.0135237
1819, 71.16931, 0.014051
1820, 72.0072, 0.0138875
1821, 71.52666, 0.0139808
1822, 71.51132, 0.0139838
1823, 72.16986, 0.0138562
1824, 72.21312, 0.0138479
1825, 71.97351, 0.013894
1826, 71.74888, 0.0139375
1827, 71.0313, 0.0140783
1828, 73.00709, 0.0136973
1829, 71.54407, 0.0139774
1830, 71.94711, 0.0138991
1831, 72.08662, 0.0138722
1832, 70.99903, 0.0140847
1833, 72.38037, 0.0138159
1834, 71.50519, 0.013985
1835, 70.57462, 0.0141694
1836, 73.51157, 0.0136033
1837, 71.49547, 0.0139869
1838, 71.84269, 0.0139193
1839, 71.2738, 0.0140304
1840, 72.34425, 0.0138228
1841, 71.13589, 0.0140576
1842, 73.02148, 0.0136946
1843, 71.28397, 0.0140284
1844, 72.31077, 0.0138292
1845, 71.69846, 0.0139473
1846, 70.18726, 0.0142476
1847, 73.36542, 0.0136304
1848, 72.0887, 0.0138718
1849, 70.21732, 0.0142415
1850, 73.54834, 0.0135965
1851, 71.9021, 0.0139078
1852, 71.53127, 0.0139799
1853, 71.68768, 0.0139494
1854, 71.85767, 0.0139164
1855, 71.71029, 0.013945
1856, 71.17235, 0.0140504
1857, 72.5079, 0.0137916
1858, 71.92796, 0.0139028
1859, 71.40052, 0.0140055
1860, 71.37199, 0.0140111
1861, 72.35471, 0.0138208
1862, 72.46954, 0.0137989
1863, 71.63734, 0.0139592
1864, 71.02979, 0.0140786
1865, 72.21625, 0.0138473
1866, 72.42126, 0.0138081
1867, 71.54202, 0.0139778
1868, 72.01601, 0.0138858
1869, 71.04846, 0.0140749
1870, 71.50263, 0.0139855
1871, 71.90623, 0.013907
1872, 72.79557, 0.0137371
1873, 71.8334, 0.0139211
1874, 71.95176, 0.0138982
1875, 71.18552, 0.0140478
1876, 71.90054, 0.0139081
1877, 72.35157, 0.0138214
1878, 71.63631, 0.0139594
1879, 71.69281, 0.0139484
1880, 72.05805, 0.0138777
1881, 71.43775, 0.0139982
1882, 71.86386, 0.0139152
1883, 71.95125, 0.0138983
1884, 72.35995, 0.0138198
1885, 71.1273, 0.0140593
1886, 70.47266, 0.0141899
1887, 73.20161, 0.0136609
1888, 71.81999, 0.0139237
1889, 71.80349, 0.0139269
1890, 72.07051, 0.0138753
1891, 71.46073, 0.0139937
1892, 70.30421, 0.0142239
1893, 73.42522, 0.0136193
1894, 72.09702, 0.0138702
1895, 71.86231, 0.0139155
1896, 71.88556, 0.013911
1897, 71.92899, 0.0139026
1898, 71.4924, 0.0139875
1899, 72.03417, 0.0138823
1900, 72.0461, 0.01388
1901, 71.62041, 0.0139625
1902, 70.56416, 0.0141715
1903, 72.18549, 0.0138532
1904, 72.98737, 0.013701
1905, 71.53946, 0.0139783
1906, 71.65274, 0.0139562
1907, 71.95383, 0.0138978
1908, 71.89899, 0.0139084
1909, 71.28701, 0.0140278
1910, 72.15997, 0.0138581
1911, 71.95746, 0.0138971
1912, 71.8494, 0.013918
1913, 71.96886, 0.0138949
1914, 71.81174, 0.0139253
1915, 71.71081, 0.0139449
1916, 72.15372, 0.0138593
1917, 70.93305, 0.0140978
1918, 72.37095, 0.0138177
1919, 71.83443, 0.0139209
1920, 71.66815, 0.0139532
1921, 71.98077, 0.0138926
1922, 71.79472, 0.0139286
1923, 71.96264, 0.0138961
1924, 71.39186, 0.0140072
1925, 71.51899, 0.0139823
1926, 72.75902, 0.013744
1927, 71.99372, 0.0138901
1928, 71.04796, 0.014075
1929, 72.35576, 0.0138206
1930, 71.23674, 0.0140377
1931, 71.71543, 0.013944
1932, 72.05909, 0.0138775
1933, 72.21155, 0.0138482
1934, 71.50979, 0.0139841
1935, 70.88428, 0.0141075
1936, 73.1743, 0.013666
1937, 71.88245, 0.0139116
1938, 71.53434, 0.0139793
1939, 72.25016, 0.0138408
1940, 71.94659, 0.0138992
1941, 71.34805, 0.0140158
1942, 71.65839, 0.0139551
1943, 71.94038, 0.0139004
1944, 71.85508, 0.0139169
1945, 72.30031, 0.0138312
1946, 71.50211, 0.0139856
1947, 72.16153, 0.0138578
1948, 72.02691, 0.0138837
1949, 71.70978, 0.0139451
1950, 71.32922, 0.0140195
1951, 72.2319, 0.0138443
1952, 71.74322, 0.0139386
1953, 71.23877, 0.0140373
1954, 71.90003, 0.0139082
1955, 71.88453, 0.0139112
1956, 71.73653, 0.0139399
1957, 70.86017, 0.0141123
1958, 72.83056, 0.0137305
1959, 72.33796, 0.013824
1960, 71.98388, 0.013892
1961, 72.06168, 0.013877
1962, 71.00458, 0.0140836
1963, 72.3186, 0.0138277
1964, 71.81071, 0.0139255
1965, 71.85664, 0.0139166
1966, 71.59016, 0.0139684
1967, 71.83186, 0.0139214
1968, 71.37861, 0.0140098
1969, 72.84647, 0.0137275
1970, 71.63477, 0.0139597
1971, 71.69846, 0.0139473
1972, 71.71594, 0.0139439
1973, 71.88091, 0.0139119
1974, 69.90269, 0.0143056
1975, 73.24934, 0.013652
1976, 70.63194, 0.0141579
1977, 73.52671, 0.0136005
1978, 71.99424, 0.01389
1979, 72.10326, 0.013869
1980, 71.24435, 0.0140362
1981, 72.48005, 0.0137969
1982, 71.8236, 0.013923
1983, 71.46532, 0.0139928
1984, 71.78648, 0.0139302
1985, 71.59221, 0.013968
1986, 71.82825, 0.0139221
1987, 71.90365, 0.0139075
1988, 70.5806, 0.0141682
1989, 73.44678, 0.0136153
1990, 71.61221, 0.0139641
1991, 72.07103, 0.0138752
1992, 71.08533, 0.0140676
1993, 72.38456, 0.0138151
1994, 71.30531, 0.0140242
1995, 72.48478, 0.013796
1996, 71.32973, 0.0140194
1997, 71.19668, 0.0140456
1998, 72.44749, 0.0138031
1999, 72.53999, 0.0137855
2000, 71.18299, 0.0140483
2001, 72.25433, 0.01384
2002, 72.30711, 0.0138299
2003, 71.42806, 0.0140001
2004, 71.19464, 0.014046
2005, 72.26478, 0.013838
2006, 71.80091, 0.0139274
2007, 71.87988, 0.0139121
2008, 71.16779, 0.0140513
2009, 72.39767, 0.0138126
2010, 70.97987, 0.0140885
2011, 71.11212, 0.0140623
2012, 73.82198, 0.0135461
2013, 71.39899, 0.0140058
2014, 72.1558, 0.0138589
2015, 71.54407, 0.0139774
2016, 72.01447, 0.0138861
2017, 72.05701, 0.0138779
2018, 71.32057, 0.0140212
2019, 71.09544, 0.0140656
2020, 73.07805, 0.013684
2021, 69.79243, 0.0143282
2022, 74.13174, 0.0134895
2023, 70.93557, 0.0140973
2024, 71.53741, 0.0139787
2025, 72.30344, 0.0138306
2026, 71.67791, 0.0139513
2027, 72.08662, 0.0138722
2028, 71.93934, 0.0139006
2029, 71.68819, 0.0139493
2030, 72.11833, 0.0138661
2031, 58.79068, 0.0170095
2032, 83.76472, 0.0119382
2033, 78.76434, 0.0126961
2034, 72.07259, 0.0138749
2035, 71.34042, 0.0140173
2036, 72.1907, 0.0138522
2037, 71.82825, 0.0139221
2038, 71.13337, 0.0140581
2039, 72.31756, 0.0138279
2040, 71.23624, 0.0140378
2041, 71.7067, 0.0139457
2042, 72.0622, 0.0138769
2043, 71.77154, 0.0139331
2044, 72.01238, 0.0138865
2045, 71.65479, 0.0139558
2046, 71.91399, 0.0139055
2047, 71.96626, 0.0138954
2048, 71.44847, 0.0139961
2049, 72.23502, 0.0138437
2050, 70.51042, 0.0141823
2051, 73.2118, 0.013659
2052, 70.93003, 0.0140984
2053, 72.65118, 0.0137644
2054, 71.82721, 0.0139223
2055, 71.79472, 0.0139286
2056, 70.26321, 0.0142322
2057, 73.1101, 0.013678
2058, 72.07778, 0.0138739
2059, 71.68562, 0.0139498
2060, 71.66096, 0.0139546
2061, 71.95746, 0.0138971
2062, 71.41071, 0.0140035
2063, 71.95125, 0.0138983
2064, 72.52526, 0.0137883
2065, 71.73344, 0.0139405
2066, 71.58401, 0.0139696
2067, 71.58965, 0.0139685
2068, 72.49108, 0.0137948
2069, 71.67072, 0.0139527
2070, 71.64761, 0.0139572
2071, 72.07051, 0.0138753
2072, 71.29718, 0.0140258
2073, 71.9989, 0.0138891
2074, 71.53844, 0.0139785
2075, 71.96368, 0.0138959
2076, 72.57052, 0.0137797
2077, 71.07371, 0.0140699
2078, 72.00668, 0.0138876
2079, 71.95487, 0.0138976
2080, 71.96937, 0.0138948
2081, 70.86419, 0.0141115
2082, 72.94425, 0.0137091
2083, 70.96074, 0.0140923
2084, 72.50948, 0.0137913
2085, 71.52718, 0.0139807
2086, 72.00047, 0.0138888
2087, 70.98038, 0.0140884
2088, 73.11865, 0.0136764
2089, 70.93507, 0.0140974
2090, 72.5742, 0.013779
2091, 71.6887, 0.0139492
2092, 71.77978, 0.0139315
2093, 71.8071, 0.0139262
2094, 71.62811, 0.013961
2095, 69.98929, 0.0142879
2096, 74.00446, 0.0135127
2097, 71.69332, 0.0139483
2098, 71.90934, 0.0139064
2099, 71.71594, 0.0139439
2100, 72.0238, 0.0138843
2101, 71.09797, 0.0140651
2102, 71.90726, 0.0139068
2103, 72.5363, 0.0137862
2104, 71.92537, 0.0139033
2105, 71.64915, 0.0139569
2106, 71.41582, 0.0140025
2107, 71.33125, 0.0140191
2108, 72.89905, 0.0137176
2109, 71.42755, 0.0140002
2110, 72.08298, 0.0138729
2111, 71.35772, 0.0140139
2112, 71.90365, 0.0139075
2113, 71.7942, 0.0139287
2114, 72.52736, 0.0137879
2115, 71.45409, 0.013995
2116, 71.47656, 0.0139906
2117, 72.16673, 0.0138568
2118, 71.82205, 0.0139233
2119, 71.49292, 0.0139874
2120, 72.21468, 0.0138476
2121, 71.87109, 0.0139138
2122, 72.06324, 0.0138767
2123, 70.91394, 0.0141016
2124, 71.60246, 0.013966
2125, 71.6887, 0.0139492
2126, 72.98577, 0.0137013
2127, 71.61836, 0.0139629
2128, 71.39491, 0.0140066
2129, 71.97403, 0.0138939
2130, 72.10741, 0.0138682
2131, 71.35874, 0.0140137
2132, 72.1657, 0.013857
2133, 72.17924, 0.0138544
2134, 72.07935, 0.0138736
2135, 69.9653, 0.0142928
2136, 73.88525, 0.0135345
2137, 71.5149, 0.0139831
2138, 71.7973, 0.0139281
2139, 71.73756, 0.0139397
2140, 71.49802, 0.0139864
2141, 71.90882, 0.0139065
2142, 71.84785, 0.0139183
2143, 70.64292, 0.0141557
2144, 73.49644, 0.0136061
2145, 71.53536, 0.0139791
2146, 72.17924, 0.0138544
2147, 70.6549, 0.0141533
2148, 72.87143, 0.0137228
2149, 71.43061, 0.0139996
2150, 72.67864, 0.0137592
2151, 70.86469, 0.0141114
2152, 71.60349, 0.0139658
2153, 71.65172, 0.0139564
2154, 72.50475, 0.0137922
2155, 69.97019, 0.0142918
2156, 72.86559, 0.0137239
2157, 71.47146, 0.0139916
2158, 72.35419, 0.0138209
2159, 72.43437, 0.0138056
2160, 72.71088, 0.0137531
2161, 71.63888, 0.0139589
2162, 71.90054, 0.0139081
2163, 71.8071, 0.0139262
2164, 71.90313, 0.0139076
2165, 71.90262, 0.0139077
2166, 70.89433, 0.0141055
2167, 72.52473, 0.0137884
2168, 71.90054, 0.0139081
2169, 71.14552, 0.0140557
2170, 72.27157, 0.0138367
2171, 71.84992, 0.0139179
2172, 71.92641, 0.0139031
2173, 71.36434, 0.0140126
2174, 72.19695, 0.013851
2175, 71.64864, 0.013957
2176, 71.89176, 0.0139098
2177, 71.69281, 0.0139484
2178, 71.15209, 0.0140544
2179, 72.43647, 0.0138052
2180, 72.08974, 0.0138716
2181, 71.0308, 0.0140784
2182, 72.5058, 0.013792
2183, 71.47912, 0.0139901
2184, 71.94141, 0.0139002
2185, 71.66969, 0.0139529
2186, 71.81071, 0.0139255
2187, 71.9559, 0.0138974
2188, 71.89486, 0.0139092
2189, 71.49598, 0.0139868
2190, 72.64539, 0.0137655
2191, 71.71338, 0.0139444
2192, 70.19366, 0.0142463
2193, 73.38911, 0.013626
2194, 71.87729, 0.0139126
2195, 71.27075, 0.014031
2196, 71.94711, 0.0138991
2197, 71.93003, 0.0139024
2198, 70.50198, 0.014184
2199, 73.59272, 0.0135883
2200, 71.58555, 0.0139693
2201, 71.96937, 0.0138948
2202, 71.21899, 0.0140412
2203, 72.78868, 0.0137384
2204, 71.57581, 0.0139712
2205, 72.34058, 0.0138235
2206, 71.35263, 0.0140149
2207, 71.39746, 0.0140061
2208, 72.34267, 0.0138231
2209, 71.73293, 0.0139406
2210, 71.69281, 0.0139484
2211, 71.37963, 0.0140096
2212, 70.60551, 0.0141632
2213, 73.43546, 0.0136174
2214, 71.71646, 0.0139438
2215, 71.44133, 0.0139975
2216, 72.20842, 0.0138488
2217, 71.77669, 0.0139321
2218, 72.68657, 0.0137577
2219, 71.24283, 0.0140365
2220, 72.02431, 0.0138842
2221, 71.87471, 0.0139131
2222, 71.47248, 0.0139914
2223, 72.26321, 0.0138383
2224, 70.41708, 0.0142011
2225, 73.1909, 0.0136629
2226, 71.42653, 0.0140004
2227, 72.6285, 0.0137687
2228, 71.83237, 0.0139213
2229, 70.21781, 0.0142414
2230, 73.76971, 0.0135557
2231, 71.84321, 0.0139192
2232, 71.85198, 0.0139175
2233, 71.24943, 0.0140352
2234, 72.5221, 0.0137889
2235, 70.53928, 0.0141765
2236, 73.03162, 0.0136927
2237, 71.57377, 0.0139716
2238, 72.29247, 0.0138327
2239, 71.41888, 0.0140019
2240, 72.22042, 0.0138465
2241, 71.62503, 0.0139616
2242, 71.99943, 0.013889
2243, 71.41276, 0.0140031
2244, 71.9989, 0.0138891
2245, 71.25806, 0.0140335
2246, 72.53999, 0.0137855
2247, 71.74425, 0.0139384
2248, 71.55123, 0.013976
2249, 72.0295, 0.0138832
2250, 71.89227, 0.0139097
2251, 71.71338, 0.0139444
2252, 71.08482, 0.0140677
2253, 72.4874, 0.0137955
2254, 72.3364, 0.0138243
2255, 70.97131, 0.0140902
2256, 72.36466, 0.0138189
2257, 71.75969, 0.0139354
2258, 71.9052, 0.0139072
2259, 71.79833, 0.0139279
2260, 71.97041, 0.0138946
2261, 71.36994, 0.0140115
2262, 71.83392, 0.013921
2263, 71.52922, 0.0139803
2264, 72.02535, 0.013884
2265, 72.1881, 0.0138527
2266, 71.89279, 0.0139096
2267, 71.91761, 0.0139048
2268, 71.77102, 0.0139332
2269, 71.99994, 0.0138889
2270, 71.31905, 0.0140215
2271, 72.26582, 0.0138378
2272, 71.36536, 0.0140124
2273, 72.17819, 0.0138546
2274, 71.86438, 0.0139151
2275, 71.47452, 0.013991
2276, 71.03635, 0.0140773
2277, 72.73203, 0.0137491
2278, 71.59221, 0.013968
2279, 72.45747, 0.0138012
2280, 71.6851, 0.0139499
2281, 70.93507, 0.0140974
2282, 72.46745, 0.0137993
2283, 71.75969, 0.0139354
2284, 72.53104, 0.0137872
2285, 71.47554, 0.0139908
2286, 71.43725, 0.0139983
2287, 71.62759, 0.0139611
2288, 71.56966, 0.0139724
2289, 73.44031, 0.0136165
2290, 71.36078, 0.0140133
2291, 71.27279, 0.0140306
2292, 71.9818, 0.0138924
2293, 71.61118, 0.0139643
2294, 71.80865, 0.0139259
2295, 72.20842, 0.0138488
2296, 71.60144, 0.0139662
2297, 71.40816, 0.014004
2298, 72.31181, 0.013829
2299, 71.41123, 0.0140034
2300, 72.31233, 0.0138289
2301, 71.33736, 0.0140179
2302, 72.73521, 0.0137485
2303, 70.98592, 0.0140873
2304, 72.25956, 0.013839
2305, 71.88918, 0.0139103
2306, 70.11394, 0.0142625
2307, 73.37403, 0.0136288
2308, 71.95125, 0.0138983
2309, 72.00513, 0.0138879
2310, 72.00047, 0.0138888
2311, 71.38982, 0.0140076
2312, 71.80813, 0.013926
2313, 72.02328, 0.0138844
2314, 72.15997, 0.0138581
2315, 70.79797, 0.0141247
2316, 72.27052, 0.0138369
2317, 72.26112, 0.0138387
2318, 71.50211, 0.0139856
2319, 71.07523, 0.0140696
2320, 73.05135, 0.013689
2321, 71.62246, 0.0139621
2322, 71.87678, 0.0139127
2323, 71.11364, 0.014062
2324, 72.52631, 0.0137881
2325, 72.01187, 0.0138866
2326, 70.83408, 0.0141175
2327, 72.50843, 0.0137915
2328, 71.8716, 0.0139137
2329, 71.46073, 0.0139937
2330, 71.24994, 0.0140351
2331, 72.88736, 0.0137198
2332, 71.5876, 0.0139689
2333, 72.14955, 0.0138601
2334, 71.85353, 0.0139172
2335, 71.67175, 0.0139525
2336, 71.17944, 0.014049
2337, 72.33116, 0.0138253
2338, 71.94245, 0.0139
2339, 71.6435, 0.013958
2340, 71.85612, 0.0139167
2341, 71.94711, 0.0138991
2342, 71.33685, 0.014018
2343, 72.22668, 0.0138453
2344, 72.15424, 0.0138592
2345, 71.72263, 0.0139426
2346, 71.58298, 0.0139698
2347, 71.60861, 0.0139648
2348, 72.04715, 0.0138798
2349, 71.51592, 0.0139829
2350, 70.83106, 0.0141181
2351, 24.07, 0.0415455
2352, 72.41235, 0.0138098
2353, 71.60913, 0.0139647
2354, 71.86748, 0.0139145
2355, 71.97559, 0.0138936
2356, 71.8138, 0.0139249
2357, 71.6358, 0.0139595
2358, 71.85043, 0.0139178
2359, 71.79936, 0.0139277
2360, 71.81483, 0.0139247
2361, 71.17184, 0.0140505
2362, 70.94966, 0.0140945
2363, 73.21127, 0.0136591
2364, 72.25799, 0.0138393
2365, 71.20834, 0.0140433
2366, 72.3024, 0.0138308
2367, 71.15361, 0.0140541
2368, 72.3275, 0.013826
2369, 70.76189, 0.0141319
2370, 72.68551, 0.0137579
2371, 71.9761, 0.0138935
2372, 71.78493, 0.0139305
2373, 71.9295, 0.0139025
2374, 72.04922, 0.0138794
2375, 70.70836, 0.0141426
2376, 71.27126, 0.0140309
2377, 72.5342, 0.0137866
2378, 72.02328, 0.0138844
2379, 69.90318, 0.0143055
2380, 72.0965, 0.0138703
2381, 73.34282, 0.0136346
2382, 72.33691, 0.0138242
2383, 71.31243, 0.0140228
2384, 73.09942, 0.01368
2385, 71.82515, 0.0139227
2386, 71.97351, 0.013894
2387, 71.14045, 0.0140567
2388, 72.16778, 0.0138566
2389, 71.71749, 0.0139436
2390, 71.95798, 0.013897
2391, 71.22811, 0.0140394
2392, 71.89021, 0.0139101
2393, 72.6111, 0.013772
2394, 71.01163, 0.0140822
2395, 72.34895, 0.0138219
2396, 71.90468, 0.0139073
2397, 71.43929, 0.0139979
2398, 71.89796, 0.0139086
2399, 71.18654, 0.0140476
2400, 71.80503, 0.0139266
2401, 71.72675, 0.0139418
2402, 72.53735, 0.013786
2403, 71.00105, 0.0140843
2404, 72.7855, 0.013739
2405, 71.98543, 0.0138917
2406, 71.85353, 0.0139172
2407, 70.87323, 0.0141097
2408, 72.58105, 0.0137777
2409, 71.56557, 0.0139732
2410, 72.38142, 0.0138157
2411, 71.48627, 0.0139887
2412, 71.28854, 0.0140275
2413, 70.67837, 0.0141486
2414, 73.50076, 0.0136053
2415, 72.03521, 0.0138821
2416, 71.8004, 0.0139275
2417, 70.77141, 0.01413
2418, 73.05882, 0.0136876
2419, 70.1848, 0.0142481
2420, 73.56944, 0.0135926
2421, 71.55431, 0.0139754
2422, 71.74322, 0.0139386
2423, 70.97433, 0.0140896
2424, 72.84913, 0.013727
2425, 71.52871, 0.0139804
2426, 72.43437, 0.0138056
2427, 70.86971, 0.0141104
2428, 72.48267, 0.0137964
2429, 71.9083, 0.0139066
2430, 71.38268, 0.014009
2431, 71.49701, 0.0139866
2432, 72.42598, 0.0138072
2433, 72.07623, 0.0138742
2434, 70.08199, 0.014269
2435, 73.10476, 0.013679
2436, 72.16933, 0.0138563
2437, 71.78287, 0.0139309
2438, 71.86179, 0.0139156
2439, 72.02691, 0.0138837
2440, 71.5999, 0.0139665
2441, 72.55999, 0.0137817
2442, 71.62554, 0.0139615
2443, 70.64591, 0.0141551
2444, 72.63219, 0.013768
2445, 72.22772, 0.0138451
2446, 71.49087, 0.0139878
2447, 71.81792, 0.0139241
2448, 72.2079, 0.0138489
2449, 70.62746, 0.0141588
2450, 73.02575, 0.0136938
2451, 71.12122, 0.0140605
2452, 72.22929, 0.0138448
2453, 71.48065, 0.0139898
2454, 72.2345, 0.0138438
2455, 70.81651, 0.014121
2456, 73.4716, 0.0136107
2457, 70.11639, 0.014262
2458, 72.97459, 0.0137034
2459, 72.18184, 0.0138539
2460, 72.13966, 0.013862
2461, 71.42194, 0.0140013
2462, 72.29404, 0.0138324
2463, 70.91998, 0.0141004
2464, 71.89124, 0.0139099
2465, 70.95822, 0.0140928
2466, 73.05723, 0.0136879
2467, 71.33634, 0.0140181
2468, 72.30815, 0.0138297
2469, 70.57561, 0.0141692
2470, 58.63658, 0.0170542
2471, 89.94828, 0.0111175
2472, 71.01012, 0.0140825
2473, 72.34738, 0.0138222
2474, 71.92796, 0.0139028
2475, 70.56964, 0.0141704
2476, 71.59273, 0.0139679
2477, 70.26173, 0.0142325
2478, 74.81166, 0.0133669
2479, 70.6524, 0.0141538
2480, 74.11964, 0.0134917
2481, 71.83134, 0.0139215
2482, 71.04443, 0.0140757
2483, 72.03677, 0.0138818
2484, 72.0404, 0.0138811
2485, 70.60551, 0.0141632
2486, 72.74632, 0.0137464
2487, 70.92702, 0.014099
2488, 67.31559, 0.0148554
2489, 64.36912, 0.0155354
2490, 88.22466, 0.0113347
2491, 72.18027, 0.0138542
2492, 71.42041, 0.0140016
2493, 71.60195, 0.0139661
2494, 68.47252, 0.0146044
2495, 72.15736, 0.0138586
2496, 71.06715, 0.0140712
2497, 76.483, 0.0130748
2498, 71.06412, 0.0140718
2499, 66.519, 0.0150333
2500, 75.45119, 0.0132536
2501, 74.44077, 0.0134335
2502, 73.36273, 0.0136309
2503, 72.89958, 0.0137175
2504, 73.7387, 0.0135614
2505, 71.44389, 0.013997
2506, 71.753, 0.0139367
2507, 70.43295, 0.0141979
2508, 70.50694, 0.014183
2509, 72.66966, 0.0137609
2510, 71.83083, 0.0139216
2511, 70.20648, 0.0142437
2512, 72.80935, 0.0137345
2513, 33.67741, 0.0296935
2514, 77.00779, 0.0129857
2515, 74.54064, 0.0134155
2516, 71.35162, 0.0140151
2517, 73.34982, 0.0136333
2518, 69.85924, 0.0143145
2519, 74.40366, 0.0134402
2520, 71.54713, 0.0139768
2521, 71.20174, 0.0140446
2522, 72.80458, 0.0137354
2523, 71.34958, 0.0140155
2524, 71.91813, 0.0139047
2525, 72.24076, 0.0138426
2526, 71.91296, 0.0139057
2527, 71.31447, 0.0140224
2528, 72.05234, 0.0138788
2529, 72.32018, 0.0138274
2530, 74.62297, 0.0134007
2531, 69.36208, 0.0144171
2532, 72.12457, 0.0138649
2533, 73.99624, 0.0135142
2534, 43.04482, 0.0232316
2535, 136.0766, 0.0073488
2536, 91.83665, 0.0108889
2537, 70.80448, 0.0141234
2538, 72.28828, 0.0138335
2539, 70.54425, 0.0141755
2540, 73.05349, 0.0136886
2541, 20.93114, 0.0477757
