Frame, FPS, Frame Time
1, 50, 0.02
2, 50, 0.02
3, 3, 0.3333333
4, 5.04435, 0.1982416
5, 24.73068, 0.0404356
6, 128.5264, 0.0077805
7, 71.47758, 0.0139904
8, 72.52578, 0.0137882
9, 72.56262, 0.0137812
10, 71.60657, 0.0139652
11, 71.21087, 0.0140428
12, 71.05301, 0.014074
13, 72.65118, 0.0137644
14, 69.80608, 0.0143254
15, 74.78033, 0.0133725
16, 70.80899, 0.0141225
17, 71.53793, 0.0139786
18, 73.00123, 0.0136984
19, 71.72109, 0.0139429
20, 71.54048, 0.0139781
21, 72.23502, 0.0138437
22, 70.84511, 0.0141153
23, 72.42441, 0.0138075
24, 4.203312, 0.2379076
25, 77.60781, 0.0128853
26, 71.68768, 0.0139494
27, 72.4874, 0.0137955
28, 71.56506, 0.0139733
29, 72.36571, 0.0138187
30, 71.4643, 0.013993
31, 71.90934, 0.0139064
32, 71.96316, 0.013896
33, 72.11002, 0.0138677
34, 52.28868, 0.0191246
35, 67.81362, 0.0147463
36, 12.27753, 0.0814496
37, 68.52601, 0.014593
38, 33.13519, 0.0301794
39, 79.32982, 0.0126056
40, 73.81709, 0.013547
41, 70.2331, 0.0142383
42, 69.75982, 0.0143349
43, 70.18677, 0.0142477
44, 69.20223, 0.0144504
45, 69.87974, 0.0143103
46, 71.67226, 0.0139524
47, 70.75588, 0.0141331
48, 71.35059, 0.0140153
49, 70.73486, 0.0141373
50, 72.01757, 0.0138855
51, 69.73939, 0.0143391
52, 74.11855, 0.0134919
53, 70.77241, 0.0141298
54, 71.34347, 0.0140167
55, 11.856, 0.0843455
56, 35.12605, 0.0284689
57, 26.25175, 0.0380927
58, 24.85423, 0.0402346
59, 42.4632, 0.0235498
60, 131.0461, 0.0076309
61, 70.59056, 0.0141662
62, 70.88428, 0.0141075
63, 70.57861, 0.0141686
64, 72.75478, 0.0137448
65, 71.53383, 0.0139794
66, 70.61698, 0.0141609
67, 70.85464, 0.0141134
68, 72.35629, 0.0138205
69, 71.62914, 0.0139608
70, 71.73756, 0.0139397
71, 71.48065, 0.0139898
72, 71.13792, 0.0140572
73, 70.77041, 0.0141302
74, 72.1199, 0.0138658
75, 71.47401, 0.0139911
76, 73.01349, 0.0136961
77, 71.70052, 0.0139469
78, 71.88039, 0.013912
79, 71.00558, 0.0140834
80, 71.6394, 0.0139588
81, 72.34163, 0.0138233
82, 70.93003, 0.0140984
83, 72.60003, 0.0137741
84, 71.57684, 0.013971
85, 70.66988, 0.0141503
86, 72.74261, 0.0137471
87, 72.28358, 0.0138344
88, 71.47248, 0.0139914
89, 72.01031, 0.0138869
90, 71.65633, 0.0139555
91, 71.59324, 0.0139678
92, 71.62862, 0.0139609
93, 72.186, 0.0138531
94, 71.23521, 0.014038
95, 71.93623, 0.0139012
96, 70.32349, 0.01422
97, 73.31862, 0.0136391
98, 72.01913, 0.0138852
99, 71.34652, 0.0140161
100, 71.26314, 0.0140325
101, 72.83958, 0.0137288
102, 71.66609, 0.0139536
103, 71.27533, 0.0140301
104, 72.46587, 0.0137996
105, 71.83753, 0.0139203
106, 68.7068, 0.0145546
107, 72.94159, 0.0137096
108, 73.77134, 0.0135554
109, 71.54099, 0.013978
110, 72.23502, 0.0138437
111, 71.18857, 0.0140472
112, 71.91761, 0.0139048
113, 72.25903, 0.0138391
114, 71.29057, 0.0140271
115, 71.00861, 0.0140828
116, 72.94585, 0.0137088
117, 70.99802, 0.0140849
118, 71.2134, 0.0140423
119, 73.00069, 0.0136985
120, 72.0212, 0.0138848
121, 71.4352, 0.0139987
122, 72.10793, 0.0138681
123, 71.70412, 0.0139462
124, 71.69692, 0.0139476
125, 72.25329, 0.0138402
126, 70.54226, 0.0141759
127, 71.55328, 0.0139756
128, 72.79822, 0.0137366
129, 71.34703, 0.014016
130, 72.14018, 0.0138619
131, 72.20216, 0.01385
132, 71.54304, 0.0139776
133, 71.82566, 0.0139226
134, 71.43674, 0.0139984
135, 72.07259, 0.0138749
136, 71.60093, 0.0139663
137, 71.98958, 0.0138909
138, 71.35976, 0.0140135
139, 72.74579, 0.0137465
140, 70.58956, 0.0141664
141, 72.64327, 0.0137659
142, 71.92226, 0.0139039
143, 71.884, 0.0139113
144, 71.83031, 0.0139217
145, 71.18299, 0.0140483
146, 72.43437, 0.0138056
147, 65.58582, 0.0152472
148, 81.08721, 0.0123324
149, 70.93909, 0.0140966
150, 72.1329, 0.0138633
151, 70.63594, 0.0141571
152, 72.58422, 0.0137771
153, 71.9052, 0.0139072
154, 71.64504, 0.0139577
155, 71.7391, 0.0139394
156, 71.144, 0.014056
157, 71.72366, 0.0139424
158, 72.83427, 0.0137298
159, 58.79102, 0.0170094
160, 57.9475, 0.017257
161, 132.0568, 0.0075725
162, 70.45727, 0.014193
163, 72.32384, 0.0138267
164, 71.34958, 0.0140155
165, 72.63219, 0.013768
166, 72.02587, 0.0138839
167, 71.50058, 0.0139859
168, 71.65428, 0.0139559
169, 71.8334, 0.0139211
170, 71.85405, 0.0139171
171, 72.32122, 0.0138272
172, 71.30481, 0.0140243
173, 71.373, 0.0140109
174, 72.44487, 0.0138036
175, 71.89279, 0.0139096
176, 71.55072, 0.0139761
177, 72.17663, 0.0138549
178, 71.37351, 0.0140108
179, 72.2674, 0.0138375
180, 71.49751, 0.0139865
181, 71.17894, 0.0140491
182, 72.25121, 0.0138406
183, 71.94296, 0.0138999
184, 71.30735, 0.0140238
185, 72.17976, 0.0138543
186, 71.67945, 0.013951
187, 72.00668, 0.0138876
188, 71.58504, 0.0139694
189, 72.18549, 0.0138532
190, 71.71903, 0.0139433
191, 71.12122, 0.0140605
192, 71.88245, 0.0139116
193, 35.39547, 0.0282522
194, 68.96837, 0.0144994
195, 29.11496, 0.0343466
196, 102.1252, 0.0097919
197, 99.50744, 0.0100495
198, 69.21613, 0.0144475
199, 74.03678, 0.0135068
200, 71.58606, 0.0139692
201, 72.01757, 0.0138855
202, 70.51391, 0.0141816
203, 72.59001, 0.013776
204, 70.70036, 0.0141442
205, 30.50203, 0.0327847
206, 114.4793, 0.0087352
207, 70.72236, 0.0141398
208, 71.54202, 0.0139778
209, 71.97559, 0.0138936
210, 72.10065, 0.0138695
211, 71.14855, 0.0140551
212, 71.9761, 0.0138935
213, 72.30135, 0.013831
214, 69.68884, 0.0143495
215, 29.97305, 0.0333633
216, 100.3593, 0.0099642
217, 83.80825, 0.011932
218, 71.13438, 0.0140579
219, 72.11729, 0.0138663
220, 71.32515, 0.0140203
221, 71.19668, 0.0140456
222, 72.73257, 0.013749
223, 71.81123, 0.0139254
224, 71.17489, 0.0140499
225, 30.86525, 0.0323989
226, 108.474, 0.0092188
227, 70.46174, 0.0141921
228, 73.19144, 0.0136628
229, 71.02273, 0.01408
230, 72.32541, 0.0138264
231, 71.93572, 0.0139013
232, 71.71903, 0.0139433
233, 72.25069, 0.0138407
234, 68.8914, 0.0145156
235, 29.77848, 0.0335813
236, 106.8308, 0.0093606
237, 81.89136, 0.0122113
238, 71.51234, 0.0139836
239, 71.67791, 0.0139513
240, 71.05099, 0.0140744
241, 72.25799, 0.0138393
242, 72.74314, 0.013747
243, 71.36078, 0.0140133
244, 61.31583, 0.016309
245, 32.93819, 0.0303599
246, 112.09, 0.0089214
247, 70.89634, 0.0141051
248, 71.93623, 0.0139012
249, 71.53895, 0.0139784
250, 69.911, 0.0143039
251, 73.31486, 0.0136398
252, 72.14539, 0.0138609
253, 71.32311, 0.0140207
254, 71.83959, 0.0139199
255, 29.81577, 0.0335393
256, 122.576, 0.0081582
257, 72.3568, 0.0138204
258, 72.1199, 0.0138658
259, 71.95125, 0.0138983
260, 71.94865, 0.0138988
261, 72.10429, 0.0138688
262, 71.78493, 0.0139305
263, 71.6666, 0.0139535
264, 70.4667, 0.0141911
265, 31.49934, 0.0317467
266, 103.2962, 0.0096809
267, 71.1982, 0.0140453
268, 71.83443, 0.0139209
269, 71.56864, 0.0139726
270, 71.23015, 0.014039
271, 72.67653, 0.0137596
272, 71.48474, 0.013989
273, 72.03313, 0.0138825
274, 70.59305, 0.0141657
275, 31.41424, 0.0318327
276, 103.9026, 0.0096244
277, 71.12679, 0.0140594
278, 72.09702, 0.0138702
279, 70.86921, 0.0141105
280, 73.02415, 0.0136941
281, 70.66489, 0.0141513
282, 72.83852, 0.013729
283, 71.49649, 0.0139867
284, 71.12173, 0.0140604
285, 31.7269, 0.031519
286, 98.48142, 0.0101542
287, 72.43437, 0.0138056
288, 71.31243, 0.0140228
289, 72.02276, 0.0138845
290, 71.91089, 0.0139061
291, 71.77463, 0.0139325
292, 71.59682, 0.0139671
293, 71.95953, 0.0138967
294, 71.32668, 0.01402
295, 31.08418, 0.0321707
296, 105.3452, 0.0094926
297, 70.2558, 0.0142337
298, 72.39662, 0.0138128
299, 72.70348, 0.0137545
300, 71.25603, 0.0140339
301, 72.22355, 0.0138459
302, 71.55431, 0.0139754
303, 71.42245, 0.0140012
304, 71.02122, 0.0140803
305, 31.11475, 0.0321391
306, 104.55, 0.0095648
307, 71.29565, 0.0140261
308, 72.70612, 0.013754
309, 73.01028, 0.0136967
310, 71.75557, 0.0139362
311, 71.91554, 0.0139052
312, 71.07068, 0.0140705
313, 71.29159, 0.0140269
314, 71.73602, 0.01394
315, 30.31966, 0.0329819
316, 116.5936, 0.0085768
317, 71.03786, 0.014077
318, 71.67996, 0.0139509
319, 72.13654, 0.0138626
320, 71.70875, 0.0139453
321, 71.89693, 0.0139088
322, 71.56966, 0.0139724
323, 72.05753, 0.0138778
324, 70.90791, 0.0141028
325, 31.24034, 0.0320099
326, 104.5238, 0.0095672
327, 70.83356, 0.0141176
328, 72.71987, 0.0137514
329, 71.69127, 0.0139487
330, 71.87626, 0.0139128
331, 71.58094, 0.0139702
332, 71.58247, 0.0139699
333, 72.49319, 0.0137944
334, 70.74437, 0.0141354
335, 72.71194, 0.0137529
336, 70.82955, 0.0141184
337, 72.38613, 0.0138148
338, 72.47795, 0.0137973
339, 71.37759, 0.01401
340, 71.3781, 0.0140099
341, 72.59739, 0.0137746
342, 71.78905, 0.0139297
343, 69.93839, 0.0142983
344, 73.75393, 0.0135586
345, 70.99449, 0.0140856
346, 72.3343, 0.0138247
347, 70.49253, 0.0141859
348, 73.54563, 0.013597
349, 71.70258, 0.0139465
350, 71.97403, 0.0138939
351, 71.25197, 0.0140347
352, 72.07727, 0.013874
353, 72.12041, 0.0138657
354, 71.21544, 0.0140419
355, 71.43877, 0.013998
356, 71.93365, 0.0139017
357, 72.32488, 0.0138265
358, 71.08584, 0.0140675
359, 72.38404, 0.0138152
360, 71.89848, 0.0139085
361, 71.53844, 0.0139785
362, 72.30397, 0.0138305
363, 71.60246, 0.013966
364, 72.10117, 0.0138694
365, 71.71081, 0.0139449
366, 71.7463, 0.013938
367, 70.74888, 0.0141345
368, 72.44434, 0.0138037
369, 70.39973, 0.0142046
370, 73.39665, 0.0136246
371, 72.3898, 0.0138141
372, 71.97817, 0.0138931
373, 71.13691, 0.0140574
374, 72.38561, 0.0138149
375, 71.72881, 0.0139414
376, 71.3043, 0.0140244
377, 72.34843, 0.013822
378, 70.82203, 0.0141199
379, 72.60213, 0.0137737
380, 71.00256, 0.014084
381, 72.49371, 0.0137943
382, 71.61579, 0.0139634
383, 72.12926, 0.013864
384, 72.43752, 0.013805
385, 71.42857, 0.014
386, 72.10326, 0.013869
387, 70.77141, 0.01413
388, 72.41549, 0.0138092
389, 71.41633, 0.0140024
390, 72.81836, 0.0137328
391, 70.62646, 0.014159
392, 72.62058, 0.0137702
393, 72.04195, 0.0138808
394, 71.50723, 0.0139846
395, 72.10897, 0.0138679
396, 71.06866, 0.0140709
397, 71.35619, 0.0140142
398, 71.86748, 0.0139145
399, 72.26843, 0.0138373
400, 69.60395, 0.014367
401, 29.76811, 0.033593
402, 105.4897, 0.0094796
403, 83.52683, 0.0119722
404, 70.8667, 0.014111
405, 72.68446, 0.0137581
406, 71.32515, 0.0140203
407, 72.24337, 0.0138421
408, 70.23508, 0.0142379
409, 73.40527, 0.013623
410, 71.2408, 0.0140369
411, 31.41641, 0.0318305
412, 83.6666, 0.0119522
413, 84.87164, 0.0117825
414, 71.71389, 0.0139443
415, 72.56894, 0.01378
416, 71.21087, 0.0140428
417, 72.394, 0.0138133
418, 71.69487, 0.013948
419, 71.11162, 0.0140624
420, 71.40562, 0.0140045
421, 31.74784, 0.0314982
422, 100.036, 0.0099964
423, 71.64248, 0.0139582
424, 70.9245, 0.0140995
425, 72.52421, 0.0137885
426, 72.01342, 0.0138863
427, 71.41531, 0.0140026
428, 71.12173, 0.0140604
429, 72.43227, 0.013806
430, 70.21338, 0.0142423
431, 32.04974, 0.0312015
432, 99.23489, 0.0100771
433, 71.29057, 0.0140271
434, 71.49547, 0.0139869
435, 71.37708, 0.0140101
436, 72.39347, 0.0138134
437, 71.89072, 0.01391
438, 72.02743, 0.0138836
439, 70.96225, 0.014092
440, 70.70335, 0.0141436
441, 32.11046, 0.0311425
442, 98.631, 0.0101388
443, 71.08685, 0.0140673
444, 71.9818, 0.0138924
445, 71.0727, 0.0140701
446, 72.71035, 0.0137532
447, 71.33583, 0.0140182
448, 71.94969, 0.0138986
449, 70.46571, 0.0141913
450, 72.70824, 0.0137536
451, 30.54732, 0.0327361
452, 114.1396, 0.0087612
453, 71.36129, 0.0140132
454, 71.65736, 0.0139553
455, 71.23015, 0.014039
456, 72.52421, 0.0137885
457, 71.50211, 0.0139856
458, 72.19279, 0.0138518
459, 70.93104, 0.0140982
460, 72.05078, 0.0138791
461, 29.87232, 0.0334758
462, 119.6931, 0.0083547
463, 71.57632, 0.0139711
464, 72.59844, 0.0137744
465, 72.13029, 0.0138638
466, 71.37656, 0.0140102
467, 71.43775, 0.0139982
468, 71.05907, 0.0140728
469, 72.96235, 0.0137057
470, 72.19747, 0.0138509
471, 31.49408, 0.031752
472, 99.59763, 0.0100404
473, 72.11521, 0.0138667
474, 72.01965, 0.0138851
475, 71.81638, 0.0139244
476, 71.78287, 0.0139309
477, 71.10959, 0.0140628
478, 72.30449, 0.0138304
479, 72.25277, 0.0138403
480, 70.39478, 0.0142056
481, 31.57712, 0.0316685
482, 98.46687, 0.0101557
483, 73.09621, 0.0136806
484, 71.83546, 0.0139207
485, 71.35009, 0.0140154
486, 71.58196, 0.01397
487, 72.60107, 0.0137739
488, 71.83495, 0.0139208
489, 71.30938, 0.0140234
490, 71.0308, 0.0140784
491, 30.43547, 0.0328564
492, 116.791, 0.0085623
493, 70.85114, 0.0141141
494, 71.33889, 0.0140176
495, 72.02068, 0.0138849
496, 70.73236, 0.0141378
497, 72.85072, 0.0137267
498, 71.80194, 0.0139272
499, 71.94659, 0.0138992
500, 68.99549, 0.0144937
501, 30.04049, 0.0332884
502, 103.6183, 0.0096508
503, 82.19358, 0.0121664
504, 71.73756, 0.0139397
505, 71.39033, 0.0140075
506, 72.42651, 0.0138071
507, 70.86871, 0.0141106
508, 57.19384, 0.0174844
509, 98.48529, 0.0101538
510, 70.68836, 0.0141466
511, 30.67739, 0.0325973
512, 110.3168, 0.0090648
513, 72.676, 0.0137597
514, 70.3413, 0.0142164
515, 72.90012, 0.0137174
516, 71.54919, 0.0139764
517, 72.24651, 0.0138415
518, 70.5542, 0.0141735
519, 72.78868, 0.0137384
520, 71.05402, 0.0140738
521, 32.02531, 0.0312253
522, 95.34888, 0.0104878
523, 70.07954, 0.0142695
524, 74.88953, 0.013353
525, 71.86076, 0.0139158
526, 71.55328, 0.0139756
527, 71.77875, 0.0139317
528, 71.91709, 0.0139049
529, 71.75815, 0.0139357
530, 70.54723, 0.0141749
531, 31.45673, 0.0317897
532, 103.4736, 0.0096643
533, 71.01466, 0.0140816
534, 71.55994, 0.0139743
535, 71.6923, 0.0139485
536, 72.55367, 0.0137829
537, 71.67791, 0.0139513
538, 71.40002, 0.0140056
539, 72.44697, 0.0138032
540, 70.2558, 0.0142337
541, 31.63155, 0.031614
542, 102.0575, 0.0097984
543, 72.10689, 0.0138683
544, 71.37045, 0.0140114
545, 71.37453, 0.0140106
546, 72.49319, 0.0137944
547, 71.78596, 0.0139303
548, 71.36536, 0.0140124
549, 71.95021, 0.0138985
550, 71.03635, 0.0140773
551, 31.34659, 0.0319014
552, 104.4605, 0.009573
553, 71.30786, 0.0140237
554, 71.45306, 0.0139952
555, 72.04871, 0.0138795
556, 71.48219, 0.0139895
557, 71.79163, 0.0139292
558, 72.25642, 0.0138396
559, 71.59939, 0.0139666
560, 70.89685, 0.014105
561, 31.37107, 0.0318765
562, 104.2047, 0.0095965
563, 71.53536, 0.0139791
564, 71.49496, 0.013987
565, 71.84528, 0.0139188
566, 71.93417, 0.0139016
567, 70.80899, 0.0141225
568, 59.51389, 0.0168028
569, 53.46193, 0.0187049
570, 156.7226, 0.0063807
571, 72.95329, 0.0137074
572, 72.63483, 0.0137675
573, 71.59785, 0.0139669
574, 72.56841, 0.0137801
575, 70.99298, 0.0140859
576, 72.19434, 0.0138515
577, 71.81689, 0.0139243
578, 71.65633, 0.0139555
579, 71.02122, 0.0140803
580, 72.81518, 0.0137334
581, 70.79295, 0.0141257
582, 73.00123, 0.0136984
583, 70.93507, 0.0140974
584, 72.35366, 0.013821
585, 72.31338, 0.0138287
586, 71.62605, 0.0139614
587, 71.43061, 0.0139996
588, 72.17038, 0.0138561
589, 71.71697, 0.0139437
590, 71.00961, 0.0140826
591, 72.70454, 0.0137543
592, 70.96024, 0.0140924
593, 72.99323, 0.0136999
594, 72.01706, 0.0138856
595, 71.53741, 0.0139787
596, 72.04455, 0.0138803
597, 71.53178, 0.0139798
598, 71.9958, 0.0138897
599, 71.55431, 0.0139754
600, 71.79111, 0.0139293
601, 71.44898, 0.013996
602, 71.6738, 0.0139521
603, 71.56198, 0.0139739
604, 72.31129, 0.0138291
605, 72.30605, 0.0138301
606, 71.91864, 0.0139046
607, 71.46686, 0.0139925
608, 72.12354, 0.0138651
609, 71.83392, 0.013921
610, 70.11836, 0.0142616
611, 73.44463, 0.0136157
612, 71.88349, 0.0139114
613, 72.05545, 0.0138782
614, 71.0727, 0.0140701
615, 71.98025, 0.0138927
616, 71.99994, 0.0138889
617, 71.79833, 0.0139279
618, 72.20008, 0.0138504
619, 71.71749, 0.0139436
620, 71.07877, 0.0140689
621, 72.08765, 0.013872
622, 72.812, 0.013734
623, 70.44437, 0.0141956
624, 72.91872, 0.0137139
625, 71.11111, 0.0140625
626, 71.86851, 0.0139143
627, 71.98388, 0.013892
628, 72.51736, 0.0137898
629, 72.01601, 0.0138858
630, 71.77926, 0.0139316
631, 71.39491, 0.0140066
632, 71.94814, 0.0138989
633, 71.73705, 0.0139398
634, 71.54816, 0.0139766
635, 71.92382, 0.0139036
636, 70.85565, 0.0141132
637, 73.04922, 0.0136894
638, 70.72686, 0.0141389
639, 73.10476, 0.013679
640, 71.58862, 0.0139687
641, 71.95332, 0.0138979
642, 71.71955, 0.0139432
643, 71.72417, 0.0139423
644, 71.6738, 0.0139521
645, 72.38771, 0.0138145
646, 71.0192, 0.0140807
647, 70.84311, 0.0141157
648, 73.60464, 0.0135861
649, 71.77154, 0.0139331
650, 71.98543, 0.0138917
651, 71.47554, 0.0139908
652, 71.50467, 0.0139851
653, 71.82773, 0.0139222
654, 72.12249, 0.0138653
655, 72.01601, 0.0138858
656, 71.77978, 0.0139315
657, 71.53383, 0.0139794
658, 70.48161, 0.0141881
659, 72.4286, 0.0138067
660, 72.56315, 0.0137811
661, 71.94452, 0.0138996
662, 72.08298, 0.0138729
663, 35.87187, 0.027877
664, 71.74271, 0.0139387
665, 71.83031, 0.0139217
666, 71.40154, 0.0140053
667, 72.74579, 0.0137465
668, 69.53329, 0.0143816
669, 74.2374, 0.0134703
670, 71.48576, 0.0139888
671, 71.91606, 0.0139051
672, 71.73807, 0.0139396
673, 71.81174, 0.0139253
674, 71.47963, 0.01399
675, 69.72091, 0.0143429
676, 74.11855, 0.0134919
677, 72.3432, 0.013823
678, 70.33289, 0.0142181
679, 71.84476, 0.0139189
680, 72.89905, 0.0137176
681, 71.48883, 0.0139882
682, 72.05961, 0.0138774
683, 72.27209, 0.0138366
684, 71.51286, 0.0139835
685, 72.99803, 0.013699
686, 71.46737, 0.0139924
687, 70.35565, 0.0142135
688, 73.04709, 0.0136898
689, 71.89641, 0.0139089
690, 71.57018, 0.0139723
691, 72.33691, 0.0138242
692, 72.14122, 0.0138617
693, 71.22, 0.014041
694, 71.88349, 0.0139114
695, 72.10273, 0.0138691
696, 70.96729, 0.014091
697, 71.98595, 0.0138916
698, 71.93417, 0.0139016
699, 71.14298, 0.0140562
700, 73.21984, 0.0136575
701, 70.80298, 0.0141237
702, 72.52999, 0.0137874
703, 72.16413, 0.0138573
704, 71.80968, 0.0139257
705, 70.83508, 0.0141173
706, 72.9714, 0.013704
707, 71.46226, 0.0139934
708, 71.92278, 0.0139038
709, 71.70772, 0.0139455
710, 71.2134, 0.0140423
711, 71.73807, 0.0139396
712, 72.04248, 0.0138807
713, 72.65752, 0.0137632
714, 71.49854, 0.0139863
715, 72.06844, 0.0138757
716, 71.33075, 0.0140192
717, 71.7973, 0.0139281
718, 72.51894, 0.0137895
719, 71.63016, 0.0139606
720, 71.27888, 0.0140294
721, 71.91193, 0.0139059
722, 72.16986, 0.0138562
723, 71.04341, 0.0140759
724, 72.97086, 0.0137041
725, 71.90779, 0.0139067
726, 71.68665, 0.0139496
727, 71.69127, 0.0139487
728, 72.32279, 0.0138269
729, 70.78593, 0.0141271
730, 72.24337, 0.0138421
731, 70.88981, 0.0141064
732, 73.25578, 0.0136508
733, 71.57223, 0.0139719
734, 71.31802, 0.0140217
735, 72.12197, 0.0138654
736, 72.39767, 0.0138126
737, 71.87212, 0.0139136
738, 71.51746, 0.0139826
739, 71.78854, 0.0139298
740, 72.15788, 0.0138585
741, 71.78442, 0.0139306
742, 70.90539, 0.0141033
743, 72.56578, 0.0137806
744, 71.68459, 0.01395
745, 71.08634, 0.0140674
746, 72.45169, 0.0138023
747, 71.83753, 0.0139203
748, 72.02483, 0.0138841
749, 71.98077, 0.0138926
750, 71.47043, 0.0139918
751, 72.18653, 0.013853
752, 70.66139, 0.014152
753, 73.50023, 0.0136054
754, 71.47912, 0.0139901
755, 71.61015, 0.0139645
756, 71.22659, 0.0140397
757, 72.47742, 0.0137974
758, 72.2079, 0.0138489
759, 71.43214, 0.0139993
760, 72.25016, 0.0138408
761, 71.79524, 0.0139285
762, 71.25704, 0.0140337
763, 72.46902, 0.013799
764, 71.47707, 0.0139905
765, 72.04404, 0.0138804
766, 71.33329, 0.0140187
767, 69.48787, 0.014391
768, 74.62352, 0.0134006
769, 71.61631, 0.0139633
770, 72.3432, 0.013823
771, 70.8878, 0.0141068
772, 72.49477, 0.0137941
773, 72.15163, 0.0138597
774, 71.83908, 0.01392
775, 71.90726, 0.0139068
776, 71.98698, 0.0138914
777, 71.48422, 0.0139891
778, 71.18603, 0.0140477
779, 72.57474, 0.0137789
780, 71.97714, 0.0138933
781, 71.41888, 0.0140019
782, 71.51746, 0.0139826
783, 71.52155, 0.0139818
784, 72.87727, 0.0137217
785, 71.74682, 0.0139379
786, 71.70206, 0.0139466
787, 71.7906, 0.0139294
788, 71.64452, 0.0139578
789, 70.65939, 0.0141524
790, 72.68762, 0.0137575
791, 72.17403, 0.0138554
792, 71.58811, 0.0139688
793, 71.13337, 0.0140581
794, 72.77014, 0.0137419
795, 71.81071, 0.0139255
796, 71.81844, 0.013924
797, 71.90054, 0.0139081
798, 71.54407, 0.0139774
799, 71.9409, 0.0139003
800, 70.74187, 0.0141359
801, 72.00616, 0.0138877
802, 71.83598, 0.0139206
803, 72.97885, 0.0137026
804, 71.18299, 0.0140483
805, 72.13966, 0.013862
806, 71.81123, 0.0139254
807, 71.44949, 0.0139959
808, 71.79627, 0.0139283
809, 72.39557, 0.013813
810, 71.60913, 0.0139647
811, 71.00507, 0.0140835
812, 72.07519, 0.0138744
813, 70.91947, 0.0141005
814, 72.97672, 0.013703
815, 71.72572, 0.013942
816, 71.98077, 0.0138926
817, 71.87574, 0.0139129
818, 71.62862, 0.0139609
819, 71.8004, 0.0139275
820, 72.08038, 0.0138734
821, 71.99994, 0.0138889
822, 71.01264, 0.014082
823, 72.28671, 0.0138338
824, 71.06563, 0.0140715
825, 72.45169, 0.0138023
826, 71.35263, 0.0140149
827, 72.52578, 0.0137882
828, 71.86128, 0.0139157
829, 71.59785, 0.0139669
830, 71.98906, 0.013891
831, 71.71029, 0.013945
832, 71.8267, 0.0139224
833, 71.41837, 0.014002
834, 71.66096, 0.0139546
835, 71.55788, 0.0139747
836, 72.63219, 0.013768
837, 71.80916, 0.0139258
838, 71.33176, 0.014019
839, 71.40919, 0.0140038
840, 72.69291, 0.0137565
841, 72.07103, 0.0138752
842, 71.26517, 0.0140321
843, 72.02276, 0.0138845
844, 71.10959, 0.0140628
845, 72.24598, 0.0138416
846, 71.20935, 0.0140431
847, 72.84064, 0.0137286
848, 71.82825, 0.0139221
849, 71.82102, 0.0139235
850, 71.88504, 0.0139111
851, 71.75352, 0.0139366
852, 72.35838, 0.0138201
853, 70.9547, 0.0140935
854, 72.04974, 0.0138793
855, 71.15564, 0.0140537
856, 71.53997, 0.0139782
857, 71.3567, 0.0140141
858, 73.8667, 0.0135379
859, 71.35263, 0.0140149
860, 71.73447, 0.0139403
861, 71.38319, 0.0140089
862, 70.811, 0.0141221
863, 73.07645, 0.0136843
864, 34.72162, 0.0288005
865, 56.1013, 0.0178249
866, 87.03902, 0.0114891
867, 72.9517, 0.0137077
868, 81.34182, 0.0122938
869, 75.37386, 0.0132672
870, 72.13186, 0.0138635
871, 71.26517, 0.0140321
872, 71.73756, 0.0139397
873, 71.99372, 0.0138901
874, 71.97662, 0.0138934
875, 71.83443, 0.0139209
876, 71.68099, 0.0139507
877, 70.85365, 0.0141136
878, 70.16756, 0.0142516
879, 70.28296, 0.0142282
880, 71.46532, 0.0139928
881, 72.43333, 0.0138058
882, 63.61849, 0.0157187
883, 78.82767, 0.0126859
884, 75.85412, 0.0131832
885, 72.64327, 0.0137659
886, 72.2674, 0.0138375
887, 71.96523, 0.0138956
888, 72.63694, 0.0137671
889, 73.33206, 0.0136366
890, 70.94664, 0.0140951
891, 72.49739, 0.0137936
892, 71.68304, 0.0139503
893, 71.87057, 0.0139139
894, 70.76891, 0.0141305
895, 72.8014, 0.013736
896, 71.62246, 0.0139621
897, 71.68099, 0.0139507
898, 71.20022, 0.0140449
899, 70.70635, 0.014143
900, 73.86834, 0.0135376
901, 71.70309, 0.0139464
902, 71.96523, 0.0138956
903, 71.5917, 0.0139681
904, 71.75094, 0.0139371
905, 71.06361, 0.0140719
906, 73.44732, 0.0136152
907, 71.38727, 0.0140081
908, 72.34372, 0.0138229
909, 71.56198, 0.0139739
910, 70.70885, 0.0141425
911, 73.81327, 0.0135477
912, 71.31854, 0.0140216
913, 71.15868, 0.0140531
914, 72.51053, 0.0137911
915, 71.59939, 0.0139666
916, 71.52666, 0.0139808
917, 70.93003, 0.0140984
918, 72.90383, 0.0137167
919, 71.9761, 0.0138935
920, 70.87976, 0.0141084
921, 70.90438, 0.0141035
922, 73.46729, 0.0136115
923, 71.65891, 0.013955
924, 71.35212, 0.014015
925, 72.3343, 0.0138247
926, 72.12874, 0.0138641
927, 71.6702, 0.0139528
928, 66.85297, 0.0149582
929, 78.28769, 0.0127734
930, 71.72109, 0.0139429
931, 71.03534, 0.0140775
932, 71.62093, 0.0139624
933, 72.66492, 0.0137618
934, 71.52922, 0.0139803
935, 71.93675, 0.0139011
936, 72.161, 0.0138579
937, 71.57069, 0.0139722
938, 71.38319, 0.0140089
939, 72.2794, 0.0138352
940, 71.9052, 0.0139072
941, 70.5781, 0.0141687
942, 72.9384, 0.0137102
943, 70.80699, 0.0141229
944, 73.12508, 0.0136752
945, 71.76227, 0.0139349
946, 71.3567, 0.0140141
947, 71.45869, 0.0139941
948, 72.11625, 0.0138665
949, 71.92072, 0.0139042
950, 71.77308, 0.0139328
951, 72.10117, 0.0138694
952, 70.3408, 0.0142165
953, 73.57648, 0.0135913
954, 71.02827, 0.0140789
955, 72.6438, 0.0137658
956, 72.10013, 0.0138696
957, 70.34822, 0.014215
958, 72.97565, 0.0137032
959, 71.84992, 0.0139179
960, 72.14227, 0.0138615
961, 71.57581, 0.0139712
962, 71.07825, 0.014069
963, 72.67918, 0.0137591
964, 71.59682, 0.0139671
965, 71.60503, 0.0139655
966, 71.3043, 0.0140244
967, 72.65858, 0.013763
968, 71.79782, 0.013928
969, 71.8525, 0.0139174
970, 71.52922, 0.0139803
971, 70.45528, 0.0141934
972, 73.60735, 0.0135856
973, 71.96937, 0.0138948
974, 69.79926, 0.0143268
975, 71.16627, 0.0140516
976, 71.49036, 0.0139879
977, 73.88144, 0.0135352
978, 70.77742, 0.0141288
979, 70.24889, 0.0142351
980, 71.67739, 0.0139514
981, 66.68311, 0.0149963
982, 77.73753, 0.0128638
983, 71.97247, 0.0138942
984, 71.63067, 0.0139605
985, 71.00507, 0.0140835
986, 72.28254, 0.0138346
987, 72.9384, 0.0137102
988, 72.33796, 0.013824
989, 71.49802, 0.0139864
990, 72.7802, 0.01374
991, 71.89279, 0.0139096
992, 72.14851, 0.0138603
993, 70.61948, 0.0141604
994, 69.4845, 0.0143917
995, 78.22952, 0.0127829
996, 69.08797, 0.0144743
997, 74.15372, 0.0134855
998, 67.1231, 0.014898
999, 72.87302, 0.0137225
1000, 72.33953, 0.0138237
1001, 69.60347, 0.0143671
1002, 61.44393, 0.016275
1003, 73.02202, 0.0136945
1004, 75.7375, 0.0132035
1005, 83.58479, 0.0119639
1006, 70.16017, 0.0142531
1007, 71.78802, 0.0139299
1008, 75.12753, 0.0133107
1009, 69.16873, 0.0144574
1010, 74.10316, 0.0134947
1011, 72.3919, 0.0138137
1012, 64.40353, 0.0155271
1013, 83.95107, 0.0119117
1014, 68.75877, 0.0145436
1015, 71.5011, 0.0139858
1016, 72.34738, 0.0138222
1017, 71.20276, 0.0140444
1018, 75.12865, 0.0133105
1019, 71.98284, 0.0138922
1020, 70.99197, 0.0140861
1021, 72.50265, 0.0137926
1022, 71.68768, 0.0139494
1023, 72.41129, 0.01381
1024, 71.61477, 0.0139636
1025, 71.33787, 0.0140178
1026, 71.9761, 0.0138935
1027, 70.56964, 0.0141704
1028, 73.49644, 0.0136061
1029, 71.85095, 0.0139177
1030, 71.66096, 0.0139546
1031, 71.59682, 0.0139671
1032, 72.42966, 0.0138065
1033, 71.60093, 0.0139663
1034, 71.93882, 0.0139007
1035, 62.86264, 0.0159077
1036, 71.33125, 0.0140191
1037, 84.77306, 0.0117962
1038, 71.18552, 0.0140478
1039, 71.36689, 0.0140121
1040, 68.77106, 0.014541
1041, 65.69007, 0.015223
1042, 83.823, 0.0119299
1043, 72.46377, 0.0138
1044, 72.16465, 0.0138572
1045, 72.17872, 0.0138545
1046, 71.59734, 0.013967
1047, 71.90572, 0.0139071
1048, 72.20216, 0.01385
1049, 71.20529, 0.0140439
1050, 72.1683, 0.0138565
1051, 72.12926, 0.013864
1052, 71.45461, 0.0139949
1053, 70.09968, 0.0142654
1054, 72.37933, 0.0138161
1055, 73.40527, 0.013623
1056, 71.78957, 0.0139296
1057, 71.77205, 0.013933
1058, 70.96124, 0.0140922
1059, 72.17403, 0.0138554
1060, 71.32668, 0.01402
1061, 72.94478, 0.013709
1062, 71.13641, 0.0140575
1063, 71.76278, 0.0139348
1064, 71.17641, 0.0140496
1065, 72.66914, 0.013761
1066, 71.72829, 0.0139415
1067, 71.91606, 0.0139051
1068, 71.9818, 0.0138924
1069, 71.65172, 0.0139564
1070, 71.43214, 0.0139993
1071, 72.44802, 0.013803
1072, 71.89124, 0.0139099
1073, 71.99683, 0.0138895
1074, 71.5062, 0.0139848
1075, 71.42347, 0.014001
1076, 72.69978, 0.0137552
1077, 71.40052, 0.0140055
1078, 71.98388, 0.013892
1079, 72.03417, 0.0138823
1080, 71.28346, 0.0140285
1081, 72.07571, 0.0138743
1082, 70.5816, 0.014168
1083, 72.84701, 0.0137274
1084, 72.25851, 0.0138392
1085, 70.82354, 0.0141196
1086, 71.82308, 0.0139231
1087, 72.73785, 0.013748
1088, 70.87022, 0.0141103
1089, 72.44382, 0.0138038
1090, 71.56813, 0.0139727
1091, 69.95747, 0.0142944
1092, 70.81401, 0.0141215
1093, 75.80639, 0.0131915
1094, 71.10504, 0.0140637
1095, 72.34425, 0.0138228
1096, 71.6923, 0.0139485
1097, 71.19211, 0.0140465
1098, 72.56315, 0.0137811
1099, 72.22198, 0.0138462
1100, 71.44439, 0.0139969
1101, 70.81852, 0.0141206
1102, 72.83905, 0.0137289
1103, 71.87109, 0.0139138
1104, 72.2439, 0.013842
1105, 71.76793, 0.0139338
1106, 71.67893, 0.0139511
1107, 71.86283, 0.0139154
1108, 70.56267, 0.0141718
1109, 73.0914, 0.0136815
1110, 71.07624, 0.0140694
1111, 72.53052, 0.0137873
1112, 71.89848, 0.0139085
1113, 71.21037, 0.0140429
1114, 71.86851, 0.0139143
1115, 70.62446, 0.0141594
1116, 73.27779, 0.0136467
1117, 72.0809, 0.0138733
1118, 71.76948, 0.0139335
1119, 71.0621, 0.0140722
1120, 72.39557, 0.013813
1121, 71.1015, 0.0140644
1122, 71.2982, 0.0140256
1123, 72.56052, 0.0137816
1124, 72.1657, 0.013857
1125, 70.68687, 0.0141469
1126, 73.03428, 0.0136922
1127, 71.36842, 0.0140118
1128, 73.00709, 0.0136973
1129, 71.47043, 0.0139918
1130, 71.10504, 0.0140637
1131, 73.22413, 0.0136567
1132, 71.66045, 0.0139547
1133, 71.58965, 0.0139685
1134, 71.9787, 0.013893
1135, 71.87885, 0.0139123
1136, 70.80949, 0.0141224
1137, 72.65752, 0.0137632
1138, 58.03561, 0.0172308
1139, 61.39263, 0.0162886
1140, 121.8754, 0.0082051
1141, 71.11162, 0.0140624
1142, 72.17767, 0.0138547
1143, 71.45511, 0.0139948
1144, 72.10481, 0.0138687
1145, 71.92589, 0.0139032
1146, 71.1192, 0.0140609
1147, 72.50369, 0.0137924
1148, 69.7107, 0.014345
1149, 74.49567, 0.0134236
1150, 71.36129, 0.0140132
1151, 71.87885, 0.0139123
1152, 71.25349, 0.0140344
1153, 72.54156, 0.0137852
1154, 71.72006, 0.0139431
1155, 71.71594, 0.0139439
1156, 72.15997, 0.0138581
1157, 71.49802, 0.0139864
1158, 71.54253, 0.0139777
1159, 72.74314, 0.013747
1160, 71.53229, 0.0139797
1161, 71.81792, 0.0139241
1162, 71.95694, 0.0138972
1163, 70.67787, 0.0141487
1164, 72.77914, 0.0137402
1165, 71.67226, 0.0139524
1166, 71.79885, 0.0139278
1167, 72.05545, 0.0138782
1168, 70.68536, 0.0141472
1169, 72.46482, 0.0137998
1170, 72.20477, 0.0138495
1171, 72.02431, 0.0138842
1172, 71.77051, 0.0139333
1173, 71.75506, 0.0139363
1174, 70.8406, 0.0141162
1175, 72.10689, 0.0138683
1176, 72.55788, 0.0137821
1177, 71.37045, 0.0140114
1178, 72.25016, 0.0138408
1179, 71.27431, 0.0140303
1180, 72.17976, 0.0138543
1181, 72.14174, 0.0138616
1182, 71.34754, 0.0140159
1183, 72.31338, 0.0138287
1184, 71.9989, 0.0138891
1185, 70.82805, 0.0141187
1186, 72.54788, 0.013784
1187, 71.3674, 0.014012
1188, 72.66333, 0.0137621
1189, 71.81689, 0.0139243
1190, 70.41906, 0.0142007
1191, 73.29552, 0.0136434
1192, 71.73087, 0.013941
1193, 71.85818, 0.0139163
1194, 71.12022, 0.0140607
1195, 72.51474, 0.0137903
1196, 71.12325, 0.0140601
1197, 72.37252, 0.0138174
1198, 71.57325, 0.0139717
1199, 72.12614, 0.0138646
1200, 70.69086, 0.0141461
1201, 72.55946, 0.0137818
1202, 71.49292, 0.0139874
1203, 72.40762, 0.0138107
1204, 71.06512, 0.0140716
1205, 72.2225, 0.0138461
1206, 72.22407, 0.0138458
1207, 71.0727, 0.0140701
1208, 72.76855, 0.0137422
1209, 71.19971, 0.014045
1210, 72.14018, 0.0138619
1211, 72.40081, 0.013812
1212, 71.54253, 0.0139777
1213, 71.97973, 0.0138928
1214, 71.72263, 0.0139426
1215, 71.60657, 0.0139652
1216, 71.99372, 0.0138901
1217, 71.82566, 0.0139226
1218, 71.10504, 0.0140637
1219, 72.44225, 0.0138041
1220, 68.95316, 0.0145026
1221, 75.49107, 0.0132466
1222, 71.32769, 0.0140198
1223, 72.04507, 0.0138802
1224, 72.22563, 0.0138455
1225, 71.14045, 0.0140567
1226, 72.04248, 0.0138807
1227, 71.81019, 0.0139256
1228, 71.70258, 0.0139465
1229, 71.23624, 0.0140378
1230, 72.29926, 0.0138314
1231, 71.31193, 0.0140229
1232, 72.25069, 0.0138407
1233, 71.60503, 0.0139655
1234, 72.18966, 0.0138524
1235, 71.40154, 0.0140053
1236, 72.29769, 0.0138317
1237, 71.80297, 0.013927
1238, 71.7633, 0.0139347
1239, 71.8205, 0.0139236
1240, 69.81242, 0.0143241
1241, 74.66921, 0.0133924
1242, 71.53485, 0.0139792
1243, 71.96316, 0.013896
1244, 71.53587, 0.013979
1245, 71.95953, 0.0138967
1246, 71.67329, 0.0139522
1247, 71.39491, 0.0140066
1248, 69.21421, 0.0144479
1249, 70.26666, 0.0142315
1250, 71.48831, 0.0139883
1251, 72.01809, 0.0138854
1252, 74.78313, 0.013372
1253, 71.86076, 0.0139158
1254, 70.95117, 0.0140942
1255, 72.18079, 0.0138541
1256, 71.86231, 0.0139155
1257, 72.02483, 0.0138841
1258, 70.76289, 0.0141317
1259, 72.53841, 0.0137858
1260, 70.00791, 0.0142841
1261, 73.96888, 0.0135192
1262, 70.80699, 0.0141229
1263, 73.06577, 0.0136863
1264, 72.08247, 0.013873
1265, 71.33075, 0.0140192
1266, 73.34335, 0.0136345
1267, 70.94362, 0.0140957
1268, 74.31795, 0.0134557
1269, 71.2474, 0.0140356
1270, 71.82928, 0.0139219
1271, 40.97487, 0.0244052
1272, 77.36704, 0.0129254
1273, 130.061, 0.0076887
1274, 83.50591, 0.0119752
1275, 70.41856, 0.0142008
1276, 71.87471, 0.0139131
1277, 71.61477, 0.0139636
1278, 51.44483, 0.0194383
1279, 119.9213, 0.0083388
1280, 70.37149, 0.0142103
1281, 71.62246, 0.0139621
1282, 72.22929, 0.0138448
1283, 72.30605, 0.0138301
1284, 68.62617, 0.0145717
1285, 72.25903, 0.0138391
1286, 72.6459, 0.0137654
1287, 72.14903, 0.0138602
1288, 73.87161, 0.013537
1289, 70.75388, 0.0141335
1290, 70.94966, 0.0140945
1291, 73.29605, 0.0136433
1292, 72.16673, 0.0138568
1293, 71.0424, 0.0140761
1294, 67.54292, 0.0148054
1295, 74.6826, 0.01339
1296, 69.02836, 0.0144868
1297, 75.16537, 0.013304
1298, 74.13174, 0.0134895
1299, 69.88853, 0.0143085
1300, 69.15008, 0.0144613
1301, 73.84979, 0.013541
1302, 71.77051, 0.0139333
1303, 68.57487, 0.0145826
1304, 76.45493, 0.0130796
1305, 67.20972, 0.0148788
1306, 73.62794, 0.0135818
1307, 74.2071, 0.0134758
1308, 73.48079, 0.013609
1309, 73.44408, 0.0136158
1310, 71.54509, 0.0139772
1311, 71.53332, 0.0139795
1312, 62.17011, 0.0160849
1313, 68.17144, 0.0146689
1314, 89.09321, 0.0112242
1315, 71.68562, 0.0139498
1316, 71.89538, 0.0139091
1317, 62.16856, 0.0160853
1318, 86.22548, 0.0115975
1319, 70.72286, 0.0141397
1320, 72.44697, 0.0138032
1321, 72.86612, 0.0137238
1322, 71.93054, 0.0139023
1323, 70.08052, 0.0142693
1324, 73.11224, 0.0136776
1325, 71.64555, 0.0139576
1326, 71.62605, 0.0139614
1327, 71.57377, 0.0139716
1328, 72.60793, 0.0137726
1329, 72.24911, 0.013841
1330, 71.33125, 0.0140191
1331, 71.9202, 0.0139043
1332, 70.97333, 0.0140898
1333, 73.03855, 0.0136914
1334, 70.90589, 0.0141032
1335, 72.74526, 0.0137466
1336, 70.05647, 0.0142742
1337, 71.85973, 0.013916
1338, 71.11364, 0.014062
1339, 72.66808, 0.0137612
1340, 74.17022, 0.0134825
1341, 70.67287, 0.0141497
1342, 71.93934, 0.0139006
1343, 70.86971, 0.0141104
1344, 73.30411, 0.0136418
1345, 70.83307, 0.0141177
1346, 71.53793, 0.0139786
1347, 70.22028, 0.0142409
1348, 72.31651, 0.0138281
1349, 73.08179, 0.0136833
1350, 70.19415, 0.0142462
1351, 69.99762, 0.0142862
1352, 72.91021, 0.0137155
1353, 74.72948, 0.0133816
1354, 71.12426, 0.0140599
1355, 73.97544, 0.013518
1356, 71.44949, 0.0139959
1357, 71.19059, 0.0140468
1358, 72.04352, 0.0138805
1359, 71.50417, 0.0139852
1360, 71.36791, 0.0140119
1361, 70.7654, 0.0141312
1362, 73.88744, 0.0135341
1363, 71.65993, 0.0139548
1364, 66.10346, 0.0151278
1365, 64.49158, 0.0155059
1366, 85.03835, 0.0117594
1367, 63.49085, 0.0157503
1368, 80.60486, 0.0124062
1369, 64.57696, 0.0154854
1370, 88.55122, 0.0112929
1371, 67.64481, 0.0147831
1372, 64.5732, 0.0154863
1373, 86.68591, 0.0115359
1374, 71.21949, 0.0140411
1375, 69.90562, 0.014305
1376, 74.69208, 0.0133883
1377, 70.40568, 0.0142034
1378, 72.76431, 0.013743
1379, 67.5411, 0.0148058
1380, 74.89908, 0.0133513
1381, 73.69631, 0.0135692
1382, 71.86179, 0.0139156
1383, 71.20073, 0.0140448
1384, 71.51899, 0.0139823
1385, 72.01706, 0.0138856
1386, 72.40186, 0.0138118
1387, 70.99298, 0.0140859
1388, 71.7067, 0.0139457
1389, 73.0914, 0.0136815
1390, 67.73186, 0.0147641
1391, 76.5351, 0.0130659
1392, 70.68987, 0.0141463
1393, 73.20055, 0.0136611
1394, 70.02948, 0.0142797
1395, 70.46075, 0.0141923
1396, 71.79008, 0.0139295
1397, 68.98312, 0.0144963
1398, 74.44077, 0.0134335
1399, 71.63426, 0.0139598
1400, 68.25845, 0.0146502
1401, 75.61094, 0.0132256
1402, 70.87473, 0.0141094
1403, 71.50928, 0.0139842
1404, 72.5363, 0.0137862
1405, 72.35733, 0.0138203
1406, 71.15868, 0.0140531
1407, 71.10049, 0.0140646
1408, 74.70826, 0.0133854
1409, 72.32645, 0.0138262
1410, 73.08072, 0.0136835
1411, 72.3589, 0.01382
1412, 72.42074, 0.0138082
1413, 70.51938, 0.0141805
1414, 72.73521, 0.0137485
1415, 70.10754, 0.0142638
1416, 61.33841, 0.016303
1417, 73.31862, 0.0136391
1418, 85.84354, 0.0116491
1419, 72.0295, 0.0138832
1420, 71.12578, 0.0140596
1421, 72.93626, 0.0137106
1422, 72.24702, 0.0138414
1423, 62.00436, 0.0161279
1424, 82.4348, 0.0121308
1425, 72.29926, 0.0138314
1426, 72.71669, 0.013752
1427, 70.64192, 0.0141559
1428, 69.41696, 0.0144057
1429, 76.11451, 0.0131381
1430, 71.76896, 0.0139336
1431, 71.46278, 0.0139933
1432, 71.92589, 0.0139032
1433, 70.14935, 0.0142553
1434, 71.62041, 0.0139625
1435, 71.84218, 0.0139194
1436, 72.34425, 0.0138228
1437, 71.76536, 0.0139343
1438, 70.79797, 0.0141247
1439, 72.09441, 0.0138707
1440, 72.55841, 0.013782
1441, 70.56466, 0.0141714
1442, 69.34187, 0.0144213
1443, 75.12019, 0.013312
1444, 72.68498, 0.013758
1445, 70.29235, 0.0142263
1446, 71.42245, 0.0140012
1447, 71.26923, 0.0140313
1448, 74.0878, 0.0134975
1449, 70.98844, 0.0140868
1450, 72.16309, 0.0138575
1451, 70.67338, 0.0141496
1452, 74.41916, 0.0134374
1453, 73.48618, 0.013608
1454, 72.47532, 0.0137978
1455, 71.254, 0.0140343
1456, 71.8267, 0.0139224
1457, 71.89745, 0.0139087
1458, 71.22102, 0.0140408
1459, 71.14298, 0.0140562
1460, 69.78221, 0.0143303
1461, 74.45795, 0.0134304
1462, 70.36159, 0.0142123
1463, 74.58234, 0.013408
1464, 71.53127, 0.0139799
1465, 71.35772, 0.0140139
1466, 64.07463, 0.0156068
1467, 70.32398, 0.0142199
1468, 84.72135, 0.0118034
1469, 70.77291, 0.0141297
1470, 72.31285, 0.0138288
1471, 66.64712, 0.0150044
1472, 76.89941, 0.013004
1473, 64.87988, 0.0154131
1474, 80.69917, 0.0123917
1475, 72.62428, 0.0137695
1476, 72.08558, 0.0138724
1477, 71.39491, 0.0140066
1478, 71.87264, 0.0139135
1479, 70.23212, 0.0142385
1480, 74.55787, 0.0134124
1481, 69.95551, 0.0142948
1482, 72.29089, 0.013833
1483, 70.40369, 0.0142038
1484, 69.956, 0.0142947
1485, 67.15601, 0.0148907
1486, 79.17217, 0.0126307
1487, 70.79696, 0.0141249
1488, 69.50526, 0.0143874
1489, 69.83777, 0.0143189
1490, 74.65137, 0.0133956
1491, 71.75712, 0.0139359
1492, 74.57733, 0.0134089
1493, 71.62811, 0.013961
1494, 72.45904, 0.0138009
1495, 74.26993, 0.0134644
1496, 68.76492, 0.0145423
1497, 75.66815, 0.0132156
1498, 70.77441, 0.0141294
1499, 67.79661, 0.01475
1500, 60.89615, 0.0164214
1501, 79.07826, 0.0126457
1502, 77.94779, 0.0128291
1503, 65.28523, 0.0153174
1504, 82.90981, 0.0120613
1505, 63.7564, 0.0156847
1506, 86.54112, 0.0115552
1507, 70.98592, 0.0140873
1508, 70.49451, 0.0141855
1509, 73.94098, 0.0135243
1510, 69.68884, 0.0143495
1511, 72.94425, 0.0137091
1512, 71.98129, 0.0138925
1513, 73.30626, 0.0136414
1514, 71.14805, 0.0140552
1515, 71.18299, 0.0140483
1516, 72.92244, 0.0137132
1517, 71.62759, 0.0139611
1518, 71.38116, 0.0140093
1519, 72.40238, 0.0138117
1520, 71.60861, 0.0139648
1521, 70.71686, 0.0141409
1522, 71.25603, 0.0140339
1523, 74.05981, 0.0135026
1524, 71.26872, 0.0140314
1525, 67.43542, 0.014829
1526, 63.64927, 0.0157111
1527, 85.11145, 0.0117493
1528, 64.77691, 0.0154376
1529, 84.1149, 0.0118885
1530, 71.14906, 0.014055
1531, 71.03887, 0.0140768
1532, 73.17858, 0.0136652
1533, 71.95539, 0.0138975
1534, 70.8416, 0.014116
1535, 72.72305, 0.0137508
1536, 72.13758, 0.0138624
1537, 71.38727, 0.0140081
1538, 71.91917, 0.0139045
1539, 71.38574, 0.0140084
1540, 72.78444, 0.0137392
1541, 69.21469, 0.0144478
1542, 74.34447, 0.0134509
1543, 72.09338, 0.0138709
1544, 69.51492, 0.0143854
1545, 73.1069, 0.0136786
1546, 72.6111, 0.013772
1547, 72.1584, 0.0138584
1548, 70.43147, 0.0141982
1549, 73.38696, 0.0136264
1550, 71.45103, 0.0139956
1551, 70.53977, 0.0141764
1552, 72.17819, 0.0138546
1553, 73.02948, 0.0136931
1554, 71.86954, 0.0139141
1555, 70.83408, 0.0141175
1556, 73.14861, 0.0136708
1557, 71.58708, 0.013969
1558, 70.37743, 0.0142091
1559, 72.23138, 0.0138444
1560, 72.30449, 0.0138304
1561, 72.161, 0.0138579
1562, 71.1192, 0.0140609
1563, 70.34229, 0.0142162
1564, 73.00549, 0.0136976
1565, 73.46621, 0.0136117
1566, 70.82304, 0.0141197
1567, 72.36466, 0.0138189
1568, 70.26173, 0.0142325
1569, 73.30142, 0.0136423
1570, 70.28642, 0.0142275
1571, 69.11328, 0.014469
1572, 68.39758, 0.0146204
1573, 71.47656, 0.0139906
1574, 67.62194, 0.0147881
1575, 78.99206, 0.0126595
1576, 86.73779, 0.011529
1577, 71.35518, 0.0140144
1578, 71.93727, 0.013901
1579, 71.5016, 0.0139857
1580, 70.64392, 0.0141555
1581, 74.22197, 0.0134731
1582, 71.23116, 0.0140388
1583, 72.4286, 0.0138067
1584, 72.6533, 0.013764
1585, 71.15564, 0.0140537
1586, 74.91534, 0.0133484
1587, 72.36571, 0.0138187
1588, 62.40327, 0.0160248
1589, 67.88866, 0.01473
1590, 88.82573, 0.011258
1591, 72.33169, 0.0138252
1592, 71.2129, 0.0140424
1593, 67.47456, 0.0148204
1594, 76.0815, 0.0131438
1595, 73.47539, 0.01361
1596, 71.76948, 0.0139335
1597, 71.97041, 0.0138946
1598, 71.29007, 0.0140272
1599, 71.62914, 0.0139608
1600, 72.15267, 0.0138595
1601, 70.71535, 0.0141412
1602, 70.60801, 0.0141627
1603, 71.58913, 0.0139686
1604, 71.07371, 0.0140699
1605, 72.11209, 0.0138673
1606, 72.30397, 0.0138305
1607, 72.38037, 0.0138159
1608, 71.1911, 0.0140467
1609, 71.77514, 0.0139324
1610, 71.58555, 0.0139693
1611, 70.82705, 0.0141189
1612, 71.66506, 0.0139538
1613, 72.97619, 0.0137031
1614, 71.70772, 0.0139455
1615, 71.70772, 0.0139455
1616, 71.05856, 0.0140729
1617, 72.82101, 0.0137323
1618, 72.6227, 0.0137698
1619, 71.96419, 0.0138958
1620, 70.33981, 0.0142167
1621, 73.14433, 0.0136716
1622, 71.08836, 0.014067
1623, 72.75267, 0.0137452
1624, 74.29917, 0.0134591
1625, 70.86871, 0.0141106
1626, 70.32794, 0.0142191
1627, 74.0642, 0.0135018
1628, 72.37042, 0.0138178
1629, 71.9958, 0.0138897
1630, 71.74425, 0.0139384
1631, 71.6081, 0.0139649
1632, 72.10221, 0.0138692
1633, 71.79524, 0.0139285
1634, 71.1911, 0.0140467
1635, 72.15528, 0.013859
1636, 71.47452, 0.013991
1637, 59.10864, 0.016918
1638, 59.5905, 0.0167812
1639, 127.0551, 0.0078706
1640, 71.42603, 0.0140005
1641, 71.9352, 0.0139014
1642, 71.47298, 0.0139913
1643, 72.21625, 0.0138473
1644, 71.66455, 0.0139539
1645, 71.47656, 0.0139906
1646, 71.56813, 0.0139727
1647, 71.94296, 0.0138999
1648, 71.89951, 0.0139083
1649, 69.51686, 0.014385
1650, 70.34674, 0.0142153
1651, 71.67329, 0.0139522
1652, 71.00205, 0.0140841
1653, 73.91639, 0.0135288
1654, 71.45869, 0.0139941
1655, 71.38523, 0.0140085
1656, 72.76908, 0.0137421
1657, 71.33024, 0.0140193
1658, 71.17641, 0.0140496
1659, 72.8226, 0.013732
1660, 69.9511, 0.0142957
1661, 73.24451, 0.0136529
1662, 75.90536, 0.0131743
1663, 71.286, 0.014028
1664, 72.3809, 0.0138158
1665, 71.24587, 0.0140359
1666, 72.44959, 0.0138027
1667, 71.9052, 0.0139072
1668, 72.17872, 0.0138545
1669, 69.57925, 0.0143721
1670, 73.01028, 0.0136967
1671, 72.3961, 0.0138129
1672, 72.14955, 0.0138601
1673, 71.96368, 0.0138959
1674, 70.73787, 0.0141367
1675, 72.42546, 0.0138073
1676, 68.33635, 0.0146335
1677, 71.25501, 0.0140341
1678, 71.80349, 0.0139269
1679, 73.36972, 0.0136296
1680, 70.6569, 0.0141529
1681, 71.1101, 0.0140627
1682, 73.32937, 0.0136371
1683, 72.66122, 0.0137625
1684, 71.12224, 0.0140603
1685, 53.90458, 0.0185513
1686, 34.82804, 0.0287125
1687, 31.74029, 0.0315057
1688, 23.09506, 0.0432993
1689, 24.8833, 0.0401876
1690, 55.17455, 0.0181243
1691, 71.50417, 0.0139852
1692, 70.82504, 0.0141193
1693, 73.01455, 0.0136959
1694, 70.44189, 0.0141961
1695, 72.41864, 0.0138086
1696, 73.49753, 0.0136059
1697, 71.59734, 0.013967
1698, 71.57223, 0.0139719
1699, 72.08506, 0.0138725
1700, 72.34372, 0.0138229
1701, 71.75197, 0.0139369
1702, 71.34449, 0.0140165
1703, 72.17142, 0.0138559
1704, 71.81071, 0.0139255
1705, 71.5057, 0.0139849
1706, 71.11971, 0.0140608
1707, 70.75037, 0.0141342
1708, 72.98045, 0.0137023
1709, 73.00762, 0.0136972
1710, 71.28397, 0.0140284
1711, 72.09493, 0.0138706
1712, 72.02016, 0.013885
1713, 71.11617, 0.0140615
1714, 72.29351, 0.0138325
1715, 71.70155, 0.0139467
1716, 71.73653, 0.0139399
1717, 71.10252, 0.0140642
1718, 72.83533, 0.0137296
1719, 71.35619, 0.0140142
1720, 72.49897, 0.0137933
1721, 71.8525, 0.0139174
1722, 71.43877, 0.013998
1723, 72.10637, 0.0138684
1724, 71.68099, 0.0139507
1725, 72.07831, 0.0138738
1726, 71.68407, 0.0139501
1727, 71.38574, 0.0140084
1728, 71.73756, 0.0139397
1729, 71.97662, 0.0138934
1730, 70.87473, 0.0141094
1731, 36.13396, 0.0276748
1732, 72.06792, 0.0138758
1733, 72.25225, 0.0138404
1734, 71.43775, 0.0139982
1735, 71.56454, 0.0139734
1736, 71.76742, 0.0139339
1737, 72.49266, 0.0137945
1738, 70.9557, 0.0140933
1739, 69.91541, 0.014303
1740, 74.17847, 0.013481
1741, 71.16171, 0.0140525
1742, 71.89279, 0.0139096
1743, 73.21234, 0.0136589
1744, 71.13235, 0.0140583
1745, 72.22668, 0.0138453
1746, 71.36994, 0.0140115
1747, 72.11833, 0.0138661
1748, 71.86645, 0.0139147
1749, 71.10201, 0.0140643
1750, 71.31447, 0.0140224
1751, 72.58105, 0.0137777
1752, 72.62006, 0.0137703
1753, 71.33329, 0.0140187
1754, 72.14018, 0.0138619
1755, 71.83701, 0.0139204
1756, 71.83289, 0.0139212
1757, 72.02898, 0.0138833
1758, 71.55533, 0.0139752
1759, 70.46869, 0.0141907
1760, 73.20001, 0.0136612
1761, 71.19059, 0.0140468
1762, 72.22198, 0.0138462
1763, 72.45432, 0.0138018
1764, 71.425, 0.0140007
1765, 71.38472, 0.0140086
1766, 72.59897, 0.0137743
1767, 71.74734, 0.0139378
1768, 70.20894, 0.0142432
1769, 72.09077, 0.0138714
1770, 72.85497, 0.0137259
1771, 70.66189, 0.0141519
1772, 72.55946, 0.0137818
1773, 71.6738, 0.0139521
1774, 73.05669, 0.013688
1775, 71.77926, 0.0139316
1776, 71.64555, 0.0139576
1777, 71.23978, 0.0140371
1778, 72.1532, 0.0138594
1779, 71.94348, 0.0138998
1780, 71.95435, 0.0138977
1781, 71.6317, 0.0139603
1782, 71.32719, 0.0140199
1783, 70.79496, 0.0141253
1784, 73.35412, 0.0136325
1785, 72.52578, 0.0137882
1786, 71.30277, 0.0140247
1787, 71.80916, 0.0139258
1788, 71.35263, 0.0140149
1789, 70.72336, 0.0141396
1790, 73.10904, 0.0136782
1791, 71.3939, 0.0140068
1792, 72.37461, 0.013817
1793, 71.75918, 0.0139355
1794, 70.62945, 0.0141584
1795, 71.96419, 0.0138958
1796, 73.05242, 0.0136888
1797, 72.25903, 0.0138391
1798, 71.7, 0.013947
1799, 72.01134, 0.0138867
1800, 71.69743, 0.0139475
1801, 71.52257, 0.0139816
1802, 72.74049, 0.0137475
1803, 71.4199, 0.0140017
1804, 71.52155, 0.0139818
1805, 71.63221, 0.0139602
1806, 71.69024, 0.0139489
1807, 71.55021, 0.0139762
1808, 72.61214, 0.0137718
1809, 71.75969, 0.0139354
1810, 71.77514, 0.0139324
1811, 71.61221, 0.0139641
1812, 71.80607, 0.0139264
1813, 71.42448, 0.0140008
1814, 72.62112, 0.0137701
1815, 71.67226, 0.0139524
1816, 71.72932, 0.0139413
1817, 71.08281, 0.0140681
1818, 72.88789, 0.0137197
1819, 71.64555, 0.0139576
1820, 72.26164, 0.0138386
1821, 71.02222, 0.0140801
1822, 72.17351, 0.0138555
1823, 71.94452, 0.0138996
1824, 71.61579, 0.0139634
1825, 71.62298, 0.013962
1826, 70.68436, 0.0141474
1827, 73.03642, 0.0136918
1828, 70.89484, 0.0141054
1829, 72.87673, 0.0137218
1830, 71.89176, 0.0139098
1831, 71.48116, 0.0139897
1832, 72.58896, 0.0137762
1833, 71.22761, 0.0140395
1834, 72.11521, 0.0138667
1835, 71.69127, 0.0139487
1836, 72.05026, 0.0138792
1837, 71.02122, 0.0140803
1838, 71.5011, 0.0139858
1839, 72.34267, 0.0138231
1840, 72.81624, 0.0137332
1841, 71.87264, 0.0139135
1842, 70.80197, 0.0141239
1843, 72.65488, 0.0137637
1844, 70.88177, 0.014108
1845, 72.34843, 0.013822
1846, 71.34194, 0.014017
1847, 72.41602, 0.0138091
1848, 72.04404, 0.0138804
1849, 70.7719, 0.0141299
1850, 70.56914, 0.0141705
1851, 73.31701, 0.0136394
1852, 72.63694, 0.0137671
1853, 71.99476, 0.0138899
1854, 71.47043, 0.0139918
1855, 72.26896, 0.0138372
1856, 71.2337, 0.0140383
1857, 72.15424, 0.0138592
1858, 71.45205, 0.0139954
1859, 72.36152, 0.0138195
1860, 70.89283, 0.0141058
1861, 71.95953, 0.0138967
1862, 71.94555, 0.0138994
1863, 72.70612, 0.013754
1864, 71.52053, 0.013982
1865, 71.71492, 0.0139441
1866, 71.76072, 0.0139352
1867, 72.10949, 0.0138678
1868, 71.35925, 0.0140136
1869, 71.9083, 0.0139066
1870, 72.16986, 0.0138562
1871, 71.718, 0.0139435
1872, 70.13705, 0.0142578
1873, 73.00175, 0.0136983
1874, 72.22511, 0.0138456
1875, 71.9083, 0.0139066
1876, 71.55943, 0.0139744
1877, 71.31905, 0.0140215
1878, 72.90809, 0.0137159
1879, 71.62811, 0.013961
1880, 71.2058, 0.0140438
1881, 72.3411, 0.0138234
1882, 70.95016, 0.0140944
1883, 71.0626, 0.0140721
1884, 73.11919, 0.0136763
1885, 72.70876, 0.0137535
1886, 71.72417, 0.0139423
1887, 71.77772, 0.0139319
1888, 71.77721, 0.013932
1889, 71.80349, 0.0139269
1890, 71.61324, 0.0139639
1891, 72.07727, 0.013874
1892, 70.48309, 0.0141878
1893, 73.11064, 0.0136779
1894, 69.87632, 0.014311
1895, 73.39503, 0.0136249
1896, 72.41025, 0.0138102
1897, 71.44184, 0.0139974
1898, 71.81689, 0.0139243
1899, 72.23085, 0.0138445
1900, 71.65069, 0.0139566
1901, 71.5415, 0.0139779
1902, 71.5876, 0.0139689
1903, 72.69238, 0.0137566
1904, 71.26416, 0.0140323
1905, 70.97585, 0.0140893
1906, 72.96554, 0.0137051
1907, 70.3804, 0.0142085
1908, 73.26598, 0.0136489
1909, 71.64299, 0.0139581
1910, 71.02979, 0.0140786
1911, 72.91021, 0.0137155
1912, 71.99424, 0.01389
1913, 71.42551, 0.0140006
1914, 70.35961, 0.0142127
1915, 72.59001, 0.013776
1916, 70.57462, 0.0141694
1917, 74.64191, 0.0133973
1918, 71.92175, 0.013904
1919, 71.48474, 0.013989
1920, 71.93675, 0.0139011
1921, 71.14703, 0.0140554
1922, 72.18027, 0.0138542
1923, 72.13706, 0.0138625
1924, 71.64915, 0.0139569
1925, 71.22102, 0.0140408
1926, 69.64952, 0.0143576
1927, 70.36357, 0.0142119
1928, 73.59055, 0.0135887
1929, 72.04507, 0.0138802
1930, 71.70772, 0.0139455
1931, 73.60572, 0.0135859
1932, 69.54103, 0.01438
1933, 69.67476, 0.0143524
1934, 73.36703, 0.0136301
1935, 69.4054, 0.0144081
1936, 29.26313, 0.0341727
1937, 37.08222, 0.0269671
1938, 38.89356, 0.0257112
1939, 102.7454, 0.0097328
1940, 70.69286, 0.0141457
1941, 71.5062, 0.0139848
1942, 72.00616, 0.0138877
1943, 71.27431, 0.0140303
1944, 72.27157, 0.0138367
1945, 68.54573, 0.0145888
1946, 74.0165, 0.0135105
1947, 29.13719, 0.0343204
1948, 38.41662, 0.0260304
1949, 116.6086, 0.0085757
1950, 69.85972, 0.0143144
1951, 72.1683, 0.0138565
1952, 71.35518, 0.0140144
1953, 72.02691, 0.0138837
1954, 70.39478, 0.0142056
1955, 75.5173, 0.013242
1956, 70.46124, 0.0141922
1957, 68.72758, 0.0145502
1958, 71.25654, 0.0140338
1959, 73.69523, 0.0135694
1960, 72.77861, 0.0137403
1961, 72.65488, 0.0137637
1962, 71.88504, 0.0139111
1963, 70.93758, 0.0140969
1964, 71.74013, 0.0139392
1965, 74.6826, 0.01339
1966, 72.61795, 0.0137707
1967, 71.95953, 0.0138967
1968, 71.48831, 0.0139883
1969, 66.25895, 0.0150923
1970, 77.0511, 0.0129784
1971, 70.67887, 0.0141485
1972, 71.36994, 0.0140115
1973, 71.7463, 0.013938
1974, 72.97513, 0.0137033
1975, 71.43827, 0.0139981
1976, 71.66763, 0.0139533
1977, 71.4592, 0.013994
1978, 71.90985, 0.0139063
1979, 70.53181, 0.014178
1980, 72.22563, 0.0138455
1981, 75.38579, 0.0132651
1982, 72.17455, 0.0138553
1983, 72.30449, 0.0138304
1984, 71.58504, 0.0139694
1985, 72.02068, 0.0138849
1986, 71.59631, 0.0139672
1987, 71.72726, 0.0139417
1988, 71.24283, 0.0140365
1989, 72.47795, 0.0137973
1990, 71.91606, 0.0139051
1991, 70.98038, 0.0140884
1992, 71.75197, 0.0139369
1993, 69.4565, 0.0143975
1994, 74.66866, 0.0133925
1995, 68.59275, 0.0145788
1996, 64.04509, 0.015614
1997, 76.8232, 0.0130169
1998, 79.7989, 0.0125315
1999, 72.479, 0.0137971
2000, 72.0648, 0.0138764
2001, 71.42653, 0.0140004
2002, 70.56914, 0.0141705
2003, 73.26652, 0.0136488
2004, 71.65223, 0.0139563
2005, 72.54314, 0.0137849
2006, 71.37199, 0.0140111
2007, 71.91917, 0.0139045
2008, 70.52882, 0.0141786
2009, 72.94478, 0.013709
2010, 49.28804, 0.0202889
2011, 72.32436, 0.0138266
2012, 114.0979, 0.0087644
2013, 76.63422, 0.013049
2014, 71.52615, 0.0139809
2015, 72.6132, 0.0137716
2016, 23.92528, 0.0417968
