Frame, FPS, Frame Time
1, 50, 0.02
2, 50, 0.02
3, 3, 0.3333333
4, 5.537813, 0.1805767
5, 113.6493, 0.008799
6, 98.05844, 0.010198
7, 73.55537, 0.0135952
8, 71.624, 0.0139618
9, 71.08785, 0.0140671
10, 72.17351, 0.0138555
11, 71.09797, 0.0140651
12, 72.5463, 0.0137843
13, 72.94585, 0.0137088
14, 71.03837, 0.0140769
15, 72.70771, 0.0137537
16, 70.27505, 0.0142298
17, 73.08232, 0.0136832
18, 71.69949, 0.0139471
19, 72.34634, 0.0138224
20, 70.60651, 0.014163
21, 18.02867, 0.0554672
22, 71.49292, 0.0139874
23, 71.89538, 0.0139091
24, 71.82618, 0.0139225
25, 71.93882, 0.0139007
26, 71.96989, 0.0138947
27, 71.80142, 0.0139273
28, 71.9409, 0.0139003
29, 71.05149, 0.0140743
30, 72.35629, 0.0138205
31, 72.12769, 0.0138643
32, 71.40766, 0.0140041
33, 71.9559, 0.0138974
34, 71.70721, 0.0139456
35, 71.60144, 0.0139662
36, 72.38456, 0.0138151
37, 71.43367, 0.013999
38, 71.93417, 0.0139016
39, 71.32311, 0.0140207
40, 72.63747, 0.013767
41, 71.25857, 0.0140334
42, 72.32959, 0.0138256
43, 71.59273, 0.0139679
44, 71.72675, 0.0139418
45, 72.22563, 0.0138455
46, 3.682299, 0.2715695
47, 38.56939, 0.0259273
48, 24.32214, 0.0411148
49, 73.34389, 0.0136344
50, 74.2038, 0.0134764
51, 68.32281, 0.0146364
52, 67.2952, 0.0148599
53, 70.47763, 0.0141889
54, 70.35614, 0.0142134
55, 70.50793, 0.0141828
56, 69.78854, 0.014329
57, 35.50405, 0.0281658
58, 68.94982, 0.0145033
59, 71.11566, 0.0140616
60, 71.06815, 0.014071
61, 69.32841, 0.0144241
62, 72.7569, 0.0137444
63, 71.61682, 0.0139632
64, 70.55022, 0.0141743
65, 72.75055, 0.0137456
66, 71.9233, 0.0139037
67, 71.254, 0.0140343
68, 71.43827, 0.0139981
69, 59.05, 0.0169348
70, 14.67888, 0.0681251
71, 79.51401, 0.0125764
72, 62.55904, 0.0159849
73, 73.47809, 0.0136095
74, 80.58862, 0.0124087
75, 72.12093, 0.0138656
76, 72.17611, 0.013855
77, 71.58862, 0.0139687
78, 71.02424, 0.0140797
79, 71.6851, 0.0139499
80, 72.32541, 0.0138264
81, 71.9083, 0.0139066
82, 71.04392, 0.0140758
83, 72.32907, 0.0138257
84, 71.60554, 0.0139654
85, 71.14957, 0.0140549
86, 72.16361, 0.0138574
87, 70.95721, 0.014093
88, 72.45222, 0.0138022
89, 71.49138, 0.0139877
90, 70.6125, 0.0141618
91, 72.66492, 0.0137618
92, 72.13706, 0.0138625
93, 71.76484, 0.0139344
94, 71.71286, 0.0139445
95, 70.71036, 0.0141422
96, 72.51263, 0.0137907
97, 72.10637, 0.0138684
98, 71.62656, 0.0139613
99, 72.14018, 0.0138619
100, 71.55635, 0.013975
101, 71.67945, 0.013951
102, 71.99165, 0.0138905
103, 70.69536, 0.0141452
104, 72.88948, 0.0137194
105, 71.76381, 0.0139346
106, 71.44337, 0.0139971
107, 72.33273, 0.013825
108, 70.93809, 0.0140968
109, 71.71338, 0.0139444
110, 71.36842, 0.0140118
111, 72.70242, 0.0137547
112, 72.00409, 0.0138881
113, 71.77926, 0.0139316
114, 71.59068, 0.0139683
115, 70.38784, 0.014207
116, 73.63174, 0.0135811
117, 71.0071, 0.0140831
118, 72.25799, 0.0138393
119, 72.01601, 0.0138858
120, 71.77412, 0.0139326
121, 71.49649, 0.0139867
122, 71.73138, 0.0139409
123, 71.85508, 0.0139169
124, 72.25016, 0.0138408
125, 70.85516, 0.0141133
126, 71.88814, 0.0139105
127, 71.98129, 0.0138925
128, 72.28306, 0.0138345
129, 71.9321, 0.013902
130, 71.42448, 0.0140008
131, 71.78184, 0.0139311
132, 71.15513, 0.0140538
133, 70.96426, 0.0140916
134, 73.60626, 0.0135858
135, 71.69076, 0.0139488
136, 71.87781, 0.0139125
137, 71.35162, 0.0140151
138, 72.25956, 0.013839
139, 71.11819, 0.0140611
140, 72.6797, 0.013759
141, 71.35823, 0.0140138
142, 71.78082, 0.0139313
143, 71.91296, 0.0139057
144, 71.32006, 0.0140213
145, 71.4781, 0.0139903
146, 72.43595, 0.0138053
147, 72.11469, 0.0138668
148, 71.36994, 0.0140115
149, 71.86696, 0.0139146
150, 71.89899, 0.0139084
151, 71.101, 0.0140645
152, 72.37671, 0.0138166
153, 71.6625, 0.0139543
154, 71.34042, 0.0140173
155, 71.64915, 0.0139569
156, 72.51526, 0.0137902
157, 71.70052, 0.0139469
158, 72.0835, 0.0138728
159, 71.57684, 0.013971
160, 71.81174, 0.0139253
161, 72.04663, 0.0138799
162, 71.2134, 0.0140423
163, 71.93779, 0.0139009
164, 72.00824, 0.0138873
165, 72.17299, 0.0138556
166, 70.79095, 0.0141261
167, 72.03054, 0.013883
168, 72.37304, 0.0138173
169, 71.68048, 0.0139508
170, 71.78596, 0.0139303
171, 71.91399, 0.0139055
172, 72.28671, 0.0138338
173, 71.07624, 0.0140694
174, 71.52309, 0.0139815
175, 68.62806, 0.0145713
176, 75.60979, 0.0132258
177, 71.87109, 0.0139138
178, 72.47952, 0.013797
179, 71.24232, 0.0140366
180, 72.49055, 0.0137949
181, 70.6559, 0.0141531
182, 72.40291, 0.0138116
183, 57.39507, 0.0174231
184, 78.0366, 0.0128145
185, 76.37202, 0.0130938
186, 71.91244, 0.0139058
187, 73.36219, 0.013631
188, 74.13613, 0.0134887
189, 70.89182, 0.014106
190, 74.19278, 0.0134784
191, 71.78905, 0.0139297
192, 73.23164, 0.0136553
193, 72.07831, 0.0138738
194, 72.34372, 0.0138229
195, 72.42074, 0.0138082
196, 72.02068, 0.0138849
197, 71.66301, 0.0139542
198, 71.96523, 0.0138956
199, 70.44833, 0.0141948
200, 72.60688, 0.0137728
201, 73.36488, 0.0136305
202, 70.74137, 0.014136
203, 72.40395, 0.0138114
204, 71.75918, 0.0139355
205, 70.46323, 0.0141918
206, 72.52578, 0.0137882
207, 72.98418, 0.0137016
208, 72.14955, 0.0138601
209, 71.72829, 0.0139415
210, 70.69636, 0.014145
211, 73.09888, 0.0136801
212, 70.84913, 0.0141145
213, 72.27104, 0.0138368
214, 71.43571, 0.0139986
215, 72.52789, 0.0137878
216, 71.66609, 0.0139536
217, 71.60195, 0.0139661
218, 70.7664, 0.014131
219, 72.71141, 0.013753
220, 71.77824, 0.0139318
221, 72.35104, 0.0138215
222, 71.81483, 0.0139247
223, 71.73653, 0.0139399
224, 71.50826, 0.0139844
225, 71.10707, 0.0140633
226, 72.52, 0.0137893
227, 72.15632, 0.0138588
228, 71.7252, 0.0139421
229, 71.52001, 0.0139821
230, 70.38189, 0.0142082
231, 72.31233, 0.0138289
232, 72.4748, 0.0137979
233, 72.50685, 0.0137918
234, 70.98038, 0.0140884
235, 71.63888, 0.0139589
236, 71.72726, 0.0139417
237, 72.37356, 0.0138172
238, 71.32261, 0.0140208
239, 72.65752, 0.0137632
240, 70.84863, 0.0141146
241, 72.33064, 0.0138254
242, 71.31905, 0.0140215
243, 71.5057, 0.0139849
244, 72.19226, 0.0138519
245, 72.02535, 0.013884
246, 70.91092, 0.0141022
247, 72.22563, 0.0138455
248, 70.28394, 0.014228
249, 73.98748, 0.0135158
250, 71.80246, 0.0139271
251, 71.98232, 0.0138923
252, 71.46175, 0.0139935
253, 71.55533, 0.0139752
254, 70.34575, 0.0142155
255, 73.10796, 0.0136784
256, 72.12041, 0.0138657
257, 71.57735, 0.0139709
258, 71.30634, 0.014024
259, 72.49792, 0.0137935
260, 70.45329, 0.0141938
261, 72.66122, 0.0137625
262, 71.80297, 0.013927
263, 72.0887, 0.0138718
264, 71.03282, 0.014078
265, 72.62058, 0.0137702
266, 71.34398, 0.0140166
267, 72.52736, 0.0137879
268, 70.9955, 0.0140854
269, 71.86748, 0.0139145
270, 71.69795, 0.0139474
271, 71.46226, 0.0139934
272, 70.90539, 0.0141033
273, 73.19465, 0.0136622
274, 69.10181, 0.0144714
275, 74.19829, 0.0134774
276, 71.53793, 0.0139786
277, 72.94904, 0.0137082
278, 71.74734, 0.0139378
279, 71.30176, 0.0140249
280, 71.94038, 0.0139004
281, 72.31233, 0.0138289
282, 70.88729, 0.0141069
283, 72.67495, 0.0137599
284, 71.18907, 0.0140471
285, 71.2337, 0.0140383
286, 71.63991, 0.0139587
287, 72.84647, 0.0137275
288, 71.85612, 0.0139167
289, 71.72006, 0.0139431
290, 71.46379, 0.0139931
291, 71.08836, 0.014067
292, 72.51894, 0.0137895
293, 72.18705, 0.0138529
294, 70.90438, 0.0141035
295, 72.22198, 0.0138462
296, 71.08887, 0.0140669
297, 72.54683, 0.0137842
298, 71.28295, 0.0140286
299, 72.06999, 0.0138754
300, 71.74167, 0.0139389
301, 72.21833, 0.0138469
302, 71.07523, 0.0140696
303, 72.48793, 0.0137954
304, 71.373, 0.0140109
305, 72.1657, 0.013857
306, 71.36333, 0.0140128
307, 72.53789, 0.0137859
308, 71.04543, 0.0140755
309, 71.45205, 0.0139954
310, 72.30711, 0.0138299
311, 72.19122, 0.0138521
312, 71.28905, 0.0140274
313, 71.91761, 0.0139048
314, 71.50314, 0.0139854
315, 72.6908, 0.0137569
316, 71.71697, 0.0139437
317, 71.56813, 0.0139727
318, 69.32313, 0.0144252
319, 71.46226, 0.0139934
320, 75.52471, 0.0132407
321, 71.47963, 0.01399
322, 72.30762, 0.0138298
323, 71.26009, 0.0140331
324, 71.60297, 0.0139659
325, 71.92537, 0.0139033
326, 71.64658, 0.0139574
327, 71.68099, 0.0139507
328, 71.13641, 0.0140575
329, 72.22563, 0.0138455
330, 72.40868, 0.0138105
331, 72.10793, 0.0138681
332, 71.67637, 0.0139516
333, 71.62554, 0.0139615
334, 72.14695, 0.0138606
335, 71.15057, 0.0140547
336, 72.41287, 0.0138097
337, 71.44439, 0.0139969
338, 71.58504, 0.0139694
339, 71.99217, 0.0138904
340, 71.03333, 0.0140779
341, 72.58738, 0.0137765
342, 72.186, 0.0138531
343, 71.64248, 0.0139582
344, 71.50365, 0.0139853
345, 71.88763, 0.0139106
346, 71.80091, 0.0139274
347, 70.90187, 0.014104
348, 72.68604, 0.0137578
349, 71.49649, 0.0139867
350, 72.42441, 0.0138075
351, 71.0313, 0.0140783
352, 72.74896, 0.0137459
353, 72.34425, 0.0138228
354, 71.19668, 0.0140456
355, 71.70464, 0.0139461
356, 71.97196, 0.0138943
357, 71.03584, 0.0140774
358, 72.27574, 0.0138359
359, 71.72212, 0.0139427
360, 71.94865, 0.0138988
361, 71.99994, 0.0138889
362, 71.91658, 0.013905
363, 70.52933, 0.0141785
364, 72.63219, 0.013768
365, 72.29507, 0.0138322
366, 71.72366, 0.0139424
367, 72.18913, 0.0138525
368, 71.5195, 0.0139822
369, 71.51797, 0.0139825
370, 72.64169, 0.0137662
371, 71.91968, 0.0139044
372, 71.40816, 0.014004
373, 71.95953, 0.0138967
374, 70.67987, 0.0141483
375, 72.50212, 0.0137927
376, 72.71352, 0.0137526
377, 71.63426, 0.0139598
378, 71.08179, 0.0140683
379, 72.27731, 0.0138356
380, 71.36842, 0.0140118
381, 72.10741, 0.0138682
382, 71.80142, 0.0139273
383, 71.84888, 0.0139181
384, 72.16153, 0.0138578
385, 71.72315, 0.0139425
386, 71.56454, 0.0139734
387, 71.92899, 0.0139026
388, 72.46324, 0.0138001
389, 71.40103, 0.0140054
390, 71.75042, 0.0139372
391, 71.42142, 0.0140014
392, 72.29769, 0.0138317
393, 70.22472, 0.01424
394, 73.13631, 0.0136731
395, 72.07156, 0.0138751
396, 71.68613, 0.0139497
397, 70.28394, 0.014228
398, 73.6339, 0.0135807
399, 71.36078, 0.0140133
400, 71.8587, 0.0139162
401, 72.32803, 0.0138259
402, 71.51183, 0.0139837
403, 71.14197, 0.0140564
404, 72.85974, 0.013725
405, 71.34958, 0.0140155
406, 71.45971, 0.0139939
407, 72.63166, 0.0137681
408, 71.03635, 0.0140773
409, 72.52052, 0.0137892
410, 71.35925, 0.0140136
411, 71.78802, 0.0139299
412, 70.96678, 0.0140911
413, 73.64367, 0.0135789
414, 70.11787, 0.0142617
415, 73.87816, 0.0135358
416, 70.61648, 0.014161
417, 72.0674, 0.0138759
418, 72.22511, 0.0138456
419, 71.57325, 0.0139717
420, 71.20073, 0.0140448
421, 70.60102, 0.0141641
422, 73.97161, 0.0135187
423, 70.95822, 0.0140928
424, 72.21312, 0.0138479
425, 72.46849, 0.0137991
426, 72.21572, 0.0138474
427, 72.20529, 0.0138494
428, 71.07169, 0.0140703
429, 72.16778, 0.0138566
430, 71.49701, 0.0139866
431, 71.91554, 0.0139052
432, 71.99528, 0.0138898
433, 71.75506, 0.0139363
434, 71.13741, 0.0140573
435, 71.72315, 0.0139425
436, 72.69238, 0.0137566
437, 71.89951, 0.0139083
438, 71.32616, 0.0140201
439, 71.35569, 0.0140143
440, 72.26843, 0.0138373
441, 72.14539, 0.0138609
442, 71.57478, 0.0139714
443, 72.20895, 0.0138487
444, 71.03484, 0.0140776
445, 71.3455, 0.0140163
446, 72.99377, 0.0136998
447, 68.40039, 0.0146198
448, 74.94286, 0.0133435
449, 71.65582, 0.0139556
450, 72.42966, 0.0138065
451, 71.05856, 0.0140729
452, 72.72198, 0.013751
453, 71.84888, 0.0139181
454, 70.13902, 0.0142574
455, 72.6834, 0.0137583
456, 68.60593, 0.014576
457, 73.77732, 0.0135543
458, 73.73815, 0.0135615
459, 72.51421, 0.0137904
460, 71.96833, 0.013895
461, 72.13758, 0.0138624
462, 71.624, 0.0139618
463, 72.0212, 0.0138848
464, 71.42448, 0.0140008
465, 71.45052, 0.0139957
466, 71.87936, 0.0139122
467, 71.87729, 0.0139126
468, 72.79292, 0.0137376
469, 70.43494, 0.0141975
470, 71.97041, 0.0138946
471, 72.98205, 0.013702
472, 70.52982, 0.0141784
473, 73.36004, 0.0136314
474, 71.93675, 0.0139011
475, 71.11263, 0.0140622
476, 71.87988, 0.0139121
477, 71.59375, 0.0139677
478, 70.94412, 0.0140956
479, 73.27188, 0.0136478
480, 71.58247, 0.0139699
481, 71.7067, 0.0139457
482, 71.34296, 0.0140168
483, 72.32697, 0.0138261
484, 70.59455, 0.0141654
485, 72.98151, 0.0137021
486, 72.03677, 0.0138818
487, 72.11885, 0.013866
488, 71.44643, 0.0139965
489, 71.4199, 0.0140017
490, 71.74734, 0.0139378
491, 72.8364, 0.0137294
492, 71.75454, 0.0139364
493, 35.31335, 0.0283179
494, 70.87624, 0.0141091
495, 74.00555, 0.0135125
496, 72.98418, 0.0137016
497, 66.09211, 0.0151304
498, 76.06124, 0.0131473
499, 70.17839, 0.0142494
500, 65.01274, 0.0153816
501, 73.05029, 0.0136892
502, 84.91992, 0.0117758
503, 71.79678, 0.0139282
504, 71.22152, 0.0140407
505, 65.2895, 0.0153164
506, 79.51275, 0.0125766
507, 70.76891, 0.0141305
508, 73.34121, 0.0136349
509, 71.71852, 0.0139434
510, 70.48856, 0.0141867
511, 73.34712, 0.0136338
512, 71.53946, 0.0139783
513, 71.4735, 0.0139912
514, 72.71511, 0.0137523
515, 71.17336, 0.0140502
516, 72.186, 0.0138531
517, 71.03887, 0.0140768
518, 72.81518, 0.0137334
519, 70.4394, 0.0141966
520, 73.01349, 0.0136961
521, 71.85973, 0.013916
522, 71.30328, 0.0140246
523, 72.34058, 0.0138235
524, 71.78699, 0.0139301
525, 71.02222, 0.0140801
526, 72.39452, 0.0138132
527, 71.72726, 0.0139417
528, 72.02328, 0.0138844
529, 71.30684, 0.0140239
530, 72.39504, 0.0138131
531, 71.52769, 0.0139806
532, 72.2319, 0.0138443
533, 71.41378, 0.0140029
534, 72.10897, 0.0138679
535, 71.78339, 0.0139308
536, 71.8138, 0.0139249
537, 71.55379, 0.0139755
538, 71.83701, 0.0139204
539, 71.44235, 0.0139973
540, 71.91554, 0.0139052
541, 72.04819, 0.0138796
542, 72.35576, 0.0138206
543, 71.00256, 0.014084
544, 72.38456, 0.0138151
545, 71.52922, 0.0139803
546, 71.86386, 0.0139152
547, 71.98595, 0.0138916
548, 71.50263, 0.0139855
549, 71.52718, 0.0139807
550, 72.19226, 0.0138519
551, 72.23555, 0.0138436
552, 66.15769, 0.0151154
553, 79.29585, 0.012611
554, 69.96236, 0.0142934
555, 63.17479, 0.0158291
556, 72.8295, 0.0137307
557, 84.02937, 0.0119006
558, 72.35995, 0.0138198
559, 71.33939, 0.0140175
560, 72.02535, 0.013884
561, 71.17286, 0.0140503
562, 58.60634, 0.017063
563, 69.87925, 0.0143104
564, 82.57433, 0.0121103
565, 61.86013, 0.0161655
566, 91.70274, 0.0109048
567, 72.43123, 0.0138062
568, 73.01988, 0.0136949
569, 72.55209, 0.0137832
570, 72.37356, 0.0138172
571, 72.56104, 0.0137815
572, 72.51685, 0.0137899
573, 70.95419, 0.0140936
574, 73.59381, 0.0135881
575, 71.7319, 0.0139408
576, 72.45799, 0.0138011
577, 72.11729, 0.0138663
578, 71.71389, 0.0139443
579, 71.24232, 0.0140366
580, 73.26222, 0.0136496
581, 71.41582, 0.0140025
582, 71.88142, 0.0139118
583, 70.42651, 0.0141992
584, 74.06475, 0.0135017
585, 71.45613, 0.0139946
586, 72.0015, 0.0138886
587, 71.86851, 0.0139143
588, 71.48933, 0.0139881
589, 72.22459, 0.0138457
590, 71.44389, 0.013997
591, 72.10949, 0.0138678
592, 71.79111, 0.0139293
593, 71.34042, 0.0140173
594, 72.03884, 0.0138814
595, 72.28201, 0.0138347
596, 71.53793, 0.0139786
597, 71.46839, 0.0139922
598, 72.33744, 0.0138241
599, 71.56301, 0.0139737
600, 71.75352, 0.0139366
601, 72.02847, 0.0138834
602, 71.86179, 0.0139156
603, 71.60913, 0.0139647
604, 71.55431, 0.0139754
605, 72.19174, 0.013852
606, 72.04507, 0.0138802
607, 71.58043, 0.0139703
608, 71.804, 0.0139268
609, 70.84962, 0.0141144
610, 72.59528, 0.013775
611, 71.83134, 0.0139215
612, 71.53281, 0.0139796
613, 72.06065, 0.0138772
614, 71.30176, 0.0140249
615, 72.47322, 0.0137982
616, 71.89745, 0.0139087
617, 71.71338, 0.0139444
618, 71.92899, 0.0139026
619, 71.67175, 0.0139525
620, 71.87988, 0.0139121
621, 70.71585, 0.0141411
622, 73.07324, 0.0136849
623, 71.66558, 0.0139537
624, 70.17249, 0.0142506
625, 73.54456, 0.0135972
626, 71.81741, 0.0139242
627, 71.64864, 0.013957
628, 72.00928, 0.0138871
629, 71.44439, 0.0139969
630, 71.32566, 0.0140202
631, 72.63219, 0.013768
632, 71.54765, 0.0139767
633, 72.07623, 0.0138742
634, 71.14501, 0.0140558
635, 71.9989, 0.0138891
636, 71.38116, 0.0140093
637, 72.42126, 0.0138081
638, 71.97662, 0.0138934
639, 71.03938, 0.0140767
640, 69.26887, 0.0144365
641, 75.84549, 0.0131847
642, 71.10403, 0.0140639
643, 70.56018, 0.0141723
644, 73.20483, 0.0136603
645, 72.00979, 0.013887
646, 72.30711, 0.0138299
647, 71.52615, 0.0139809
648, 71.59785, 0.0139669
649, 72.25642, 0.0138396
650, 71.20377, 0.0140442
651, 71.9932, 0.0138902
652, 71.68099, 0.0139507
653, 72.22824, 0.013845
654, 70.73337, 0.0141376
655, 72.0991, 0.0138698
656, 72.51842, 0.0137896
657, 72.18132, 0.013854
658, 71.00861, 0.0140828
659, 72.79292, 0.0137376
660, 71.81947, 0.0139238
661, 71.51848, 0.0139824
662, 71.64145, 0.0139584
663, 72.03728, 0.0138817
664, 70.18233, 0.0142486
665, 72.96021, 0.0137061
666, 72.22824, 0.013845
667, 72.10326, 0.013869
668, 71.57427, 0.0139715
669, 71.5062, 0.0139848
670, 71.30176, 0.0140249
671, 72.52367, 0.0137886
672, 71.96368, 0.0138959
673, 71.27888, 0.0140294
674, 71.59273, 0.0139679
675, 72.72886, 0.0137497
676, 70.43593, 0.0141973
677, 72.59423, 0.0137752
678, 72.40029, 0.0138121
679, 71.48065, 0.0139898
680, 72.40395, 0.0138114
681, 71.43061, 0.0139996
682, 70.63294, 0.0141577
683, 72.75055, 0.0137456
684, 71.98854, 0.0138911
685, 71.28752, 0.0140277
686, 72.46902, 0.013799
687, 71.31294, 0.0140227
688, 71.17539, 0.0140498
689, 72.5079, 0.0137916
690, 71.89382, 0.0139094
691, 72.26582, 0.0138378
692, 71.40664, 0.0140043
693, 71.93779, 0.0139009
694, 71.05149, 0.0140743
695, 72.64011, 0.0137665
696, 71.17843, 0.0140492
697, 72.36518, 0.0138188
698, 71.70567, 0.0139459
699, 72.19591, 0.0138512
700, 71.37861, 0.0140098
701, 71.8959, 0.013909
702, 72.07363, 0.0138747
703, 71.7973, 0.0139281
704, 71.64658, 0.0139574
705, 71.91296, 0.0139057
706, 71.59221, 0.013968
707, 72.10585, 0.0138685
708, 71.80968, 0.0139257
709, 71.00003, 0.0140845
710, 72.85656, 0.0137256
711, 71.90417, 0.0139074
712, 71.21645, 0.0140417
713, 71.49393, 0.0139872
714, 72.70665, 0.0137539
715, 71.42142, 0.0140014
716, 72.06636, 0.0138761
717, 71.69743, 0.0139475
718, 70.78193, 0.0141279
719, 72.58843, 0.0137763
720, 72.13498, 0.0138629
721, 71.718, 0.0139435
722, 71.81071, 0.0139255
723, 72.09753, 0.0138701
724, 71.01264, 0.014082
725, 72.27836, 0.0138354
726, 71.86128, 0.0139157
727, 72.10741, 0.0138682
728, 71.79885, 0.0139278
729, 70.75238, 0.0141338
730, 72.60846, 0.0137725
731, 71.8494, 0.013918
732, 72.05441, 0.0138784
733, 71.05149, 0.0140743
734, 72.4412, 0.0138043
735, 71.64915, 0.0139569
736, 72.19018, 0.0138523
737, 71.77875, 0.0139317
738, 72.07051, 0.0138753
739, 71.20073, 0.0140448
740, 72.11209, 0.0138673
741, 71.0071, 0.0140831
742, 72.54051, 0.0137854
743, 71.84269, 0.0139193
744, 71.75454, 0.0139364
745, 71.54662, 0.0139769
746, 72.56999, 0.0137798
747, 71.37911, 0.0140097
748, 71.80297, 0.013927
749, 71.87988, 0.0139121
750, 72.25538, 0.0138398
751, 71.72006, 0.0139431
752, 70.93255, 0.0140979
753, 72.50265, 0.0137926
754, 71.59324, 0.0139678
755, 72.20686, 0.0138491
756, 71.8556, 0.0139168
757, 71.58555, 0.0139693
758, 58.45902, 0.017106
759, 88.95531, 0.0112416
760, 71.71338, 0.0139444
761, 74.49345, 0.013424
762, 71.94918, 0.0138987
763, 69.36208, 0.0144171
764, 70.95067, 0.0140943
765, 72.53893, 0.0137857
766, 70.87775, 0.0141088
767, 69.46085, 0.0143966
768, 73.75991, 0.0135575
769, 73.84325, 0.0135422
770, 70.54723, 0.0141749
771, 72.32227, 0.013827
772, 71.08432, 0.0140678
773, 69.34909, 0.0144198
774, 74.10646, 0.0134941
775, 72.7241, 0.0137506
776, 72.32436, 0.0138266
777, 69.56038, 0.014376
778, 74.24512, 0.0134689
779, 68.6766, 0.014561
780, 74.51787, 0.0134196
781, 70.25234, 0.0142344
782, 59.69722, 0.0167512
783, 88.99409, 0.0112367
784, 60.06728, 0.016648
785, 72.5742, 0.013779
786, 93.26531, 0.0107221
787, 71.38727, 0.0140081
788, 72.95223, 0.0137076
789, 71.12477, 0.0140598
790, 71.98232, 0.0138923
791, 63.65575, 0.0157095
792, 85.83543, 0.0116502
793, 68.74884, 0.0145457
794, 72.62586, 0.0137692
795, 71.06412, 0.0140718
796, 70.34179, 0.0142163
797, 73.47107, 0.0136108
798, 72.96554, 0.0137051
799, 71.87419, 0.0139132
800, 74.47791, 0.0134268
801, 68.84729, 0.0145249
802, 71.84425, 0.013919
803, 71.0076, 0.014083
804, 72.14018, 0.0138619
805, 71.02727, 0.0140791
806, 76.483, 0.0130748
807, 72.01187, 0.0138866
808, 71.14298, 0.0140562
809, 72.4412, 0.0138043
810, 71.5103, 0.013984
811, 72.03158, 0.0138828
812, 71.72932, 0.0139413
813, 72.10533, 0.0138686
814, 71.50519, 0.013985
815, 71.37045, 0.0140114
816, 72.34738, 0.0138222
817, 72.08506, 0.0138725
818, 71.55737, 0.0139748
819, 71.71081, 0.0139449
820, 72.00565, 0.0138878
821, 69.33996, 0.0144217
822, 74.00117, 0.0135133
823, 72.40395, 0.0138114
824, 69.65244, 0.014357
825, 71.32515, 0.0140203
826, 71.84837, 0.0139182
827, 69.16251, 0.0144587
828, 78.46091, 0.0127452
829, 71.24385, 0.0140363
830, 71.98698, 0.0138914
831, 71.47912, 0.0139901
832, 72.0622, 0.0138769
833, 71.13033, 0.0140587
834, 72.47322, 0.0137982
835, 71.91141, 0.013906
836, 70.77391, 0.0141295
837, 72.98524, 0.0137014
838, 71.73087, 0.013941
839, 69.88023, 0.0143102
840, 74.04665, 0.013505
841, 71.52206, 0.0139817
842, 71.81844, 0.013924
843, 71.7669, 0.013934
844, 71.92485, 0.0139034
845, 71.45613, 0.0139946
846, 72.55788, 0.0137821
847, 71.75403, 0.0139365
848, 71.65736, 0.0139553
849, 70.56914, 0.0141705
850, 72.84435, 0.0137279
851, 71.67585, 0.0139517
852, 72.21416, 0.0138477
853, 71.85508, 0.0139169
854, 71.68459, 0.01395
855, 71.81535, 0.0139246
856, 70.89685, 0.014105
857, 71.62246, 0.0139621
858, 72.09545, 0.0138705
859, 73.35842, 0.0136317
860, 71.42194, 0.0140013
861, 71.32006, 0.0140213
862, 72.19904, 0.0138506
863, 71.46532, 0.0139928
864, 72.18288, 0.0138537
865, 71.88711, 0.0139107
866, 72.23816, 0.0138431
867, 71.27686, 0.0140298
868, 71.35518, 0.0140144
869, 71.95435, 0.0138977
870, 72.43542, 0.0138054
871, 71.84631, 0.0139186
872, 71.68973, 0.013949
873, 71.60861, 0.0139648
874, 71.5369, 0.0139788
875, 71.36434, 0.0140126
876, 39.15197, 0.0255415
877, 37.5022, 0.0266651
878, 126.7636, 0.0078887
879, 87.01251, 0.0114926
880, 71.99839, 0.0138892
881, 69.62188, 0.0143633
882, 75.42388, 0.0132584
883, 49.14125, 0.0203495
884, 118.2956, 0.0084534
885, 73.92348, 0.0135275
886, 73.93989, 0.0135245
887, 69.86168, 0.014314
888, 73.25363, 0.0136512
889, 71.28905, 0.0140274
890, 74.88842, 0.0133532
891, 69.4213, 0.0144048
892, 74.23023, 0.0134716
893, 70.38288, 0.014208
894, 70.29976, 0.0142248
895, 74.60571, 0.0134038
896, 72.18549, 0.0138532
897, 71.75506, 0.0139363
898, 70.89935, 0.0141045
899, 71.61426, 0.0139637
900, 72.10481, 0.0138687
901, 72.80617, 0.0137351
902, 71.34042, 0.0140173
903, 71.81174, 0.0139253
904, 68.60781, 0.0145756
905, 70.5801, 0.0141683
906, 67.67181, 0.0147772
907, 82.84524, 0.0120707
908, 70.38734, 0.0142071
909, 70.90237, 0.0141039
910, 66.60228, 0.0150145
911, 80.70764, 0.0123904
912, 71.48116, 0.0139897
913, 64.76222, 0.0154411
914, 79.85562, 0.0125226
915, 72.95969, 0.0137062
916, 69.06602, 0.0144789
917, 67.6535, 0.0147812
918, 82.17467, 0.0121692
919, 70.812, 0.0141219
920, 71.69435, 0.0139481
921, 70.3319, 0.0142183
922, 72.36518, 0.0138188
923, 71.56557, 0.0139732
924, 71.95746, 0.0138971
925, 70.15083, 0.014255
926, 69.66747, 0.0143539
927, 72.47637, 0.0137976
928, 70.56665, 0.014171
929, 68.38635, 0.0146228
930, 75.11117, 0.0133136
931, 69.07079, 0.0144779
932, 73.21234, 0.0136589
933, 75.92553, 0.0131708
934, 70.64891, 0.0141545
935, 76.12088, 0.013137
936, 71.92175, 0.013904
937, 71.21848, 0.0140413
938, 69.57538, 0.0143729
939, 74.35331, 0.0134493
940, 71.94607, 0.0138993
941, 69.53957, 0.0143803
942, 74.25228, 0.0134676
943, 71.65788, 0.0139552
944, 72.07571, 0.0138743
945, 72.16205, 0.0138577
946, 71.13995, 0.0140568
947, 68.29528, 0.0146423
948, 72.96235, 0.0137057
949, 70.00399, 0.0142849
950, 68.47626, 0.0146036
951, 77.7345, 0.0128643
952, 70.72986, 0.0141383
953, 69.57538, 0.0143729
954, 75.24454, 0.01329
955, 71.97507, 0.0138937
956, 68.76255, 0.0145428
957, 36.62239, 0.0273057
958, 40.24857, 0.0248456
959, 36.61998, 0.0273075
960, 57.12197, 0.0175064
961, 72.33116, 0.0138253
962, 69.52556, 0.0143832
963, 76.10408, 0.0131399
964, 74.06695, 0.0135013
965, 71.39542, 0.0140065
966, 71.66352, 0.0139541
967, 72.17194, 0.0138558
968, 69.62673, 0.0143623
969, 73.18769, 0.0136635
970, 71.43929, 0.0139979
971, 73.05029, 0.0136892
972, 71.25857, 0.0140334
973, 72.48478, 0.013796
974, 69.73598, 0.0143398
975, 72.84541, 0.0137277
976, 72.88683, 0.0137199
977, 71.39695, 0.0140062
978, 71.77051, 0.0139333
979, 71.3511, 0.0140152
980, 71.35569, 0.0140143
981, 72.5642, 0.0137809
982, 70.90338, 0.0141037
983, 73.55916, 0.0135945
984, 71.78648, 0.0139302
985, 70.74137, 0.014136
986, 72.07415, 0.0138746
987, 72.21572, 0.0138474
988, 71.87316, 0.0139134
989, 69.20415, 0.01445
990, 71.35925, 0.0140136
991, 71.86231, 0.0139155
992, 70.80448, 0.0141234
993, 72.2674, 0.0138375
994, 74.1136, 0.0134928
995, 74.3699, 0.0134463
996, 71.15159, 0.0140545
997, 71.5835, 0.0139697
998, 70.78644, 0.014127
999, 70.01673, 0.0142823
1000, 72.30083, 0.0138311
1001, 69.62673, 0.0143623
1002, 71.01315, 0.0140819
1003, 74.51398, 0.0134203
1004, 70.93607, 0.0140972
1005, 72.56631, 0.0137805
1006, 72.0835, 0.0138728
1007, 74.26937, 0.0134645
1008, 72.17455, 0.0138553
1009, 72.45169, 0.0138023
1010, 67.31966, 0.0148545
1011, 72.49477, 0.0137941
1012, 75.99073, 0.0131595
1013, 71.06058, 0.0140725
1014, 72.52999, 0.0137874
1015, 72.76749, 0.0137424
1016, 67.12896, 0.0148967
1017, 37.94462, 0.0263542
1018, 65.73887, 0.0152117
1019, 39.32827, 0.025427
1020, 57.30101, 0.0174517
1021, 81.57272, 0.012259
1022, 72.23607, 0.0138435
1023, 70.57262, 0.0141698
1024, 74.00336, 0.0135129
1025, 71.5149, 0.0139831
1026, 71.48933, 0.0139881
1027, 72.15632, 0.0138588
1028, 71.88918, 0.0139103
1029, 72.0648, 0.0138764
1030, 70.97736, 0.014089
1031, 72.52316, 0.0137887
1032, 70.22965, 0.014239
1033, 72.41654, 0.013809
1034, 64.57195, 0.0154866
1035, 71.40256, 0.0140051
1036, 82.09305, 0.0121813
1037, 72.40291, 0.0138116
1038, 71.6702, 0.0139528
1039, 70.32398, 0.0142199
1040, 52.21442, 0.0191518
1041, 31.78255, 0.0314638
1042, 25.40534, 0.0393618
1043, 23.02837, 0.0434247
1044, 25.70364, 0.038905
1045, 33.30203, 0.0300282
1046, 24.26442, 0.0412126
1047, 23.72586, 0.0421481
1048, 25.36944, 0.0394175
1049, 33.78025, 0.0296031
1050, 27.20393, 0.0367594
1051, 39.66617, 0.0252104
1052, 70.77842, 0.0141286
1053, 71.53127, 0.0139799
1054, 70.61798, 0.0141607
1055, 72.58053, 0.0137778
1056, 71.0414, 0.0140763
1057, 68.79188, 0.0145366
1058, 75.58408, 0.0132303
1059, 71.19414, 0.0140461
1060, 59.71469, 0.0167463
1061, 55.43545, 0.018039
1062, 137.4646, 0.0072746
1063, 70.76941, 0.0141304
1064, 74.29642, 0.0134596
1065, 71.35619, 0.0140142
1066, 72.0378, 0.0138816
1067, 69.95404, 0.0142951
1068, 73.48402, 0.0136084
1069, 71.62298, 0.013962
1070, 72.31913, 0.0138276
1071, 63.26071, 0.0158076
1072, 32.3634, 0.0308991
1073, 34.92035, 0.0286366
1074, 23.85593, 0.0419183
1075, 32.47165, 0.0307961
1076, 26.25223, 0.038092
1077, 21.63186, 0.0462281
1078, 25.57381, 0.0391025
1079, 24.5184, 0.0407857
1080, 23.07699, 0.0433332
1081, 24.63327, 0.0405955
1082, 22.78714, 0.0438844
1083, 26.36839, 0.0379242
1084, 35.3628, 0.0282783
1085, 35.19528, 0.0284129
1086, 26.66916, 0.0374965
1087, 41.21468, 0.0242632
1088, 64.72827, 0.0154492
1089, 70.82855, 0.0141186
1090, 72.27679, 0.0138357
1091, 69.85826, 0.0143147
1092, 71.85147, 0.0139176
1093, 70.59704, 0.0141649
1094, 72.43123, 0.0138062
1095, 71.38778, 0.014008
1096, 71.99476, 0.0138899
1097, 72.05078, 0.0138791
1098, 71.7252, 0.0139421
1099, 71.55943, 0.0139744
1100, 72.19904, 0.0138506
1101, 71.99372, 0.0138901
1102, 71.0313, 0.0140783
1103, 70.85063, 0.0141142
1104, 72.80935, 0.0137345
1105, 72.12614, 0.0138646
1106, 71.57787, 0.0139708
1107, 70.48756, 0.0141869
1108, 73.58352, 0.01359
1109, 71.72109, 0.0139429
1110, 71.88556, 0.013911
1111, 71.64555, 0.0139576
1112, 70.2114, 0.0142427
1113, 72.99856, 0.0136989
1114, 72.76591, 0.0137427
1115, 69.94621, 0.0142967
1116, 73.35358, 0.0136326
1117, 71.4398, 0.0139978
1118, 71.13741, 0.0140573
1119, 73.51914, 0.0136019
1120, 70.90087, 0.0141042
1121, 70.81451, 0.0141214
1122, 69.94474, 0.014297
1123, 75.71685, 0.0132071
1124, 72.16726, 0.0138567
1125, 71.29718, 0.0140258
1126, 71.66866, 0.0139531
1127, 69.96922, 0.014292
1128, 73.4511, 0.0136145
1129, 70.03095, 0.0142794
1130, 72.51894, 0.0137895
1131, 73.77678, 0.0135544
1132, 82.33977, 0.0121448
1133, 71.19921, 0.0140451
1134, 72.20686, 0.0138491
1135, 70.7654, 0.0141312
1136, 73.60735, 0.0135856
1137, 71.86593, 0.0139148
1138, 71.61887, 0.0139628
1139, 70.24988, 0.0142349
1140, 73.19733, 0.0136617
1141, 71.91193, 0.0139059
1142, 72.1907, 0.0138522
1143, 70.75088, 0.0141341
1144, 72.79663, 0.0137369
1145, 70.63394, 0.0141575
1146, 72.92563, 0.0137126
1147, 69.88999, 0.0143082
1148, 74.1147, 0.0134926
1149, 71.22609, 0.0140398
1150, 72.19852, 0.0138507
1151, 71.45103, 0.0139956
1152, 72.70242, 0.0137547
1153, 71.44592, 0.0139966
1154, 72.03054, 0.013883
1155, 71.90158, 0.0139079
1156, 71.3567, 0.0140141
1157, 71.61375, 0.0139638
1158, 71.6394, 0.0139588
1159, 71.40816, 0.014004
1160, 72.9166, 0.0137143
1161, 71.52513, 0.0139811
1162, 71.57787, 0.0139708
1163, 71.69076, 0.0139488
1164, 72.43385, 0.0138057
1165, 71.55482, 0.0139753
1166, 71.94762, 0.013899
1167, 71.58401, 0.0139696
1168, 72.04195, 0.0138808
1169, 71.76227, 0.0139349
1170, 71.7463, 0.013938
1171, 70.25185, 0.0142345
1172, 73.64041, 0.0135795
1173, 71.47963, 0.01399
1174, 72.16465, 0.0138572
1175, 72.0072, 0.0138875
1176, 71.81689, 0.0139243
1177, 71.20073, 0.0140448
1178, 72.33221, 0.0138251
1179, 71.40868, 0.0140039
1180, 71.26974, 0.0140312
1181, 72.06324, 0.0138767
1182, 72.64433, 0.0137657
1183, 71.83237, 0.0139213
1184, 71.70412, 0.0139462
1185, 71.86231, 0.0139155
1186, 71.7973, 0.0139281
1187, 71.5497, 0.0139763
1188, 72.11261, 0.0138672
1189, 71.16627, 0.0140516
1190, 72.49319, 0.0137944
1191, 71.04897, 0.0140748
1192, 72.7495, 0.0137458
1193, 71.42092, 0.0140015
1194, 71.07825, 0.014069
1195, 72.60635, 0.0137729
1196, 72.14903, 0.0138602
1197, 71.67842, 0.0139512
1198, 71.98854, 0.0138911
1199, 71.83237, 0.0139213
1200, 71.79266, 0.013929
1201, 71.32566, 0.0140202
1202, 72.38247, 0.0138155
1203, 71.8004, 0.0139275
1204, 71.48576, 0.0139888
1205, 72.24651, 0.0138415
1206, 70.70885, 0.0141425
1207, 72.63377, 0.0137677
1208, 72.11209, 0.0138673
1209, 71.58555, 0.0139693
1210, 71.76021, 0.0139353
1211, 72.14122, 0.0138617
1212, 71.69076, 0.0139488
1213, 71.4592, 0.013994
1214, 71.69846, 0.0139473
1215, 72.44959, 0.0138027
1216, 71.56659, 0.013973
1217, 71.33685, 0.014018
1218, 72.28828, 0.0138335
1219, 71.86541, 0.0139149
1220, 71.86541, 0.0139149
1221, 71.9585, 0.0138969
1222, 72.01238, 0.0138865
1223, 71.36384, 0.0140127
1224, 71.81792, 0.0139241
1225, 71.95125, 0.0138983
1226, 72.18497, 0.0138533
1227, 71.42142, 0.0140014
1228, 71.71903, 0.0139433
1229, 71.47248, 0.0139914
1230, 72.27731, 0.0138356
1231, 72.08922, 0.0138717
1232, 71.52103, 0.0139819
1233, 71.0722, 0.0140702
1234, 72.6169, 0.0137709
1235, 72.20008, 0.0138504
1236, 71.78442, 0.0139306
1237, 71.72572, 0.013942
1238, 71.95021, 0.0138985
1239, 71.70772, 0.0139455
1240, 71.62965, 0.0139607
1241, 71.77102, 0.0139332
1242, 69.85289, 0.0143158
1243, 74.28648, 0.0134614
1244, 71.53485, 0.0139792
1245, 70.96779, 0.0140909
1246, 73.26974, 0.0136482
1247, 71.5236, 0.0139814
1248, 70.82153, 0.01412
1249, 73.32239, 0.0136384
1250, 71.69435, 0.0139481
1251, 71.96316, 0.013896
1252, 71.58913, 0.0139686
1253, 71.79163, 0.0139292
1254, 71.30125, 0.014025
1255, 71.75609, 0.0139361
1256, 72.45012, 0.0138026
1257, 71.70464, 0.0139461
1258, 71.64555, 0.0139576
1259, 71.96368, 0.0138959
1260, 70.94765, 0.0140949
1261, 71.87471, 0.0139131
1262, 72.89214, 0.0137189
1263, 71.35925, 0.0140136
1264, 71.7216, 0.0139428
1265, 71.10707, 0.0140633
1266, 72.6871, 0.0137576
1267, 71.97403, 0.0138939
1268, 71.87988, 0.0139121
1269, 71.75248, 0.0139368
1270, 71.79163, 0.0139292
1271, 71.95642, 0.0138973
1272, 71.0621, 0.0140722
1273, 72.51106, 0.013791
1274, 71.99735, 0.0138894
1275, 71.44949, 0.0139959
1276, 71.8649, 0.013915
1277, 71.58043, 0.0139703
1278, 71.11364, 0.014062
1279, 72.81465, 0.0137335
1280, 72.25956, 0.013839
1281, 71.49087, 0.0139878
1282, 72.05856, 0.0138776
1283, 71.4097, 0.0140037
1284, 71.9932, 0.0138902
1285, 71.94762, 0.013899
1286, 71.70618, 0.0139458
1287, 71.42806, 0.0140001
1288, 70.89986, 0.0141044
1289, 73.32346, 0.0136382
1290, 71.22152, 0.0140407
1291, 72.6533, 0.013764
1292, 71.73241, 0.0139407
1293, 71.02122, 0.0140803
1294, 71.97247, 0.0138942
1295, 72.21677, 0.0138472
1296, 71.53638, 0.0139789
1297, 71.66815, 0.0139532
1298, 72.16621, 0.0138569
1299, 71.6358, 0.0139595
1300, 72.11521, 0.0138667
1301, 71.64915, 0.0139569
1302, 71.19262, 0.0140464
1303, 72.85974, 0.013725
1304, 71.60708, 0.0139651
1305, 71.69538, 0.0139479
1306, 72.42231, 0.0138079
1307, 71.0626, 0.0140721
1308, 72.49004, 0.013795
1309, 71.67739, 0.0139514
1310, 71.91917, 0.0139045
1311, 72.14071, 0.0138618
1312, 71.51797, 0.0139825
1313, 71.77721, 0.013932
1314, 71.74682, 0.0139379
1315, 71.9585, 0.0138969
1316, 71.4097, 0.0140037
1317, 71.95383, 0.0138978
1318, 72.00253, 0.0138884
1319, 71.65993, 0.0139548
1320, 71.64401, 0.0139579
1321, 71.55174, 0.0139759
1322, 72.62902, 0.0137686
1323, 71.80761, 0.0139261
1324, 71.97041, 0.0138946
1325, 71.86334, 0.0139153
1326, 71.5794, 0.0139705
1327, 70.90942, 0.0141025
1328, 73.1893, 0.0136632
1329, 71.27837, 0.0140295
1330, 71.64299, 0.0139581
1331, 72.86665, 0.0137237
1332, 71.26974, 0.0140312
1333, 72.05026, 0.0138792
1334, 71.80658, 0.0139263
1335, 71.90726, 0.0139068
1336, 71.75815, 0.0139357
1337, 71.66096, 0.0139546
1338, 71.06058, 0.0140725
1339, 72.43175, 0.0138061
1340, 71.144, 0.014056
1341, 72.35419, 0.0138209
1342, 71.81535, 0.0139246
1343, 72.68023, 0.0137589
1344, 71.55174, 0.0139759
1345, 71.24841, 0.0140354
1346, 72.4538, 0.0138019
1347, 71.84425, 0.013919
1348, 71.72109, 0.0139429
1349, 70.98138, 0.0140882
1350, 72.58896, 0.0137762
1351, 71.63426, 0.0139598
1352, 71.77205, 0.013933
1353, 71.67585, 0.0139517
1354, 72.37304, 0.0138173
1355, 71.66558, 0.0139537
1356, 71.70618, 0.0139458
1357, 72.01187, 0.0138866
1358, 71.18046, 0.0140488
1359, 72.52105, 0.0137891
1360, 71.21899, 0.0140412
1361, 72.27627, 0.0138358
1362, 71.27279, 0.0140306
1363, 72.37671, 0.0138166
1364, 71.93934, 0.0139006
1365, 71.9761, 0.0138935
1366, 71.87212, 0.0139136
1367, 71.67123, 0.0139526
1368, 72.09493, 0.0138706
1369, 71.49342, 0.0139873
1370, 71.55994, 0.0139743
1371, 71.39594, 0.0140064
1372, 72.49739, 0.0137936
1373, 71.45562, 0.0139947
1374, 71.79524, 0.0139285
1375, 72.16413, 0.0138573
1376, 72.1433, 0.0138613
1377, 71.5149, 0.0139831
1378, 72.00668, 0.0138876
1379, 71.98595, 0.0138916
1380, 71.15816, 0.0140532
1381, 63.46788, 0.015756
1382, 33.78184, 0.0296017
1383, 35.60962, 0.0280823
1384, 43.14082, 0.0231799
1385, 67.85825, 0.0147366
1386, 62.62564, 0.0159679
1387, 32.96674, 0.0303336
1388, 42.01469, 0.0238012
1389, 75.65098, 0.0132186
1390, 71.62656, 0.0139613
1391, 71.74271, 0.0139387
1392, 72.35785, 0.0138202
1393, 71.5753, 0.0139713
1394, 71.41021, 0.0140036
1395, 72.25538, 0.0138398
1396, 71.64555, 0.0139576
1397, 71.98647, 0.0138915
1398, 71.65839, 0.0139551
1399, 71.74064, 0.0139391
1400, 70.91444, 0.0141015
1401, 72.37933, 0.0138161
1402, 72.04195, 0.0138808
1403, 72.22094, 0.0138464
1404, 71.1683, 0.0140512
1405, 72.0378, 0.0138816
1406, 71.64555, 0.0139576
1407, 63.95497, 0.015636
1408, 36.19019, 0.0276318
1409, 40.14082, 0.0249123
1410, 64.63622, 0.0154712
1411, 71.99943, 0.013889
1412, 72.6945, 0.0137562
1413, 71.82928, 0.0139219
1414, 71.7942, 0.0139287
1415, 71.86438, 0.0139151
1416, 71.47095, 0.0139917
1417, 72.25747, 0.0138394
1418, 71.83443, 0.0139209
1419, 71.06917, 0.0140708
1420, 72.17351, 0.0138555
1421, 71.29617, 0.014026
1422, 72.15893, 0.0138583
1423, 72.27314, 0.0138364
1424, 71.78082, 0.0139313
1425, 71.72572, 0.013942
1426, 71.96212, 0.0138962
1427, 71.753, 0.0139367
1428, 71.12426, 0.0140599
1429, 63.50577, 0.0157466
1430, 36.23254, 0.0275995
1431, 41.76848, 0.0239415
1432, 61.908, 0.016153
1433, 71.73653, 0.0139399
1434, 67.86102, 0.014736
1435, 68.86388, 0.0145214
1436, 80.71937, 0.0123886
1437, 71.77102, 0.0139332
1438, 71.55686, 0.0139749
1439, 71.92589, 0.0139032
1440, 71.53638, 0.0139789
1441, 71.91968, 0.0139044
1442, 70.99197, 0.0140861
1443, 73.24666, 0.0136525
1444, 71.45306, 0.0139952
1445, 71.68459, 0.01395
1446, 71.42448, 0.0140008
1447, 72.4307, 0.0138063
1448, 71.38268, 0.014009
1449, 71.48014, 0.0139899
1450, 71.03938, 0.0140767
1451, 73.00709, 0.0136973
1452, 72.51579, 0.0137901
1453, 71.33838, 0.0140177
1454, 72.17351, 0.0138555
1455, 71.80813, 0.013926
1456, 70.80398, 0.0141235
1457, 72.73098, 0.0137493
1458, 72.01187, 0.0138866
1459, 71.72263, 0.0139426
1460, 71.37199, 0.0140111
1461, 71.2606, 0.014033
1462, 72.7606, 0.0137437
1463, 72.0321, 0.0138827
1464, 70.91897, 0.0141006
1465, 72.21989, 0.0138466
1466, 72.43858, 0.0138048
1467, 71.66917, 0.013953
1468, 71.54202, 0.0139778
1469, 62.67353, 0.0159557
1470, 35.67313, 0.0280323
1471, 40.03571, 0.0249777
1472, 69.30775, 0.0144284
1473, 71.26669, 0.0140318
1474, 63.60918, 0.015721
1475, 35.08636, 0.0285011
1476, 35.85322, 0.0278915
1477, 35.33469, 0.0283008
1478, 39.1848, 0.0255201
1479, 39.99408, 0.0250037
1480, 62.51875, 0.0159952
1481, 70.00301, 0.0142851
1482, 73.32185, 0.0136385
1483, 71.55788, 0.0139747
1484, 71.79627, 0.0139283
1485, 71.01415, 0.0140817
1486, 73.16948, 0.0136669
1487, 71.57478, 0.0139714
1488, 71.84373, 0.0139191
1489, 71.7633, 0.0139347
1490, 71.52871, 0.0139804
1491, 71.79214, 0.0139291
1492, 71.94452, 0.0138996
1493, 70.87875, 0.0141086
1494, 72.39819, 0.0138125
1495, 71.98906, 0.013891
1496, 70.90589, 0.0141032
1497, 72.95969, 0.0137062
1498, 70.93859, 0.0140967
1499, 72.93893, 0.0137101
1500, 72.12717, 0.0138644
1501, 71.50417, 0.0139852
1502, 71.9233, 0.0139037
1503, 71.35722, 0.014014
1504, 72.03625, 0.0138819
1505, 71.90468, 0.0139073
1506, 71.80452, 0.0139267
1507, 71.29668, 0.0140259
1508, 71.91813, 0.0139047
1509, 72.29299, 0.0138326
1510, 71.39645, 0.0140063
1511, 71.55123, 0.013976
1512, 72.30292, 0.0138307
1513, 72.0378, 0.0138816
1514, 71.49496, 0.013987
1515, 71.64555, 0.0139576
1516, 71.0076, 0.014083
1517, 72.6227, 0.0137698
1518, 71.32261, 0.0140208
1519, 71.77102, 0.0139332
1520, 73.30465, 0.0136417
1521, 71.61221, 0.0139641
1522, 71.4827, 0.0139894
1523, 71.0732, 0.01407
1524, 63.74096, 0.0156885
1525, 32.14225, 0.0311117
1526, 41.92855, 0.0238501
1527, 41.17141, 0.0242887
1528, 54.65944, 0.0182951
1529, 27.85663, 0.0358981
1530, 20.68043, 0.0483549
1531, 31.41108, 0.0318359
1532, 34.92706, 0.0286311
1533, 36.73608, 0.0272212
1534, 35.92109, 0.0278388
1535, 34.29426, 0.0291594
1536, 50.8937, 0.0196488
1537, 82.13552, 0.012175
1538, 69.29383, 0.0144313
1539, 71.16931, 0.014051
1540, 70.89533, 0.0141053
1541, 71.83959, 0.0139199
1542, 71.0621, 0.0140722
1543, 71.21797, 0.0140414
1544, 71.34245, 0.0140169
1545, 70.9401, 0.0140964
1546, 71.93158, 0.0139021
1547, 71.44235, 0.0139973
1548, 63.7564, 0.0156847
1549, 33.27488, 0.0300527
1550, 36.90241, 0.0270985
1551, 32.56523, 0.0307076
1552, 33.82813, 0.0295612
1553, 23.93226, 0.0417846
1554, 24.59577, 0.0406574
1555, 32.611, 0.0306645
1556, 25.06021, 0.0399039
1557, 23.09826, 0.0432933
1558, 25.18371, 0.0397082
1559, 23.69174, 0.0422088
1560, 32.398, 0.0308661
1561, 26.95549, 0.0370982
1562, 30.94577, 0.0323146
1563, 28.36099, 0.0352597
1564, 37.25671, 0.0268408
1565, 32.1376, 0.0311162
1566, 37.79089, 0.0264614
1567, 36.76241, 0.0272017
1568, 30.04952, 0.0332784
1569, 26.46511, 0.0377856
1570, 44.44938, 0.0224975
1571, 64.07176, 0.0156075
1572, 32.34948, 0.0309124
1573, 39.35567, 0.0254093
1574, 31.5184, 0.0317275
1575, 33.8, 0.0295858
1576, 23.99226, 0.0416801
1577, 23.37388, 0.0427828
1578, 25.24532, 0.0396113
1579, 33.35246, 0.0299828
1580, 25.52127, 0.039183
1581, 35.03069, 0.0285464
1582, 43.81948, 0.0228209
1583, 32.46111, 0.0308061
1584, 42.06931, 0.0237703
1585, 78.28279, 0.0127742
1586, 71.66609, 0.0139536
1587, 71.58043, 0.0139703
1588, 71.73293, 0.0139406
1589, 63.77917, 0.0156791
1590, 33.4765, 0.0298717
1591, 38.24779, 0.0261453
1592, 38.01342, 0.0263065
1593, 73.47971, 0.0136092
1594, 73.07217, 0.0136851
1595, 71.65891, 0.013955
1596, 71.19414, 0.0140461
1597, 72.186, 0.0138531
1598, 71.75969, 0.0139354
1599, 71.73498, 0.0139402
1600, 71.53536, 0.0139791
1601, 71.31294, 0.0140227
1602, 72.437, 0.0138051
1603, 69.70001, 0.0143472
1604, 73.37026, 0.0136295
1605, 72.65013, 0.0137646
1606, 71.62298, 0.013962
1607, 72.00616, 0.0138877
1608, 71.63786, 0.0139591
1609, 71.50314, 0.0139854
1610, 72.53789, 0.0137859
1611, 71.15816, 0.0140532
1612, 71.59221, 0.013968
1613, 72.36728, 0.0138184
1614, 71.73705, 0.0139398
1615, 71.07018, 0.0140706
1616, 72.36937, 0.013818
1617, 71.81329, 0.013925
1618, 72.0835, 0.0138728
1619, 71.7319, 0.0139408
1620, 71.61477, 0.0139636
1621, 71.67329, 0.0139522
1622, 72.51474, 0.0137903
1623, 71.17742, 0.0140494
1624, 71.74219, 0.0139388
1625, 72.11417, 0.0138669
1626, 71.24791, 0.0140355
1627, 72.44907, 0.0138028
1628, 71.84321, 0.0139192
1629, 71.93986, 0.0139005
1630, 71.98491, 0.0138918
1631, 71.38472, 0.0140086
1632, 71.68099, 0.0139507
1633, 71.41939, 0.0140018
1634, 72.70031, 0.0137551
1635, 72.08922, 0.0138717
1636, 71.47298, 0.0139913
1637, 71.47095, 0.0139917
1638, 72.44172, 0.0138042
1639, 71.39542, 0.0140065
1640, 71.90934, 0.0139064
1641, 71.9052, 0.0139072
1642, 72.05441, 0.0138784
1643, 71.44695, 0.0139964
1644, 70.87022, 0.0141103
1645, 72.93893, 0.0137101
1646, 72.43752, 0.013805
1647, 71.30786, 0.0140237
1648, 71.88245, 0.0139116
1649, 72.14071, 0.0138618
1650, 71.53997, 0.0139782
1651, 71.17793, 0.0140493
1652, 72.27731, 0.0138356
1653, 71.97817, 0.0138931
1654, 71.77257, 0.0139329
1655, 72.19279, 0.0138518
1656, 71.08382, 0.0140679
1657, 71.20529, 0.0140439
1658, 73.44949, 0.0136148
1659, 71.65479, 0.0139558
1660, 71.07624, 0.0140694
1661, 72.6496, 0.0137647
1662, 71.53025, 0.0139801
1663, 64.75887, 0.0154419
1664, 80.53864, 0.0124164
1665, 70.48309, 0.0141878
1666, 73.26598, 0.0136489
1667, 70.45975, 0.0141925
1668, 72.20477, 0.0138495
1669, 72.67125, 0.0137606
1670, 72.24285, 0.0138422
1671, 71.08887, 0.0140669
1672, 72.31442, 0.0138285
1673, 71.9083, 0.0139066
1674, 71.79782, 0.013928
1675, 70.68187, 0.0141479
1676, 72.90383, 0.0137167
1677, 71.72726, 0.0139417
1678, 70.17839, 0.0142494
1679, 73.63283, 0.0135809
1680, 71.30481, 0.0140243
1681, 72.01394, 0.0138862
1682, 71.54611, 0.013977
1683, 71.65685, 0.0139554
1684, 72.62376, 0.0137696
1685, 71.47656, 0.0139906
1686, 71.68356, 0.0139502
1687, 71.06007, 0.0140726
1688, 71.93468, 0.0139015
1689, 71.69795, 0.0139474
1690, 72.77596, 0.0137408
1691, 72.8932, 0.0137187
1692, 71.46686, 0.0139925
1693, 71.82928, 0.0139219
1694, 71.65479, 0.0139558
1695, 71.83495, 0.0139208
1696, 72.13446, 0.013863
1697, 71.82928, 0.0139219
1698, 71.38472, 0.0140086
1699, 71.50519, 0.013985
1700, 72.33849, 0.0138239
1701, 71.83908, 0.01392
1702, 71.68407, 0.0139501
1703, 71.62605, 0.0139614
1704, 71.91554, 0.0139052
1705, 71.54407, 0.0139774
1706, 72.46167, 0.0138004
1707, 71.86128, 0.0139157
1708, 71.47146, 0.0139916
1709, 71.2474, 0.0140356
1710, 72.90064, 0.0137173
1711, 70.81, 0.0141223
1712, 72.96235, 0.0137057
1713, 71.44643, 0.0139965
1714, 71.81329, 0.013925
1715, 71.68768, 0.0139494
1716, 71.5835, 0.0139697
1717, 72.48058, 0.0137968
1718, 71.67739, 0.0139514
1719, 71.41888, 0.0140019
1720, 71.98129, 0.0138925
1721, 72.22146, 0.0138463
1722, 71.27279, 0.0140306
1723, 72.17506, 0.0138552
1724, 71.54407, 0.0139774
1725, 71.87885, 0.0139123
1726, 71.52155, 0.0139818
1727, 71.59477, 0.0139675
1728, 72.45064, 0.0138025
1729, 71.70721, 0.0139456
1730, 72.15007, 0.01386
1731, 71.83443, 0.0139209
1732, 71.5876, 0.0139689
1733, 71.71029, 0.013945
1734, 71.66866, 0.0139531
1735, 71.83753, 0.0139203
1736, 71.75866, 0.0139356
1737, 72.07156, 0.0138751
1738, 71.87006, 0.013914
1739, 71.63477, 0.0139597
1740, 72.00772, 0.0138874
1741, 71.89538, 0.0139091
1742, 71.43011, 0.0139997
1743, 72.66492, 0.0137618
1744, 71.19363, 0.0140462
1745, 71.89382, 0.0139094
1746, 71.6358, 0.0139595
1747, 72.25747, 0.0138394
1748, 71.37199, 0.0140111
1749, 71.718, 0.0139435
1750, 72.22355, 0.0138459
1751, 71.73498, 0.0139402
1752, 72.06636, 0.0138761
1753, 72.15267, 0.0138595
1754, 71.61631, 0.0139633
1755, 71.67534, 0.0139518
1756, 71.52513, 0.0139811
1757, 71.5282, 0.0139805
1758, 72.6702, 0.0137608
1759, 71.23877, 0.0140373
1760, 71.14045, 0.0140567
1761, 72.60003, 0.0137741
1762, 72.26321, 0.0138383
1763, 71.32719, 0.0140199
1764, 72.33901, 0.0138238
1765, 71.80761, 0.0139261
1766, 71.22964, 0.0140391
1767, 72.68392, 0.0137582
1768, 71.49292, 0.0139874
1769, 71.96523, 0.0138956
1770, 71.71081, 0.0139449
1771, 71.86593, 0.0139148
1772, 70.18972, 0.0142471
1773, 73.07858, 0.0136839
1774, 72.24807, 0.0138412
1775, 71.804, 0.0139268
1776, 71.44389, 0.013997
1777, 71.87212, 0.0139136
1778, 71.98388, 0.013892
1779, 72.21103, 0.0138483
1780, 71.75815, 0.0139357
1781, 71.9233, 0.0139037
1782, 71.28701, 0.0140278
1783, 71.14552, 0.0140557
1784, 71.99424, 0.01389
1785, 72.58633, 0.0137767
1786, 71.99735, 0.0138894
1787, 72.03884, 0.0138814
1788, 70.76089, 0.0141321
1789, 73.07004, 0.0136855
1790, 71.28803, 0.0140276
1791, 72.03054, 0.013883
1792, 71.41479, 0.0140027
1793, 72.2319, 0.0138443
1794, 71.1187, 0.014061
1795, 72.45012, 0.0138026
1796, 71.2982, 0.0140256
1797, 72.70242, 0.0137547
1798, 71.80452, 0.0139267
1799, 71.69641, 0.0139477
1800, 71.88711, 0.0139107
1801, 72.01134, 0.0138867
1802, 71.05048, 0.0140745
1803, 72.00253, 0.0138884
1804, 72.0378, 0.0138816
1805, 71.74013, 0.0139392
1806, 71.23624, 0.0140378
1807, 72.28045, 0.013835
1808, 71.8004, 0.0139275
1809, 72.33116, 0.0138253
1810, 71.13995, 0.0140568
1811, 72.43123, 0.0138062
1812, 71.30481, 0.0140243
1813, 71.91348, 0.0139056
1814, 70.79395, 0.0141255
1815, 73.52293, 0.0136012
1816, 71.43367, 0.013999
1817, 71.74682, 0.0139379
1818, 64.76558, 0.0154403
1819, 71.29057, 0.0140271
1820, 81.21497, 0.012313
1821, 72.0887, 0.0138718
1822, 71.88763, 0.0139106
1823, 71.95487, 0.0138976
1824, 71.72881, 0.0139414
1825, 71.65223, 0.0139563
1826, 70.924, 0.0140996
1827, 71.96626, 0.0138954
1828, 62.25953, 0.0160618
1829, 28.80466, 0.0347166
1830, 24.36564, 0.0410414
1831, 24.48016, 0.0408494
1832, 34.10757, 0.029319
1833, 26.75421, 0.0373773
1834, 44.40359, 0.0225207
1835, 69.92616, 0.0143008
1836, 72.76591, 0.0137427
1837, 71.51388, 0.0139833
1838, 71.57121, 0.0139721
1839, 71.64401, 0.0139579
1840, 70.82454, 0.0141194
1841, 70.811, 0.0141221
1842, 73.07431, 0.0136847
1843, 72.11417, 0.0138669
1844, 70.95621, 0.0140932
1845, 71.78699, 0.0139301
1846, 72.25538, 0.0138398
1847, 71.59682, 0.0139671
1848, 71.81535, 0.0139246
1849, 71.71852, 0.0139434
1850, 71.89486, 0.0139092
1851, 71.25908, 0.0140333
1852, 71.61938, 0.0139627
1853, 72.63641, 0.0137672
1854, 61.98322, 0.0161334
1855, 30.09954, 0.0332231
1856, 42.3019, 0.0236396
1857, 43.55173, 0.0229612
1858, 65.56432, 0.0152522
1859, 71.70103, 0.0139468
1860, 62.24828, 0.0160647
1861, 36.3384, 0.0275191
1862, 40.69524, 0.0245729
1863, 64.66966, 0.0154632
1864, 71.60554, 0.0139654
1865, 71.47554, 0.0139908
1866, 71.84063, 0.0139197
1867, 71.35976, 0.0140135
1868, 72.51631, 0.01379
1869, 71.88659, 0.0139108
1870, 71.2921, 0.0140268
1871, 72.20529, 0.0138494
1872, 72.14122, 0.0138617
1873, 71.74167, 0.0139389
1874, 71.80297, 0.013927
1875, 71.61221, 0.0139641
1876, 71.31193, 0.0140229
1877, 71.77978, 0.0139315
1878, 71.35314, 0.0140148
1879, 72.59001, 0.013776
1880, 71.88763, 0.0139106
1881, 72.03313, 0.0138825
1882, 71.55533, 0.0139752
1883, 71.65428, 0.0139559
1884, 72.2152, 0.0138475
1885, 71.96833, 0.013895
1886, 71.42448, 0.0140008
1887, 62.77976, 0.0159287
1888, 28.28038, 0.0353602
1889, 25.27065, 0.0395716
1890, 32.62111, 0.030655
1891, 31.09327, 0.0321613
1892, 24.23138, 0.0412688
1893, 39.39381, 0.0253847
1894, 27.19379, 0.0367731
1895, 23.78789, 0.0420382
1896, 23.57123, 0.0424246
1897, 24.68441, 0.0405114
1898, 42.20816, 0.0236921
1899, 91.00341, 0.0109886
1900, 71.43623, 0.0139985
1901, 58.39689, 0.0171242
1902, 50.42229, 0.0198325
1903, 24.00413, 0.0416595
1904, 24.59529, 0.0406582
1905, 24.2903, 0.0411687
1906, 36.12208, 0.0276839
1907, 36.2604, 0.0275783
1908, 44.71572, 0.0223635
1909, 30.25645, 0.0330508
1910, 37.25269, 0.0268437
1911, 40.58837, 0.0246376
1912, 33.33755, 0.0299962
1913, 31.91544, 0.0313328
1914, 33.50746, 0.0298441
1915, 25.72883, 0.0388669
1916, 30.80942, 0.0324576
1917, 27.23831, 0.036713
1918, 36.10851, 0.0276943
1919, 44.82255, 0.0223102
1920, 79.66795, 0.0125521
1921, 70.69536, 0.0141452
1922, 70.66238, 0.0141518
1923, 70.99046, 0.0140864
1924, 70.79195, 0.0141259
1925, 73.08339, 0.013683
1926, 70.9245, 0.0140995
1927, 71.81277, 0.0139251
1928, 71.89176, 0.0139098
1929, 71.3043, 0.0140244
1930, 70.74587, 0.0141351
1931, 72.6285, 0.0137687
1932, 71.95746, 0.0138971
1933, 71.22102, 0.0140408
1934, 72.20008, 0.0138504
1935, 70.45528, 0.0141934
1936, 72.25016, 0.0138408
1937, 72.59159, 0.0137757
1938, 71.57991, 0.0139704
1939, 71.59426, 0.0139676
1940, 71.7216, 0.0139428
1941, 72.02224, 0.0138846
1942, 71.5103, 0.013984
1943, 71.85612, 0.0139167
1944, 71.53536, 0.0139791
1945, 70.60402, 0.0141635
1946, 73.63933, 0.0135797
1947, 71.50774, 0.0139845
1948, 71.72109, 0.0139429
1949, 72.50475, 0.0137922
1950, 71.84785, 0.0139183
1951, 71.52666, 0.0139808
1952, 71.68048, 0.0139508
1953, 71.84888, 0.0139181
1954, 71.90365, 0.0139075
1955, 71.10352, 0.014064
1956, 72.50475, 0.0137922
1957, 71.80452, 0.0139267
1958, 71.65479, 0.0139558
1959, 71.91606, 0.0139051
1960, 71.7355, 0.0139401
1961, 71.8138, 0.0139249
1962, 71.99683, 0.0138895
1963, 71.50928, 0.0139842
1964, 72.04819, 0.0138796
1965, 71.84888, 0.0139181
1966, 71.04493, 0.0140756
1967, 72.68287, 0.0137584
1968, 71.97662, 0.0138934
1969, 70.7679, 0.0141307
1970, 72.63325, 0.0137678
1971, 71.44643, 0.0139965
1972, 72.27, 0.013837
1973, 71.9021, 0.0139078
1974, 71.89899, 0.0139084
1975, 71.35976, 0.0140135
1976, 71.64042, 0.0139586
1977, 72.05805, 0.0138777
1978, 72.13498, 0.0138629
1979, 71.7355, 0.0139401
1980, 71.84631, 0.0139186
1981, 69.75252, 0.0143364
1982, 73.49105, 0.0136071
1983, 72.1709, 0.013856
1984, 70.83257, 0.0141178
1985, 73.53806, 0.0135984
1986, 71.50007, 0.013986
1987, 72.05909, 0.0138775
1988, 71.36384, 0.0140127
1989, 72.35838, 0.0138201
1990, 70.97887, 0.0140887
1991, 72.15424, 0.0138592
1992, 71.69384, 0.0139482
1993, 72.78497, 0.0137391
1994, 71.3282, 0.0140197
1995, 71.59734, 0.013967
1996, 72.15112, 0.0138598
1997, 72.15528, 0.013859
1998, 71.59631, 0.0139672
1999, 71.31599, 0.0140221
2000, 72.04352, 0.0138805
2001, 71.33075, 0.0140192
2002, 71.90106, 0.013908
2003, 72.27, 0.013837
2004, 71.86748, 0.0139145
2005, 71.84785, 0.0139183
2006, 71.87936, 0.0139122
2007, 71.5103, 0.013984
2008, 72.27574, 0.0138359
2009, 71.73241, 0.0139407
2010, 71.35365, 0.0140147
2011, 72.11053, 0.0138676
2012, 71.20377, 0.0140442
2013, 72.94957, 0.0137081
2014, 71.59426, 0.0139676
2015, 71.64248, 0.0139582
2016, 71.55533, 0.0139752
2017, 72.06636, 0.0138761
2018, 72.02483, 0.0138841
2019, 71.5195, 0.0139822
2020, 71.7566, 0.013936
2021, 71.58144, 0.0139701
2022, 71.08382, 0.0140679
2023, 73.12453, 0.0136753
2024, 71.70412, 0.0139462
2025, 71.92278, 0.0139038
2026, 71.87833, 0.0139124
2027, 71.44592, 0.0139966
2028, 72.07571, 0.0138743
2029, 72.09338, 0.0138709
2030, 71.95435, 0.0138977
2031, 71.47554, 0.0139908
2032, 71.38625, 0.0140083
2033, 71.5958, 0.0139673
2034, 72.78391, 0.0137393
2035, 71.30888, 0.0140235
2036, 71.91968, 0.0139044
2037, 71.69076, 0.0139488
2038, 71.51797, 0.0139825
2039, 71.73395, 0.0139404
2040, 72.18132, 0.013854
2041, 71.81638, 0.0139244
2042, 72.06999, 0.0138754
2043, 71.00105, 0.0140843
2044, 73.02308, 0.0136943
2045, 71.41225, 0.0140032
2046, 72.17819, 0.0138546
2047, 71.80091, 0.0139274
2048, 72.18757, 0.0138528
2049, 71.5016, 0.0139857
2050, 71.61118, 0.0139643
2051, 71.373, 0.0140109
2052, 72.64802, 0.013765
2053, 71.52103, 0.0139819
2054, 71.11516, 0.0140617
2055, 72.18549, 0.0138532
2056, 71.9528, 0.013898
2057, 71.83959, 0.0139199
2058, 71.52718, 0.0139807
2059, 72.66808, 0.0137612
2060, 71.63016, 0.0139606
2061, 71.60041, 0.0139664
2062, 71.91193, 0.0139059
2063, 71.38523, 0.0140085
2064, 72.35785, 0.0138202
2065, 71.61785, 0.013963
2066, 69.85874, 0.0143146
2067, 72.88577, 0.0137201
2068, 73.52023, 0.0136017
2069, 71.01365, 0.0140818
2070, 72.84913, 0.013727
2071, 71.95539, 0.0138975
2072, 71.58196, 0.01397
2073, 71.34805, 0.0140158
2074, 72.10481, 0.0138687
2075, 71.00407, 0.0140837
2076, 72.186, 0.0138531
2077, 72.15424, 0.0138592
2078, 70.40568, 0.0142034
2079, 72.88098, 0.013721
2080, 71.96886, 0.0138949
2081, 71.42092, 0.0140015
2082, 72.37461, 0.013817
2083, 71.6625, 0.0139543
2084, 71.81123, 0.0139254
2085, 71.96056, 0.0138965
2086, 71.81071, 0.0139255
2087, 69.0193, 0.0144887
2088, 75.70367, 0.0132094
2089, 71.80865, 0.0139259
2090, 71.71903, 0.0139433
2091, 71.36791, 0.0140119
2092, 72.00772, 0.0138874
2093, 71.11465, 0.0140618
2094, 72.52841, 0.0137877
2095, 71.30125, 0.014025
2096, 71.7803, 0.0139314
2097, 71.12578, 0.0140596
2098, 72.68446, 0.0137581
2099, 69.08463, 0.014475
2100, 75.52071, 0.0132414
2101, 71.43571, 0.0139986
2102, 71.93934, 0.0139006
2103, 71.67072, 0.0139527
2104, 72.03521, 0.0138821
2105, 71.61734, 0.0139631
2106, 71.9901, 0.0138908
2107, 71.65223, 0.0139563
2108, 71.19414, 0.0140461
2109, 70.91444, 0.0141015
2110, 74.03404, 0.0135073
2111, 71.20782, 0.0140434
2112, 72.4092, 0.0138104
2113, 63.69955, 0.0156987
2114, 32.3829, 0.0308805
2115, 32.21172, 0.0310446
2116, 25.15173, 0.0397587
2117, 33.56076, 0.0297967
2118, 22.77007, 0.0439173
2119, 26.2886, 0.0380393
2120, 31.38298, 0.0318644
2121, 24.751, 0.0404024
2122, 25.24347, 0.0396142
2123, 32.09119, 0.0311612
2124, 15.06494, 0.0663793
2125, 45.44009, 0.022007
2126, 76.16785, 0.0131289
2127, 70.97383, 0.0140897
2128, 71.46584, 0.0139927
2129, 73.02095, 0.0136947
2130, 69.73112, 0.0143408
2131, 72.94106, 0.0137097
2132, 71.55737, 0.0139748
2133, 72.32593, 0.0138263
2134, 71.92485, 0.0139034
2135, 71.99268, 0.0138903
2136, 70.93708, 0.014097
2137, 75.17101, 0.013303
2138, 72.1709, 0.013856
2139, 71.72109, 0.0139429
2140, 71.25197, 0.0140347
2141, 71.39899, 0.0140058
2142, 72.6169, 0.0137709
2143, 71.77205, 0.013933
2144, 71.51234, 0.0139836
2145, 71.43929, 0.0139979
2146, 71.86541, 0.0139149
2147, 71.91813, 0.0139047
2148, 71.46839, 0.0139922
2149, 72.28933, 0.0138333
2150, 70.01183, 0.0142833
2151, 73.54023, 0.013598
2152, 71.41837, 0.014002
2153, 72.20269, 0.0138499
2154, 66.51413, 0.0150344
2155, 73.80292, 0.0135496
2156, 70.4394, 0.0141966
2157, 72.34738, 0.0138222
2158, 70.78443, 0.0141274
2159, 71.80452, 0.0139267
2160, 54.65078, 0.018298
2161, 90.98602, 0.0109907
2162, 83.10894, 0.0120324
2163, 70.62646, 0.014159
2164, 70.80147, 0.014124
2165, 75.30801, 0.0132788
2166, 71.37199, 0.0140111
2167, 69.53957, 0.0143803
2168, 72.03884, 0.0138814
2169, 72.55367, 0.0137829
2170, 71.47298, 0.0139913
2171, 63.4031, 0.0157721
2172, 83.9229, 0.0119157
2173, 60.60606, 0.0165
2174, 80.39555, 0.0124385
2175, 67.09113, 0.0149051
2176, 84.96682, 0.0117693
2177, 72.43647, 0.0138052
2178, 71.80091, 0.0139274
2179, 71.81638, 0.0139244
2180, 70.99298, 0.0140859
2181, 63.1102, 0.0158453
2182, 83.44737, 0.0119836
2183, 75.44835, 0.0132541
2184, 71.65223, 0.0139563
2185, 71.70618, 0.0139458
2186, 72.3961, 0.0138129
2187, 54.98343, 0.0181873
2188, 61.68385, 0.0162117
2189, 137.6235, 0.0072662
2190, 71.38421, 0.0140087
2191, 70.25037, 0.0142348
2192, 71.37402, 0.0140107
2193, 8.937685, 0.1118858
2194, 63.26831, 0.0158057
2195, 87.62706, 0.011412
2196, 70.95621, 0.0140932
2197, 72.53526, 0.0137864
2198, 70.88026, 0.0141083
2199, 71.4449, 0.0139968
2200, 74.00719, 0.0135122
2201, 70.30668, 0.0142234
2202, 73.2429, 0.0136532
2203, 71.46788, 0.0139923
2204, 71.32057, 0.0140212
2205, 72.20113, 0.0138502
2206, 71.94038, 0.0139004
2207, 72.13966, 0.013862
2208, 71.6851, 0.0139499
2209, 71.62965, 0.0139607
2210, 71.86024, 0.0139159
2211, 71.45461, 0.0139949
2212, 71.88866, 0.0139104
2213, 72.1506, 0.0138599
2214, 71.89331, 0.0139095
2215, 72.27888, 0.0138353
2216, 71.4689, 0.0139921
2217, 71.32362, 0.0140206
2218, 72.3589, 0.01382
2219, 71.81586, 0.0139245
2220, 71.98854, 0.0138911
2221, 72.08922, 0.0138717
2222, 71.08887, 0.0140669
2223, 71.25298, 0.0140345
2224, 72.37461, 0.013817
2225, 72.57737, 0.0137784
2226, 70.97081, 0.0140903
2227, 67.84168, 0.0147402
2228, 74.00391, 0.0135128
2229, 60.79434, 0.0164489
2230, 68.22771, 0.0146568
2231, 72.46954, 0.0137989
2232, 77.90832, 0.0128356
2233, 83.6785, 0.0119505
2234, 71.51694, 0.0139827
2235, 67.13888, 0.0148945
2236, 76.16552, 0.0131293
2237, 73.22574, 0.0136564
2238, 38.33929, 0.0260829
2239, 61.02138, 0.0163877
2240, 71.17387, 0.0140501
2241, 74.50954, 0.0134211
2242, 72.2486, 0.0138411
2243, 73.07271, 0.013685
2244, 72.81359, 0.0137337
2245, 72.92829, 0.0137121
2246, 69.19553, 0.0144518
2247, 73.36004, 0.0136314
2248, 71.90623, 0.013907
2249, 71.61682, 0.0139632
2250, 70.21781, 0.0142414
2251, 73.13523, 0.0136733
2252, 71.59734, 0.013967
2253, 70.72786, 0.0141387
2254, 72.20113, 0.0138502
2255, 71.70412, 0.0139462
2256, 73.37511, 0.0136286
2257, 71.03584, 0.0140774
2258, 73.08553, 0.0136826
2259, 71.08281, 0.0140681
2260, 65.65816, 0.0152304
2261, 78.89484, 0.0126751
2262, 66.37418, 0.0150661
2263, 77.98426, 0.0128231
2264, 71.58555, 0.0139693
2265, 70.40022, 0.0142045
2266, 74.47514, 0.0134273
2267, 71.70567, 0.0139459
2268, 73.81, 0.0135483
2269, 72.11677, 0.0138664
2270, 68.23889, 0.0146544
2271, 70.04321, 0.0142769
2272, 75.33581, 0.0132739
2273, 72.13029, 0.0138638
2274, 74.27103, 0.0134642
2275, 71.39848, 0.0140059
2276, 70.92048, 0.0141003
2277, 54.10904, 0.0184812
2278, 85.14407, 0.0117448
2279, 88.64227, 0.0112813
2280, 70.91746, 0.0141009
2281, 67.98559, 0.014709
2282, 72.94531, 0.0137089
2283, 75.10665, 0.0133144
2284, 71.94141, 0.0139002
2285, 67.95972, 0.0147146
2286, 74.91422, 0.0133486
2287, 73.21823, 0.0136578
2288, 70.6569, 0.0141529
2289, 69.6117, 0.0143654
2290, 69.36449, 0.0144166
2291, 36.75389, 0.027208
2292, 71.81329, 0.013925
2293, 72.20269, 0.0138499
2294, 40.01841, 0.0249885
2295, 61.31696, 0.0163087
2296, 36.32335, 0.0275305
2297, 3.566236, 0.2804077
2298, 25.46791, 0.0392651
2299, 26.88432, 0.0371964
2300, 30.59077, 0.0326896
2301, 57.01352, 0.0175397
2302, 58.8346, 0.0169968
2303, 124.4571, 0.0080349
2304, 72.20737, 0.013849
2305, 72.7855, 0.013739
2306, 72.06947, 0.0138755
2307, 72.65435, 0.0137638
2308, 69.80413, 0.0143258
2309, 73.69685, 0.0135691
2310, 71.12173, 0.0140604
2311, 71.55072, 0.0139761
2312, 71.93675, 0.0139011
2313, 70.99399, 0.0140857
2314, 71.5195, 0.0139822
2315, 72.76696, 0.0137425
2316, 70.94563, 0.0140953
2317, 73.25363, 0.0136512
2318, 70.80448, 0.0141234
2319, 70.6579, 0.0141527
2320, 73.51157, 0.0136033
2321, 72.12614, 0.0138646
2322, 71.40715, 0.0140042
2323, 73.21288, 0.0136588
2324, 70.0658, 0.0142723
2325, 72.98631, 0.0137012
2326, 72.59001, 0.013776
2327, 71.47758, 0.0139904
2328, 70.84812, 0.0141147
2329, 73.08018, 0.0136836
2330, 71.51643, 0.0139828
2331, 71.92434, 0.0139035
2332, 71.07877, 0.0140689
2333, 72.59739, 0.0137746
2334, 70.38486, 0.0142076
2335, 72.34582, 0.0138225
2336, 69.89635, 0.0143069
2337, 74.86207, 0.0133579
2338, 71.35569, 0.0140143
2339, 71.70927, 0.0139452
2340, 71.93468, 0.0139015
2341, 72.26635, 0.0138377
2342, 68.96409, 0.0145003
2343, 66.78689, 0.014973
2344, 29.34246, 0.0340803
2345, 35.82881, 0.0279105
2346, 38.21389, 0.0261685
2347, 34.83325, 0.0287082
2348, 36.03019, 0.0277545
2349, 134.0177, 0.0074617
2350, 69.68884, 0.0143495
2351, 67.0457, 0.0149152
2352, 74.11031, 0.0134934
2353, 32.36874, 0.030894
2354, 108.6779, 0.0092015
2355, 71.10959, 0.0140628
2356, 71.82618, 0.0139225
2357, 72.04922, 0.0138794
2358, 71.57223, 0.0139719
2359, 71.42551, 0.0140006
2360, 72.11365, 0.013867
2361, 72.20008, 0.0138504
2362, 70.84913, 0.0141145
2363, 73.07645, 0.0136843
2364, 70.71736, 0.0141408
2365, 72.05753, 0.0138778
2366, 72.4769, 0.0137975
2367, 34.3271, 0.0291315
2368, 80.54902, 0.0124148
2369, 71.99839, 0.0138892
2370, 71.85302, 0.0139173
2371, 71.28194, 0.0140288
2372, 71.32006, 0.0140213
2373, 68.72427, 0.0145509
2374, 71.69332, 0.0139483
2375, 70.68336, 0.0141476
2376, 73.66808, 0.0135744
2377, 71.91089, 0.0139061
2378, 69.96138, 0.0142936
2379, 28.16322, 0.0355073
2380, 35.16236, 0.0284395
2381, 166.2041, 0.0060167
2382, 76.38252, 0.013092
2383, 72.46324, 0.0138001
2384, 67.74931, 0.0147603
2385, 29.12412, 0.0343358
2386, 115.3057, 0.0086726
2387, 86.54711, 0.0115544
2388, 69.05124, 0.014482
2389, 72.21886, 0.0138468
2390, 71.40664, 0.0140043
2391, 72.3919, 0.0138137
2392, 72.27314, 0.0138364
2393, 70.35466, 0.0142137
2394, 70.74437, 0.0141354
2395, 29.56376, 0.0338252
2396, 37.13538, 0.0269285
2397, 35.78778, 0.0279425
2398, 116.6426, 0.0085732
2399, 70.65639, 0.014153
2400, 72.60266, 0.0137736
2401, 72.6111, 0.013772
2402, 70.67437, 0.0141494
2403, 72.70084, 0.013755
2404, 32.20207, 0.0310539
2405, 98.74203, 0.0101274
2406, 71.71852, 0.0139434
2407, 71.72675, 0.0139418
2408, 68.80939, 0.0145329
2409, 75.15463, 0.0133059
2410, 57.62991, 0.0173521
2411, 30.27624, 0.0330292
2412, 41.727, 0.0239653
2413, 80.86493, 0.0123663
2414, 32.38604, 0.0308775
2415, 35.43322, 0.0282221
2416, 138.4217, 0.0072243
2417, 69.02169, 0.0144882
2418, 71.74476, 0.0139383
2419, 71.49854, 0.0139863
2420, 74.16582, 0.0134833
2421, 72.61954, 0.0137704
2422, 71.25857, 0.0140334
2423, 71.28244, 0.0140287
2424, 67.98882, 0.0147083
2425, 71.23167, 0.0140387
2426, 75.08578, 0.0133181
2427, 74.59792, 0.0134052
2428, 71.93106, 0.0139022
2429, 71.74219, 0.0139388
2430, 71.63375, 0.0139599
2431, 70.86569, 0.0141112
2432, 72.9368, 0.0137105
2433, 71.78802, 0.0139299
2434, 72.06429, 0.0138765
2435, 71.21391, 0.0140422
2436, 70.93859, 0.0140967
2437, 73.11064, 0.0136779
2438, 72.19956, 0.0138505
2439, 71.70772, 0.0139455
2440, 71.64401, 0.0139579
2441, 71.52103, 0.0139819
2442, 71.42959, 0.0139998
2443, 72.59159, 0.0137757
2444, 72.1558, 0.0138589
2445, 71.23877, 0.0140373
2446, 68.66905, 0.0145626
2447, 72.57158, 0.0137795
2448, 71.62914, 0.0139608
2449, 70.66238, 0.0141518
2450, 73.66808, 0.0135744
2451, 70.82053, 0.0141202
2452, 71.80761, 0.0139261
2453, 71.29261, 0.0140267
2454, 72.36256, 0.0138193
2455, 70.30965, 0.0142228
2456, 73.92021, 0.0135281
2457, 69.03884, 0.0144846
2458, 75.61037, 0.0132257
2459, 71.55072, 0.0139761
2460, 74.04829, 0.0135047
2461, 71.29108, 0.014027
2462, 70.14541, 0.0142561
2463, 72.05961, 0.0138774
2464, 70.30025, 0.0142247
2465, 76.20964, 0.0131217
2466, 70.74587, 0.0141351
2467, 72.11105, 0.0138675
2468, 72.69238, 0.0137566
2469, 71.21949, 0.0140411
2470, 72.6248, 0.0137694
2471, 71.91451, 0.0139054
2472, 71.65582, 0.0139556
2473, 70.92601, 0.0140992
2474, 72.8539, 0.0137261
2475, 70.14345, 0.0142565
2476, 73.26007, 0.01365
2477, 71.07573, 0.0140695
2478, 72.82684, 0.0137312
2479, 71.45154, 0.0139955
2480, 72.12926, 0.013864
2481, 71.87264, 0.0139135
2482, 71.39746, 0.0140061
2483, 72.13446, 0.013863
2484, 70.99298, 0.0140859
2485, 72.53789, 0.0137859
2486, 70.29185, 0.0142264
2487, 72.98151, 0.0137021
2488, 71.83856, 0.0139201
2489, 71.66096, 0.0139546
2490, 71.7906, 0.0139294
2491, 71.31702, 0.0140219
2492, 72.87833, 0.0137215
2493, 72.01342, 0.0138863
2494, 71.41378, 0.0140029
2495, 71.38472, 0.0140086
2496, 71.69538, 0.0139479
2497, 69.83241, 0.01432
2498, 75.13769, 0.0133089
2499, 71.0197, 0.0140806
2500, 72.26373, 0.0138382
2501, 72.31442, 0.0138285
2502, 71.0313, 0.0140783
2503, 71.32362, 0.0140206
2504, 72.26896, 0.0138372
2505, 58.65963, 0.0170475
2506, 35.25845, 0.028362
2507, 96.46551, 0.0103664
2508, 59.71433, 0.0167464
2509, 33.85573, 0.0295371
2510, 110.0594, 0.009086
2511, 71.2129, 0.0140424
2512, 71.44847, 0.0139961
2513, 71.40154, 0.0140053
2514, 72.80458, 0.0137354
2515, 71.90985, 0.0139063
2516, 71.01062, 0.0140824
2517, 70.8406, 0.0141162
2518, 71.06664, 0.0140713
2519, 74.18618, 0.0134796
2520, 67.81316, 0.0147464
2521, 76.74833, 0.0130296
2522, 71.46328, 0.0139932
2523, 72.11937, 0.0138659
2524, 71.88608, 0.0139109
2525, 71.84631, 0.0139186
2526, 70.86469, 0.0141114
2527, 71.06159, 0.0140723
2528, 72.47164, 0.0137985
2529, 72.06792, 0.0138758
2530, 71.88608, 0.0139109
2531, 72.10013, 0.0138696
2532, 71.96264, 0.0138961
2533, 71.94038, 0.0139004
2534, 71.83856, 0.0139201
2535, 71.63426, 0.0139598
2536, 71.53997, 0.0139782
2537, 72.25642, 0.0138396
2538, 69.69176, 0.0143489
2539, 73.51427, 0.0136028
2540, 72.56736, 0.0137803
2541, 71.78957, 0.0139296
2542, 71.59785, 0.0139669
2543, 71.10504, 0.0140637
2544, 71.98335, 0.0138921
2545, 72.11002, 0.0138677
2546, 70.65639, 0.014153
2547, 71.60349, 0.0139658
2548, 73.72837, 0.0135633
2549, 58.56001, 0.0170765
2550, 34.02414, 0.0293909
2551, 108.4046, 0.0092247
2552, 70.59654, 0.014165
2553, 71.49649, 0.0139867
2554, 58.51443, 0.0170898
2555, 34.39996, 0.0290698
2556, 108.7524, 0.0091952
2557, 57.63888, 0.0173494
2558, 29.29699, 0.0341332
2559, 153.1112, 0.0065312
2560, 88.13834, 0.0113458
2561, 71.39848, 0.0140059
2562, 71.90468, 0.0139073
2563, 70.51689, 0.014181
2564, 72.60951, 0.0137723
2565, 71.92641, 0.0139031
2566, 70.64642, 0.014155
2567, 71.95229, 0.0138981
2568, 69.55119, 0.0143779
2569, 74.29531, 0.0134598
2570, 72.36204, 0.0138194
2571, 71.83805, 0.0139202
2572, 72.13081, 0.0138637
2573, 71.71389, 0.0139443
2574, 71.19464, 0.014046
2575, 72.48636, 0.0137957
2576, 71.65633, 0.0139555
2577, 71.51132, 0.0139838
2578, 72.18861, 0.0138526
2579, 70.80398, 0.0141235
2580, 72.49213, 0.0137946
2581, 71.69024, 0.0139489
2582, 71.77721, 0.013932
2583, 70.56416, 0.0141715
2584, 73.23325, 0.013655
2585, 71.88245, 0.0139116
2586, 71.22, 0.014041
2587, 70.23754, 0.0142374
2588, 73.56078, 0.0135942
2589, 70.42452, 0.0141996
2590, 73.94317, 0.0135239
2591, 71.95953, 0.0138967
2592, 70.73436, 0.0141374
2593, 73.11438, 0.0136772
2594, 71.38013, 0.0140095
2595, 71.51746, 0.0139826
2596, 72.14955, 0.0138601
2597, 71.5753, 0.0139713
2598, 72.04455, 0.0138803
2599, 70.99248, 0.014086
2600, 71.78082, 0.0139313
2601, 71.08382, 0.0140679
2602, 73.28262, 0.0136458
2603, 71.45664, 0.0139945
2604, 71.88194, 0.0139117
2605, 64.69561, 0.015457
2606, 81.08327, 0.012333
2607, 64.15768, 0.0155866
2608, 79.12457, 0.0126383
2609, 72.08194, 0.0138731
2610, 73.11491, 0.0136771
2611, 64.86052, 0.0154177
2612, 80.24587, 0.0124617
2613, 69.07222, 0.0144776
2614, 54.64989, 0.0182983
2615, 31.64157, 0.031604
2616, 34.34148, 0.0291193
2617, 33.97074, 0.0294371
2618, 27.21688, 0.0367419
2619, 139.1672, 0.0071856
2620, 70.69536, 0.0141452
2621, 65.81372, 0.0151944
2622, 80.82245, 0.0123728
2623, 69.25639, 0.0144391
2624, 73.91366, 0.0135293
2625, 65.67541, 0.0152264
2626, 79.13583, 0.0126365
2627, 70.18283, 0.0142485
2628, 71.93158, 0.0139021
2629, 65.34624, 0.0153031
2630, 81.89069, 0.0122114
2631, 69.98586, 0.0142886
2632, 72.26164, 0.0138386
2633, 61.29855, 0.0163136
2634, 84.90983, 0.0117772
2635, 67.64893, 0.0147822
2636, 28.55373, 0.0350217
2637, 151.1899, 0.0066142
2638, 78.92348, 0.0126705
2639, 73.37727, 0.0136282
2640, 64.89124, 0.0154104
2641, 79.26945, 0.0126152
2642, 69.40348, 0.0144085
2643, 74.5262, 0.0134181
2644, 64.81175, 0.0154293
2645, 80.10574, 0.0124835
2646, 70.09968, 0.0142654
2647, 53.96101, 0.0185319
2648, 32.18187, 0.0310734
2649, 36.12299, 0.0276832
2650, 41.15701, 0.0242972
2651, 90.52805, 0.0110463
2652, 79.68826, 0.0125489
2653, 70.69536, 0.0141452
2654, 73.1909, 0.0136629
2655, 64.96712, 0.0153924
2656, 80.38132, 0.0124407
2657, 70.41608, 0.0142013
2658, 73.41389, 0.0136214
2659, 63.76372, 0.0156829
2660, 82.51778, 0.0121186
2661, 70.19317, 0.0142464
2662, 72.50738, 0.0137917
2663, 65.57721, 0.0152492
2664, 79.25751, 0.0126171
2665, 70.91846, 0.0141007
2666, 73.33153, 0.0136367
2667, 64.65211, 0.0154674
2668, 80.65297, 0.0123988
2669, 69.3924, 0.0144108
2670, 74.62687, 0.0134
2671, 64.66089, 0.0154653
2672, 81.25787, 0.0123065
2673, 69.82265, 0.014322
2674, 73.07858, 0.0136839
2675, 65.26563, 0.015322
2676, 79.53994, 0.0125723
2677, 60.94997, 0.0164069
2678, 28.00791, 0.0357042
2679, 22.75779, 0.043941
2680, 28.37556, 0.0352416
2681, 126.1607, 0.0079264
2682, 73.60626, 0.0135858
2683, 70.91544, 0.0141013
2684, 73.20161, 0.0136609
2685, 71.54048, 0.0139781
2686, 72.43804, 0.0138049
2687, 70.89131, 0.0141061
2688, 72.48793, 0.0137954
2689, 71.60093, 0.0139663
2690, 58.32128, 0.0171464
2691, 31.28324, 0.031966
2692, 34.22196, 0.029221
2693, 43.26214, 0.0231149
2694, 101.6653, 0.0098362
2695, 69.06364, 0.0144794
2696, 74.31133, 0.0134569
2697, 71.29718, 0.0140258
2698, 72.5442, 0.0137847
2699, 70.82955, 0.0141184
2700, 71.65633, 0.0139555
2701, 71.89538, 0.0139091
2702, 71.6317, 0.0139603
2703, 72.67125, 0.0137606
2704, 71.26111, 0.0140329
2705, 71.06967, 0.0140707
2706, 73.35088, 0.0136331
2707, 57.73439, 0.0173207
2708, 28.30263, 0.0353324
2709, 22.21847, 0.0450076
2710, 28.10583, 0.0355798
2711, 131.7454, 0.0075904
2712, 78.88177, 0.0126772
2713, 47.48609, 0.0210588
2714, 32.8663, 0.0304263
2715, 42.86088, 0.0233313
2716, 29.54384, 0.033848
2717, 134.3833, 0.0074414
2718, 60.53415, 0.0165196
2719, 29.5332, 0.0338602
2720, 105.6089, 0.0094689
2721, 67.66541, 0.0147786
2722, 71.95746, 0.0138971
2723, 66.53714, 0.0150292
2724, 69.4295, 0.0144031
2725, 60.28127, 0.0165889
2726, 28.65051, 0.0349034
2727, 40.85368, 0.0244776
2728, 132.7175, 0.0075348
2729, 69.27847, 0.0144345
2730, 69.86021, 0.0143143
2731, 74.33452, 0.0134527
2732, 70.81751, 0.0141208
2733, 71.81999, 0.0139237
2734, 70.38139, 0.0142083
2735, 72.37252, 0.0138174
2736, 71.28041, 0.0140291
2737, 71.19464, 0.014046
2738, 71.89279, 0.0139096
2739, 68.6097, 0.0145752
2740, 71.02122, 0.0140803
2741, 71.24841, 0.0140354
2742, 29.83507, 0.0335176
2743, 122.7039, 0.0081497
2744, 71.60195, 0.0139661
2745, 75.65041, 0.0132187
2746, 70.72286, 0.0141397
2747, 69.10611, 0.0144705
2748, 72.15997, 0.0138581
2749, 30.39837, 0.0328965
2750, 108.4058, 0.0092246
2751, 73.24773, 0.0136523
2752, 71.65788, 0.0139552
2753, 72.61478, 0.0137713
2754, 70.27999, 0.0142288
2755, 72.45117, 0.0138024
2756, 70.66689, 0.0141509
2757, 70.5144, 0.0141815
2758, 29.56463, 0.0338242
2759, 135.8216, 0.0073626
2760, 71.80813, 0.013926
2761, 71.60605, 0.0139653
2762, 71.14703, 0.0140554
2763, 70.5537, 0.0141736
2764, 72.24024, 0.0138427
2765, 73.73, 0.013563
2766, 74.5957, 0.0134056
2767, 70.20549, 0.0142439
2768, 71.89124, 0.0139099
2769, 70.51689, 0.014181
2770, 74.52454, 0.0134184
2771, 71.55431, 0.0139754
2772, 68.90327, 0.0145131
2773, 75.06155, 0.0133224
2774, 70.64192, 0.0141559
2775, 73.00016, 0.0136986
2776, 71.77102, 0.0139332
2777, 69.92518, 0.014301
2778, 72.92935, 0.0137119
2779, 72.0965, 0.0138703
2780, 68.98978, 0.0144949
2781, 71.3674, 0.014012
2782, 72.07778, 0.0138739
2783, 63.3557, 0.0157839
2784, 73.17912, 0.0136651
2785, 26.49891, 0.0377374
2786, 22.32337, 0.0447961
2787, 26.91102, 0.0371595
2788, 23.30003, 0.0429184
2789, 55.23489, 0.0181045
2790, 80.14491, 0.0124774
2791, 70.35515, 0.0142136
2792, 70.16017, 0.0142531
2793, 70.58259, 0.0141678
2794, 79.20667, 0.0126252
2795, 71.88969, 0.0139102
2796, 70.83909, 0.0141165
2797, 70.68587, 0.0141471
2798, 72.43018, 0.0138064
2799, 72.40658, 0.0138109
2800, 71.973, 0.0138941
2801, 71.07371, 0.0140699
2802, 70.89986, 0.0141044
2803, 73.4484, 0.013615
2804, 70.40816, 0.0142029
2805, 72.6248, 0.0137694
2806, 74.55287, 0.0134133
2807, 68.80466, 0.0145339
2808, 72.5621, 0.0137813
2809, 74.0313, 0.0135078
2810, 70.47366, 0.0141897
2811, 73.45866, 0.0136131
2812, 71.57223, 0.0139719
2813, 71.48474, 0.013989
2814, 68.82502, 0.0145296
2815, 71.14096, 0.0140566
2816, 72.36623, 0.0138186
2817, 70.38091, 0.0142084
2818, 77.1236, 0.0129662
2819, 69.1042, 0.0144709
2820, 71.59426, 0.0139676
2821, 71.91296, 0.0139057
2822, 72.1558, 0.0138589
2823, 74.47347, 0.0134276
2824, 69.47822, 0.014393
2825, 70.59704, 0.0141649
2826, 71.38472, 0.0140086
2827, 72.03884, 0.0138814
2828, 71.59119, 0.0139682
2829, 71.98388, 0.013892
2830, 75.06211, 0.0133223
2831, 72.79663, 0.0137369
2832, 71.19617, 0.0140457
2833, 71.09393, 0.0140659
2834, 72.93574, 0.0137107
2835, 63.77266, 0.0156807
2836, 31.46633, 0.03178
2837, 121.4167, 0.0082361
2838, 71.60195, 0.0139661
2839, 71.30023, 0.0140252
2840, 72.80988, 0.0137344
2841, 59.45515, 0.0168194
2842, 24.82418, 0.0402833
2843, 28.82684, 0.0346899
2844, 159.028, 0.0062882
2845, 74.94005, 0.013344
2846, 72.65752, 0.0137632
2847, 70.28938, 0.0142269
2848, 73.29121, 0.0136442
2849, 71.57581, 0.0139712
2850, 71.55431, 0.0139754
2851, 71.2738, 0.0140304
2852, 71.91709, 0.0139049
2853, 71.21645, 0.0140417
2854, 72.68023, 0.0137589
2855, 71.53127, 0.0139799
2856, 71.03938, 0.0140767
2857, 72.56367, 0.013781
2858, 71.14298, 0.0140562
2859, 72.4538, 0.0138019
2860, 72.12666, 0.0138645
2861, 71.34143, 0.0140171
2862, 71.6435, 0.013958
2863, 71.973, 0.0138941
2864, 71.87212, 0.0139136
2865, 71.54356, 0.0139775
2866, 71.71646, 0.0139438
2867, 71.46737, 0.0139924
2868, 71.86438, 0.0139151
2869, 72.44225, 0.0138041
2870, 71.77154, 0.0139331
2871, 71.23521, 0.014038
2872, 72.58791, 0.0137764
2873, 71.73756, 0.0139397
2874, 71.70875, 0.0139453
2875, 72.42546, 0.0138073
2876, 71.65223, 0.0139563
2877, 70.93003, 0.0140984
2878, 71.70155, 0.0139467
2879, 73.31432, 0.0136399
2880, 72.02431, 0.0138842
2881, 71.00256, 0.014084
2882, 72.45432, 0.0138018
2883, 71.24943, 0.0140352
2884, 71.28397, 0.0140284
2885, 72.43227, 0.013806
2886, 72.04819, 0.0138796
2887, 71.91606, 0.0139051
2888, 71.73035, 0.0139411
2889, 70.89333, 0.0141057
2890, 72.13186, 0.0138635
2891, 72.74738, 0.0137462
2892, 71.58196, 0.01397
2893, 23.8668, 0.0418992
2894, 72.8555, 0.0137258
2895, 71.41021, 0.0140036
2896, 72.13758, 0.0138624
2897, 71.03686, 0.0140772
2898, 71.64555, 0.0139576
2899, 72.31338, 0.0138287
2900, 71.84373, 0.0139191
2901, 72.2486, 0.0138411
2902, 71.86541, 0.0139149
2903, 70.84612, 0.0141151
2904, 72.09129, 0.0138713
2905, 69.74036, 0.0143389
2906, 74.2793, 0.0134627
2907, 71.9585, 0.0138969
2908, 70.23409, 0.0142381
2909, 72.07935, 0.0138736
2910, 73.1984, 0.0136615
2911, 71.40664, 0.0140043
2912, 72.2272, 0.0138452
2913, 70.89484, 0.0141054
2914, 72.19279, 0.0138518
2915, 71.94814, 0.0138989
2916, 72.38561, 0.0138149
2917, 71.20174, 0.0140446
2918, 71.71852, 0.0139434
2919, 71.31091, 0.0140231
2920, 71.74528, 0.0139382
2921, 73.8307, 0.0135445
2922, 70.46918, 0.0141906
2923, 68.78573, 0.0145379
2924, 73.04121, 0.0136909
2925, 68.19608, 0.0146636
2926, 28.0512, 0.0356491
2927, 155.7778, 0.0064194
2928, 75.28363, 0.0132831
2929, 27.59328, 0.0362407
2930, 35.47319, 0.0281903
2931, 39.40685, 0.0253763
2932, 172.831, 0.005786
2933, 70.20894, 0.0142432
2934, 67.90295, 0.0147269
2935, 71.3623, 0.014013
2936, 71.17539, 0.0140498
2937, 71.55533, 0.0139752
2938, 75.8662, 0.0131811
2939, 70.62396, 0.0141595
2940, 72.80352, 0.0137356
2941, 71.3944, 0.0140067
2942, 69.04504, 0.0144833
2943, 72.00565, 0.0138878
2944, 71.58144, 0.0139701
2945, 71.33075, 0.0140192
2946, 70.53579, 0.0141772
2947, 72.70348, 0.0137545
2948, 72.98364, 0.0137017
2949, 69.57296, 0.0143734
2950, 26.12924, 0.0382713
2951, 60.45328, 0.0165417
2952, 71.94762, 0.013899
2953, 58.85122, 0.016992
2954, 32.05642, 0.031195
2955, 135.505, 0.0073798
2956, 70.98441, 0.0140876
2957, 71.30735, 0.0140238
2958, 72.14278, 0.0138614
2959, 59.84154, 0.0167108
2960, 22.2735, 0.0448964
2961, 32.76336, 0.0305219
2962, 176.3326, 0.0056711
2963, 73.41821, 0.0136206
2964, 71.82257, 0.0139232
2965, 72.62639, 0.0137691
2966, 71.17944, 0.014049
2967, 72.00305, 0.0138883
2968, 72.05026, 0.0138792
2969, 71.67329, 0.0139522
2970, 71.55943, 0.0139744
2971, 70.44238, 0.014196
2972, 26.74777, 0.0373863
2973, 170.765, 0.005856
2974, 86.15639, 0.0116068
2975, 71.58453, 0.0139695
2976, 70.84511, 0.0141153
2977, 71.39848, 0.0140059
2978, 72.0648, 0.0138764
2979, 71.42448, 0.0140008
2980, 71.11162, 0.0140624
2981, 71.40919, 0.0140038
2982, 28.85653, 0.0346542
2983, 145.9385, 0.0068522
2984, 71.05452, 0.0140737
2985, 71.72984, 0.0139412
2986, 72.17924, 0.0138544
2987, 71.27229, 0.0140307
2988, 71.63221, 0.0139602
2989, 71.3343, 0.0140185
2990, 71.27229, 0.0140307
2991, 72.43385, 0.0138057
2992, 28.70412, 0.0348382
2993, 150.4212, 0.006648
2994, 70.77642, 0.014129
2995, 71.41582, 0.0140025
2996, 72.38613, 0.0138148
2997, 71.64709, 0.0139573
2998, 71.91296, 0.0139057
2999, 69.42709, 0.0144036
3000, 74.2771, 0.0134631
3001, 70.87424, 0.0141095
3002, 28.50164, 0.0350857
3003, 158.1503, 0.0063231
3004, 70.88026, 0.0141083
3005, 70.99046, 0.0140864
3006, 70.5801, 0.0141683
3007, 73.9935, 0.0135147
3008, 71.85147, 0.0139176
3009, 71.83392, 0.013921
3010, 71.45511, 0.0139948
3011, 70.75238, 0.0141338
3012, 27.69845, 0.0361031
3013, 166.1047, 0.0060203
3014, 76.70477, 0.013037
3015, 69.69321, 0.0143486
3016, 70.64542, 0.0141552
3017, 69.76225, 0.0143344
3018, 26.6269, 0.037556
3019, 34.53086, 0.0289596
3020, 24.96792, 0.0400514
3021, 9.956539, 0.1004365
3022, 61.82456, 0.0161748
3023, 27.16505, 0.036812
3024, 56.51825, 0.0176934
3025, 69.84753, 0.0143169
3026, 71.14805, 0.0140552
3027, 73.25739, 0.0136505
3028, 70.82705, 0.0141189
3029, 72.6591, 0.0137629
3030, 66.91022, 0.0149454
3031, 75.84894, 0.0131841
3032, 73.15182, 0.0136702
3033, 71.61785, 0.013963
3034, 70.5333, 0.0141777
3035, 73.3283, 0.0136373
3036, 70.7654, 0.0141312
3037, 72.7802, 0.01374
3038, 70.65939, 0.0141524
3039, 73.43168, 0.0136181
3040, 69.94915, 0.0142961
3041, 71.61579, 0.0139634
3042, 72.43018, 0.0138064
3043, 69.2703, 0.0144362
3044, 61.78713, 0.0161846
3045, 85.73608, 0.0116637
3046, 73.65397, 0.013577
3047, 72.88843, 0.0137196
3048, 75.50133, 0.0132448
3049, 71.58504, 0.0139694
3050, 71.60195, 0.0139661
3051, 68.63795, 0.0145692
3052, 74.91759, 0.013348
3053, 67.68281, 0.0147748
3054, 73.97598, 0.0135179
3055, 72.33378, 0.0138248
3056, 56.27969, 0.0177684
3057, 29.79179, 0.0335663
3058, 150.1953, 0.006658
3059, 92.96099, 0.0107572
3060, 22.78911, 0.0438806
