Frame, FPS, Frame Time
1, 50, 0.02
2, 50, 0.02
3, 3, 0.3333333
4, 5.705356, 0.1752739
5, 47.16959, 0.0212001
6, 72.01291, 0.0138864
7, 71.81483, 0.0139247
8, 72.52841, 0.0137877
9, 72.27836, 0.0138354
10, 73.41119, 0.0136219
11, 71.76587, 0.0139342
12, 70.26716, 0.0142314
13, 72.15684, 0.0138587
14, 72.07051, 0.0138753
15, 72.53735, 0.013786
16, 72.39137, 0.0138138
17, 70.99399, 0.0140857
18, 70.95268, 0.0140939
19, 73.55321, 0.0135956
20, 71.86231, 0.0139155
21, 71.70978, 0.0139451
22, 71.85767, 0.0139164
23, 72.3898, 0.0138141
24, 71.54202, 0.0139778
25, 71.3511, 0.0140152
26, 71.65993, 0.0139548
27, 71.59477, 0.0139675
28, 71.82463, 0.0139228
29, 72.44172, 0.0138042
30, 17.9471, 0.0557193
31, 70.90489, 0.0141034
32, 72.48688, 0.0137956
33, 72.84754, 0.0137273
34, 70.67487, 0.0141493
35, 72.74526, 0.0137466
36, 72.50423, 0.0137923
37, 71.13589, 0.0140576
38, 72.2606, 0.0138388
39, 72.14278, 0.0138614
40, 71.47146, 0.0139916
41, 71.49393, 0.0139872
42, 72.51106, 0.013791
43, 72.01601, 0.0138858
44, 71.39134, 0.0140073
45, 71.75197, 0.0139369
46, 71.63529, 0.0139596
47, 35.95053, 0.027816
48, 72.03728, 0.0138817
49, 72.2841, 0.0138343
50, 71.53025, 0.0139801
51, 70.15919, 0.0142533
52, 50.13612, 0.0199457
53, 50.76812, 0.0196974
54, 11.35141, 0.0880948
55, 64.41515, 0.0155243
56, 73.19787, 0.0136616
57, 57.431, 0.0174122
58, 56.47675, 0.0177064
59, 19.88732, 0.0502833
60, 28.44562, 0.0351548
61, 39.17927, 0.0255237
62, 65.02543, 0.0153786
63, 78.75442, 0.0126977
64, 93.56025, 0.0106883
65, 71.04089, 0.0140764
66, 69.89292, 0.0143076
67, 67.68831, 0.0147736
68, 74.04171, 0.0135059
69, 72.33587, 0.0138244
70, 73.17858, 0.0136652
71, 71.38778, 0.014008
72, 70.00644, 0.0142844
73, 72.91021, 0.0137155
74, 71.04947, 0.0140747
75, 71.63426, 0.0139598
76, 72.34267, 0.0138231
77, 73.88799, 0.013534
78, 66.55972, 0.0150241
79, 71.05199, 0.0140742
80, 33.92947, 0.0294729
81, 84.24813, 0.0118697
82, 72.02587, 0.0138839
83, 72.57948, 0.013778
84, 72.11833, 0.0138661
85, 68.1069, 0.0146828
86, 76.11682, 0.0131377
87, 70.74688, 0.0141349
88, 73.08018, 0.0136836
89, 72.72251, 0.0137509
90, 71.27482, 0.0140302
91, 71.67482, 0.0139519
92, 71.72932, 0.0139413
93, 71.19312, 0.0140463
94, 72.01498, 0.013886
95, 70.27111, 0.0142306
96, 70.20204, 0.0142446
97, 70.43791, 0.0141969
98, 59.06395, 0.0169308
99, 99.22604, 0.010078
100, 72.65963, 0.0137628
101, 57.17618, 0.0174898
102, 93.46231, 0.0106995
103, 74.55732, 0.0134125
104, 70.66638, 0.014151
105, 72.94851, 0.0137083
106, 71.38879, 0.0140078
107, 71.49598, 0.0139868
108, 73.0679, 0.0136859
109, 68.02536, 0.0147004
110, 36.92994, 0.0270783
111, 67.85089, 0.0147382
112, 72.07935, 0.0138736
113, 71.98232, 0.0138923
114, 70.8115, 0.014122
115, 72.94585, 0.0137088
116, 70.82053, 0.0141202
117, 71.17286, 0.0140503
118, 60.03626, 0.0166566
119, 33.97085, 0.029437
120, 78.35271, 0.0127628
121, 88.81389, 0.0112595
122, 78.79848, 0.0126906
123, 70.83157, 0.014118
124, 51.76091, 0.0193196
125, 26.99908, 0.0370383
126, 61.8743, 0.0161618
127, 91.87546, 0.0108843
128, 66.87487, 0.0149533
129, 65.03262, 0.0153769
130, 87.21818, 0.0114655
131, 72.13654, 0.0138626
132, 68.29901, 0.0146415
133, 68.89852, 0.0145141
134, 74.91534, 0.0133484
135, 71.67842, 0.0139512
136, 72.11729, 0.0138663
137, 72.70295, 0.0137546
138, 71.89176, 0.0139098
139, 71.03837, 0.0140769
140, 72.09857, 0.0138699
141, 74.37377, 0.0134456
142, 3, 0.3333333
143, 64.36995, 0.0155352
144, 87.75086, 0.0113959
145, 73.99076, 0.0135152
146, 71.44286, 0.0139972
147, 72.11885, 0.013866
148, 71.65017, 0.0139567
149, 71.62554, 0.0139615
150, 71.64606, 0.0139575
151, 71.08179, 0.0140683
152, 69.37315, 0.0144148
153, 71.29972, 0.0140253
154, 72.38509, 0.013815
155, 71.52462, 0.0139812
156, 71.37555, 0.0140104
157, 72.52052, 0.0137892
158, 71.7463, 0.013938
159, 69.59911, 0.014368
160, 72.97565, 0.0137032
161, 71.36893, 0.0140117
162, 71.92175, 0.013904
163, 72.65963, 0.0137628
164, 70.57014, 0.0141703
165, 73.23915, 0.0136539
166, 72.16413, 0.0138573
167, 71.7355, 0.0139401
168, 69.73403, 0.0143402
169, 74.32016, 0.0134553
170, 70.63594, 0.0141571
171, 71.21696, 0.0140416
172, 73.12508, 0.0136752
173, 71.42347, 0.014001
174, 69.27174, 0.0144359
175, 64.9857, 0.015388
176, 79.73909, 0.0125409
177, 66.77529, 0.0149756
178, 83.94614, 0.0119124
179, 69.81583, 0.0143234
180, 71.8267, 0.0139224
181, 72.44067, 0.0138044
182, 72.09286, 0.013871
183, 69.63206, 0.0143612
184, 63.73811, 0.0156892
185, 72.1881, 0.0138527
186, 82.63643, 0.0121012
187, 70.17987, 0.0142491
188, 71.8004, 0.0139275
189, 74.27213, 0.013464
190, 72.07675, 0.0138741
191, 70.3918, 0.0142062
192, 70.29729, 0.0142253
193, 67.32601, 0.0148531
194, 80.40588, 0.0124369
195, 72.41077, 0.0138101
196, 71.31599, 0.0140221
197, 64.15273, 0.0155878
198, 82.22129, 0.0121623
199, 71.84528, 0.0139188
200, 73.5332, 0.0135993
201, 66.85967, 0.0149567
202, 79.30151, 0.0126101
203, 69.98489, 0.0142888
204, 74.21756, 0.0134739
205, 71.92485, 0.0139034
206, 67.95186, 0.0147163
207, 72.48267, 0.0137964
208, 71.30074, 0.0140251
209, 71.34347, 0.0140167
210, 72.64486, 0.0137656
211, 71.33329, 0.0140187
212, 71.73653, 0.0139399
213, 75.0379, 0.0133266
214, 71.72417, 0.0139423
215, 72.00979, 0.013887
216, 71.9083, 0.0139066
217, 68.82028, 0.0145306
218, 73.94426, 0.0135237
219, 69.41119, 0.0144069
220, 75.90881, 0.0131737
221, 71.144, 0.014056
222, 63.58168, 0.0157278
223, 73.43816, 0.0136169
224, 80.75262, 0.0123835
225, 72.36623, 0.0138186
226, 71.18046, 0.0140488
227, 71.98129, 0.0138925
228, 63.30837, 0.0157957
229, 69.3438, 0.0144209
230, 85.43723, 0.0117045
231, 72.61636, 0.013771
232, 71.65428, 0.0139559
233, 71.27736, 0.0140297
234, 70.70436, 0.0141434
235, 70.42651, 0.0141992
236, 71.71029, 0.013945
237, 72.10689, 0.0138683
238, 74.51509, 0.0134201
239, 69.03598, 0.0144852
240, 69.42999, 0.014403
241, 77.46053, 0.0129098
242, 70.38586, 0.0142074
243, 69.91149, 0.0143038
244, 71.88556, 0.013911
245, 75.56466, 0.0132337
246, 72.21572, 0.0138474
247, 71.84528, 0.0139188
248, 71.66199, 0.0139544
249, 72.14071, 0.0138618
250, 71.50467, 0.0139851
251, 71.26162, 0.0140328
252, 71.74374, 0.0139385
253, 72.66228, 0.0137623
254, 71.35976, 0.0140135
255, 72.07259, 0.0138749
256, 71.01566, 0.0140814
257, 72.53157, 0.0137871
258, 71.46328, 0.0139932
259, 71.91968, 0.0139044
260, 71.98388, 0.013892
261, 71.9932, 0.0138902
262, 71.61785, 0.013963
263, 71.60297, 0.0139659
264, 69.21373, 0.014448
265, 70.42899, 0.0141987
266, 71.62914, 0.0139608
267, 62.92316, 0.0158924
268, 80.55032, 0.0124146
269, 74.5462, 0.0134145
270, 71.21696, 0.0140416
271, 72.48793, 0.0137954
272, 71.98958, 0.0138909
273, 72.31442, 0.0138285
274, 71.93054, 0.0139023
275, 51.77511, 0.0193143
276, 126.0811, 0.0079314
277, 68.68132, 0.01456
278, 75.40568, 0.0132616
279, 71.50365, 0.0139853
280, 62.08365, 0.0161073
281, 65.73196, 0.0152133
282, 75.18062, 0.0133013
283, 69.52797, 0.0143827
284, 80.53281, 0.0124173
285, 82.40083, 0.0121358
286, 67.7594, 0.0147581
287, 66.95233, 0.014936
288, 82.60572, 0.0121057
289, 72.22407, 0.0138458
290, 71.66712, 0.0139534
291, 72.33221, 0.0138251
292, 71.64042, 0.0139586
293, 71.97351, 0.013894
294, 70.95117, 0.0140942
295, 71.70206, 0.0139466
296, 72.28828, 0.0138335
297, 70.53082, 0.0141782
298, 73.38211, 0.0136273
299, 72.24024, 0.0138427
300, 68.20399, 0.0146619
301, 62.7148, 0.0159452
302, 72.89639, 0.0137181
303, 69.64855, 0.0143578
304, 74.33839, 0.013452
305, 72.31338, 0.0138287
306, 74.5412, 0.0134154
307, 81.36299, 0.0122906
308, 72.03677, 0.0138818
309, 72.15893, 0.0138583
310, 71.80142, 0.0139273
311, 71.71338, 0.0139444
312, 71.74322, 0.0139386
313, 72.23659, 0.0138434
314, 70.98391, 0.0140877
315, 70.69586, 0.0141451
316, 73.69196, 0.01357
317, 68.90374, 0.014513
318, 74.91984, 0.0133476
319, 72.33849, 0.0138239
320, 71.92485, 0.0139034
321, 71.78648, 0.0139302
322, 68.86198, 0.0145218
323, 75.20324, 0.0132973
324, 71.8071, 0.0139262
325, 71.68407, 0.0139501
326, 71.78493, 0.0139305
327, 71.68407, 0.0139501
328, 71.77308, 0.0139328
329, 71.02929, 0.0140787
330, 69.77345, 0.0143321
331, 71.64606, 0.0139575
332, 72.06065, 0.0138772
333, 71.55123, 0.013976
334, 71.44184, 0.0139974
335, 71.23218, 0.0140386
336, 73.51427, 0.0136028
337, 74.19664, 0.0134777
338, 72.08298, 0.0138729
339, 71.00155, 0.0140842
340, 72.28777, 0.0138336
341, 72.87568, 0.013722
342, 71.53997, 0.0139782
343, 72.02898, 0.0138833
344, 71.5876, 0.0139689
345, 71.79678, 0.0139282
346, 71.88659, 0.0139108
347, 71.95798, 0.013897
348, 71.95901, 0.0138968
349, 72.06532, 0.0138763
350, 70.63594, 0.0141571
351, 72.80299, 0.0137357
352, 72.48951, 0.0137951
353, 71.77051, 0.0139333
354, 71.49393, 0.0139872
355, 72.01913, 0.0138852
356, 71.97247, 0.0138942
357, 71.12628, 0.0140595
358, 71.67431, 0.013952
359, 72.04404, 0.0138804
360, 69.89048, 0.0143081
361, 74.4258, 0.0134362
362, 71.20681, 0.0140436
363, 71.12527, 0.0140597
364, 73.43654, 0.0136172
365, 71.53485, 0.0139792
366, 71.42245, 0.0140012
367, 71.9673, 0.0138952
368, 71.96264, 0.0138961
369, 69.979, 0.01429
370, 73.84434, 0.013542
371, 71.10707, 0.0140633
372, 72.57895, 0.0137781
373, 71.56198, 0.0139739
374, 71.84012, 0.0139198
375, 71.45, 0.0139958
376, 72.15112, 0.0138598
377, 71.19464, 0.014046
378, 71.87936, 0.0139122
379, 72.40081, 0.013812
380, 72.00201, 0.0138885
381, 71.07068, 0.0140705
382, 72.03262, 0.0138826
383, 72.23816, 0.0138431
384, 71.28803, 0.0140276
385, 72.25747, 0.0138394
386, 71.49649, 0.0139867
387, 71.95901, 0.0138968
388, 72.00098, 0.0138887
389, 71.74991, 0.0139373
390, 71.88142, 0.0139118
391, 72.01394, 0.0138862
392, 71.41429, 0.0140028
393, 71.02676, 0.0140792
394, 73.15824, 0.013669
395, 71.84269, 0.0139193
396, 71.91761, 0.0139048
397, 71.61785, 0.013963
398, 71.81483, 0.0139247
399, 71.88969, 0.0139102
400, 71.57889, 0.0139706
401, 71.95332, 0.0138979
402, 71.42551, 0.0140006
403, 70.87926, 0.0141085
404, 72.8539, 0.0137261
405, 70.79044, 0.0141262
406, 72.60055, 0.013774
407, 71.35925, 0.0140136
408, 72.20998, 0.0138485
409, 72.14799, 0.0138604
410, 71.29414, 0.0140264
411, 71.85147, 0.0139176
412, 72.23607, 0.0138435
413, 71.2134, 0.0140423
414, 72.33012, 0.0138255
415, 71.29414, 0.0140264
416, 72.25538, 0.0138398
417, 71.65172, 0.0139564
418, 71.6317, 0.0139603
419, 72.02483, 0.0138841
420, 71.39848, 0.0140059
421, 72.38561, 0.0138149
422, 71.75712, 0.0139359
423, 68.7238, 0.014551
424, 75.78571, 0.0131951
425, 71.28194, 0.0140288
426, 72.18653, 0.013853
427, 62.55161, 0.0159868
428, 52.91229, 0.0188992
429, 151.888, 0.0065838
430, 71.57172, 0.013972
431, 71.8494, 0.013918
432, 71.56352, 0.0139736
433, 71.54765, 0.0139767
434, 71.04038, 0.0140765
435, 72.83321, 0.01373
436, 71.89331, 0.0139095
437, 71.13387, 0.014058
438, 71.9818, 0.0138924
439, 71.8205, 0.0139236
440, 71.07977, 0.0140687
441, 72.12717, 0.0138644
442, 72.05338, 0.0138786
443, 71.07018, 0.0140706
444, 71.9673, 0.0138952
445, 65.57162, 0.0152505
446, 80.52762, 0.0124181
447, 71.40511, 0.0140046
448, 71.90054, 0.0139081
449, 72.1881, 0.0138527
450, 71.42142, 0.0140014
451, 71.31802, 0.0140217
452, 72.15945, 0.0138582
453, 71.54765, 0.0139767
454, 72.01601, 0.0138858
455, 71.99943, 0.013889
456, 35.35106, 0.0282877
457, 63.27072, 0.0158051
458, 86.3282, 0.0115837
459, 71.35365, 0.0140147
460, 66.91335, 0.0149447
461, 74.89402, 0.0133522
462, 75.46885, 0.0132505
463, 71.33075, 0.0140192
464, 70.9552, 0.0140934
465, 71.21239, 0.0140425
466, 73.37026, 0.0136295
467, 71.65839, 0.0139551
468, 71.70052, 0.0139469
469, 70.99953, 0.0140846
470, 72.23346, 0.013844
471, 71.21239, 0.0140425
472, 72.08765, 0.013872
473, 71.81483, 0.0139247
474, 71.74579, 0.0139381
475, 71.973, 0.0138941
476, 70.36208, 0.0142122
477, 73.21394, 0.0136586
478, 72.2439, 0.013842
479, 71.43877, 0.013998
480, 71.4449, 0.0139968
481, 71.76124, 0.0139351
482, 71.33736, 0.0140179
483, 71.83392, 0.013921
484, 72.57316, 0.0137792
485, 71.43725, 0.0139983
486, 72.20477, 0.0138495
487, 71.26517, 0.0140321
488, 72.00616, 0.0138877
489, 71.74167, 0.0139389
490, 72.29456, 0.0138323
491, 71.68459, 0.01395
492, 71.8525, 0.0139174
493, 71.27533, 0.0140301
494, 71.3338, 0.0140186
495, 72.37095, 0.0138177
496, 72.14227, 0.0138615
497, 71.5369, 0.0139788
498, 70.48161, 0.0141881
499, 73.22413, 0.0136567
500, 71.61067, 0.0139644
501, 71.13792, 0.0140572
502, 72.1433, 0.0138613
503, 72.06429, 0.0138765
504, 71.68099, 0.0139507
505, 71.23065, 0.0140389
506, 72.19226, 0.0138519
507, 71.29921, 0.0140254
508, 72.59634, 0.0137748
509, 71.09291, 0.0140661
510, 71.10302, 0.0140641
511, 72.44225, 0.0138041
512, 72.24442, 0.0138419
513, 71.4097, 0.0140037
514, 72.62744, 0.0137689
515, 71.51899, 0.0139823
516, 70.74688, 0.0141349
517, 72.82844, 0.0137309
518, 72.04352, 0.0138805
519, 71.47707, 0.0139905
520, 72.0015, 0.0138886
521, 70.84361, 0.0141156
522, 72.44277, 0.013804
523, 71.79266, 0.013929
524, 71.72212, 0.0139427
525, 71.75506, 0.0139363
526, 71.80865, 0.0139259
527, 69.62576, 0.0143625
528, 73.5478, 0.0135966
529, 51.84033, 0.01929
530, 118.6521, 0.008428
531, 71.52257, 0.0139816
532, 61.8521, 0.0161676
533, 85.99118, 0.0116291
534, 71.8494, 0.013918
535, 71.44745, 0.0139963
536, 71.8236, 0.013923
537, 71.79627, 0.0139283
538, 71.83856, 0.0139201
539, 71.9989, 0.0138891
540, 71.80091, 0.0139274
541, 71.57787, 0.0139708
542, 71.79111, 0.0139293
543, 72.31233, 0.0138289
544, 71.83598, 0.0139206
545, 71.57838, 0.0139707
546, 71.51081, 0.0139839
547, 71.7355, 0.0139401
548, 72.1506, 0.0138599
549, 71.44643, 0.0139965
550, 71.86128, 0.0139157
551, 71.73241, 0.0139407
552, 71.55276, 0.0139757
553, 71.46278, 0.0139933
554, 72.1834, 0.0138536
555, 72.63799, 0.0137669
556, 71.25146, 0.0140348
557, 71.55021, 0.0139762
558, 72.06376, 0.0138766
559, 72.14539, 0.0138609
560, 71.44592, 0.0139966
561, 71.52922, 0.0139803
562, 72.3275, 0.013826
563, 72.06116, 0.0138771
564, 71.43265, 0.0139992
565, 71.73035, 0.0139411
566, 72.0072, 0.0138875
567, 71.67226, 0.0139524
568, 71.89124, 0.0139099
569, 71.85405, 0.0139171
570, 70.18283, 0.0142485
571, 71.97766, 0.0138932
572, 73.39396, 0.0136251
573, 70.97937, 0.0140886
574, 72.64539, 0.0137655
575, 71.87936, 0.0139122
576, 72.01031, 0.0138869
577, 71.01214, 0.0140821
578, 71.50365, 0.0139853
579, 72.28724, 0.0138337
580, 71.75712, 0.0139359
581, 71.88608, 0.0139109
582, 71.58298, 0.0139698
583, 72.44067, 0.0138044
584, 71.60708, 0.0139651
585, 70.70586, 0.0141431
586, 72.76962, 0.013742
587, 72.39033, 0.013814
588, 71.49189, 0.0139876
589, 71.70515, 0.013946
590, 71.83237, 0.0139213
591, 71.64504, 0.0139577
592, 70.31212, 0.0142223
593, 73.07057, 0.0136854
594, 71.83443, 0.0139209
595, 71.77721, 0.013932
596, 71.59888, 0.0139667
597, 71.74374, 0.0139385
598, 71.93106, 0.0139022
599, 72.50843, 0.0137915
600, 71.53127, 0.0139799
601, 71.54202, 0.0139778
602, 72.23659, 0.0138434
603, 71.69898, 0.0139472
604, 71.26162, 0.0140328
605, 71.9052, 0.0139072
606, 72.60003, 0.0137741
607, 71.59324, 0.0139678
608, 71.71132, 0.0139448
609, 71.36689, 0.0140121
610, 71.07573, 0.0140695
611, 72.80935, 0.0137345
612, 71.63273, 0.0139601
613, 71.63477, 0.0139597
614, 72.26791, 0.0138374
615, 71.18248, 0.0140484
616, 71.29311, 0.0140266
617, 71.62246, 0.0139621
618, 73.26866, 0.0136484
619, 71.36078, 0.0140133
620, 71.75969, 0.0139354
621, 71.94969, 0.0138986
622, 71.73447, 0.0139403
623, 71.96523, 0.0138956
624, 71.97559, 0.0138936
625, 71.34143, 0.0140171
626, 71.23827, 0.0140374
627, 71.71081, 0.0139449
628, 72.35052, 0.0138216
629, 72.01653, 0.0138857
630, 71.74528, 0.0139382
631, 72.0565, 0.013878
632, 71.51643, 0.0139828
633, 71.97766, 0.0138932
634, 71.71029, 0.013945
635, 71.64145, 0.0139584
636, 71.79163, 0.0139292
637, 69.73987, 0.014339
638, 74.26276, 0.0134657
639, 72.37566, 0.0138168
640, 71.48321, 0.0139893
641, 71.92434, 0.0139035
642, 71.92382, 0.0139036
643, 71.5103, 0.013984
644, 72.02172, 0.0138847
645, 71.78442, 0.0139306
646, 71.34602, 0.0140162
647, 72.30553, 0.0138302
648, 71.11566, 0.0140616
649, 72.30658, 0.01383
650, 71.5369, 0.0139788
651, 72.16309, 0.0138575
652, 71.81483, 0.0139247
653, 71.45818, 0.0139942
654, 72.07051, 0.0138753
655, 71.6394, 0.0139588
656, 72.01757, 0.0138855
657, 70.6579, 0.0141527
658, 72.83852, 0.013729
659, 71.08078, 0.0140685
660, 71.51746, 0.0139826
661, 73.06897, 0.0136857
662, 71.12022, 0.0140607
663, 72.33325, 0.0138249
664, 71.89227, 0.0139097
665, 71.66763, 0.0139533
666, 71.89745, 0.0139087
667, 71.7494, 0.0139374
668, 71.85715, 0.0139165
669, 71.03584, 0.0140774
670, 72.62164, 0.01377
671, 72.04559, 0.0138801
672, 71.65017, 0.0139567
673, 71.67791, 0.0139513
674, 71.69692, 0.0139476
675, 71.66506, 0.0139538
676, 71.88711, 0.0139107
677, 71.52053, 0.013982
678, 71.76948, 0.0139335
679, 71.86903, 0.0139142
680, 71.85353, 0.0139172
681, 71.17995, 0.0140489
682, 71.84734, 0.0139184
683, 72.43752, 0.013805
684, 72.0648, 0.0138764
685, 71.45306, 0.0139952
686, 72.10273, 0.0138691
687, 72.03054, 0.013883
688, 71.34449, 0.0140165
689, 70.99449, 0.0140856
690, 72.24076, 0.0138426
691, 72.45484, 0.0138017
692, 70.98794, 0.0140869
693, 72.11625, 0.0138665
694, 72.31442, 0.0138285
695, 71.70103, 0.0139468
696, 71.84888, 0.0139181
697, 71.76021, 0.0139353
698, 71.2982, 0.0140256
699, 71.12376, 0.01406
700, 71.20479, 0.014044
701, 73.2939, 0.0136437
702, 72.43858, 0.0138048
703, 71.51848, 0.0139824
704, 71.70206, 0.0139466
705, 71.85043, 0.0139178
706, 72.22355, 0.0138459
707, 71.62759, 0.0139611
708, 71.61887, 0.0139628
709, 72.00876, 0.0138872
710, 70.86168, 0.014112
711, 72.7569, 0.0137444
712, 72.17663, 0.0138549
713, 71.27686, 0.0140298
714, 71.05351, 0.0140739
715, 72.24181, 0.0138424
716, 72.08247, 0.013873
717, 72.08454, 0.0138726
718, 71.05452, 0.0140737
719, 72.09441, 0.0138707
720, 72.05441, 0.0138784
721, 71.25095, 0.0140349
722, 72.32384, 0.0138267
723, 72.01342, 0.0138863
724, 71.89951, 0.0139083
725, 70.0545, 0.0142746
726, 73.58406, 0.0135899
727, 71.85612, 0.0139167
728, 71.60246, 0.013966
729, 71.52564, 0.013981
730, 72.08454, 0.0138726
731, 71.19363, 0.0140462
732, 72.2152, 0.0138475
733, 71.1278, 0.0140592
734, 72.91606, 0.0137144
735, 71.73447, 0.0139403
736, 70.86419, 0.0141115
737, 72.21312, 0.0138479
738, 72.41287, 0.0138097
739, 71.50519, 0.013985
740, 71.71389, 0.0139443
741, 71.54099, 0.013978
742, 70.51042, 0.0141823
743, 73.00496, 0.0136977
744, 72.27104, 0.0138368
745, 72.13966, 0.013862
746, 71.34907, 0.0140156
747, 71.24486, 0.0140361
748, 72.67759, 0.0137594
749, 71.46839, 0.0139922
750, 72.2486, 0.0138411
751, 71.56301, 0.0139737
752, 72.14174, 0.0138616
753, 71.28346, 0.0140285
754, 71.81844, 0.013924
755, 71.69846, 0.0139473
756, 72.07986, 0.0138735
757, 72.01083, 0.0138868
758, 71.01214, 0.0140821
759, 72.43962, 0.0138046
760, 71.65736, 0.0139553
761, 71.60297, 0.0139659
762, 71.48729, 0.0139885
763, 72.30605, 0.0138301
764, 71.81638, 0.0139244
765, 71.40256, 0.0140051
766, 71.49496, 0.013987
767, 72.34634, 0.0138224
768, 71.98854, 0.0138911
769, 71.20428, 0.0140441
770, 72.21468, 0.0138476
771, 71.94296, 0.0138999
772, 71.89641, 0.0139089
773, 71.85508, 0.0139169
774, 71.89435, 0.0139093
775, 71.81329, 0.013925
776, 71.64761, 0.0139572
777, 71.58401, 0.0139696
778, 72.4328, 0.0138059
779, 71.91813, 0.0139047
780, 71.22304, 0.0140404
781, 71.52564, 0.013981
782, 71.7973, 0.0139281
783, 72.17351, 0.0138555
784, 71.70412, 0.0139462
785, 71.63991, 0.0139587
786, 72.53157, 0.0137871
787, 71.9233, 0.0139037
788, 71.46278, 0.0139933
789, 71.8556, 0.0139168
790, 71.75042, 0.0139372
791, 71.87264, 0.0139135
792, 71.71852, 0.0139434
793, 70.98138, 0.0140882
794, 73.26168, 0.0136497
795, 70.85265, 0.0141138
796, 72.96713, 0.0137048
797, 71.46226, 0.0139934
798, 71.74167, 0.0139389
799, 71.84888, 0.0139181
800, 71.60657, 0.0139652
801, 71.65428, 0.0139559
802, 72.0461, 0.01388
803, 71.70772, 0.0139455
804, 71.91037, 0.0139062
805, 71.9958, 0.0138897
806, 71.52922, 0.0139803
807, 71.4689, 0.0139921
808, 72.5742, 0.013779
809, 71.55994, 0.0139743
810, 71.99424, 0.01389
811, 71.53997, 0.0139782
812, 71.96108, 0.0138964
813, 71.76845, 0.0139337
814, 72.04819, 0.0138796
815, 71.52718, 0.0139807
816, 72.49108, 0.0137948
817, 70.59953, 0.0141644
818, 73.21448, 0.0136585
819, 71.08179, 0.0140683
820, 72.29456, 0.0138323
821, 71.55072, 0.0139761
822, 71.97144, 0.0138944
823, 71.83546, 0.0139207
824, 71.44082, 0.0139976
825, 71.61887, 0.0139628
826, 71.74219, 0.0139388
827, 72.01083, 0.0138868
828, 72.12302, 0.0138652
829, 71.79266, 0.013929
830, 71.55482, 0.0139753
831, 72.39924, 0.0138123
832, 71.88763, 0.0139106
833, 71.54765, 0.0139767
834, 72.17142, 0.0138559
835, 71.58862, 0.0139687
836, 72.03469, 0.0138822
837, 70.95369, 0.0140937
838, 72.88948, 0.0137194
839, 71.52871, 0.0139804
840, 71.79318, 0.0139289
841, 70.98643, 0.0140872
842, 72.34843, 0.013822
843, 71.97507, 0.0138937
844, 71.84063, 0.0139197
845, 71.39695, 0.0140062
846, 71.49342, 0.0139873
847, 72.37042, 0.0138178
848, 71.66301, 0.0139542
849, 72.12769, 0.0138643
850, 71.86024, 0.0139159
851, 71.78854, 0.0139298
852, 71.08938, 0.0140668
853, 72.68392, 0.0137582
854, 71.9202, 0.0139043
855, 71.5794, 0.0139705
856, 71.81689, 0.0139243
857, 71.50314, 0.0139854
858, 71.53946, 0.0139783
859, 73.32239, 0.0136384
860, 71.71749, 0.0139436
861, 71.27126, 0.0140309
862, 72.00253, 0.0138884
863, 71.21087, 0.0140428
864, 71.32871, 0.0140196
865, 72.676, 0.0137597
866, 72.20477, 0.0138495
867, 71.32464, 0.0140204
868, 72.15945, 0.0138582
869, 71.73344, 0.0139405
870, 71.83908, 0.01392
871, 72.0887, 0.0138718
872, 72.23502, 0.0138437
873, 71.20782, 0.0140434
874, 71.40766, 0.0140041
875, 72.43752, 0.013805
876, 71.1759, 0.0140497
877, 72.3343, 0.0138247
878, 71.64709, 0.0139573
879, 71.48167, 0.0139896
880, 71.88453, 0.0139112
881, 72.11002, 0.0138677
882, 71.55379, 0.0139755
883, 72.25277, 0.0138403
884, 72.00357, 0.0138882
885, 71.30836, 0.0140236
886, 72.29874, 0.0138315
887, 71.74734, 0.0139378
888, 51.68199, 0.0193491
889, 117.8481, 0.0084855
890, 71.4097, 0.0140037
891, 71.96989, 0.0138947
892, 72.33587, 0.0138244
893, 71.24334, 0.0140364
894, 71.57223, 0.0139719
895, 72.40343, 0.0138115
896, 71.65891, 0.013955
897, 72.03988, 0.0138812
898, 71.59528, 0.0139674
899, 71.70875, 0.0139453
900, 71.58811, 0.0139688
901, 71.58965, 0.0139685
902, 72.84276, 0.0137282
903, 71.5497, 0.0139763
904, 72.21468, 0.0138476
905, 71.60297, 0.0139659
906, 71.4449, 0.0139968
907, 72.36152, 0.0138195
908, 71.52155, 0.0139818
909, 71.70052, 0.0139469
910, 72.09286, 0.013871
911, 71.54356, 0.0139775
912, 70.85164, 0.014114
913, 72.8486, 0.0137271
914, 71.6815, 0.0139506
915, 72.07156, 0.0138751
916, 71.23827, 0.0140374
917, 71.85612, 0.0139167
918, 72.17663, 0.0138549
919, 71.37045, 0.0140114
920, 72.54472, 0.0137846
921, 71.7319, 0.0139408
922, 71.425, 0.0140007
923, 72.31913, 0.0138276
924, 71.85302, 0.0139173
925, 71.84888, 0.0139181
926, 71.94659, 0.0138992
927, 71.65223, 0.0139563
928, 71.5584, 0.0139746
929, 72.03365, 0.0138824
930, 72.12457, 0.0138649
931, 71.3399, 0.0140174
932, 71.25908, 0.0140333
933, 72.26896, 0.0138372
934, 71.74991, 0.0139373
935, 72.42651, 0.0138071
936, 71.55584, 0.0139751
937, 72.09702, 0.0138702
938, 72.0155, 0.0138859
939, 71.5103, 0.013984
940, 72.31024, 0.0138293
941, 71.27431, 0.0140303
942, 71.95746, 0.0138971
943, 72.2439, 0.013842
944, 70.90237, 0.0141039
945, 72.54841, 0.0137839
946, 72.14747, 0.0138605
947, 71.67226, 0.0139524
948, 71.49393, 0.0139872
949, 71.77514, 0.0139324
950, 71.67277, 0.0139523
951, 72.09753, 0.0138701
952, 71.30379, 0.0140245
953, 72.3024, 0.0138308
954, 71.41888, 0.0140019
955, 67.70985, 0.0147689
956, 72.61268, 0.0137717
957, 72.51421, 0.0137904
958, 71.59682, 0.0139671
959, 72.4286, 0.0138067
960, 71.96833, 0.013895
961, 74.70771, 0.0133855
962, 72.0404, 0.0138811
963, 71.96004, 0.0138966
964, 72.10689, 0.0138683
965, 70.98089, 0.0140883
966, 72.1558, 0.0138589
967, 71.74322, 0.0139386
968, 72.41129, 0.01381
969, 71.36129, 0.0140132
970, 72.12354, 0.0138651
971, 71.10858, 0.014063
972, 71.84734, 0.0139184
973, 71.74579, 0.0139381
974, 72.4412, 0.0138043
975, 70.56715, 0.0141709
976, 69.89243, 0.0143077
977, 69.8939, 0.0143074
978, 71.49393, 0.0139872
979, 71.61426, 0.0139637
980, 74.3865, 0.0134433
981, 70.67038, 0.0141502
982, 72.97246, 0.0137038
983, 69.75835, 0.0143352
984, 62.74746, 0.0159369
985, 69.61752, 0.0143642
986, 69.56667, 0.0143747
987, 77.68076, 0.0128732
988, 83.26325, 0.0120101
989, 74.49899, 0.013423
990, 70.8426, 0.0141158
991, 70.77391, 0.0141295
992, 72.74473, 0.0137467
993, 72.3961, 0.0138129
994, 71.49496, 0.013987
995, 75.64182, 0.0132202
996, 67.7016, 0.0147707
997, 71.7067, 0.0139457
998, 72.98844, 0.0137008
999, 72.14278, 0.0138614
1000, 68.99454, 0.0144939
1001, 75.56808, 0.0132331
1002, 70.33882, 0.0142169
1003, 72.06584, 0.0138762
1004, 70.9693, 0.0140906
1005, 72.70982, 0.0137533
1006, 71.98854, 0.0138911
1007, 72.14539, 0.0138609
1008, 69.56812, 0.0143744
1009, 71.01617, 0.0140813
1010, 73.87434, 0.0135365
1011, 71.27075, 0.014031
1012, 77.25826, 0.0129436
1013, 70.96124, 0.0140922
1014, 72.23763, 0.0138432
1015, 71.83289, 0.0139212
1016, 71.93003, 0.0139024
1017, 68.61723, 0.0145736
1018, 69.41986, 0.0144051
1019, 73.6003, 0.0135869
1020, 60.8217, 0.0164415
1021, 76.01383, 0.0131555
1022, 83.72684, 0.0119436
1023, 72.10689, 0.0138683
1024, 70.8672, 0.0141109
1025, 72.383, 0.0138154
1026, 60.91061, 0.0164175
1027, 87.5695, 0.0114195
1028, 71.37351, 0.0140108
1029, 72.34738, 0.0138222
1030, 71.95073, 0.0138984
1031, 74.43079, 0.0134353
1032, 72.00668, 0.0138876
1033, 71.52718, 0.0139807
1034, 72.64486, 0.0137656
1035, 71.56711, 0.0139729
1036, 65.13088, 0.0153537
1037, 69.80072, 0.0143265
1038, 83.13105, 0.0120292
1039, 71.40715, 0.0140042
1040, 72.02639, 0.0138838
1041, 65.48617, 0.0152704
1042, 66.87263, 0.0149538
1043, 86.48499, 0.0115627
1044, 71.5016, 0.0139857
1045, 72.21886, 0.0138468
1046, 72.383, 0.0138154
1047, 71.42857, 0.014
1048, 71.87471, 0.0139131
1049, 71.64915, 0.0139569
1050, 71.94348, 0.0138998
1051, 71.52001, 0.0139821
1052, 71.92537, 0.0139033
1053, 72.07311, 0.0138748
1054, 72.14487, 0.013861
1055, 71.16171, 0.0140525
1056, 72.15945, 0.0138582
1057, 71.25045, 0.014035
1058, 72.10689, 0.0138683
1059, 70.97282, 0.0140899
1060, 72.67442, 0.01376
1061, 71.79214, 0.0139291
1062, 71.65788, 0.0139552
1063, 72.10585, 0.0138685
1064, 71.90572, 0.0139071
1065, 71.58657, 0.0139691
1066, 71.77875, 0.0139317
1067, 72.17767, 0.0138547
1068, 71.56506, 0.0139733
1069, 71.8494, 0.013918
1070, 71.91141, 0.013906
1071, 71.8365, 0.0139205
1072, 71.40103, 0.0140054
1073, 72.48583, 0.0137958
1074, 71.9052, 0.0139072
1075, 71.64709, 0.0139573
1076, 72.22459, 0.0138457
1077, 71.14298, 0.0140562
1078, 71.83753, 0.0139203
1079, 72.34006, 0.0138236
1080, 70.925, 0.0140994
1081, 72.33221, 0.0138251
1082, 71.88453, 0.0139112
1083, 72.11885, 0.013866
1084, 71.35416, 0.0140146
1085, 69.85826, 0.0143147
1086, 70.59355, 0.0141656
1087, 72.09961, 0.0138697
1088, 71.50314, 0.0139854
1089, 61.37266, 0.0162939
1090, 84.22755, 0.0118726
1091, 75.46373, 0.0132514
1092, 69.76469, 0.0143339
1093, 70.34822, 0.014215
1094, 77.65723, 0.0128771
1095, 71.8236, 0.013923
1096, 71.98491, 0.0138918
1097, 71.42041, 0.0140016
1098, 71.89951, 0.0139083
1099, 68.58382, 0.0145807
1100, 71.45613, 0.0139946
1101, 71.79988, 0.0139276
1102, 72.67178, 0.0137605
1103, 71.14349, 0.0140561
1104, 69.3188, 0.0144261
1105, 72.7712, 0.0137417
1106, 73.65506, 0.0135768
1107, 72.62164, 0.01377
1108, 71.92692, 0.013903
1109, 71.65839, 0.0139551
1110, 71.79318, 0.0139289
1111, 72.4748, 0.0137979
1112, 74.8447, 0.013361
1113, 71.15868, 0.0140531
1114, 72.20425, 0.0138496
1115, 71.81999, 0.0139237
1116, 71.49445, 0.0139871
1117, 69.12952, 0.0144656
1118, 70.93909, 0.0140966
1119, 71.9585, 0.0138969
1120, 71.52103, 0.0139819
1121, 62.42548, 0.0160191
1122, 85.40221, 0.0117093
1123, 71.69538, 0.0139479
1124, 74.53675, 0.0134162
1125, 72.87302, 0.0137225
1126, 72.24233, 0.0138423
1127, 71.43877, 0.013998
1128, 72.12302, 0.0138652
1129, 71.31243, 0.0140228
1130, 68.85677, 0.0145229
1131, 71.52871, 0.0139804
1132, 72.36204, 0.0138194
1133, 73.60735, 0.0135856
1134, 72.61584, 0.0137711
1135, 71.58965, 0.0139685
1136, 72.62058, 0.0137702
1137, 71.66815, 0.0139532
1138, 71.78442, 0.0139306
1139, 72.03158, 0.0138828
1140, 71.81895, 0.0139239
1141, 69.31689, 0.0144265
1142, 74.71552, 0.0133841
1143, 68.55842, 0.0145861
1144, 71.60246, 0.013966
1145, 72.00047, 0.0138888
1146, 62.36669, 0.0160342
1147, 86.43565, 0.0115693
1148, 70.70436, 0.0141434
1149, 69.47484, 0.0143937
1150, 74.14658, 0.0134868
1151, 72.92563, 0.0137126
1152, 72.24702, 0.0138414
1153, 70.57512, 0.0141693
1154, 75.73577, 0.0132038
1155, 71.96471, 0.0138957
1156, 71.9409, 0.0139003
1157, 71.44337, 0.0139971
1158, 72.3411, 0.0138234
1159, 68.20351, 0.014662
1160, 62.50625, 0.0159984
1161, 77.09209, 0.0129715
1162, 78.16103, 0.0127941
1163, 66.37726, 0.0150654
1164, 82.54912, 0.012114
1165, 71.14855, 0.0140551
1166, 72.1459, 0.0138608
1167, 71.9528, 0.013898
1168, 71.48933, 0.0139881
1169, 69.96481, 0.0142929
1170, 71.54713, 0.0139768
1171, 72.22877, 0.0138449
1172, 71.21138, 0.0140427
1173, 74.91759, 0.013348
1174, 72.51526, 0.0137902
1175, 71.70721, 0.0139456
1176, 71.46328, 0.0139932
1177, 68.48142, 0.0146025
1178, 64.50697, 0.0155022
1179, 80.41559, 0.0124354
1180, 63.27592, 0.0158038
1181, 73.53535, 0.0135989
1182, 75.13261, 0.0133098
1183, 77.40836, 0.0129185
1184, 66.39092, 0.0150623
1185, 82.67879, 0.012095
1186, 72.21938, 0.0138467
1187, 70.63893, 0.0141565
1188, 73.07431, 0.0136847
1189, 71.15868, 0.0140531
1190, 71.73087, 0.013941
1191, 72.61214, 0.0137718
1192, 71.44286, 0.0139972
1193, 72.03313, 0.0138825
1194, 72.01187, 0.0138866
1195, 72.06947, 0.0138755
1196, 71.20428, 0.0140441
1197, 72.14383, 0.0138612
1198, 70.97131, 0.0140902
1199, 72.10897, 0.0138679
1200, 71.43929, 0.0139979
1201, 72.45852, 0.013801
1202, 67.70756, 0.0147694
1203, 63.59745, 0.0157239
1204, 72.02431, 0.0138842
1205, 75.66071, 0.0132169
1206, 82.95657, 0.0120545
1207, 68.6568, 0.0145652
1208, 65.57549, 0.0152496
1209, 83.54288, 0.0119699
1210, 72.04144, 0.0138809
1211, 71.65685, 0.0139554
1212, 71.45664, 0.0139945
1213, 72.48058, 0.0137968
1214, 71.32362, 0.0140206
1215, 72.9501, 0.013708
1216, 71.49701, 0.0139866
1217, 71.57787, 0.0139708
1218, 72.35052, 0.0138216
1219, 71.5917, 0.0139681
1220, 71.16374, 0.0140521
1221, 72.27418, 0.0138362
1222, 71.52001, 0.0139821
1223, 72.59265, 0.0137755
1224, 71.14045, 0.0140567
1225, 72.08454, 0.0138726
1226, 71.64196, 0.0139583
1227, 72.03158, 0.0138828
1228, 71.70309, 0.0139464
1229, 71.97559, 0.0138936
1230, 68.14031, 0.0146756
1231, 52.31877, 0.0191136
1232, 62.0032, 0.0161282
1233, 115.3043, 0.0086727
1234, 76.88937, 0.0130057
1235, 83.49615, 0.0119766
1236, 71.75506, 0.0139363
1237, 71.80865, 0.0139259
1238, 72.00772, 0.0138874
1239, 71.54048, 0.0139781
1240, 72.14643, 0.0138607
1241, 71.59324, 0.0139678
1242, 70.96376, 0.0140917
1243, 73.38372, 0.013627
1244, 68.74033, 0.0145475
1245, 61.17667, 0.0163461
1246, 74.67702, 0.013391
1247, 71.42092, 0.0140015
1248, 74.89515, 0.013352
1249, 83.72545, 0.0119438
1250, 68.93129, 0.0145072
1251, 65.53982, 0.0152579
1252, 82.88506, 0.0120649
1253, 71.36893, 0.0140117
1254, 72.61004, 0.0137722
1255, 71.69127, 0.0139487
1256, 71.68768, 0.0139494
1257, 71.93572, 0.0139013
1258, 71.96316, 0.013896
1259, 71.85198, 0.0139175
1260, 71.70875, 0.0139453
1261, 71.57325, 0.0139717
1262, 71.62452, 0.0139617
1263, 72.50896, 0.0137914
1264, 71.5794, 0.0139705
1265, 72.09026, 0.0138715
1266, 71.56711, 0.0139729
1267, 71.71646, 0.0139438
1268, 71.86954, 0.0139141
1269, 71.58043, 0.0139703
1270, 72.00824, 0.0138873
1271, 72.08922, 0.0138717
1272, 70.70036, 0.0141442
1273, 72.91447, 0.0137147
1274, 71.95642, 0.0138973
1275, 71.43265, 0.0139992
1276, 72.0991, 0.0138698
1277, 71.37045, 0.0140114
1278, 68.24168, 0.0146538
1279, 66.30904, 0.0150809
1280, 79.60452, 0.0125621
1281, 62.88992, 0.0159008
1282, 72.48898, 0.0137952
1283, 74.47403, 0.0134275
1284, 79.38651, 0.0125966
1285, 63.39184, 0.0157749
1286, 87.20296, 0.0114675
1287, 72.15997, 0.0138581
1288, 71.81483, 0.0139247
1289, 70.90539, 0.0141033
1290, 72.17819, 0.0138546
1291, 72.02847, 0.0138834
1292, 71.82825, 0.0139221
1293, 71.31905, 0.0140215
1294, 72.01291, 0.0138864
1295, 72.42231, 0.0138079
1296, 71.7803, 0.0139314
1297, 71.47707, 0.0139905
1298, 72.37933, 0.0138161
1299, 68.34803, 0.014631
1300, 61.91758, 0.0161505
1301, 73.86015, 0.0135391
1302, 75.84203, 0.0131853
1303, 78.67202, 0.012711
1304, 64.7874, 0.0154351
1305, 83.75069, 0.0119402
1306, 72.8847, 0.0137203
1307, 71.12376, 0.01406
1308, 71.84631, 0.0139186
1309, 72.15372, 0.0138593
1310, 71.99372, 0.0138901
1311, 71.50826, 0.0139844
1312, 71.78442, 0.0139306
1313, 71.76381, 0.0139346
1314, 72.16257, 0.0138576
1315, 70.73436, 0.0141374
1316, 72.45326, 0.013802
1317, 71.47656, 0.0139906
1318, 72.50527, 0.0137921
1319, 71.50007, 0.013986
1320, 72.17559, 0.0138551
1321, 71.75042, 0.0139372
1322, 71.85664, 0.0139166
1323, 71.39695, 0.0140062
1324, 72.30658, 0.01383
1325, 71.94348, 0.0138998
1326, 71.32006, 0.0140213
1327, 72.23294, 0.0138441
1328, 72.43647, 0.0138052
1329, 70.92098, 0.0141002
1330, 72.01498, 0.013886
1331, 72.38876, 0.0138143
1332, 71.6435, 0.013958
1333, 71.69846, 0.0139473
1334, 72.0513, 0.013879
1335, 71.14146, 0.0140565
1336, 72.55157, 0.0137833
1337, 71.48831, 0.0139883
1338, 71.9321, 0.013902
1339, 71.18198, 0.0140485
1340, 72.20269, 0.0138499
1341, 70.71486, 0.0141413
1342, 72.85974, 0.013725
1343, 71.9761, 0.0138935
1344, 71.51592, 0.0139829
1345, 71.73447, 0.0139403
1346, 72.10169, 0.0138693
1347, 71.87471, 0.0139131
1348, 71.44031, 0.0139977
1349, 72.66756, 0.0137613
1350, 71.52615, 0.0139809
1351, 71.92175, 0.013904
1352, 71.52974, 0.0139802
1353, 70.05695, 0.0142741
1354, 74.42857, 0.0134357
1355, 71.78236, 0.013931
1356, 71.07877, 0.0140689
1357, 72.38928, 0.0138142
1358, 71.74425, 0.0139384
1359, 71.04038, 0.0140765
1360, 72.61584, 0.0137711
1361, 71.64709, 0.0139573
1362, 72.05182, 0.0138789
1363, 71.00306, 0.0140839
1364, 72.46009, 0.0138007
1365, 70.5791, 0.0141685
1366, 72.90862, 0.0137158
1367, 72.33325, 0.0138249
1368, 71.71492, 0.0139441
1369, 71.85921, 0.0139161
1370, 71.62195, 0.0139622
1371, 71.39186, 0.0140072
1372, 72.68604, 0.0137578
1373, 71.47861, 0.0139902
1374, 71.25704, 0.0140337
1375, 72.79769, 0.0137367
1376, 70.61698, 0.0141609
1377, 68.78004, 0.0145391
1378, 61.7856, 0.016185
1379, 74.17242, 0.0134821
1380, 72.91447, 0.0137147
1381, 74.20599, 0.013476
1382, 83.14349, 0.0120274
1383, 68.79377, 0.0145362
1384, 65.25285, 0.015325
1385, 83.21475, 0.0120171
1386, 72.68128, 0.0137587
1387, 71.83031, 0.0139217
1388, 71.77308, 0.0139328
1389, 71.78339, 0.0139308
1390, 71.95746, 0.0138971
1391, 71.62862, 0.0139609
1392, 72.20895, 0.0138487
1393, 71.30379, 0.0140245
1394, 72.20216, 0.01385
1395, 69.08845, 0.0144742
1396, 64.02254, 0.0156195
1397, 81.06487, 0.0123358
1398, 63.38662, 0.0157762
1399, 69.91003, 0.0143041
1400, 75.53041, 0.0132397
1401, 80.90418, 0.0123603
1402, 64.52654, 0.0154975
1403, 85.93354, 0.0116369
1404, 71.26466, 0.0140322
1405, 71.8525, 0.0139174
1406, 72.07156, 0.0138751
1407, 71.38574, 0.0140084
1408, 72.56367, 0.013781
1409, 71.62093, 0.0139624
1410, 70.94765, 0.0140949
1411, 72.46272, 0.0138002
1412, 72.30501, 0.0138303
1413, 71.96316, 0.013896
1414, 71.76896, 0.0139336
1415, 71.18907, 0.0140471
1416, 71.73447, 0.0139403
1417, 71.71492, 0.0139441
1418, 71.99994, 0.0138889
1419, 71.59068, 0.0139683
1420, 72.35, 0.0138217
1421, 71.87006, 0.013914
1422, 71.4643, 0.013993
1423, 71.92641, 0.0139031
1424, 72.14174, 0.0138616
1425, 71.45205, 0.0139954
1426, 71.42092, 0.0140015
1427, 72.54051, 0.0137854
1428, 71.98129, 0.0138925
1429, 70.96779, 0.0140909
1430, 72.30397, 0.0138305
1431, 72.02898, 0.0138833
1432, 72.26373, 0.0138382
1433, 71.44847, 0.0139961
1434, 71.87936, 0.0139122
1435, 71.81638, 0.0139244
1436, 71.9585, 0.0138969
1437, 71.35823, 0.0140138
1438, 72.11885, 0.013866
1439, 71.82566, 0.0139226
1440, 70.95772, 0.0140929
1441, 72.31495, 0.0138284
1442, 71.99839, 0.0138892
1443, 71.86128, 0.0139157
1444, 70.78995, 0.0141263
1445, 73.01881, 0.0136951
1446, 71.52053, 0.013982
1447, 71.59016, 0.0139684
1448, 72.50317, 0.0137925
1449, 71.62195, 0.0139622
1450, 71.22152, 0.0140407
1451, 71.70155, 0.0139467
1452, 72.85497, 0.0137259
1453, 71.60708, 0.0139651
1454, 67.95694, 0.0147152
1455, 61.95403, 0.016141
1456, 73.03215, 0.0136926
1457, 72.96447, 0.0137053
1458, 72.65963, 0.0137628
1459, 73.64204, 0.0135792
1460, 84.31419, 0.0118604
1461, 71.08836, 0.014067
1462, 70.43394, 0.0141977
1463, 74.55676, 0.0134126
1464, 71.58965, 0.0139685
1465, 70.94815, 0.0140948
1466, 72.51316, 0.0137906
1467, 72.00928, 0.0138871
1468, 71.84269, 0.0139193
1469, 71.8716, 0.0139137
1470, 71.78236, 0.013931
1471, 71.62605, 0.0139614
1472, 71.77463, 0.0139325
1473, 70.7634, 0.0141316
1474, 72.07831, 0.0138738
1475, 73.27296, 0.0136476
1476, 68.54949, 0.014588
1477, 65.3202, 0.0153092
1478, 79.41424, 0.0125922
1479, 64.24052, 0.0155665
1480, 70.57312, 0.0141697
1481, 75.84952, 0.013184
1482, 82.81916, 0.0120745
1483, 70.35367, 0.0142139
1484, 72.8242, 0.0137317
1485, 71.90262, 0.0139077
1486, 71.59324, 0.0139678
1487, 72.39504, 0.0138131
1488, 70.74938, 0.0141344
1489, 72.69555, 0.013756
1490, 71.47146, 0.0139916
1491, 72.04663, 0.0138799
1492, 71.56557, 0.0139732
1493, 72.14383, 0.0138612
1494, 71.90365, 0.0139075
1495, 71.64401, 0.0139579
1496, 71.92847, 0.0139027
1497, 68.98026, 0.0144969
1498, 64.76012, 0.0154416
1499, 84.43165, 0.0118439
1500, 68.70208, 0.0145556
1501, 64.07751, 0.0156061
1502, 75.2995, 0.0132803
1503, 78.6145, 0.0127203
1504, 65.37443, 0.0152965
1505, 82.81779, 0.0120747
1506, 71.66148, 0.0139545
1507, 72.72357, 0.0137507
1508, 71.9958, 0.0138897
1509, 71.40511, 0.0140046
1510, 71.41479, 0.0140027
1511, 72.49055, 0.0137949
1512, 71.94762, 0.013899
1513, 70.99852, 0.0140848
1514, 69.06173, 0.0144798
1515, 72.39452, 0.0138132
1516, 71.22609, 0.0140398
1517, 71.72984, 0.0139412
1518, 72.55999, 0.0137817
1519, 72.02847, 0.0138834
1520, 71.92382, 0.0139036
1521, 71.51592, 0.0139829
1522, 71.94659, 0.0138992
1523, 71.72675, 0.0139418
1524, 71.83546, 0.0139207
1525, 75.41478, 0.01326
1526, 71.47861, 0.0139902
1527, 71.48933, 0.0139881
1528, 71.95229, 0.0138981
1529, 71.90675, 0.0139069
1530, 72.13134, 0.0138636
1531, 71.90882, 0.0139065
1532, 71.40868, 0.0140039
1533, 71.81226, 0.0139252
1534, 71.83443, 0.0139209
1535, 71.56301, 0.0139737
1536, 72.40762, 0.0138107
1537, 70.90489, 0.0141034
1538, 72.88258, 0.0137207
1539, 70.89131, 0.0141061
1540, 72.63483, 0.0137675
1541, 71.45154, 0.0139955
1542, 72.45117, 0.0138024
1543, 71.66969, 0.0139529
1544, 71.92692, 0.013903
1545, 71.75712, 0.0139359
1546, 71.92589, 0.0139032
1547, 71.30531, 0.0140242
1548, 72.49108, 0.0137948
1549, 71.27075, 0.014031
1550, 71.6923, 0.0139485
1551, 72.19226, 0.0138519
1552, 71.3104, 0.0140232
1553, 72.03988, 0.0138812
1554, 71.68202, 0.0139505
1555, 72.00979, 0.013887
1556, 71.94245, 0.0139
1557, 71.48116, 0.0139897
1558, 71.51746, 0.0139826
1559, 72.6945, 0.0137562
1560, 71.6887, 0.0139492
1561, 71.61631, 0.0139633
1562, 72.1506, 0.0138599
1563, 71.70258, 0.0139465
1564, 72.25016, 0.0138408
1565, 58.6194, 0.0170592
1566, 60.83946, 0.0164367
1567, 119.7117, 0.0083534
1568, 70.6539, 0.0141535
1569, 73.52293, 0.0136012
1570, 71.59837, 0.0139668
1571, 72.26112, 0.0138387
1572, 71.30277, 0.0140247
1573, 72.1558, 0.0138589
1574, 71.59426, 0.0139676
1575, 71.81329, 0.013925
1576, 71.8959, 0.013909
1577, 71.89382, 0.0139094
1578, 71.68048, 0.0139508
1579, 71.83237, 0.0139213
1580, 71.68613, 0.0139497
1581, 71.97921, 0.0138929
1582, 71.973, 0.0138941
1583, 35.64211, 0.0280567
1584, 72.07623, 0.0138742
1585, 72.97086, 0.0137041
1586, 71.34602, 0.0140162
1587, 72.33796, 0.013824
1588, 70.96326, 0.0140918
1589, 72.85444, 0.013726
1590, 71.61631, 0.0139633
1591, 71.80091, 0.0139274
1592, 71.70824, 0.0139454
1593, 71.96004, 0.0138966
1594, 71.28194, 0.0140288
1595, 71.99268, 0.0138903
1596, 71.38421, 0.0140087
1597, 72.49055, 0.0137949
1598, 70.59505, 0.0141653
1599, 73.49644, 0.0136061
1600, 71.63016, 0.0139606
1601, 72.27261, 0.0138365
1602, 71.18552, 0.0140478
1603, 72.09181, 0.0138712
1604, 72.04195, 0.0138808
1605, 71.60605, 0.0139653
1606, 71.81999, 0.0139237
1607, 71.60759, 0.013965
1608, 70.72936, 0.0141384
1609, 73.23593, 0.0136545
1610, 71.94504, 0.0138995
1611, 71.46379, 0.0139931
1612, 71.2408, 0.0140369
1613, 71.77051, 0.0139333
1614, 72.2674, 0.0138375
1615, 71.87678, 0.0139127
1616, 71.61426, 0.0139637
1617, 71.68407, 0.0139501
1618, 71.72109, 0.0139429
1619, 72.13186, 0.0138635
1620, 71.10909, 0.0140629
1621, 71.66148, 0.0139545
1622, 70.17199, 0.0142507
1623, 74.62241, 0.0134008
1624, 69.92714, 0.0143006
1625, 74.03623, 0.0135069
1626, 72.0965, 0.0138703
1627, 71.13287, 0.0140582
1628, 71.82979, 0.0139218
1629, 72.38456, 0.0138151
1630, 71.42142, 0.0140014
1631, 72.3139, 0.0138286
1632, 71.71389, 0.0139443
1633, 71.50263, 0.0139855
1634, 71.9202, 0.0139043
1635, 72.17559, 0.0138551
1636, 70.77642, 0.014129
1637, 72.32488, 0.0138265
1638, 71.72006, 0.0139431
1639, 71.81277, 0.0139251
1640, 71.28854, 0.0140275
1641, 71.80194, 0.0139272
1642, 71.96419, 0.0138958
1643, 71.33533, 0.0140183
1644, 72.74579, 0.0137465
1645, 71.53536, 0.0139791
1646, 72.01447, 0.0138861
1647, 71.69127, 0.0139487
1648, 70.68687, 0.0141469
1649, 72.20998, 0.0138485
1650, 72.59949, 0.0137742
1651, 71.29514, 0.0140262
1652, 72.09234, 0.0138711
1653, 71.07725, 0.0140692
1654, 72.50685, 0.0137918
1655, 72.32122, 0.0138272
1656, 71.53844, 0.0139785
1657, 71.7906, 0.0139294
1658, 71.27888, 0.0140294
1659, 71.92589, 0.0139032
1660, 70.91293, 0.0141018
1661, 73.40311, 0.0136234
1662, 71.02122, 0.0140803
1663, 72.24285, 0.0138422
1664, 71.55891, 0.0139745
1665, 72.16673, 0.0138568
1666, 71.53127, 0.0139799
1667, 72.03988, 0.0138812
1668, 71.75145, 0.013937
1669, 72.05545, 0.0138782
1670, 71.31548, 0.0140222
1671, 71.30023, 0.0140252
1672, 72.12405, 0.013865
1673, 71.98335, 0.0138921
1674, 72.03677, 0.0138818
1675, 71.65223, 0.0139563
1676, 71.71029, 0.013945
1677, 71.96989, 0.0138947
1678, 71.90934, 0.0139064
1679, 71.38268, 0.014009
1680, 71.7319, 0.0139408
1681, 72.1532, 0.0138594
1682, 71.65993, 0.0139548
1683, 71.64452, 0.0139578
1684, 71.28752, 0.0140277
1685, 72.66122, 0.0137625
1686, 71.78957, 0.0139296
1687, 71.62605, 0.0139614
1688, 71.46481, 0.0139929
1689, 72.15424, 0.0138592
1690, 71.72572, 0.013942
1691, 71.73498, 0.0139402
1692, 71.59631, 0.0139672
1693, 71.76536, 0.0139343
1694, 71.58862, 0.0139687
1695, 71.58094, 0.0139702
1696, 72.71881, 0.0137516
1697, 72.1657, 0.013857
1698, 71.46073, 0.0139937
1699, 71.93054, 0.0139023
1700, 71.50723, 0.0139846
1701, 62.96595, 0.0158816
1702, 84.4509, 0.0118412
1703, 71.10555, 0.0140636
1704, 70.0712, 0.0142712
1705, 74.04556, 0.0135052
1706, 72.14227, 0.0138615
1707, 71.58606, 0.0139692
1708, 71.40002, 0.0140056
1709, 72.08454, 0.0138726
1710, 71.65788, 0.0139552
1711, 71.94193, 0.0139001
1712, 71.56506, 0.0139733
1713, 72.23399, 0.0138439
1714, 71.48831, 0.0139883
1715, 71.07371, 0.0140699
1716, 72.62691, 0.013769
1717, 71.6887, 0.0139492
1718, 72.2674, 0.0138375
1719, 71.25857, 0.0140334
1720, 71.65788, 0.0139552
1721, 71.80194, 0.0139272
1722, 72.17663, 0.0138549
1723, 71.53895, 0.0139784
1724, 71.85095, 0.0139177
1725, 71.25654, 0.0140338
1726, 70.97182, 0.0140901
1727, 73.1347, 0.0136734
1728, 71.56506, 0.0139733
1729, 71.95332, 0.0138979
1730, 71.57172, 0.013972
1731, 71.78802, 0.0139299
1732, 71.97714, 0.0138933
1733, 71.58298, 0.0139698
1734, 71.92226, 0.0139039
1735, 71.58913, 0.0139686
1736, 71.00609, 0.0140833
1737, 72.6248, 0.0137694
1738, 71.96108, 0.0138964
1739, 72.06013, 0.0138773
1740, 71.29057, 0.0140271
1741, 72.20947, 0.0138486
1742, 71.85767, 0.0139164
1743, 72.06532, 0.0138763
1744, 71.44082, 0.0139976
1745, 71.7067, 0.0139457
1746, 72.36518, 0.0138188
1747, 70.9824, 0.014088
1748, 72.36099, 0.0138196
1749, 72.03521, 0.0138821
1750, 71.94762, 0.013899
1751, 71.26619, 0.0140319
1752, 71.91502, 0.0139053
1753, 72.02847, 0.0138834
1754, 71.93417, 0.0139016
1755, 70.99147, 0.0140862
1756, 72.2841, 0.0138343
1757, 71.54765, 0.0139767
1758, 71.83546, 0.0139207
1759, 71.944, 0.0138997
1760, 71.96626, 0.0138954
1761, 72.161, 0.0138579
1762, 71.69384, 0.0139482
1763, 71.94762, 0.013899
1764, 71.8959, 0.013909
1765, 71.98025, 0.0138927
1766, 71.84012, 0.0139198
1767, 71.54611, 0.013977
1768, 71.41378, 0.0140029
1769, 71.19464, 0.014046
1770, 72.812, 0.013734
1771, 72.2606, 0.0138388
1772, 71.45971, 0.0139939
1773, 71.82515, 0.0139227
1774, 71.89796, 0.0139086
1775, 71.42908, 0.0139999
1776, 71.91296, 0.0139057
1777, 72.30344, 0.0138306
1778, 71.46635, 0.0139926
1779, 71.78802, 0.0139299
1780, 71.77875, 0.0139317
1781, 71.13235, 0.0140583
1782, 72.76273, 0.0137433
1783, 71.8556, 0.0139168
1784, 70.28246, 0.0142283
1785, 73.58459, 0.0135898
1786, 71.49701, 0.0139866
1787, 71.9295, 0.0139025
1788, 70.86168, 0.014112
1789, 73.32776, 0.0136374
1790, 71.61272, 0.013964
1791, 71.78493, 0.0139305
1792, 71.07775, 0.0140691
1793, 72.0015, 0.0138886
1794, 72.30501, 0.0138303
1795, 71.79163, 0.0139292
1796, 71.52718, 0.0139807
1797, 72.86293, 0.0137244
1798, 71.93262, 0.0139019
1799, 71.60349, 0.0139658
1800, 70.17347, 0.0142504
1801, 73.91366, 0.0135293
1802, 71.74888, 0.0139375
1803, 71.29311, 0.0140266
1804, 72.22616, 0.0138454
1805, 71.26517, 0.0140321
1806, 72.72251, 0.0137509
1807, 71.50058, 0.0139859
1808, 71.76587, 0.0139342
1809, 71.99113, 0.0138906
1810, 71.04392, 0.0140758
1811, 70.8667, 0.014111
1812, 72.84754, 0.0137273
1813, 71.884, 0.0139113
1814, 71.84425, 0.013919
1815, 72.36466, 0.0138189
1816, 70.37942, 0.0142087
1817, 73.32024, 0.0136388
1818, 71.51643, 0.0139828
1819, 72.33534, 0.0138245
1820, 71.10909, 0.0140629
1821, 71.76484, 0.0139344
1822, 72.44697, 0.0138032
1823, 71.2799, 0.0140292
1824, 71.88969, 0.0139102
1825, 71.92641, 0.0139031
1826, 72.34215, 0.0138232
1827, 71.72006, 0.0139431
1828, 71.92382, 0.0139036
1829, 71.53127, 0.0139799
1830, 71.9083, 0.0139066
1831, 71.58196, 0.01397
1832, 71.38574, 0.0140084
1833, 71.7736, 0.0139327
1834, 72.63272, 0.0137679
1835, 71.41735, 0.0140022
1836, 71.91709, 0.0139049
1837, 71.67072, 0.0139527
1838, 71.65017, 0.0139567
1839, 72.20947, 0.0138486
1840, 71.44541, 0.0139967
1841, 71.79472, 0.0139286
1842, 71.34907, 0.0140156
1843, 72.41707, 0.0138089
1844, 71.15918, 0.014053
1845, 73.27027, 0.0136481
1846, 71.01214, 0.0140821
1847, 72.25538, 0.0138398
1848, 72.11053, 0.0138676
1849, 72.03365, 0.0138824
1850, 72.01757, 0.0138855
1851, 72.10013, 0.0138696
1852, 71.40052, 0.0140055
1853, 72.30449, 0.0138304
1854, 71.81895, 0.0139239
1855, 71.09493, 0.0140657
1856, 72.42808, 0.0138068
1857, 71.34907, 0.0140156
1858, 71.58453, 0.0139695
1859, 72.75743, 0.0137443
1860, 71.29108, 0.014027
1861, 72.17767, 0.0138547
1862, 71.90106, 0.013908
1863, 71.83856, 0.0139201
1864, 71.73859, 0.0139395
1865, 69.93691, 0.0142986
1866, 74.63856, 0.0133979
1867, 71.30023, 0.0140252
1868, 72.40343, 0.0138115
1869, 71.28956, 0.0140273
1870, 72.28463, 0.0138342
1871, 71.79885, 0.0139278
1872, 71.30531, 0.0140242
1873, 72.47847, 0.0137972
1874, 71.14855, 0.0140551
1875, 71.60913, 0.0139647
1876, 72.43752, 0.013805
1877, 71.9052, 0.0139072
1878, 71.1688, 0.0140511
1879, 72.48583, 0.0137958
1880, 70.87172, 0.01411
1881, 71.87781, 0.0139125
1882, 72.20269, 0.0138499
1883, 72.06429, 0.0138765
1884, 71.55635, 0.013975
1885, 72.22146, 0.0138463
1886, 71.61528, 0.0139635
1887, 71.87885, 0.0139123
1888, 71.76484, 0.0139344
1889, 71.63375, 0.0139599
1890, 71.81432, 0.0139248
1891, 71.71697, 0.0139437
1892, 72.28619, 0.0138339
1893, 71.97092, 0.0138945
1894, 71.83959, 0.0139199
1895, 71.33125, 0.0140191
1896, 71.61836, 0.0139629
1897, 71.97041, 0.0138946
1898, 72.51053, 0.0137911
1899, 71.65531, 0.0139557
1900, 71.18096, 0.0140487
1901, 72.44172, 0.0138042
1902, 71.92382, 0.0139036
1903, 71.78596, 0.0139303
1904, 71.3343, 0.0140185
1905, 72.49108, 0.0137948
1906, 71.46175, 0.0139935
1907, 71.80916, 0.0139258
1908, 50.97281, 0.0196183
1909, 122.0093, 0.0081961
1910, 71.90365, 0.0139075
1911, 71.28448, 0.0140283
1912, 71.944, 0.0138997
1913, 71.68356, 0.0139502
1914, 71.78699, 0.0139301
1915, 72.37723, 0.0138165
1916, 71.69024, 0.0139489
1917, 72.01394, 0.0138862
1918, 71.72932, 0.0139413
1919, 71.38778, 0.014008
1920, 71.72263, 0.0139426
1921, 72.21155, 0.0138482
1922, 71.97041, 0.0138946
1923, 71.88556, 0.013911
1924, 71.52974, 0.0139802
1925, 72.32174, 0.0138271
1926, 71.38574, 0.0140084
1927, 72.18027, 0.0138542
1928, 71.75352, 0.0139366
1929, 72.12926, 0.013864
1930, 71.22862, 0.0140393
1931, 72.52841, 0.0137877
1932, 71.82928, 0.0139219
1933, 71.84063, 0.0139197
1934, 71.95383, 0.0138978
1935, 71.38013, 0.0140095
1936, 71.91089, 0.0139061
1937, 71.9409, 0.0139003
1938, 71.24486, 0.0140361
1939, 72.11677, 0.0138664
1940, 72.43647, 0.0138052
1941, 71.71852, 0.0139434
1942, 71.56557, 0.0139732
1943, 72.2225, 0.0138461
1944, 70.84009, 0.0141163
1945, 72.43909, 0.0138047
1946, 72.16153, 0.0138578
1947, 71.73293, 0.0139406
1948, 72.15215, 0.0138596
1949, 71.17793, 0.0140493
1950, 71.20428, 0.0140441
1951, 73.59272, 0.0135883
1952, 70.79546, 0.0141252
1953, 72.71246, 0.0137528
1954, 71.69487, 0.013948
1955, 71.54509, 0.0139772
1956, 71.13135, 0.0140585
1957, 72.51053, 0.0137911
1958, 71.95021, 0.0138985
1959, 71.03333, 0.0140779
1960, 71.73293, 0.0139406
1961, 72.3678, 0.0138183
1962, 71.43011, 0.0139997
1963, 72.50685, 0.0137918
1964, 71.75352, 0.0139366
1965, 72.12874, 0.0138641
1966, 71.31345, 0.0140226
1967, 72.04352, 0.0138805
1968, 70.60052, 0.0141642
1969, 73.20644, 0.01366
1970, 71.48729, 0.0139885
1971, 71.82773, 0.0139222
1972, 71.89848, 0.0139085
1973, 71.90003, 0.0139082
1974, 71.53997, 0.0139782
1975, 72.20113, 0.0138502
1976, 71.57069, 0.0139722
1977, 72.06116, 0.0138771
1978, 71.73395, 0.0139404
1979, 71.09695, 0.0140653
1980, 71.81071, 0.0139255
1981, 72.36204, 0.0138194
1982, 72.4092, 0.0138104
1983, 71.58913, 0.0139686
1984, 71.65993, 0.0139548
1985, 71.55225, 0.0139758
1986, 71.9616, 0.0138963
1987, 71.96833, 0.013895
1988, 71.51848, 0.0139824
1989, 72.37408, 0.0138171
1990, 71.13235, 0.0140583
1991, 72.10065, 0.0138695
1992, 71.52769, 0.0139806
1993, 71.91141, 0.013906
1994, 71.75352, 0.0139366
1995, 72.26321, 0.0138383
1996, 71.68768, 0.0139494
1997, 71.72058, 0.013943
1998, 71.9559, 0.0138974
1999, 71.80349, 0.0139269
2000, 70.67287, 0.0141497
2001, 72.12457, 0.0138649
2002, 72.29195, 0.0138328
2003, 72.4832, 0.0137963
2004, 72.05338, 0.0138786
2005, 71.53895, 0.0139784
2006, 72.05961, 0.0138774
2007, 71.13995, 0.0140568
2008, 72.23763, 0.0138432
2009, 71.49751, 0.0139865
2010, 72.07207, 0.013875
2011, 71.7, 0.013947
2012, 71.53895, 0.0139784
2013, 72.55525, 0.0137826
2014, 70.95268, 0.0140939
2015, 72.38142, 0.0138157
2016, 71.7669, 0.013934
2017, 71.90572, 0.0139071
2018, 70.55569, 0.0141732
2019, 72.58053, 0.0137778
2020, 72.7961, 0.013737
2021, 71.23624, 0.0140378
2022, 72.1657, 0.013857
2023, 71.53127, 0.0139799
2024, 72.10689, 0.0138683
2025, 71.87057, 0.0139139
2026, 71.64145, 0.0139584
2027, 71.74271, 0.0139387
2028, 71.80761, 0.0139261
2029, 72.16153, 0.0138578
2030, 71.33583, 0.0140182
2031, 71.95953, 0.0138967
2032, 71.28295, 0.0140286
2033, 72.59159, 0.0137757
2034, 71.49905, 0.0139862
2035, 72.26478, 0.013838
2036, 71.64864, 0.013957
2037, 71.88142, 0.0139118
2038, 72.29665, 0.0138319
2039, 71.55943, 0.0139744
2040, 71.65788, 0.0139552
2041, 72.01238, 0.0138865
2042, 71.26923, 0.0140313
2043, 72.33169, 0.0138252
2044, 71.63426, 0.0139598
2045, 71.31142, 0.014023
2046, 72.01291, 0.0138864
2047, 72.26164, 0.0138386
2048, 71.15057, 0.0140547
2049, 72.45484, 0.0138017
2050, 71.88504, 0.0139111
2051, 71.07825, 0.014069
2052, 72.4706, 0.0137987
2053, 72.10117, 0.0138694
2054, 71.35772, 0.0140139
2055, 72.49739, 0.0137936
2056, 71.17438, 0.01405
2057, 72.05753, 0.0138778
2058, 72.35104, 0.0138215
2059, 70.86419, 0.0141115
2060, 71.73498, 0.0139402
2061, 72.00616, 0.0138877
2062, 71.38676, 0.0140082
2063, 72.25381, 0.0138401
2064, 72.21468, 0.0138476
2065, 71.77051, 0.0139333
2066, 72.0155, 0.0138859
2067, 71.33176, 0.014019
2068, 72.19852, 0.0138507
2069, 71.67688, 0.0139515
2070, 72.22459, 0.0138457
2071, 69.54199, 0.0143798
2072, 74.38428, 0.0134437
2073, 71.91658, 0.013905
2074, 71.56557, 0.0139732
2075, 72.18132, 0.013854
2076, 71.43061, 0.0139996
2077, 71.49547, 0.0139869
2078, 71.60503, 0.0139655
2079, 72.10845, 0.013868
2080, 71.74579, 0.0139381
2081, 71.57427, 0.0139715
2082, 72.3207, 0.0138273
2083, 71.21544, 0.0140419
2084, 72.75478, 0.0137448
2085, 71.49496, 0.013987
2086, 72.27731, 0.0138356
2087, 71.80297, 0.013927
2088, 71.62759, 0.0139611
2089, 71.45205, 0.0139954
2090, 72.06947, 0.0138755
2091, 71.94193, 0.0139001
2092, 70.45081, 0.0141943
2093, 73.57107, 0.0135923
2094, 71.91296, 0.0139057
2095, 71.45461, 0.0139949
2096, 71.73859, 0.0139395
2097, 72.22616, 0.0138454
2098, 71.373, 0.0140109
2099, 72.35052, 0.0138216
2100, 70.76039, 0.0141322
2101, 72.28724, 0.0138337
2102, 71.91864, 0.0139046
2103, 72.05078, 0.0138791
2104, 70.75138, 0.014134
2105, 73.23647, 0.0136544
2106, 71.604, 0.0139657
2107, 71.5282, 0.0139805
2108, 72.29456, 0.0138323
2109, 71.7566, 0.013936
2110, 72.01394, 0.0138862
2111, 71.52615, 0.0139809
2112, 71.92899, 0.0139026
2113, 70.97182, 0.0140901
2114, 72.17038, 0.0138561
2115, 72.73838, 0.0137479
2116, 71.59016, 0.0139684
2117, 71.77463, 0.0139325
2118, 71.20985, 0.014043
2119, 72.27679, 0.0138357
2120, 72.15736, 0.0138586
2121, 72.22355, 0.0138459
2122, 71.24638, 0.0140358
2123, 72.15476, 0.0138591
2124, 71.56608, 0.0139731
2125, 71.87367, 0.0139133
2126, 72.37775, 0.0138164
2127, 71.47095, 0.0139917
2128, 71.55533, 0.0139752
2129, 72.09389, 0.0138708
2130, 71.83495, 0.0139208
2131, 71.63119, 0.0139604
2132, 72.28097, 0.0138349
2133, 71.15412, 0.014054
2134, 72.0321, 0.0138827
2135, 71.68048, 0.0139508
2136, 72.20164, 0.0138501
2137, 71.58453, 0.0139695
2138, 71.94762, 0.013899
2139, 72.32541, 0.0138264
2140, 70.76039, 0.0141322
2141, 72.16517, 0.0138571
2142, 72.31442, 0.0138285
2143, 71.03938, 0.0140767
2144, 70.5562, 0.0141731
2145, 73.7795, 0.0135539
2146, 71.30074, 0.0140251
2147, 72.11937, 0.0138659
2148, 72.00668, 0.0138876
2149, 71.82463, 0.0139228
2150, 71.97817, 0.0138931
2151, 62.49219, 0.016002
2152, 84.51871, 0.0118317
2153, 71.57069, 0.0139722
2154, 71.33075, 0.0140192
2155, 71.96108, 0.0138964
2156, 71.88866, 0.0139104
2157, 72.52841, 0.0137877
2158, 71.7144, 0.0139442
2159, 71.87522, 0.013913
2160, 71.54048, 0.0139781
2161, 72.03988, 0.0138812
2162, 71.69589, 0.0139478
2163, 71.93882, 0.0139007
2164, 72.07051, 0.0138753
2165, 71.49445, 0.0139871
2166, 71.55737, 0.0139748
2167, 72.35785, 0.0138202
2168, 72.18393, 0.0138535
2169, 71.45052, 0.0139957
2170, 71.79111, 0.0139293
2171, 71.71697, 0.0139437
2172, 71.39899, 0.0140058
2173, 72.20061, 0.0138503
2174, 71.93417, 0.0139016
2175, 72.1584, 0.0138584
2176, 70.51291, 0.0141818
2177, 72.4412, 0.0138043
2178, 72.53789, 0.0137859
2179, 71.62811, 0.013961
2180, 71.00558, 0.0140834
2181, 72.186, 0.0138531
2182, 71.86076, 0.0139158
2183, 71.89382, 0.0139094
2184, 71.93262, 0.0139019
2185, 71.85302, 0.0139173
2186, 71.77257, 0.0139329
2187, 72.03625, 0.0138819
2188, 71.184, 0.0140481
2189, 72.14539, 0.0138609
2190, 72.14955, 0.0138601
2191, 71.29565, 0.0140261
2192, 72.07935, 0.0138736
2193, 71.78905, 0.0139297
2194, 71.76433, 0.0139345
2195, 71.41276, 0.0140031
2196, 72.16882, 0.0138564
2197, 71.73807, 0.0139396
2198, 71.91451, 0.0139054
2199, 71.67072, 0.0139527
2200, 71.99061, 0.0138907
2201, 71.86696, 0.0139146
2202, 71.90468, 0.0139073
2203, 72.19018, 0.0138523
2204, 71.42092, 0.0140015
2205, 71.86438, 0.0139151
2206, 72.27888, 0.0138353
2207, 71.80555, 0.0139265
2208, 71.42245, 0.0140012
2209, 71.7252, 0.0139421
2210, 72.21259, 0.013848
2211, 71.86283, 0.0139154
2212, 71.37249, 0.014011
2213, 71.99528, 0.0138898
2214, 71.84218, 0.0139194
2215, 71.81432, 0.0139248
2216, 71.52666, 0.0139808
2217, 70.89484, 0.0141054
2218, 72.46429, 0.0137999
2219, 72.60161, 0.0137738
2220, 71.70412, 0.0139462
2221, 71.57121, 0.0139721
2222, 71.81741, 0.0139242
2223, 71.96782, 0.0138951
2224, 71.79833, 0.0139279
2225, 71.35722, 0.014014
2226, 72.33325, 0.0138249
2227, 69.91443, 0.0143032
2228, 73.39611, 0.0136247
2229, 72.88364, 0.0137205
2230, 71.42755, 0.0140002
2231, 72.12509, 0.0138648
2232, 70.62945, 0.0141584
2233, 72.67706, 0.0137595
2234, 72.12874, 0.0138641
2235, 71.76896, 0.0139336
2236, 71.80503, 0.0139266
2237, 71.33024, 0.0140193
2238, 71.79318, 0.0139289
2239, 71.94038, 0.0139004
2240, 71.14298, 0.0140562
2241, 72.77279, 0.0137414
2242, 71.5415, 0.0139779
2243, 71.45306, 0.0139952
2244, 71.70206, 0.0139466
2245, 72.14122, 0.0138617
2246, 71.2982, 0.0140256
2247, 72.7606, 0.0137437
2248, 71.81741, 0.0139242
2249, 71.42908, 0.0139999
2250, 72.22042, 0.0138465
2251, 71.52769, 0.0139806
2252, 71.83392, 0.013921
2253, 72.3139, 0.0138286
2254, 71.32413, 0.0140205
2255, 72.11053, 0.0138676
2256, 71.63273, 0.0139601
2257, 72.03832, 0.0138815
2258, 71.2271, 0.0140396
2259, 72.27418, 0.0138362
2260, 70.61698, 0.0141609
2261, 73.50185, 0.0136051
2262, 71.18349, 0.0140482
2263, 72.01291, 0.0138864
2264, 70.87574, 0.0141092
2265, 72.60846, 0.0137725
2266, 72.35995, 0.0138198
2267, 51.05923, 0.0195851
2268, 119.9803, 0.0083347
2269, 71.97092, 0.0138945
2270, 70.98995, 0.0140865
2271, 72.31756, 0.0138279
2272, 72.07727, 0.013874
2273, 71.81895, 0.0139239
2274, 71.90779, 0.0139067
2275, 71.80968, 0.0139257
2276, 70.91344, 0.0141017
2277, 72.46692, 0.0137994
2278, 72.12093, 0.0138656
2279, 71.85664, 0.0139166
2280, 71.89899, 0.0139084
2281, 71.70875, 0.0139453
2282, 71.71697, 0.0139437
2283, 71.67072, 0.0139527
2284, 72.39033, 0.013814
2285, 71.57787, 0.0139708
2286, 71.7494, 0.0139374
2287, 71.53025, 0.0139801
2288, 71.80607, 0.0139264
2289, 72.36676, 0.0138185
2290, 71.28194, 0.0140288
2291, 71.30634, 0.014024
2292, 72.3568, 0.0138204
2293, 71.86128, 0.0139157
2294, 72.2747, 0.0138361
2295, 72.02068, 0.0138849
2296, 71.18552, 0.0140478
2297, 71.97766, 0.0138932
2298, 71.76124, 0.0139351
2299, 72.44172, 0.0138042
2300, 71.12982, 0.0140588
2301, 72.53315, 0.0137868
2302, 71.38982, 0.0140076
2303, 71.88142, 0.0139118
2304, 71.49342, 0.0139873
2305, 72.17611, 0.013855
2306, 71.5195, 0.0139822
2307, 72.11885, 0.013866
2308, 71.35976, 0.0140135
2309, 71.93675, 0.0139011
2310, 72.30083, 0.0138311
2311, 71.7391, 0.0139394
2312, 71.66712, 0.0139534
2313, 72.15215, 0.0138596
2314, 71.73138, 0.0139409
2315, 71.47963, 0.01399
2316, 72.37985, 0.013816
2317, 71.82566, 0.0139226
2318, 71.85095, 0.0139177
2319, 71.46635, 0.0139926
2320, 71.65788, 0.0139552
2321, 72.29978, 0.0138313
2322, 71.53793, 0.0139786
2323, 71.38625, 0.0140083
2324, 72.12405, 0.013865
2325, 72.05286, 0.0138787
2326, 71.64812, 0.0139571
2327, 72.02639, 0.0138838
2328, 71.84218, 0.0139194
2329, 71.63119, 0.0139604
2330, 72.07571, 0.0138743
2331, 71.18552, 0.0140478
2332, 72.40972, 0.0138103
2333, 72.00461, 0.013888
2334, 71.81123, 0.0139254
2335, 71.76021, 0.0139353
2336, 71.11668, 0.0140614
2337, 72.43542, 0.0138054
2338, 71.95487, 0.0138976
2339, 70.85516, 0.0141133
2340, 72.67548, 0.0137598
2341, 71.68253, 0.0139504
2342, 71.0076, 0.014083
2343, 72.479, 0.0137971
2344, 72.23294, 0.0138441
2345, 71.50979, 0.0139841
2346, 71.51643, 0.0139828
2347, 71.66917, 0.013953
2348, 72.93467, 0.0137109
2349, 71.91813, 0.0139047
2350, 71.58811, 0.0139688
2351, 71.66712, 0.0139534
2352, 71.35009, 0.0140154
2353, 71.95332, 0.0138979
2354, 72.20216, 0.01385
2355, 71.67637, 0.0139516
2356, 71.87264, 0.0139135
2357, 71.77514, 0.0139324
2358, 72.19174, 0.013852
2359, 71.07877, 0.0140689
2360, 71.71338, 0.0139444
2361, 71.95539, 0.0138975
2362, 72.49108, 0.0137948
2363, 71.56249, 0.0139738
2364, 71.53434, 0.0139793
2365, 72.10481, 0.0138687
2366, 72.09961, 0.0138697
2367, 71.77308, 0.0139328
2368, 71.85715, 0.0139165
2369, 71.48525, 0.0139889
2370, 71.48372, 0.0139892
2371, 72.72621, 0.0137502
2372, 71.24689, 0.0140357
2373, 71.60657, 0.0139652
2374, 72.34947, 0.0138218
2375, 71.52769, 0.0139806
2376, 71.71132, 0.0139448
2377, 72.10169, 0.0138693
2378, 72.04974, 0.0138793
2379, 71.65685, 0.0139554
2380, 71.93675, 0.0139011
2381, 71.38523, 0.0140085
2382, 72.42493, 0.0138074
2383, 71.86128, 0.0139157
2384, 71.53638, 0.0139789
2385, 72.04819, 0.0138796
2386, 71.47043, 0.0139918
2387, 72.22668, 0.0138453
2388, 71.10403, 0.0140639
2389, 72.0674, 0.0138759
2390, 70.83307, 0.0141177
2391, 72.11937, 0.0138659
2392, 73.05082, 0.0136891
2393, 72.27731, 0.0138356
2394, 71.1106, 0.0140626
2395, 72.25799, 0.0138393
2396, 71.51439, 0.0139832
2397, 71.76227, 0.0139349
2398, 72.30553, 0.0138302
2399, 71.2545, 0.0140342
2400, 72.14851, 0.0138603
2401, 71.86179, 0.0139156
2402, 71.4398, 0.0139978
2403, 71.17742, 0.0140494
2404, 72.6132, 0.0137716
2405, 71.58453, 0.0139695
2406, 72.05286, 0.0138787
2407, 72.02172, 0.0138847
2408, 71.28701, 0.0140278
2409, 72.01134, 0.0138867
2410, 71.70875, 0.0139453
2411, 72.3207, 0.0138273
2412, 71.61324, 0.0139639
2413, 71.82515, 0.0139227
2414, 72.07519, 0.0138744
2415, 70.88479, 0.0141074
2416, 73.03909, 0.0136913
2417, 71.88866, 0.0139104
2418, 71.41479, 0.0140027
2419, 71.83134, 0.0139215
2420, 71.52053, 0.013982
2421, 71.29617, 0.014026
2422, 72.93201, 0.0137114
2423, 71.67893, 0.0139511
2424, 71.04291, 0.014076
2425, 71.78133, 0.0139312
2426, 72.8863, 0.01372
2427, 70.66289, 0.0141517
2428, 72.95063, 0.0137079
2429, 71.51132, 0.0139838
2430, 72.03728, 0.0138817
2431, 72.01291, 0.0138864
2432, 71.62605, 0.0139614
2433, 71.38472, 0.0140086
2434, 71.81999, 0.0139237
2435, 71.91296, 0.0139057
2436, 72.41496, 0.0138093
2437, 71.48167, 0.0139896
2438, 72.0238, 0.0138843
2439, 71.46481, 0.0139929
2440, 71.77514, 0.0139324
2441, 71.45, 0.0139958
2442, 72.49897, 0.0137933
2443, 71.88608, 0.0139109
2444, 70.92249, 0.0140999
2445, 71.51848, 0.0139824
2446, 73.39126, 0.0136256
2447, 71.57223, 0.0139719
2448, 71.55788, 0.0139747
2449, 71.77412, 0.0139326
2450, 71.9932, 0.0138902
2451, 71.95229, 0.0138981
2452, 71.02979, 0.0140786
2453, 71.54099, 0.013978
2454, 72.41811, 0.0138087
2455, 71.48474, 0.013989
2456, 72.55841, 0.013782
2457, 71.97403, 0.0138939
2458, 71.42245, 0.0140012
2459, 72.10845, 0.013868
2460, 71.84631, 0.0139186
2461, 71.87574, 0.0139129
2462, 71.49701, 0.0139866
2463, 72.00565, 0.0138878
2464, 71.47605, 0.0139907
2465, 72.65699, 0.0137633
2466, 71.26771, 0.0140316
2467, 71.77257, 0.0139329
2468, 71.80813, 0.013926
2469, 71.71749, 0.0139436
2470, 72.04922, 0.0138794
2471, 71.01617, 0.0140813
2472, 69.55167, 0.0143778
2473, 71.41479, 0.0140027
2474, 71.31447, 0.0140224
2475, 73.02468, 0.013694
2476, 70.80298, 0.0141237
2477, 71.42653, 0.0140004
2478, 70.0815, 0.0142691
2479, 73.19572, 0.013662
2480, 71.26466, 0.0140322
2481, 62.32704, 0.0160444
2482, 87.29964, 0.0114548
2483, 72.03521, 0.0138821
2484, 71.4046, 0.0140047
2485, 68.05035, 0.014695
2486, 75.13712, 0.013309
2487, 70.16165, 0.0142528
2488, 78.32816, 0.0127668
2489, 71.68819, 0.0139493
2490, 67.37364, 0.0148426
2491, 71.35416, 0.0140146
2492, 77.85858, 0.0128438
2493, 72.2345, 0.0138438
2494, 71.56659, 0.013973
2495, 67.15511, 0.0148909
2496, 71.76381, 0.0139346
2497, 74.45906, 0.0134302
2498, 71.45613, 0.0139946
2499, 72.84435, 0.0137279
2500, 71.18046, 0.0140488
2501, 72.34215, 0.0138232
2502, 71.54662, 0.0139769
2503, 71.51132, 0.0139838
2504, 71.25552, 0.014034
2505, 71.2799, 0.0140292
2506, 69.79877, 0.0143269
2507, 73.34444, 0.0136343
2508, 68.78525, 0.014538
2509, 75.81731, 0.0131896
2510, 71.52769, 0.0139806
2511, 73.20644, 0.01366
2512, 70.23804, 0.0142373
2513, 73.58569, 0.0135896
2514, 71.97817, 0.0138931
2515, 71.41837, 0.014002
2516, 70.48856, 0.0141867
2517, 72.51421, 0.0137904
2518, 71.42908, 0.0139999
2519, 73.4015, 0.0136237
2520, 71.69178, 0.0139486
2521, 74.91872, 0.0133478
2522, 72.07207, 0.013875
2523, 72.00928, 0.0138871
2524, 71.5369, 0.0139788
2525, 68.93794, 0.0145058
2526, 71.65788, 0.0139552
2527, 70.9829, 0.0140879
2528, 71.11668, 0.0140614
2529, 71.92278, 0.0139038
2530, 71.22152, 0.0140407
2531, 74.56232, 0.0134116
2532, 75.10045, 0.0133155
2533, 71.27888, 0.0140294
2534, 71.95332, 0.0138979
2535, 52.1352, 0.0191809
2536, 91.29919, 0.010953
2537, 85.55784, 0.011688
2538, 71.99735, 0.0138894
2539, 69.95893, 0.0142941
2540, 15.0584, 0.0664081
