Frame, FPS, Frame Time
1, 50, 0.02
2, 50, 0.02
3, 3, 0.3333333
4, 5.283511, 0.1892681
5, 29.10886, 0.0343538
6, 188.6081, 0.005302
7, 71.96989, 0.0138947
8, 70.69686, 0.0141449
9, 72.46535, 0.0137997
10, 71.6081, 0.0139649
11, 71.31802, 0.0140217
12, 72.62428, 0.0137695
13, 71.59785, 0.0139669
14, 71.32616, 0.0140201
15, 72.85656, 0.0137256
16, 72.00979, 0.013887
17, 70.95067, 0.0140943
18, 72.87939, 0.0137213
19, 71.54919, 0.0139764
20, 71.58606, 0.0139692
21, 71.99528, 0.0138898
22, 72.48951, 0.0137951
23, 71.03333, 0.0140779
24, 23.8561, 0.041918
25, 72.73309, 0.0137489
26, 71.46073, 0.0139937
27, 72.07675, 0.0138741
28, 70.88528, 0.0141073
29, 71.99476, 0.0138899
30, 72.55578, 0.0137825
31, 71.9052, 0.0139072
32, 71.80607, 0.0139264
33, 72.16465, 0.0138572
34, 71.60605, 0.0139653
35, 70.78092, 0.0141281
36, 71.04897, 0.0140748
37, 70.9552, 0.0140934
38, 73.74468, 0.0135603
39, 71.63067, 0.0139605
40, 35.89028, 0.0278627
41, 71.72572, 0.013942
42, 70.9547, 0.0140935
43, 72.53157, 0.0137871
44, 72.11261, 0.0138672
45, 70.0653, 0.0142724
46, 73.78386, 0.0135531
47, 70.39478, 0.0142056
48, 72.22824, 0.013845
49, 52.99024, 0.0188714
50, 66.25324, 0.0150936
51, 14.92488, 0.0670022
52, 65.95306, 0.0151623
53, 76.49763, 0.0130723
54, 21.70294, 0.0460767
55, 66.76592, 0.0149777
56, 90.62403, 0.0110346
57, 69.93398, 0.0142992
58, 71.74528, 0.0139382
59, 70.31705, 0.0142213
60, 70.4528, 0.0141939
61, 69.67912, 0.0143515
62, 72.39294, 0.0138135
63, 69.9286, 0.0143003
64, 70.97333, 0.0140898
65, 72.48793, 0.0137954
66, 71.14045, 0.0140567
67, 70.31409, 0.0142219
68, 71.31802, 0.0140217
69, 72.35733, 0.0138203
70, 71.93054, 0.0139023
71, 71.76845, 0.0139337
72, 70.73737, 0.0141368
73, 72.62902, 0.0137686
74, 71.42142, 0.0140014
75, 71.1278, 0.0140592
76, 72.71934, 0.0137515
77, 71.24791, 0.0140355
78, 70.89333, 0.0141057
79, 36.06346, 0.0277289
80, 71.68202, 0.0139505
81, 71.47554, 0.0139908
82, 71.38829, 0.0140079
83, 71.01517, 0.0140815
84, 72.05753, 0.0138778
85, 73.04762, 0.0136897
86, 71.25755, 0.0140336
87, 72.50002, 0.0137931
88, 71.76124, 0.0139351
89, 71.30277, 0.0140247
90, 70.70086, 0.0141441
91, 71.97507, 0.0138937
92, 71.67123, 0.0139526
93, 70.9069, 0.014103
94, 72.96394, 0.0137054
95, 70.39329, 0.0142059
96, 73.20001, 0.0136612
97, 71.5369, 0.0139788
98, 71.55686, 0.0139749
99, 72.08818, 0.0138719
100, 71.56608, 0.0139731
101, 72.12509, 0.0138648
102, 71.49751, 0.0139865
103, 72.09389, 0.0138708
104, 70.72736, 0.0141388
105, 72.52578, 0.0137882
106, 71.51592, 0.0139829
107, 72.47375, 0.0137981
108, 35.89479, 0.0278592
109, 71.71389, 0.0139443
110, 71.02979, 0.0140786
111, 72.3788, 0.0138162
112, 71.69641, 0.0139477
113, 72.21729, 0.0138471
114, 71.0419, 0.0140762
115, 72.36361, 0.0138191
116, 70.56615, 0.0141711
117, 73.04602, 0.01369
118, 71.77824, 0.0139318
119, 72.29247, 0.0138327
120, 71.56198, 0.0139739
121, 71.48985, 0.013988
122, 70.3804, 0.0142085
123, 73.05242, 0.0136888
124, 35.77126, 0.0279554
125, 72.58527, 0.0137769
126, 71.76587, 0.0139342
127, 70.73537, 0.0141372
128, 72.59159, 0.0137757
129, 72.30658, 0.01383
130, 71.40256, 0.0140051
131, 71.85767, 0.0139164
132, 71.23319, 0.0140384
133, 71.48014, 0.0139899
134, 71.73395, 0.0139404
135, 72.3186, 0.0138277
136, 72.12562, 0.0138647
137, 72.11625, 0.0138665
138, 71.87833, 0.0139124
139, 69.96432, 0.014293
140, 73.44085, 0.0136164
141, 71.51848, 0.0139824
142, 5.464558, 0.1829974
143, 29.79507, 0.0335626
144, 34.2318, 0.0292126
145, 44.87807, 0.0222826
146, 111.1123, 0.0089999
147, 69.93496, 0.014299
148, 69.81534, 0.0143235
149, 72.20737, 0.013849
150, 71.286, 0.014028
151, 32.44773, 0.0308188
152, 91.05478, 0.0109824
153, 70.04371, 0.0142768
154, 72.39977, 0.0138122
155, 71.38116, 0.0140093
156, 71.5958, 0.0139673
157, 72.0861, 0.0138723
158, 71.42603, 0.0140005
159, 71.16222, 0.0140524
160, 71.2271, 0.0140396
161, 31.35121, 0.0318967
162, 104.321, 0.0095858
163, 70.99751, 0.014085
164, 71.62503, 0.0139616
165, 71.184, 0.0140481
166, 72.90596, 0.0137163
167, 71.83237, 0.0139213
168, 71.69127, 0.0139487
169, 70.98592, 0.0140873
170, 71.78545, 0.0139304
171, 72.38876, 0.0138143
172, 71.77308, 0.0139328
173, 71.14096, 0.0140566
174, 72.49055, 0.0137949
175, 71.29261, 0.0140267
176, 72.48688, 0.0137956
177, 71.91141, 0.013906
178, 71.45205, 0.0139954
179, 71.24435, 0.0140362
180, 71.26872, 0.0140314
181, 72.02691, 0.0138837
182, 72.28828, 0.0138335
183, 71.94193, 0.0139001
184, 70.0653, 0.0142724
185, 73.68546, 0.0135712
186, 71.55533, 0.0139752
187, 70.75739, 0.0141328
188, 72.68551, 0.0137579
189, 72.20321, 0.0138498
190, 71.61785, 0.013963
191, 71.83443, 0.0139209
192, 71.09594, 0.0140655
193, 72.49371, 0.0137943
194, 71.53946, 0.0139783
195, 71.50417, 0.0139852
196, 71.4592, 0.013994
197, 70.69686, 0.0141449
198, 74.00993, 0.0135117
199, 71.42704, 0.0140003
200, 71.98647, 0.0138915
201, 71.9673, 0.0138952
202, 71.4643, 0.013993
203, 71.72109, 0.0139429
204, 72.48951, 0.0137951
205, 71.41531, 0.0140026
206, 71.57325, 0.0139717
207, 71.61426, 0.0139637
208, 72.94212, 0.0137095
209, 71.68407, 0.0139501
210, 71.36944, 0.0140116
211, 71.89899, 0.0139084
212, 71.77926, 0.0139316
213, 71.37911, 0.0140097
214, 70.52982, 0.0141784
215, 73.74033, 0.0135611
216, 71.1911, 0.0140467
217, 71.44847, 0.0139961
218, 72.32384, 0.0138267
219, 71.55328, 0.0139756
220, 72.31547, 0.0138283
221, 72.13654, 0.0138626
222, 71.15918, 0.014053
223, 72.12457, 0.0138649
224, 71.59888, 0.0139667
225, 70.07806, 0.0142698
226, 73.25417, 0.0136511
227, 71.61375, 0.0139638
228, 71.94918, 0.0138987
229, 71.78957, 0.0139296
230, 71.9673, 0.0138952
231, 71.5958, 0.0139673
232, 71.91399, 0.0139055
233, 72.30344, 0.0138306
234, 71.90623, 0.013907
235, 71.19009, 0.0140469
236, 70.49998, 0.0141844
237, 72.51001, 0.0137912
238, 72.81094, 0.0137342
239, 72.24964, 0.0138409
240, 70.02948, 0.0142797
241, 72.06792, 0.0138758
242, 73.02202, 0.0136945
243, 68.78999, 0.014537
244, 73.05135, 0.013689
245, 74.91815, 0.0133479
246, 70.98038, 0.0140884
247, 71.70258, 0.0139465
248, 71.5415, 0.0139779
249, 70.46124, 0.0141922
250, 73.68382, 0.0135715
251, 72.48478, 0.013796
252, 71.01163, 0.0140822
253, 72.15736, 0.0138586
254, 70.92349, 0.0140997
255, 72.31181, 0.013829
256, 71.63991, 0.0139587
257, 71.17944, 0.014049
258, 73.01988, 0.0136949
259, 72.15215, 0.0138596
260, 71.22558, 0.0140399
261, 70.74738, 0.0141348
262, 56.42768, 0.0177218
263, 85.65017, 0.0116754
264, 73.20055, 0.0136611
265, 73.21877, 0.0136577
266, 72.32332, 0.0138268
267, 72.64327, 0.0137659
268, 73.11865, 0.0136764
269, 71.77051, 0.0139333
270, 73.09087, 0.0136816
271, 71.19769, 0.0140454
272, 73.17216, 0.0136664
273, 70.71436, 0.0141414
274, 73.53428, 0.0135991
275, 72.161, 0.0138579
276, 72.00253, 0.0138884
277, 72.07363, 0.0138747
278, 71.06412, 0.0140718
279, 72.51263, 0.0137907
280, 71.77721, 0.013932
281, 72.84223, 0.0137283
282, 71.62862, 0.0139609
283, 71.25298, 0.0140345
284, 72.58316, 0.0137773
285, 69.77686, 0.0143314
286, 73.54726, 0.0135967
287, 71.48014, 0.0139899
288, 72.20581, 0.0138493
289, 72.49897, 0.0137933
290, 71.58094, 0.0139702
291, 70.91042, 0.0141023
292, 73.39342, 0.0136252
293, 71.51848, 0.0139824
294, 71.87367, 0.0139133
295, 71.10049, 0.0140646
296, 72.45222, 0.0138022
297, 70.01478, 0.0142827
298, 73.1636, 0.013668
299, 72.54314, 0.0137849
300, 72.0991, 0.0138698
301, 71.60861, 0.0139648
302, 70.80598, 0.0141231
303, 72.24755, 0.0138413
304, 72.23868, 0.013843
305, 72.10845, 0.013868
306, 71.16678, 0.0140515
307, 70.99651, 0.0140852
308, 73.10957, 0.0136781
309, 70.04813, 0.0142759
310, 72.70718, 0.0137538
311, 71.89899, 0.0139084
312, 72.22511, 0.0138456
313, 71.1688, 0.0140511
314, 72.01498, 0.013886
315, 72.40553, 0.0138111
316, 69.76712, 0.0143334
317, 74.24015, 0.0134698
318, 71.4046, 0.0140047
319, 71.7391, 0.0139394
320, 71.94296, 0.0138999
321, 70.24248, 0.0142364
322, 73.00336, 0.013698
323, 70.90187, 0.014104
324, 71.14298, 0.0140562
325, 72.73944, 0.0137477
326, 72.13966, 0.013862
327, 72.54683, 0.0137842
328, 71.43163, 0.0139994
329, 71.01668, 0.0140812
330, 73.82253, 0.013546
331, 71.29108, 0.014027
332, 72.11573, 0.0138666
333, 69.69564, 0.0143481
334, 74.05872, 0.0135028
335, 69.4985, 0.0143888
336, 74.63243, 0.013399
337, 71.21087, 0.0140428
338, 72.43385, 0.0138057
339, 70.73236, 0.0141378
340, 59.41558, 0.0168306
341, 90.94382, 0.0109958
342, 71.68819, 0.0139493
343, 72.55578, 0.0137825
344, 71.32108, 0.0140211
345, 70.2262, 0.0142397
346, 65.55486, 0.0152544
347, 84.00326, 0.0119043
348, 71.26111, 0.0140329
349, 71.37453, 0.0140106
350, 71.57223, 0.0139719
351, 72.10897, 0.0138679
352, 71.39236, 0.0140071
353, 71.82154, 0.0139234
354, 71.78699, 0.0139301
355, 70.64342, 0.0141556
356, 72.83003, 0.0137306
357, 69.61946, 0.0143638
358, 73.76263, 0.013557
359, 72.41077, 0.0138101
360, 70.32299, 0.0142201
361, 72.93946, 0.01371
362, 71.90985, 0.0139063
363, 72.14122, 0.0138617
364, 70.31657, 0.0142214
365, 72.30972, 0.0138294
366, 72.96607, 0.013705
367, 72.12926, 0.013864
368, 70.54922, 0.0141745
369, 71.18958, 0.014047
370, 72.58053, 0.0137778
371, 72.70929, 0.0137534
372, 71.32006, 0.0140213
373, 71.83856, 0.0139201
374, 68.81129, 0.0145325
375, 75.57665, 0.0132316
376, 70.66788, 0.0141507
377, 73.24827, 0.0136522
378, 71.98025, 0.0138927
379, 70.88077, 0.0141082
380, 72.73415, 0.0137487
381, 70.71386, 0.0141415
382, 71.46737, 0.0139924
383, 72.78497, 0.0137391
384, 72.43175, 0.0138061
385, 71.88245, 0.0139116
386, 70.62646, 0.014159
387, 72.61636, 0.013771
388, 71.425, 0.0140007
389, 72.38876, 0.0138143
390, 71.34499, 0.0140164
391, 72.20061, 0.0138503
392, 71.48474, 0.013989
393, 70.7659, 0.0141311
394, 71.73241, 0.0139407
395, 73.18233, 0.0136645
396, 70.59704, 0.0141649
397, 72.88205, 0.0137208
398, 71.81535, 0.0139246
399, 72.61163, 0.0137719
400, 70.95822, 0.0140928
401, 71.65942, 0.0139549
402, 72.30919, 0.0138295
403, 72.07675, 0.0138741
404, 71.76536, 0.0139343
405, 70.90237, 0.0141039
406, 71.48321, 0.0139893
407, 73.13951, 0.0136725
408, 70.71136, 0.014142
409, 73.05082, 0.0136891
410, 71.91037, 0.0139062
411, 71.32973, 0.0140194
412, 70.48656, 0.0141871
413, 73.21609, 0.0136582
414, 72.27836, 0.0138354
415, 71.70927, 0.0139452
416, 72.1834, 0.0138536
417, 70.09673, 0.014266
418, 71.37555, 0.0140104
419, 73.09514, 0.0136808
420, 73.31378, 0.01364
421, 70.9688, 0.0140907
422, 71.53895, 0.0139784
423, 71.37249, 0.014011
424, 71.65582, 0.0139556
425, 72.0513, 0.013879
426, 72.58316, 0.0137773
427, 71.15816, 0.0140532
428, 71.94555, 0.0138994
429, 71.17286, 0.0140503
430, 72.20895, 0.0138487
431, 72.24702, 0.0138414
432, 72.29142, 0.0138329
433, 71.06109, 0.0140724
434, 71.43775, 0.0139982
435, 71.51797, 0.0139825
436, 70.75188, 0.0141339
437, 75.13317, 0.0133097
438, 71.19414, 0.0140461
439, 71.12173, 0.0140604
440, 72.15945, 0.0138582
441, 71.8649, 0.013915
442, 70.83607, 0.0141171
443, 72.16361, 0.0138574
444, 72.55315, 0.013783
445, 70.61748, 0.0141608
446, 72.58791, 0.0137764
447, 72.54104, 0.0137853
448, 71.66096, 0.0139546
449, 71.52922, 0.0139803
450, 72.09961, 0.0138697
451, 71.8556, 0.0139168
452, 71.7566, 0.013936
453, 72.02431, 0.0138842
454, 70.82203, 0.0141199
455, 72.71458, 0.0137524
456, 70.64791, 0.0141547
457, 72.78127, 0.0137398
458, 72.19904, 0.0138506
459, 71.77308, 0.0139328
460, 71.62554, 0.0139615
461, 72.04922, 0.0138794
462, 71.41633, 0.0140024
463, 72.11105, 0.0138675
464, 71.92796, 0.0139028
465, 70.18874, 0.0142473
466, 73.02095, 0.0136947
467, 70.83206, 0.0141179
468, 73.56728, 0.013593
469, 71.15766, 0.0140533
470, 71.55635, 0.013975
471, 72.20686, 0.0138491
472, 71.62503, 0.0139616
473, 71.14501, 0.0140558
474, 71.28244, 0.0140287
475, 72.20529, 0.0138494
476, 72.38352, 0.0138153
477, 71.83237, 0.0139213
478, 70.56615, 0.0141711
479, 73.02895, 0.0136932
480, 72.11833, 0.0138661
481, 71.96212, 0.0138962
482, 71.69949, 0.0139471
483, 70.96175, 0.0140921
484, 72.9501, 0.013708
485, 70.74787, 0.0141347
486, 72.82526, 0.0137315
487, 71.89124, 0.0139099
488, 71.87419, 0.0139132
489, 70.63145, 0.014158
490, 73.66699, 0.0135746
491, 70.88277, 0.0141078
492, 72.79769, 0.0137367
493, 71.5835, 0.0139697
494, 72.05961, 0.0138774
495, 71.96782, 0.0138951
496, 71.57991, 0.0139704
497, 72.198, 0.0138508
498, 70.73436, 0.0141374
499, 72.50002, 0.0137931
500, 70.92551, 0.0140993
501, 72.42808, 0.0138068
502, 71.48219, 0.0139895
503, 71.76536, 0.0139343
504, 71.1607, 0.0140527
505, 73.12133, 0.0136759
506, 71.21087, 0.0140428
507, 71.34856, 0.0140157
508, 72.38718, 0.0138146
509, 71.27329, 0.0140305
510, 72.43123, 0.0138062
511, 71.0722, 0.0140702
512, 72.63166, 0.0137681
513, 71.50417, 0.0139852
514, 72.01601, 0.0138858
515, 71.36842, 0.0140118
516, 72.33691, 0.0138242
517, 72.01498, 0.013886
518, 71.76896, 0.0139336
519, 71.84218, 0.0139194
520, 72.10481, 0.0138687
521, 71.04543, 0.0140755
522, 70.98341, 0.0140878
523, 72.22511, 0.0138456
524, 72.90277, 0.0137169
525, 71.90934, 0.0139064
526, 71.52001, 0.0139821
527, 70.69086, 0.0141461
528, 73.3326, 0.0136365
529, 71.73293, 0.0139406
530, 71.74219, 0.0139388
531, 71.44797, 0.0139962
532, 71.74116, 0.013939
533, 70.35367, 0.0142139
534, 73.12453, 0.0136753
535, 72.50107, 0.0137929
536, 71.5016, 0.0139857
537, 72.00513, 0.0138879
538, 71.19262, 0.0140464
539, 71.44184, 0.0139974
540, 72.7802, 0.01374
541, 71.89072, 0.01391
542, 71.88763, 0.0139106
543, 71.35772, 0.0140139
544, 71.95176, 0.0138982
545, 72.05338, 0.0138786
546, 71.8071, 0.0139262
547, 72.58474, 0.013777
548, 71.27583, 0.01403
549, 70.74888, 0.0141345
550, 72.40868, 0.0138105
551, 71.44337, 0.0139971
552, 72.71669, 0.013752
553, 71.7, 0.013947
554, 71.50979, 0.0139841
555, 71.96678, 0.0138953
556, 71.88142, 0.0139118
557, 71.26111, 0.0140329
558, 72.81253, 0.0137339
559, 72.30344, 0.0138306
560, 71.46175, 0.0139935
561, 71.30531, 0.0140242
562, 72.15788, 0.0138585
563, 69.6277, 0.0143621
564, 74.92545, 0.0133466
565, 71.30836, 0.0140236
566, 71.29362, 0.0140265
567, 73.00123, 0.0136984
568, 71.83392, 0.013921
569, 70.47415, 0.0141896
570, 72.57316, 0.0137792
571, 71.85508, 0.0139169
572, 71.9616, 0.0138963
573, 70.82755, 0.0141188
574, 73.05135, 0.013689
575, 71.52257, 0.0139816
576, 71.68356, 0.0139502
577, 70.82153, 0.01412
578, 73.24612, 0.0136526
579, 71.99424, 0.01389
580, 71.67585, 0.0139517
581, 71.17843, 0.0140492
582, 71.83546, 0.0139207
583, 72.4307, 0.0138063
584, 71.76381, 0.0139346
585, 72.07259, 0.0138749
586, 71.74837, 0.0139376
587, 71.08382, 0.0140679
588, 71.22811, 0.0140394
589, 73.55321, 0.0135956
590, 71.4199, 0.0140017
591, 72.21155, 0.0138482
592, 71.03584, 0.0140774
593, 71.67072, 0.0139527
594, 72.55473, 0.0137827
595, 72.02276, 0.0138845
596, 71.83753, 0.0139203
597, 71.58965, 0.0139685
598, 71.6738, 0.0139521
599, 70.42204, 0.0142001
600, 73.20377, 0.0136605
601, 72.41444, 0.0138094
602, 70.86569, 0.0141112
603, 72.04559, 0.0138801
604, 72.52841, 0.0137877
605, 71.21544, 0.0140419
606, 72.44907, 0.0138028
607, 71.82876, 0.013922
608, 71.718, 0.0139435
609, 71.89435, 0.0139093
610, 71.05099, 0.0140744
611, 72.34425, 0.0138228
612, 72.24493, 0.0138418
613, 70.86771, 0.0141108
614, 72.51211, 0.0137908
615, 72.12769, 0.0138643
616, 71.9409, 0.0139003
617, 71.58144, 0.0139701
618, 70.87022, 0.0141103
619, 72.37252, 0.0138174
620, 72.24755, 0.0138413
621, 70.97232, 0.01409
622, 72.33273, 0.013825
623, 71.57018, 0.0139723
624, 71.88969, 0.0139102
625, 72.09857, 0.0138699
626, 70.80949, 0.0141224
627, 72.70718, 0.0137538
628, 72.02431, 0.0138842
629, 71.75197, 0.0139369
630, 71.69384, 0.0139482
631, 71.87678, 0.0139127
632, 71.42704, 0.0140003
633, 71.65993, 0.0139548
634, 71.6851, 0.0139499
635, 72.69238, 0.0137566
636, 71.62811, 0.013961
637, 71.94452, 0.0138996
638, 72.02535, 0.013884
639, 71.89279, 0.0139096
640, 71.6435, 0.013958
641, 72.00928, 0.0138871
642, 71.2982, 0.0140256
643, 71.68202, 0.0139505
644, 72.58474, 0.013777
645, 71.34958, 0.0140155
646, 72.33691, 0.0138242
647, 71.70515, 0.013946
648, 71.57377, 0.0139716
649, 71.56198, 0.0139739
650, 72.07519, 0.0138744
651, 71.81019, 0.0139256
652, 71.53025, 0.0139801
653, 72.17976, 0.0138543
654, 69.69321, 0.0143486
655, 73.93278, 0.0135258
656, 72.15684, 0.0138587
657, 71.47146, 0.0139916
658, 71.93054, 0.0139023
659, 71.8716, 0.0139137
660, 71.19211, 0.0140465
661, 72.55051, 0.0137835
662, 71.47912, 0.0139901
663, 71.96419, 0.0138958
664, 70.88579, 0.0141072
665, 70.96426, 0.0140916
666, 73.29552, 0.0136434
667, 72.66597, 0.0137616
668, 71.45052, 0.0139957
669, 71.76742, 0.0139339
670, 68.38542, 0.014623
671, 75.80352, 0.013192
672, 70.74287, 0.0141357
673, 71.91968, 0.0139044
674, 72.82579, 0.0137314
675, 71.87006, 0.013914
676, 70.83006, 0.0141183
677, 72.44802, 0.013803
678, 71.38931, 0.0140077
679, 48.193, 0.0207499
680, 143.8538, 0.0069515
681, 70.24494, 0.0142359
682, 71.93675, 0.0139011
683, 73.5911, 0.0135886
684, 71.13539, 0.0140577
685, 72.74261, 0.0137471
686, 71.33533, 0.0140183
687, 71.0202, 0.0140805
688, 72.55209, 0.0137832
689, 72.05805, 0.0138777
690, 69.70438, 0.0143463
691, 73.80074, 0.01355
692, 71.8649, 0.013915
693, 70.37942, 0.0142087
694, 73.04228, 0.0136907
695, 72.38771, 0.0138145
696, 70.79897, 0.0141245
697, 72.98205, 0.013702
698, 70.48061, 0.0141883
699, 72.92563, 0.0137126
700, 71.45511, 0.0139948
701, 72.47164, 0.0137985
702, 71.26771, 0.0140316
703, 71.27533, 0.0140301
704, 73.19733, 0.0136617
705, 71.43163, 0.0139994
706, 70.73586, 0.0141371
707, 72.66597, 0.0137616
708, 69.20798, 0.0144492
709, 73.58135, 0.0135904
710, 72.66808, 0.0137612
711, 71.72263, 0.0139426
712, 71.98284, 0.0138922
713, 72.63113, 0.0137682
714, 70.08052, 0.0142693
715, 72.94851, 0.0137083
716, 70.82304, 0.0141197
717, 72.86983, 0.0137231
718, 72.24964, 0.0138409
719, 72.04299, 0.0138806
720, 69.86411, 0.0143135
721, 73.16413, 0.0136679
722, 72.17819, 0.0138546
723, 71.86334, 0.0139153
724, 69.70584, 0.014346
725, 74.79264, 0.0133703
726, 71.35467, 0.0140145
727, 72.2079, 0.0138489
728, 70.16756, 0.0142516
729, 72.01913, 0.0138852
730, 72.51369, 0.0137905
731, 71.65839, 0.0139551
732, 70.95067, 0.0140943
733, 73.16895, 0.013667
734, 72.06324, 0.0138767
735, 72.17559, 0.0138551
736, 71.82928, 0.0139219
737, 71.7391, 0.0139394
738, 71.33939, 0.0140175
739, 72.1355, 0.0138628
740, 71.93158, 0.0139021
741, 72.13758, 0.0138624
742, 70.5542, 0.0141735
743, 72.45694, 0.0138013
744, 71.45461, 0.0139949
745, 72.57526, 0.0137788
746, 71.92226, 0.0139039
747, 71.36944, 0.0140116
748, 71.80555, 0.0139265
749, 71.79575, 0.0139284
750, 71.12982, 0.0140588
751, 72.63272, 0.0137679
752, 71.91864, 0.0139046
753, 69.70924, 0.0143453
754, 73.74197, 0.0135608
755, 72.08142, 0.0138732
756, 71.94141, 0.0139002
757, 71.19515, 0.0140459
758, 71.83289, 0.0139212
759, 72.29456, 0.0138323
760, 71.99943, 0.013889
761, 71.85818, 0.0139163
762, 71.34652, 0.0140161
763, 72.26791, 0.0138374
764, 71.27533, 0.0140301
765, 72.186, 0.0138531
766, 72.16933, 0.0138563
767, 71.81226, 0.0139252
768, 71.89279, 0.0139096
769, 71.87057, 0.0139139
770, 71.6625, 0.0139543
771, 71.62914, 0.0139608
772, 71.75145, 0.013937
773, 70.48508, 0.0141874
774, 72.42546, 0.0138073
775, 71.94865, 0.0138988
776, 72.45117, 0.0138024
777, 71.95694, 0.0138972
778, 71.40052, 0.0140055
779, 71.56966, 0.0139724
780, 72.25486, 0.0138399
781, 71.95487, 0.0138976
782, 71.88245, 0.0139116
783, 71.9528, 0.013898
784, 70.34822, 0.014215
785, 73.40419, 0.0136232
786, 70.90388, 0.0141036
787, 73.05189, 0.0136889
788, 71.91348, 0.0139056
789, 71.46737, 0.0139924
790, 71.90313, 0.0139076
791, 71.89124, 0.0139099
792, 71.72984, 0.0139412
793, 71.14045, 0.0140567
794, 71.53332, 0.0139795
795, 72.78868, 0.0137384
796, 71.98543, 0.0138917
797, 70.29383, 0.014226
798, 72.9501, 0.013708
799, 72.13654, 0.0138626
800, 71.61734, 0.0139631
801, 71.91554, 0.0139052
802, 71.70155, 0.0139467
803, 71.42755, 0.0140002
804, 71.79318, 0.0139289
805, 72.30292, 0.0138307
806, 72.09026, 0.0138715
807, 72.1657, 0.013857
808, 70.46471, 0.0141915
809, 72.9911, 0.0137003
810, 71.68253, 0.0139504
811, 71.59939, 0.0139666
812, 72.48425, 0.0137961
813, 71.09898, 0.0140649
814, 71.93158, 0.0139021
815, 71.95176, 0.0138982
816, 71.58862, 0.0139687
817, 71.71749, 0.0139436
818, 72.11209, 0.0138673
819, 70.69636, 0.014145
820, 72.85338, 0.0137262
821, 72.20008, 0.0138504
822, 71.37453, 0.0140106
823, 71.07725, 0.0140692
824, 73.09782, 0.0136803
825, 71.80142, 0.0139273
826, 71.67739, 0.0139514
827, 72.14018, 0.0138619
828, 71.15868, 0.0140531
829, 71.76793, 0.0139338
830, 71.40002, 0.0140056
831, 72.60529, 0.0137731
832, 71.18755, 0.0140474
833, 72.38194, 0.0138156
834, 71.93417, 0.0139016
835, 71.39797, 0.014006
836, 72.0861, 0.0138723
837, 71.46379, 0.0139931
838, 72.53735, 0.013786
839, 71.58504, 0.0139694
840, 71.77051, 0.0139333
841, 69.97852, 0.0142901
842, 73.02202, 0.0136945
843, 73.4565, 0.0136135
844, 71.39899, 0.0140058
845, 71.46941, 0.013992
846, 72.02535, 0.013884
847, 70.94513, 0.0140954
848, 73.24129, 0.0136535
849, 71.48372, 0.0139892
850, 71.73807, 0.0139396
851, 72.08662, 0.0138722
852, 70.93607, 0.0140972
853, 71.24841, 0.0140354
854, 73.03375, 0.0136923
855, 72.06999, 0.0138754
856, 71.56966, 0.0139724
857, 72.02431, 0.0138842
858, 71.74888, 0.0139375
859, 70.83106, 0.0141181
860, 72.16621, 0.0138569
861, 72.36885, 0.0138181
862, 71.78442, 0.0139306
863, 71.34245, 0.0140169
864, 70.88126, 0.0141081
865, 73.18447, 0.0136641
866, 72.23138, 0.0138444
867, 72.31024, 0.0138293
868, 71.45103, 0.0139956
869, 71.44643, 0.0139965
870, 71.52462, 0.0139812
871, 70.88227, 0.0141079
872, 73.04442, 0.0136903
873, 71.81895, 0.0139239
874, 71.13691, 0.0140574
875, 72.66492, 0.0137618
876, 71.9901, 0.0138908
877, 71.18501, 0.0140479
878, 72.39137, 0.0138138
879, 72.16465, 0.0138572
880, 71.6512, 0.0139565
881, 71.94504, 0.0138995
882, 71.57069, 0.0139722
883, 70.84561, 0.0141152
884, 73.50617, 0.0136043
885, 70.75889, 0.0141325
886, 71.78133, 0.0139312
887, 72.31024, 0.0138293
888, 71.75094, 0.0139371
889, 71.41888, 0.0140019
890, 71.7906, 0.0139294
891, 72.38037, 0.0138159
892, 71.82825, 0.0139221
893, 71.88659, 0.0139108
894, 70.88579, 0.0141072
895, 71.11668, 0.0140614
896, 72.87143, 0.0137228
897, 72.58105, 0.0137777
898, 71.7942, 0.0139287
899, 71.47554, 0.0139908
900, 72.33796, 0.013824
901, 70.78193, 0.0141279
902, 72.61848, 0.0137706
903, 71.05099, 0.0140744
904, 73.05616, 0.0136881
905, 71.36994, 0.0140115
906, 71.74271, 0.0139387
907, 71.37351, 0.0140108
908, 71.97662, 0.0138934
909, 72.14278, 0.0138614
910, 71.90623, 0.013907
911, 71.70515, 0.013946
912, 71.65479, 0.0139558
913, 71.70464, 0.0139461
914, 72.36361, 0.0138191
915, 71.76845, 0.0139337
916, 71.66815, 0.0139532
917, 71.82515, 0.0139227
918, 71.13944, 0.0140569
919, 71.15361, 0.0140541
920, 72.35838, 0.0138201
921, 72.6591, 0.0137629
922, 71.84785, 0.0139183
923, 71.18857, 0.0140472
924, 72.40762, 0.0138107
925, 72.07935, 0.0138736
926, 71.56711, 0.0139729
927, 72.12822, 0.0138642
928, 71.81174, 0.0139253
929, 69.93594, 0.0142988
930, 73.52563, 0.0136007
931, 71.29718, 0.0140258
932, 72.45432, 0.0138018
933, 71.4735, 0.0139912
934, 72.25016, 0.0138408
935, 71.38829, 0.0140079
936, 71.8587, 0.0139162
937, 72.22877, 0.0138449
938, 70.96628, 0.0140912
939, 71.82154, 0.0139234
940, 71.53025, 0.0139801
941, 71.97817, 0.0138931
942, 70.72886, 0.0141385
943, 73.26329, 0.0136494
944, 72.32959, 0.0138256
945, 72.11365, 0.013867
946, 71.19211, 0.0140465
947, 72.11781, 0.0138662
948, 70.83558, 0.0141172
949, 72.44907, 0.0138028
950, 71.65736, 0.0139553
951, 69.04408, 0.0144835
952, 75.36761, 0.0132683
953, 72.13029, 0.0138638
954, 71.99632, 0.0138896
955, 72.36466, 0.0138189
956, 71.6081, 0.0139649
957, 71.56915, 0.0139725
958, 71.41939, 0.0140018
959, 71.96108, 0.0138964
960, 72.26008, 0.0138389
961, 70.72886, 0.0141385
962, 71.96212, 0.0138962
963, 73.23057, 0.0136555
964, 71.25095, 0.0140349
965, 71.62554, 0.0139615
966, 71.47401, 0.0139911
967, 71.35518, 0.0140144
968, 71.48729, 0.0139885
969, 72.75902, 0.013744
970, 71.83805, 0.0139202
971, 70.23409, 0.0142381
972, 73.63228, 0.013581
973, 71.22811, 0.0140394
974, 71.67637, 0.0139516
975, 69.81778, 0.014323
976, 75.14842, 0.013307
977, 71.10757, 0.0140632
978, 72.26948, 0.0138371
979, 71.41123, 0.0140034
980, 71.15614, 0.0140536
981, 71.93417, 0.0139016
982, 72.08765, 0.013872
983, 71.75609, 0.0139361
984, 71.36536, 0.0140124
985, 72.56157, 0.0137814
986, 67.79661, 0.01475
987, 76.00401, 0.0131572
988, 72.55104, 0.0137834
989, 72.36832, 0.0138182
990, 71.66917, 0.013953
991, 71.03333, 0.0140779
992, 71.2982, 0.0140256
993, 72.42074, 0.0138082
994, 71.1106, 0.0140626
995, 71.46278, 0.0139933
996, 73.82307, 0.0135459
997, 71.15816, 0.0140532
998, 69.9795, 0.0142899
999, 74.25117, 0.0134678
1000, 72.56947, 0.0137799
1001, 71.46584, 0.0139927
1002, 70.75838, 0.0141326
1003, 72.8778, 0.0137216
1004, 71.03988, 0.0140766
1005, 72.03728, 0.0138817
1006, 70.91846, 0.0141007
1007, 73.0898, 0.0136818
1008, 72.07727, 0.013874
1009, 71.77566, 0.0139323
1010, 70.72836, 0.0141386
1011, 72.54314, 0.0137849
1012, 71.17033, 0.0140508
1013, 73.36703, 0.0136301
1014, 71.38166, 0.0140092
1015, 71.76948, 0.0139335
1016, 70.61897, 0.0141605
1017, 72.54841, 0.0137839
1018, 72.36832, 0.0138182
1019, 71.65736, 0.0139553
1020, 71.68356, 0.0139502
1021, 71.89072, 0.01391
1022, 71.02525, 0.0140795
1023, 72.11313, 0.0138671
1024, 72.676, 0.0137597
1025, 71.23521, 0.014038
1026, 71.99217, 0.0138904
1027, 72.13029, 0.0138638
1028, 70.07512, 0.0142704
1029, 73.45973, 0.0136129
1030, 72.03469, 0.0138822
1031, 71.17336, 0.0140502
1032, 71.9321, 0.013902
1033, 72.68815, 0.0137574
1034, 70.97131, 0.0140902
1035, 72.35785, 0.0138202
1036, 71.62708, 0.0139612
1037, 72.35366, 0.013821
1038, 71.39134, 0.0140073
1039, 70.87926, 0.0141085
1040, 70.90388, 0.0141036
1041, 73.90765, 0.0135304
1042, 69.8568, 0.014315
1043, 74.31077, 0.013457
1044, 71.03484, 0.0140776
1045, 72.48531, 0.0137959
1046, 70.57213, 0.0141699
1047, 72.78497, 0.0137391
1048, 72.28097, 0.0138349
1049, 71.70515, 0.013946
1050, 70.69736, 0.0141448
1051, 72.61478, 0.0137713
1052, 70.69036, 0.0141462
1053, 73.53915, 0.0135982
1054, 71.82979, 0.0139218
1055, 71.21138, 0.0140427
1056, 72.29822, 0.0138316
1057, 70.50396, 0.0141836
1058, 48.62229, 0.0205667
1059, 141.1014, 0.0070871
1060, 71.52871, 0.0139804
1061, 71.06967, 0.0140707
1062, 72.65382, 0.0137639
1063, 72.29195, 0.0138328
1064, 70.13017, 0.0142592
1065, 73.85252, 0.0135405
1066, 71.87212, 0.0139136
1067, 71.4352, 0.0139987
1068, 71.4398, 0.0139978
1069, 72.29769, 0.0138317
1070, 71.9409, 0.0139003
1071, 71.64864, 0.013957
1072, 70.9698, 0.0140905
1073, 73.05029, 0.0136892
1074, 71.46379, 0.0139931
1075, 72.04819, 0.0138796
1076, 70.04617, 0.0142763
1077, 73.46675, 0.0136116
1078, 71.69743, 0.0139475
1079, 72.15163, 0.0138597
1080, 70.93255, 0.0140979
1081, 71.94814, 0.0138989
1082, 71.23116, 0.0140388
1083, 72.88895, 0.0137195
1084, 72.48951, 0.0137951
1085, 72.07571, 0.0138743
1086, 71.51388, 0.0139833
1087, 71.6666, 0.0139535
1088, 70.91193, 0.014102
1089, 72.77967, 0.0137401
1090, 71.54407, 0.0139774
1091, 72.29142, 0.0138329
1092, 71.58913, 0.0139686
1093, 72.04352, 0.0138805
1094, 70.68237, 0.0141478
1095, 73.03482, 0.0136921
1096, 71.36689, 0.0140121
1097, 72.22616, 0.0138454
1098, 71.53946, 0.0139783
1099, 70.63993, 0.0141563
1100, 72.25956, 0.013839
1101, 72.59949, 0.0137742
1102, 72.14435, 0.0138611
1103, 72.13706, 0.0138625
1104, 71.68202, 0.0139505
1105, 70.68336, 0.0141476
1106, 72.87143, 0.0137228
1107, 71.32413, 0.0140205
1108, 72.53262, 0.0137869
1109, 71.19414, 0.0140461
1110, 72.18549, 0.0138532
1111, 71.81226, 0.0139252
1112, 70.32695, 0.0142193
1113, 73.79638, 0.0135508
1114, 70.37099, 0.0142104
1115, 73.24505, 0.0136528
1116, 70.71786, 0.0141407
1117, 72.68287, 0.0137584
1118, 71.20732, 0.0140435
1119, 70.96175, 0.0140921
1120, 72.80193, 0.0137359
1121, 72.40081, 0.013812
1122, 71.32108, 0.0140211
1123, 72.04455, 0.0138803
1124, 70.48011, 0.0141884
1125, 73.92184, 0.0135278
1126, 71.91968, 0.0139044
1127, 67.16368, 0.014889
1128, 77.37662, 0.0129238
1129, 70.98945, 0.0140866
1130, 72.38823, 0.0138144
1131, 71.65326, 0.0139561
1132, 70.68287, 0.0141477
1133, 73.29713, 0.0136431
1134, 71.69641, 0.0139477
1135, 71.64401, 0.0139579
1136, 70.12082, 0.0142611
1137, 72.75955, 0.0137439
1138, 71.30989, 0.0140233
1139, 72.86028, 0.0137249
1140, 71.88297, 0.0139115
1141, 72.38456, 0.0138151
1142, 71.13589, 0.0140576
1143, 71.61938, 0.0139627
1144, 72.48846, 0.0137953
1145, 72.39294, 0.0138135
1146, 71.23573, 0.0140379
1147, 71.25857, 0.0140334
1148, 70.67887, 0.0141485
1149, 72.22146, 0.0138463
1150, 72.7855, 0.013739
1151, 71.62349, 0.0139619
1152, 71.45664, 0.0139945
1153, 72.85603, 0.0137257
1154, 72.11105, 0.0138675
1155, 70.02262, 0.0142811
1156, 73.55916, 0.0135945
1157, 72.05909, 0.0138775
1158, 71.06361, 0.0140719
1159, 71.90726, 0.0139068
1160, 70.17495, 0.0142501
1161, 71.96833, 0.013895
1162, 73.36488, 0.0136305
1163, 72.31966, 0.0138275
1164, 71.88608, 0.0139109
1165, 71.75042, 0.0139372
1166, 71.70052, 0.0139469
1167, 70.62546, 0.0141592
1168, 72.94372, 0.0137092
1169, 72.23346, 0.013844
1170, 70.63943, 0.0141564
1171, 71.24689, 0.0140357
1172, 72.19643, 0.0138511
1173, 70.78694, 0.0141269
1174, 71.50007, 0.013986
1175, 74.97432, 0.0133379
1176, 71.14602, 0.0140556
1177, 71.78287, 0.0139309
1178, 71.93831, 0.0139008
1179, 71.13741, 0.0140573
1180, 72.97885, 0.0137026
1181, 70.97585, 0.0140893
1182, 70.70635, 0.014143
1183, 73.68546, 0.0135712
1184, 70.79345, 0.0141256
1185, 71.94762, 0.013899
1186, 72.65435, 0.0137638
1187, 72.24337, 0.0138421
1188, 71.95383, 0.0138978
1189, 71.3944, 0.0140067
1190, 71.58811, 0.0139688
1191, 70.36456, 0.0142117
1192, 73.94918, 0.0135228
1193, 71.17336, 0.0140502
1194, 72.44172, 0.0138042
1195, 71.78648, 0.0139302
1196, 71.11212, 0.0140623
1197, 71.1192, 0.0140609
1198, 72.91021, 0.0137155
1199, 72.37356, 0.0138172
1200, 71.67072, 0.0139527
1201, 70.78343, 0.0141276
1202, 72.88683, 0.0137199
1203, 71.30125, 0.014025
1204, 71.91606, 0.0139051
1205, 72.18288, 0.0138537
1206, 72.03884, 0.0138814
1207, 71.70103, 0.0139468
1208, 71.08281, 0.0140681
1209, 69.59427, 0.014369
1210, 75.00244, 0.0133329
1211, 72.06324, 0.0138767
1212, 71.13539, 0.0140577
1213, 70.79797, 0.0141247
1214, 73.65289, 0.0135772
1215, 70.86218, 0.0141119
1216, 72.54999, 0.0137836
1217, 71.94555, 0.0138994
1218, 71.86541, 0.0139149
1219, 71.32515, 0.0140203
1220, 72.01498, 0.013886
1221, 69.77539, 0.0143317
1222, 72.7204, 0.0137513
1223, 73.44624, 0.0136154
1224, 70.99953, 0.0140846
1225, 71.81999, 0.0139237
1226, 71.425, 0.0140007
1227, 71.86024, 0.0139159
1228, 72.52473, 0.0137884
1229, 71.51899, 0.0139823
1230, 72.33064, 0.0138254
1231, 23.72502, 0.0421496
1232, 73.42575, 0.0136192
1233, 71.5282, 0.0139805
1234, 71.35925, 0.0140136
1235, 69.61268, 0.0143652
1236, 64.43423, 0.0155197
1237, 73.97818, 0.0135175
1238, 82.90087, 0.0120626
1239, 71.70515, 0.013946
1240, 70.9552, 0.0140934
1241, 72.74049, 0.0137475
1242, 71.92692, 0.013903
1243, 71.14906, 0.014055
1244, 72.39085, 0.0138139
1245, 72.32332, 0.0138268
1246, 69.77831, 0.0143311
1247, 73.68654, 0.013571
1248, 71.51337, 0.0139834
1249, 71.80194, 0.0139272
1250, 72.34947, 0.0138218
1251, 71.79163, 0.0139292
1252, 70.86419, 0.0141115
1253, 72.40815, 0.0138106
1254, 72.5621, 0.0137813
1255, 71.08028, 0.0140686
1256, 72.10845, 0.013868
1257, 71.13135, 0.0140585
1258, 72.22616, 0.0138454
1259, 72.65541, 0.0137636
1260, 71.56966, 0.0139724
1261, 71.80194, 0.0139272
1262, 72.06376, 0.0138766
1263, 70.64442, 0.0141554
1264, 73.08713, 0.0136823
1265, 71.59837, 0.0139668
1266, 72.05753, 0.0138778
1267, 70.08249, 0.0142689
1268, 72.08974, 0.0138716
1269, 73.19519, 0.0136621
1270, 72.28254, 0.0138346
1271, 71.04897, 0.0140748
1272, 72.12197, 0.0138654
1273, 71.94348, 0.0138998
1274, 71.43827, 0.0139981
1275, 72.10481, 0.0138687
1276, 72.1381, 0.0138623
1277, 71.19718, 0.0140455
1278, 71.91348, 0.0139056
1279, 71.55584, 0.0139751
1280, 70.14049, 0.0142571
1281, 74.5879, 0.013407
1282, 71.26771, 0.0140316
1283, 72.12978, 0.0138639
1284, 71.41021, 0.0140036
1285, 71.96626, 0.0138954
1286, 71.38523, 0.0140085
1287, 72.04092, 0.013881
1288, 71.50058, 0.0139859
1289, 72.68551, 0.0137579
1290, 70.59405, 0.0141655
1291, 72.98737, 0.013701
1292, 70.73186, 0.0141379
1293, 72.383, 0.0138154
1294, 72.06272, 0.0138768
1295, 71.99372, 0.0138901
1296, 71.66455, 0.0139539
1297, 70.37447, 0.0142097
1298, 73.10583, 0.0136788
1299, 71.42704, 0.0140003
1300, 73.22949, 0.0136557
1301, 70.78744, 0.0141268
1302, 72.48163, 0.0137966
1303, 71.94555, 0.0138994
1304, 70.35466, 0.0142137
1305, 73.57973, 0.0135907
1306, 71.59119, 0.0139682
1307, 71.47707, 0.0139905
1308, 72.15632, 0.0138588
1309, 71.74837, 0.0139376
1310, 71.09443, 0.0140658
1311, 72.59001, 0.013776
1312, 71.21645, 0.0140417
1313, 72.35471, 0.0138208
1314, 71.95642, 0.0138973
1315, 71.68099, 0.0139507
1316, 70.80247, 0.0141238
1317, 72.93733, 0.0137104
1318, 71.53587, 0.013979
1319, 72.30972, 0.0138294
1320, 71.82773, 0.0139222
1321, 71.89848, 0.0139085
1322, 71.44949, 0.0139959
1323, 71.52053, 0.013982
1324, 72.72675, 0.0137501
1325, 71.2982, 0.0140256
1326, 71.94918, 0.0138987
1327, 71.49393, 0.0139872
1328, 70.65141, 0.014154
1329, 73.88689, 0.0135342
1330, 71.55635, 0.013975
1331, 71.88814, 0.0139105
1332, 71.8556, 0.0139168
1333, 71.73293, 0.0139406
1334, 70.25383, 0.0142341
1335, 73.40204, 0.0136236
1336, 72.19904, 0.0138506
1337, 71.64145, 0.0139584
1338, 70.74888, 0.0141345
1339, 72.94957, 0.0137081
1340, 71.2738, 0.0140304
1341, 71.71955, 0.0139432
1342, 72.64908, 0.0137648
1343, 71.68407, 0.0139501
1344, 71.56352, 0.0139736
1345, 70.55769, 0.0141728
1346, 72.63799, 0.0137669
1347, 72.52473, 0.0137884
1348, 71.54407, 0.0139774
1349, 71.85973, 0.013916
1350, 72.16048, 0.013858
1351, 71.69846, 0.0139473
1352, 71.2403, 0.014037
1353, 71.10201, 0.0140643
1354, 73.20912, 0.0136595
1355, 71.84166, 0.0139195
1356, 70.91544, 0.0141013
1357, 72.56736, 0.0137803
1358, 69.3289, 0.014424
1359, 74.92433, 0.0133468
1360, 72.08454, 0.0138726
1361, 71.65223, 0.0139563
1362, 71.36027, 0.0140134
1363, 72.12874, 0.0138641
1364, 70.21436, 0.0142421
1365, 73.86779, 0.0135377
1366, 71.69332, 0.0139483
1367, 70.40568, 0.0142034
1368, 71.94865, 0.0138988
1369, 72.60899, 0.0137724
1370, 71.42959, 0.0139998
1371, 72.86877, 0.0137233
1372, 70.87473, 0.0141094
1373, 72.54472, 0.0137846
1374, 71.72366, 0.0139424
1375, 70.93456, 0.0140975
1376, 71.92537, 0.0139033
1377, 72.8778, 0.0137216
1378, 70.75838, 0.0141326
1379, 73.12026, 0.0136761
1380, 70.9829, 0.0140879
1381, 72.61057, 0.0137721
1382, 71.20022, 0.0140449
1383, 72.16413, 0.0138573
1384, 71.35619, 0.0140142
1385, 72.17663, 0.0138549
1386, 71.45052, 0.0139957
1387, 72.05338, 0.0138786
1388, 71.57223, 0.0139719
1389, 70.86419, 0.0141115
1390, 72.72939, 0.0137496
1391, 53.35638, 0.0187419
1392, 76.51637, 0.0130691
1393, 104.0908, 0.009607
1394, 71.69538, 0.0139479
1395, 71.34856, 0.0140157
1396, 72.06429, 0.0138765
1397, 70.11246, 0.0142628
1398, 73.6106, 0.013585
1399, 70.52137, 0.0141801
1400, 72.04352, 0.0138805
1401, 71.27075, 0.014031
1402, 73.10529, 0.0136789
1403, 71.41327, 0.014003
1404, 71.97092, 0.0138945
1405, 71.61785, 0.013963
1406, 71.87109, 0.0139138
1407, 71.5369, 0.0139788
1408, 72.19904, 0.0138506
1409, 71.92692, 0.013903
1410, 72.23555, 0.0138436
1411, 70.5542, 0.0141735
1412, 72.88098, 0.013721
1413, 72.22929, 0.0138448
1414, 71.74734, 0.0139378
1415, 72.30501, 0.0138303
1416, 70.52933, 0.0141785
1417, 71.81792, 0.0139241
1418, 72.96341, 0.0137055
1419, 72.04299, 0.0138806
1420, 71.61682, 0.0139632
1421, 72.2272, 0.0138452
1422, 70.95268, 0.0140939
1423, 72.41339, 0.0138096
1424, 71.37096, 0.0140113
1425, 72.13186, 0.0138635
1426, 71.66045, 0.0139547
1427, 71.94452, 0.0138996
1428, 71.52871, 0.0139804
1429, 72.05026, 0.0138792
1430, 72.13758, 0.0138624
1431, 71.85921, 0.0139161
1432, 71.30735, 0.0140238
1433, 70.95067, 0.0140943
1434, 73.07965, 0.0136837
1435, 71.87678, 0.0139127
1436, 71.71492, 0.0139441
1437, 71.24486, 0.0140361
1438, 72.04715, 0.0138798
1439, 71.26771, 0.0140316
1440, 72.67653, 0.0137596
1441, 72.05338, 0.0138786
1442, 71.9528, 0.013898
1443, 72.17559, 0.0138551
1444, 70.47018, 0.0141904
1445, 73.16628, 0.0136675
1446, 71.48678, 0.0139886
1447, 72.04715, 0.0138798
1448, 71.07068, 0.0140705
1449, 72.33064, 0.0138254
1450, 71.72315, 0.0139425
1451, 34.9555, 0.0286078
1452, 75.60294, 0.013227
1453, 71.64606, 0.0139575
1454, 69.04314, 0.0144837
1455, 28.78725, 0.0347376
1456, 116.7352, 0.0085664
1457, 86.69493, 0.0115347
1458, 72.29926, 0.0138314
1459, 71.58862, 0.0139687
1460, 71.90468, 0.0139073
1461, 71.00054, 0.0140844
1462, 72.36728, 0.0138184
1463, 71.76175, 0.013935
1464, 70.46521, 0.0141914
1465, 31.80277, 0.0314438
1466, 94.91899, 0.0105353
1467, 73.76917, 0.0135558
1468, 71.77514, 0.0139324
1469, 71.96886, 0.0138949
1470, 71.5369, 0.0139788
1471, 71.66917, 0.013953
1472, 71.89745, 0.0139087
1473, 72.10533, 0.0138686
1474, 71.00911, 0.0140827
1475, 29.96901, 0.0333678
1476, 121.9587, 0.0081995
1477, 71.43265, 0.0139992
1478, 71.45766, 0.0139943
1479, 71.82463, 0.0139228
1480, 72.08558, 0.0138724
1481, 70.80949, 0.0141224
1482, 71.75248, 0.0139368
1483, 72.90809, 0.0137159
1484, 70.75138, 0.014134
1485, 31.27737, 0.031972
1486, 101.9274, 0.0098109
1487, 72.75108, 0.0137455
1488, 72.0674, 0.0138759
1489, 71.08078, 0.0140685
1490, 72.19539, 0.0138513
1491, 72.03002, 0.0138831
1492, 70.59605, 0.0141651
1493, 72.73785, 0.013748
1494, 71.56096, 0.0139741
1495, 29.27409, 0.0341599
1496, 135.4224, 0.0073843
1497, 70.59455, 0.0141654
1498, 72.86028, 0.0137249
1499, 70.51192, 0.014182
1500, 72.95914, 0.0137063
1501, 71.60861, 0.0139648
1502, 71.98802, 0.0138912
1503, 68.97646, 0.0144977
1504, 72.97992, 0.0137024
1505, 31.0478, 0.0322084
1506, 108.0707, 0.0092532
1507, 72.01861, 0.0138853
1508, 71.02525, 0.0140795
1509, 71.60452, 0.0139656
1510, 73.32669, 0.0136376
1511, 71.15918, 0.014053
1512, 71.46686, 0.0139925
1513, 72.45852, 0.013801
1514, 70.89986, 0.0141044
1515, 32.25567, 0.0310023
1516, 95.06426, 0.0105192
1517, 71.00659, 0.0140832
1518, 72.01498, 0.013886
1519, 71.3623, 0.014013
1520, 72.62428, 0.0137695
1521, 71.49751, 0.0139865
1522, 71.81844, 0.013924
1523, 71.6851, 0.0139499
1524, 71.32769, 0.0140198
1525, 31.88755, 0.0313602
1526, 98.04498, 0.0101994
1527, 68.9389, 0.0145056
1528, 73.89399, 0.0135329
1529, 72.05909, 0.0138775
1530, 69.12569, 0.0144664
1531, 74.74232, 0.0133793
1532, 72.0887, 0.0138718
1533, 71.51439, 0.0139832
1534, 69.91541, 0.014303
1535, 28.83955, 0.0346746
1536, 120.9336, 0.008269
1537, 81.20377, 0.0123147
1538, 71.64248, 0.0139582
1539, 72.42021, 0.0138083
1540, 71.51132, 0.0139838
1541, 71.72315, 0.0139425
1542, 72.21416, 0.0138477
1543, 71.74528, 0.0139382
1544, 66.24535, 0.0150954
1545, 23.94235, 0.041767
1546, 79.68762, 0.012549
1547, 71.59375, 0.0139677
1548, 72.14539, 0.0138609
1549, 71.76536, 0.0139343
1550, 71.5794, 0.0139705
1551, 71.7566, 0.013936
1552, 71.97817, 0.0138931
1553, 70.72586, 0.0141391
1554, 31.87515, 0.0313724
1555, 97.03462, 0.0103056
1556, 70.98391, 0.0140877
1557, 73.25363, 0.0136512
1558, 71.40868, 0.0140039
1559, 72.04871, 0.0138795
1560, 71.77772, 0.0139319
1561, 71.87471, 0.0139131
1562, 71.41786, 0.0140021
1563, 71.3399, 0.0140174
1564, 30.84877, 0.0324162
1565, 105.1083, 0.009514
1566, 73.1759, 0.0136657
1567, 72.07207, 0.013875
1568, 71.69178, 0.0139486
1569, 71.48576, 0.0139888
1570, 73.17109, 0.0136666
1571, 71.70618, 0.0139458
1572, 71.30328, 0.0140246
1573, 71.5103, 0.013984
1574, 31.29851, 0.0319504
1575, 104.6014, 0.0095601
1576, 71.18349, 0.0140482
1577, 72.13862, 0.0138622
1578, 71.09342, 0.014066
1579, 72.55683, 0.0137823
1580, 71.67945, 0.013951
1581, 71.68048, 0.0139508
1582, 72.05753, 0.0138778
1583, 71.18806, 0.0140473
1584, 30.78126, 0.0324873
1585, 110.4277, 0.0090557
1586, 71.21037, 0.0140429
1587, 72.01187, 0.0138866
1588, 71.08432, 0.0140678
1589, 71.85198, 0.0139175
1590, 72.56789, 0.0137802
1591, 71.97455, 0.0138938
1592, 70.92299, 0.0140998
1593, 71.72623, 0.0139419
1594, 30.22454, 0.0330857
1595, 116.0807, 0.0086147
1596, 71.74167, 0.0139389
1597, 72.44487, 0.0138036
1598, 71.32362, 0.0140206
1599, 72.40553, 0.0138111
1600, 71.54509, 0.0139772
1601, 70.09232, 0.0142669
1602, 72.6908, 0.0137569
1603, 72.06065, 0.0138772
1604, 31.33942, 0.0319087
1605, 102.5536, 0.009751
1606, 71.46328, 0.0139932
1607, 71.49138, 0.0139877
1608, 72.66544, 0.0137617
1609, 71.96574, 0.0138955
1610, 71.02171, 0.0140802
1611, 71.24841, 0.0140354
1612, 73.07484, 0.0136846
1613, 71.37096, 0.0140113
1614, 30.66459, 0.0326109
1615, 110.7371, 0.0090304
1616, 71.31396, 0.0140225
1617, 71.91348, 0.0139056
1618, 71.61067, 0.0139644
1619, 71.44184, 0.0139974
1620, 72.60319, 0.0137735
1621, 72.38404, 0.0138152
1622, 70.71786, 0.0141407
1623, 68.76066, 0.0145432
1624, 27.20245, 0.0367614
1625, 121.1622, 0.0082534
1626, 107.2156, 0.009327
1627, 70.98341, 0.0140878
1628, 70.41014, 0.0142025
1629, 73.08179, 0.0136833
1630, 71.73293, 0.0139406
1631, 71.72726, 0.0139417
1632, 72.13342, 0.0138632
1633, 70.64941, 0.0141544
1634, 31.15866, 0.0320938
1635, 105.2853, 0.009498
1636, 70.97635, 0.0140892
1637, 71.11263, 0.0140622
1638, 72.77544, 0.0137409
1639, 70.56416, 0.0141715
1640, 72.85603, 0.0137257
1641, 72.04922, 0.0138794
1642, 71.74579, 0.0139381
1643, 70.35218, 0.0142142
1644, 26.55901, 0.037652
1645, 54.45288, 0.0183645
1646, 76.58376, 0.0130576
1647, 71.15969, 0.0140529
1648, 71.84373, 0.0139191
1649, 70.48707, 0.014187
1650, 72.8539, 0.0137261
1651, 72.20842, 0.0138488
1652, 70.22077, 0.0142408
1653, 31.57233, 0.0316733
1654, 99.41544, 0.0100588
1655, 72.25225, 0.0138404
1656, 72.73415, 0.0137487
1657, 71.07775, 0.0140691
1658, 72.16361, 0.0138574
1659, 71.09847, 0.014065
1660, 71.91193, 0.0139059
1661, 72.0835, 0.0138728
1662, 71.101, 0.0140645
1663, 31.25576, 0.0319941
1664, 104.3624, 0.009582
1665, 71.20123, 0.0140447
1666, 72.20008, 0.0138504
1667, 72.10169, 0.0138693
1668, 71.57991, 0.0139704
1669, 71.25755, 0.0140336
1670, 72.21312, 0.0138479
1671, 70.82404, 0.0141195
1672, 71.48985, 0.013988
1673, 31.62935, 0.0316162
1674, 101.8257, 0.0098207
1675, 70.50396, 0.0141836
1676, 72.30397, 0.0138305
1677, 72.13134, 0.0138636
1678, 71.98335, 0.0138921
1679, 71.62452, 0.0139617
1680, 71.52462, 0.0139812
1681, 72.07311, 0.0138748
1682, 70.47117, 0.0141902
1683, 30.76015, 0.0325096
1684, 112.8261, 0.0088632
1685, 70.61399, 0.0141615
1686, 72.19486, 0.0138514
1687, 71.1688, 0.0140511
1688, 73.03588, 0.0136919
1689, 71.56813, 0.0139727
1690, 72.07831, 0.0138738
1691, 71.37096, 0.0140113
1692, 69.4845, 0.0143917
1693, 29.86804, 0.0334806
1694, 104.2731, 0.0095902
1695, 82.52596, 0.0121174
1696, 71.49956, 0.0139861
1697, 72.36152, 0.0138195
1698, 71.72932, 0.0139413
1699, 72.20425, 0.0138496
1700, 71.37096, 0.0140113
1701, 71.86128, 0.0139157
1702, 71.1101, 0.0140627
1703, 31.65248, 0.0315931
1704, 100.7902, 0.0099216
1705, 71.52155, 0.0139818
1706, 71.6851, 0.0139499
1707, 71.718, 0.0139435
1708, 71.66917, 0.013953
1709, 71.96368, 0.0138959
1710, 71.7, 0.013947
1711, 71.63426, 0.0139598
1712, 71.67688, 0.0139515
1713, 31.34786, 0.0319001
1714, 102.7876, 0.0097288
1715, 71.80761, 0.0139261
1716, 71.4352, 0.0139987
1717, 72.0015, 0.0138886
1718, 71.51592, 0.0139829
1719, 72.24337, 0.0138421
1720, 70.89131, 0.0141061
1721, 73.02095, 0.0136947
1722, 70.64491, 0.0141553
1723, 31.14207, 0.0321109
1724, 105.9883, 0.009435
1725, 71.41378, 0.0140029
1726, 72.27679, 0.0138357
1727, 71.45103, 0.0139956
1728, 71.8959, 0.013909
1729, 71.19059, 0.0140468
1730, 72.93946, 0.01371
1731, 71.44898, 0.013996
1732, 69.80267, 0.0143261
1733, 30.73358, 0.0325377
1734, 115.0496, 0.0086919
1735, 70.19317, 0.0142464
1736, 72.78391, 0.0137393
1737, 71.53895, 0.0139784
1738, 72.34425, 0.0138228
1739, 70.54475, 0.0141754
1740, 73.28906, 0.0136446
1741, 71.72829, 0.0139415
1742, 70.76991, 0.0141303
1743, 31.46326, 0.0317831
1744, 103.4511, 0.0096664
1745, 70.29581, 0.0142256
1746, 72.07051, 0.0138753
1747, 72.0674, 0.0138759
1748, 69.66796, 0.0143538
1749, 74.99175, 0.0133348
1750, 71.55788, 0.0139747
1751, 71.73035, 0.0139411
1752, 70.71886, 0.0141405
1753, 31.74321, 0.0315028
1754, 99.75858, 0.0100242
1755, 71.71235, 0.0139446
1756, 71.25908, 0.0140333
1757, 72.53157, 0.0137871
1758, 71.68665, 0.0139496
1759, 71.22964, 0.0140391
1760, 72.04248, 0.0138807
1761, 72.37514, 0.0138169
1762, 70.90639, 0.0141031
1763, 31.90515, 0.0313429
1764, 96.23805, 0.0103909
1765, 71.6317, 0.0139603
1766, 72.81731, 0.013733
1767, 71.91917, 0.0139045
1768, 71.95021, 0.0138985
1769, 71.52001, 0.0139821
1770, 70.33338, 0.014218
1771, 73.15824, 0.013669
1772, 71.16982, 0.0140509
1773, 30.08677, 0.0332372
1774, 121.5333, 0.0082282
1775, 69.70924, 0.0143453
1776, 73.62253, 0.0135828
1777, 71.88504, 0.0139111
1778, 71.72469, 0.0139422
1779, 71.14146, 0.0140565
1780, 71.3944, 0.0140067
1781, 71.23573, 0.0140379
1782, 72.34686, 0.0138223
1783, 30.68652, 0.0325876
1784, 112.7536, 0.0088689
1785, 71.1101, 0.0140627
1786, 70.89735, 0.0141049
1787, 72.90437, 0.0137166
1788, 71.4046, 0.0140047
1789, 71.63067, 0.0139605
1790, 71.87212, 0.0139136
1791, 71.93054, 0.0139023
1792, 68.73939, 0.0145477
1793, 75.21512, 0.0132952
1794, 71.60913, 0.0139647
1795, 72.00979, 0.013887
1796, 71.78184, 0.0139311
1797, 71.75352, 0.0139366
1798, 71.54662, 0.0139769
1799, 71.72572, 0.013942
1800, 70.73186, 0.0141379
1801, 71.97041, 0.0138946
1802, 72.28515, 0.0138341
1803, 69.70535, 0.0143461
1804, 28.05301, 0.0356468
1805, 126.2164, 0.0079229
1806, 87.18852, 0.0114694
1807, 71.22913, 0.0140392
1808, 71.79575, 0.0139284
1809, 71.68253, 0.0139504
1810, 72.49477, 0.0137941
1811, 72.06947, 0.0138755
1812, 71.48627, 0.0139887
1813, 70.61498, 0.0141613
1814, 31.86357, 0.0313838
1815, 97.8129, 0.0102236
1816, 71.77721, 0.013932
1817, 71.9202, 0.0139043
1818, 71.65274, 0.0139562
1819, 71.64248, 0.0139582
1820, 71.88866, 0.0139104
1821, 72.2079, 0.0138489
1822, 71.41684, 0.0140023
1823, 71.14197, 0.0140564
1824, 31.15041, 0.0321023
1825, 105.7228, 0.0094587
1826, 71.34907, 0.0140156
1827, 71.92072, 0.0139042
1828, 71.39288, 0.014007
1829, 71.21899, 0.0140412
1830, 71.85921, 0.0139161
1831, 71.35212, 0.014015
1832, 72.39504, 0.0138131
1833, 72.31442, 0.0138285
1834, 28.66709, 0.0348832
1835, 149.1647, 0.006704
1836, 71.05654, 0.0140733
1837, 71.92641, 0.0139031
1838, 72.02587, 0.0138839
1839, 70.15378, 0.0142544
1840, 73.51049, 0.0136035
1841, 70.92551, 0.0140993
1842, 74.0187, 0.0135101
1843, 70.29778, 0.0142252
1844, 31.98158, 0.031268
1845, 98.27817, 0.0101752
1846, 70.51689, 0.014181
1847, 71.30227, 0.0140248
1848, 70.37546, 0.0142095
1849, 75.2706, 0.0132854
1850, 71.11364, 0.014062
1851, 71.62759, 0.0139611
1852, 72.3678, 0.0138183
1853, 71.08482, 0.0140677
1854, 31.55988, 0.0316858
1855, 100.3573, 0.0099644
1856, 71.6702, 0.0139528
1857, 71.14602, 0.0140556
1858, 72.12093, 0.0138656
1859, 72.59106, 0.0137758
1860, 71.75969, 0.0139354
1861, 71.42551, 0.0140006
1862, 72.0861, 0.0138723
1863, 70.83758, 0.0141168
1864, 31.41207, 0.0318349
1865, 103.5025, 0.0096616
1866, 71.35569, 0.0140143
1867, 71.62708, 0.0139612
1868, 71.70515, 0.013946
1869, 71.13893, 0.014057
1870, 72.66228, 0.0137623
1871, 71.84012, 0.0139198
1872, 71.30125, 0.014025
1873, 70.69086, 0.0141461
1874, 32.08079, 0.0311713
1875, 96.31128, 0.010383
1876, 72.19434, 0.0138515
1877, 70.9401, 0.0140964
1878, 73.04922, 0.0136894
1879, 71.13944, 0.0140569
1880, 72.25121, 0.0138406
1881, 70.02164, 0.0142813
1882, 73.01028, 0.0136967
1883, 70.09673, 0.014266
1884, 28.86594, 0.0346429
1885, 120.5516, 0.0082952
1886, 78.14454, 0.0127968
1887, 74.65305, 0.0133953
1888, 72.37147, 0.0138176
1889, 71.38472, 0.0140086
1890, 71.6702, 0.0139528
1891, 71.86179, 0.0139156
1892, 71.38319, 0.0140089
1893, 71.18552, 0.0140478
1894, 26.47562, 0.0377706
1895, 42.43816, 0.0235637
1896, 122.1867, 0.0081842
1897, 72.3207, 0.0138273
1898, 72.21155, 0.0138482
1899, 71.93365, 0.0139017
1900, 71.97144, 0.0138944
1901, 71.75866, 0.0139356
1902, 70.4156, 0.0142014
1903, 32.03383, 0.031217
1904, 97.82151, 0.0102227
1905, 71.07018, 0.0140706
1906, 71.88453, 0.0139112
1907, 71.75763, 0.0139358
1908, 72.71035, 0.0137532
1909, 71.5835, 0.0139697
1910, 71.93727, 0.013901
1911, 71.60657, 0.0139652
1912, 71.27329, 0.0140305
1913, 30.8908, 0.0323721
1914, 109.0275, 0.009172
1915, 71.46737, 0.0139924
1916, 71.41479, 0.0140027
1917, 72.13862, 0.0138622
1918, 70.3507, 0.0142145
1919, 73.66157, 0.0135756
1920, 71.57478, 0.0139714
1921, 71.9528, 0.013898
1922, 70.98643, 0.0140872
1923, 31.04134, 0.0322151
1924, 107.6171, 0.0092922
1925, 71.24385, 0.0140363
1926, 71.67226, 0.0139524
1927, 71.28803, 0.0140276
1928, 72.80776, 0.0137348
1929, 70.47514, 0.0141894
1930, 72.67706, 0.0137595
1931, 72.30344, 0.0138306
1932, 69.3289, 0.014424
1933, 31.47871, 0.0317675
1934, 103.1013, 0.0096992
1935, 72.93999, 0.0137099
1936, 71.87781, 0.0139125
1937, 70.81251, 0.0141218
1938, 71.7494, 0.0139374
1939, 73.14647, 0.0136712
1940, 71.66352, 0.0139541
1941, 70.1218, 0.0142609
1942, 71.46175, 0.0139935
1943, 30.65717, 0.0326188
1944, 114.2753, 0.0087508
1945, 69.93643, 0.0142987
1946, 74.02747, 0.0135085
1947, 71.41531, 0.0140026
1948, 71.58043, 0.0139703
1949, 72.58263, 0.0137774
1950, 71.11263, 0.0140622
1951, 72.41392, 0.0138095
1952, 71.15108, 0.0140546
1953, 72.70612, 0.013754
1954, 71.53485, 0.0139792
1955, 71.49802, 0.0139864
1956, 72.28671, 0.0138338
1957, 70.55321, 0.0141737
1958, 73.23432, 0.0136548
1959, 71.51592, 0.0139829
1960, 70.9698, 0.0140905
1961, 72.98471, 0.0137015
1962, 70.99903, 0.0140847
1963, 69.6534, 0.0143568
1964, 28.25122, 0.0353967
1965, 125.1549, 0.0079901
1966, 85.952, 0.0116344
1967, 71.58555, 0.0139693
1968, 70.34624, 0.0142154
1969, 72.14955, 0.0138601
1970, 73.20698, 0.0136599
1971, 71.50877, 0.0139843
1972, 71.81535, 0.0139246
1973, 70.66139, 0.014152
1974, 31.84754, 0.0313996
1975, 98.88654, 0.0101126
1976, 71.36791, 0.0140119
1977, 71.9901, 0.0138908
1978, 70.99953, 0.0140846
1979, 70.67287, 0.0141497
1980, 73.74957, 0.0135594
1981, 72.10065, 0.0138695
1982, 71.53434, 0.0139793
1983, 70.65091, 0.0141541
1984, 30.71989, 0.0325522
1985, 111.9633, 0.0089315
1986, 71.2982, 0.0140256
1987, 71.5103, 0.013984
1988, 72.36309, 0.0138192
1989, 71.72675, 0.0139418
1990, 69.19122, 0.0144527
1991, 74.60849, 0.0134033
1992, 71.4449, 0.0139968
1993, 71.2337, 0.0140383
1994, 30.65341, 0.0326228
1995, 110.8463, 0.0090215
1996, 71.74528, 0.0139382
1997, 70.94262, 0.0140959
1998, 71.93003, 0.0139024
1999, 72.48425, 0.0137961
2000, 71.95746, 0.0138971
2001, 70.18085, 0.0142489
2002, 72.77279, 0.0137414
2003, 71.45766, 0.0139943
2004, 31.52247, 0.0317234
2005, 102.4296, 0.0097628
2006, 70.39626, 0.0142053
2007, 72.01447, 0.0138861
2008, 73.08713, 0.0136823
2009, 71.48627, 0.0139887
2010, 71.82979, 0.0139218
2011, 71.40613, 0.0140044
2012, 71.44031, 0.0139977
2013, 71.04392, 0.0140758
2014, 31.21215, 0.0320388
2015, 105.4018, 0.0094875
2016, 71.51694, 0.0139827
2017, 72.10741, 0.0138682
2018, 71.46635, 0.0139926
2019, 72.19382, 0.0138516
2020, 72.41444, 0.0138094
2021, 71.18552, 0.0140478
2022, 72.16257, 0.0138576
2023, 69.2871, 0.0144327
2024, 32.11232, 0.0311407
2025, 99.005, 0.0101005
2026, 70.61897, 0.0141605
2027, 71.54765, 0.0139767
2028, 71.95798, 0.013897
2029, 71.34296, 0.0140168
2030, 72.56525, 0.0137807
2031, 72.18653, 0.013853
2032, 71.61067, 0.0139644
2033, 69.28662, 0.0144328
2034, 29.69756, 0.0336728
2035, 109.5266, 0.0091302
2036, 81.86253, 0.0122156
2037, 71.81123, 0.0139254
2038, 70.75238, 0.0141338
2039, 72.21312, 0.0138479
2040, 70.84361, 0.0141156
2041, 73.22413, 0.0136567
2042, 71.62708, 0.0139612
2043, 70.58259, 0.0141678
2044, 28.94716, 0.0345457
2045, 140.1758, 0.0071339
2046, 72.94585, 0.0137088
2047, 70.96225, 0.014092
2048, 71.57889, 0.0139706
2049, 72.27366, 0.0138363
2050, 73.42737, 0.0136189
2051, 70.26716, 0.0142314
2052, 72.94106, 0.0137097
2053, 69.11853, 0.0144679
2054, 32.15103, 0.0311032
2055, 98.23569, 0.0101796
2056, 71.45715, 0.0139944
2057, 73.11545, 0.013677
2058, 72.01083, 0.0138868
2059, 71.75712, 0.0139359
2060, 70.93959, 0.0140965
2061, 72.53526, 0.0137864
2062, 70.38437, 0.0142077
2063, 72.94318, 0.0137093
2064, 31.80682, 0.0314398
2065, 98.03056, 0.0102009
2066, 69.94915, 0.0142961
2067, 72.26373, 0.0138382
2068, 73.34389, 0.0136344
2069, 71.58401, 0.0139696
2070, 71.70361, 0.0139463
2071, 71.93623, 0.0139012
2072, 72.15684, 0.0138587
2073, 70.63644, 0.014157
2074, 30.33208, 0.0329684
2075, 118.6549, 0.0084278
2076, 71.07118, 0.0140704
2077, 71.05805, 0.014073
2078, 71.01315, 0.0140819
2079, 73.34228, 0.0136347
2080, 70.19218, 0.0142466
2081, 73.68654, 0.013571
2082, 71.55943, 0.0139744
2083, 70.72686, 0.0141389
2084, 30.35122, 0.0329476
2085, 118.5536, 0.008435
2086, 70.97937, 0.0140886
2087, 71.70103, 0.0139468
2088, 71.25045, 0.014035
2089, 70.95419, 0.0140936
2090, 73.5132, 0.013603
2091, 71.82773, 0.0139222
2092, 72.14487, 0.013861
2093, 70.81751, 0.0141208
2094, 31.93694, 0.0313117
2095, 98.07286, 0.0101965
2096, 71.37045, 0.0140114
2097, 71.96212, 0.0138962
2098, 70.86771, 0.0141108
2099, 71.3338, 0.0140186
2100, 72.74368, 0.0137469
2101, 72.04871, 0.0138795
2102, 71.92899, 0.0139026
2103, 71.42653, 0.0140004
2104, 31.30625, 0.0319425
2105, 103.1938, 0.0096905
2106, 71.93158, 0.0139021
2107, 71.25349, 0.0140344
2108, 72.48267, 0.0137964
2109, 70.61598, 0.0141611
2110, 71.89124, 0.0139099
2111, 70.81852, 0.0141206
2112, 72.56894, 0.01378
2113, 70.30816, 0.0142231
2114, 29.72987, 0.0336362
2115, 103.8206, 0.009632
2116, 82.51643, 0.0121188
2117, 72.92403, 0.0137129
2118, 71.88349, 0.0139114
2119, 72.06688, 0.013876
2120, 71.43367, 0.013999
2121, 72.17351, 0.0138555
2122, 71.38319, 0.0140089
2123, 71.24689, 0.0140357
2124, 31.54753, 0.0316982
2125, 99.09232, 0.0100916
2126, 72.16778, 0.0138566
2127, 72.43647, 0.0138052
2128, 71.94245, 0.0139
2129, 71.56966, 0.0139724
2130, 71.62965, 0.0139607
2131, 71.9352, 0.0139014
2132, 70.38091, 0.0142084
2133, 72.23294, 0.0138441
2134, 30.57244, 0.0327092
2135, 110.9927, 0.0090096
2136, 72.81094, 0.0137342
2137, 71.68973, 0.013949
2138, 71.42755, 0.0140002
2139, 71.69846, 0.0139473
2140, 72.26321, 0.0138383
2141, 71.93003, 0.0139024
2142, 71.36638, 0.0140122
2143, 71.03837, 0.0140769
2144, 31.65869, 0.0315869
2145, 94.61365, 0.0105693
2146, 75.00131, 0.0133331
2147, 72.22877, 0.0138449
2148, 71.61682, 0.0139632
2149, 58.57236, 0.0170729
2150, 78.47815, 0.0127424
2151, 85.57028, 0.0116863
2152, 71.23319, 0.0140384
2153, 70.66238, 0.0141518
2154, 31.78589, 0.0314605
2155, 97.76318, 0.0102288
2156, 71.44184, 0.0139974
2157, 72.52683, 0.013788
2158, 71.55431, 0.0139754
2159, 71.61836, 0.0139629
2160, 71.69332, 0.0139483
2161, 71.21239, 0.0140425
2162, 71.83392, 0.013921
2163, 71.88194, 0.0139117
2164, 32.03639, 0.0312145
2165, 93.03191, 0.010749
2166, 73.31486, 0.0136398
2167, 72.41235, 0.0138098
2168, 71.55737, 0.0139748
2169, 71.35569, 0.0140143
2170, 71.72109, 0.0139429
2171, 71.62503, 0.0139616
2172, 71.00256, 0.014084
2173, 70.26518, 0.0142318
2174, 30.2387, 0.0330702
2175, 98.88654, 0.0101126
2176, 83.54359, 0.0119698
2177, 71.5835, 0.0139697
2178, 71.85302, 0.0139173
2179, 72.11261, 0.0138672
2180, 71.37096, 0.0140113
2181, 72.25694, 0.0138395
2182, 71.65223, 0.0139563
2183, 69.58507, 0.0143709
2184, 31.78943, 0.031457
2185, 103.0238, 0.0097065
2186, 71.4398, 0.0139978
2187, 71.65531, 0.0139557
2188, 70.65191, 0.0141539
2189, 73.09354, 0.0136811
2190, 72.06844, 0.0138757
2191, 71.73241, 0.0139407
2192, 71.33482, 0.0140184
2193, 70.46521, 0.0141914
2194, 30.08197, 0.0332425
2195, 125.158, 0.0079899
2196, 70.85464, 0.0141134
2197, 71.9761, 0.0138935
2198, 71.69127, 0.0139487
2199, 69.89439, 0.0143073
2200, 73.65343, 0.0135771
2201, 70.8883, 0.0141067
2202, 72.93946, 0.01371
2203, 71.56045, 0.0139742
2204, 31.78862, 0.0314578
2205, 97.86269, 0.0102184
2206, 72.00253, 0.0138884
2207, 71.57478, 0.0139714
2208, 71.34093, 0.0140172
2209, 71.18147, 0.0140486
2210, 72.40081, 0.013812
2211, 72.32803, 0.0138259
2212, 35.74224, 0.0279781
2213, 31.49686, 0.0317492
2214, 101.2074, 0.0098807
2215, 72.52367, 0.0137886
2216, 71.93779, 0.0139009
2217, 71.31752, 0.0140218
2218, 70.55122, 0.0141741
2219, 72.95702, 0.0137067
2220, 71.68716, 0.0139495
2221, 71.75712, 0.0139359
2222, 71.75403, 0.0139365
2223, 30.31203, 0.0329902
2224, 116.9317, 0.008552
2225, 70.73337, 0.0141376
2226, 72.64169, 0.0137662
2227, 71.96833, 0.013895
2228, 71.74528, 0.0139382
2229, 71.14248, 0.0140563
2230, 71.93417, 0.0139016
2231, 71.82205, 0.0139233
2232, 70.67038, 0.0141502
2233, 31.4412, 0.0318054
2234, 104.0788, 0.0096081
2235, 70.46372, 0.0141917
2236, 72.44172, 0.0138042
2237, 72.28568, 0.013834
2238, 71.98232, 0.0138923
2239, 71.45818, 0.0139942
2240, 70.55072, 0.0141742
2241, 73.0679, 0.0136859
2242, 71.00659, 0.0140832
2243, 31.86621, 0.0313812
2244, 97.71064, 0.0102343
2245, 72.0565, 0.013878
2246, 71.41786, 0.0140021
2247, 72.1657, 0.013857
2248, 71.72109, 0.0139429
2249, 70.66089, 0.0141521
2250, 71.24689, 0.0140357
2251, 73.33797, 0.0136355
2252, 71.23116, 0.0140388
2253, 30.10217, 0.0332202
2254, 117.8273, 0.008487
2255, 72.81624, 0.0137332
2256, 70.67387, 0.0141495
2257, 72.15788, 0.0138585
2258, 72.10013, 0.0138696
2259, 71.73807, 0.0139396
2260, 70.07561, 0.0142703
2261, 73.70174, 0.0135682
2262, 70.97433, 0.0140896
2263, 28.09983, 0.0355874
2264, 165.3521, 0.0060477
2265, 73.15824, 0.013669
2266, 71.69076, 0.0139488
2267, 71.33583, 0.0140182
2268, 71.76896, 0.0139336
2269, 70.70836, 0.0141426
2270, 73.39234, 0.0136254
2271, 70.18677, 0.0142477
2272, 71.63631, 0.0139594
2273, 32.09613, 0.0311564
2274, 97.02991, 0.0103061
2275, 71.7973, 0.0139281
2276, 71.63067, 0.0139605
2277, 72.06065, 0.0138772
2278, 71.8959, 0.013909
2279, 71.69435, 0.0139481
2280, 71.71338, 0.0139444
2281, 71.68562, 0.0139498
2282, 71.32006, 0.0140213
2283, 72.58474, 0.013777
2284, 71.59068, 0.0139683
2285, 71.84166, 0.0139195
2286, 71.62195, 0.0139622
2287, 72.00513, 0.0138879
2288, 71.87057, 0.0139139
2289, 71.42653, 0.0140004
2290, 71.85457, 0.013917
2291, 72.06636, 0.0138761
2292, 71.99424, 0.01389
2293, 70.89031, 0.0141063
2294, 72.01706, 0.0138856
2295, 71.8071, 0.0139262
2296, 71.65942, 0.0139549
2297, 71.48372, 0.0139892
2298, 72.27314, 0.0138364
2299, 71.67739, 0.0139514
2300, 72.3364, 0.0138243
2301, 71.14146, 0.0140565
2302, 72.30815, 0.0138297
2303, 72.05545, 0.0138782
2304, 69.50188, 0.0143881
2305, 29.18064, 0.0342693
2306, 116.3548, 0.0085944
2307, 80.56719, 0.012412
2308, 72.19434, 0.0138515
2309, 71.75969, 0.0139354
2310, 72.09441, 0.0138707
2311, 72.05026, 0.0138792
2312, 71.94245, 0.0139
2313, 71.12325, 0.0140601
2314, 71.30125, 0.014025
2315, 30.88564, 0.0323775
2316, 110.34, 0.0090629
2317, 71.1607, 0.0140527
2318, 72.21207, 0.0138481
2319, 71.1987, 0.0140452
2320, 71.9352, 0.0139014
2321, 71.90572, 0.0139071
2322, 71.90262, 0.0139077
2323, 72.32854, 0.0138258
2324, 69.1343, 0.0144646
2325, 31.7102, 0.0315356
2326, 101.6415, 0.0098385
2327, 70.98089, 0.0140883
2328, 72.66069, 0.0137626
2329, 72.1532, 0.0138594
2330, 71.59016, 0.0139684
2331, 71.23877, 0.0140373
2332, 72.10429, 0.0138688
2333, 72.46377, 0.0138
2334, 71.37045, 0.0140114
2335, 30.44307, 0.0328482
2336, 113.3067, 0.0088256
2337, 70.28197, 0.0142284
2338, 73.46135, 0.0136126
2339, 71.62298, 0.013962
2340, 71.67123, 0.0139526
2341, 70.97836, 0.0140888
2342, 72.79292, 0.0137376
2343, 71.62298, 0.013962
2344, 70.73236, 0.0141378
2345, 31.33077, 0.0319175
2346, 105.1116, 0.0095137
2347, 71.57478, 0.0139714
2348, 70.25284, 0.0142343
2349, 73.68491, 0.0135713
2350, 72.13654, 0.0138626
2351, 71.32006, 0.0140213
2352, 71.74116, 0.013939
2353, 71.77463, 0.0139325
2354, 68.04665, 0.0146958
2355, 29.81497, 0.0335402
2356, 109.2085, 0.0091568
2357, 81.95176, 0.0122023
2358, 71.8004, 0.0139275
2359, 71.19363, 0.0140462
2360, 72.72727, 0.01375
2361, 71.65685, 0.0139554
2362, 72.23659, 0.0138434
2363, 71.27787, 0.0140296
2364, 71.25248, 0.0140346
2365, 31.36596, 0.0318817
2366, 104.0637, 0.0096095
2367, 71.33838, 0.0140177
2368, 71.77978, 0.0139315
2369, 72.11209, 0.0138673
2370, 71.33075, 0.0140192
2371, 72.17246, 0.0138557
2372, 70.87373, 0.0141096
2373, 72.29978, 0.0138313
2374, 71.15057, 0.0140547
2375, 32.01516, 0.0312352
2376, 97.41367, 0.0102655
2377, 71.47298, 0.0139913
2378, 72.09077, 0.0138714
2379, 71.10302, 0.0140641
2380, 72.1657, 0.013857
2381, 72.13602, 0.0138627
2382, 71.43112, 0.0139995
2383, 71.98802, 0.0138912
2384, 71.10959, 0.0140628
2385, 31.4592, 0.0317872
2386, 101.626, 0.00984
2387, 72.0461, 0.01388
2388, 71.97973, 0.0138928
2389, 71.33939, 0.0140175
2390, 70.85114, 0.0141141
2391, 73.25041, 0.0136518
2392, 71.95073, 0.0138984
2393, 72.00824, 0.0138873
2394, 70.99751, 0.014085
2395, 30.99804, 0.0322601
2396, 108.2204, 0.0092404
2397, 70.86369, 0.0141116
2398, 71.62759, 0.0139611
2399, 71.08988, 0.0140667
2400, 73.29605, 0.0136433
2401, 71.3995, 0.0140057
2402, 71.92899, 0.0139026
2403, 71.17894, 0.0140491
2404, 71.86696, 0.0139146
2405, 25.82291, 0.0387253
2406, 44.01428, 0.0227199
2407, 120.4471, 0.0083024
2408, 71.83083, 0.0139216
2409, 73.35412, 0.0136325
2410, 71.61836, 0.0139629
2411, 71.76948, 0.0139335
2412, 72.2653, 0.0138379
2413, 70.45231, 0.014194
2414, 30.26103, 0.0330458
2415, 119.8595, 0.0083431
2416, 70.58857, 0.0141666
2417, 71.30277, 0.0140247
2418, 73.08606, 0.0136825
2419, 71.8071, 0.0139262
2420, 71.02676, 0.0140792
2421, 72.69766, 0.0137556
2422, 71.59888, 0.0139667
2423, 71.26974, 0.0140312
2424, 31.88735, 0.0313604
2425, 93.96024, 0.0106428
2426, 72.82579, 0.0137314
2427, 72.75267, 0.0137452
2428, 71.62503, 0.0139616
2429, 71.604, 0.0139657
2430, 71.42908, 0.0139999
2431, 72.90809, 0.0137159
2432, 71.59734, 0.013967
2433, 70.8426, 0.0141158
2434, 31.41226, 0.0318347
2435, 42.19623, 0.0236988
2436, 72.03937, 0.0138813
2437, 71.46022, 0.0139938
2438, 71.98439, 0.0138919
2439, 71.1916, 0.0140466
2440, 72.1506, 0.0138599
2441, 72.32959, 0.0138256
2442, 71.15564, 0.0140537
2443, 71.97714, 0.0138933
2444, 72.60635, 0.0137729
2445, 70.92853, 0.0140987
2446, 72.28724, 0.0138337
2447, 72.00357, 0.0138882
2448, 71.6317, 0.0139603
2449, 71.67791, 0.0139513
2450, 72.18653, 0.013853
2451, 71.85302, 0.0139173
2452, 70.68936, 0.0141464
2453, 71.50417, 0.0139852
2454, 73.13951, 0.0136725
2455, 71.03686, 0.0140772
2456, 73.09995, 0.0136799
2457, 71.77721, 0.013932
2458, 69.98782, 0.0142882
2459, 73.69414, 0.0135696
2460, 71.80658, 0.0139263
2461, 71.46839, 0.0139922
2462, 71.91917, 0.0139045
2463, 71.89227, 0.0139097
2464, 70.20599, 0.0142438
2465, 72.87408, 0.0137223
2466, 72.13862, 0.0138622
2467, 70.24741, 0.0142354
2468, 72.70242, 0.0137547
2469, 70.63045, 0.0141582
2470, 71.56096, 0.0139741
2471, 72.57158, 0.0137795
2472, 72.51316, 0.0137906
2473, 71.40002, 0.0140056
2474, 71.74167, 0.0139389
2475, 69.90905, 0.0143043
2476, 27.45737, 0.0364201
2477, 118.7931, 0.008418
2478, 102.6494, 0.0097419
2479, 72.34425, 0.0138228
2480, 71.21188, 0.0140426
2481, 71.74837, 0.0139376
2482, 71.41429, 0.0140028
2483, 72.21468, 0.0138476
2484, 70.72436, 0.0141394
2485, 71.10606, 0.0140635
2486, 31.30135, 0.0319475
2487, 104.643, 0.0095563
2488, 70.9824, 0.014088
2489, 71.73087, 0.013941
2490, 71.83443, 0.0139209
2491, 72.0238, 0.0138843
2492, 70.44734, 0.014195
2493, 72.4412, 0.0138043
2494, 71.42857, 0.014
2495, 71.9818, 0.0138924
2496, 31.70868, 0.0315371
2497, 98.26465, 0.0101766
2498, 71.5876, 0.0139689
2499, 72.80458, 0.0137354
2500, 71.27888, 0.0140294
2501, 71.36179, 0.0140131
2502, 72.0809, 0.0138733
2503, 71.07523, 0.0140696
2504, 72.88152, 0.0137209
2505, 70.62247, 0.0141598
2506, 30.6125, 0.0326664
2507, 113.9393, 0.0087766
2508, 70.47763, 0.0141889
2509, 72.09702, 0.0138702
2510, 72.37985, 0.013816
2511, 71.67637, 0.0139516
2512, 71.33939, 0.0140175
2513, 72.34267, 0.0138231
2514, 71.66404, 0.013954
2515, 71.14197, 0.0140564
2516, 30.97231, 0.0322869
2517, 108.1783, 0.009244
2518, 70.54922, 0.0141745
2519, 72.43595, 0.0138053
2520, 71.7669, 0.013934
2521, 69.99468, 0.0142868
2522, 73.49699, 0.013606
2523, 71.94969, 0.0138986
2524, 71.88245, 0.0139116
2525, 71.48627, 0.0139887
2526, 30.663, 0.0326126
2527, 111.142, 0.0089975
2528, 71.54765, 0.0139767
2529, 71.28498, 0.0140282
2530, 72.11209, 0.0138673
2531, 72.40605, 0.013811
2532, 71.75403, 0.0139365
2533, 71.30582, 0.0140241
2534, 71.61785, 0.013963
2535, 69.62721, 0.0143622
2536, 29.47062, 0.0339321
2537, 109.3865, 0.0091419
2538, 81.86522, 0.0122152
2539, 72.37671, 0.0138166
2540, 71.52974, 0.0139802
2541, 72.28671, 0.0138338
2542, 71.5497, 0.0139763
2543, 71.81174, 0.0139253
2544, 72.03469, 0.0138822
2545, 71.01365, 0.0140818
2546, 31.14052, 0.0321125
2547, 105.3064, 0.0094961
2548, 71.76639, 0.0139341
2549, 72.05545, 0.0138782
2550, 71.50723, 0.0139846
2551, 71.75969, 0.0139354
2552, 72.0378, 0.0138816
2553, 71.71646, 0.0139438
2554, 71.32515, 0.0140203
2555, 71.03736, 0.0140771
2556, 31.17848, 0.0320734
2557, 104.8504, 0.0095374
2558, 72.57684, 0.0137785
2559, 72.04455, 0.0138803
2560, 71.91296, 0.0139057
2561, 71.32006, 0.0140213
2562, 71.9989, 0.0138891
2563, 72.30919, 0.0138295
2564, 71.67739, 0.0139514
2565, 69.23961, 0.0144426
2566, 32.13884, 0.031115
2567, 98.55032, 0.0101471
2568, 71.60913, 0.0139647
2569, 71.97144, 0.0138944
2570, 72.22563, 0.0138455
2571, 71.99528, 0.0138898
2572, 71.8365, 0.0139205
2573, 71.77154, 0.0139331
2574, 71.63016, 0.0139606
2575, 70.56665, 0.014171
2576, 30.60893, 0.0326702
2577, 116.1049, 0.0086129
2578, 70.90338, 0.0141037
2579, 71.81123, 0.0139254
2580, 71.55737, 0.0139748
2581, 71.82566, 0.0139226
2582, 72.45274, 0.0138021
2583, 71.21645, 0.0140417
2584, 71.69487, 0.013948
2585, 71.61426, 0.0139637
2586, 31.74664, 0.0314994
2587, 100.2345, 0.0099766
2588, 71.22, 0.014041
2589, 70.96376, 0.0140917
2590, 72.50265, 0.0137926
2591, 71.94969, 0.0138986
2592, 71.79988, 0.0139276
2593, 70.83356, 0.0141176
2594, 73.17698, 0.0136655
2595, 70.7664, 0.014131
2596, 30.50045, 0.0327864
2597, 112.9803, 0.0088511
2598, 72.06324, 0.0138767
2599, 71.38523, 0.0140085
2600, 72.57579, 0.0137787
2601, 71.80503, 0.0139266
2602, 70.49054, 0.0141863
2603, 73.19144, 0.0136628
2604, 71.86748, 0.0139145
2605, 69.89928, 0.0143063
2606, 31.54027, 0.0317055
2607, 102.8479, 0.0097231
2608, 71.89641, 0.0139089
2609, 71.95176, 0.0138982
2610, 71.28143, 0.0140289
2611, 71.17489, 0.0140499
2612, 72.88364, 0.0137205
2613, 71.22456, 0.0140401
2614, 71.74064, 0.0139391
2615, 71.89124, 0.0139099
2616, 31.43606, 0.0318106
2617, 101.0663, 0.0098945
2618, 71.69127, 0.0139487
2619, 71.33889, 0.0140176
2620, 73.48402, 0.0136084
2621, 71.31702, 0.0140219
2622, 71.38574, 0.0140084
2623, 72.29665, 0.0138319
2624, 70.42502, 0.0141995
2625, 71.35619, 0.0140142
2626, 31.75954, 0.0314866
2627, 98.36711, 0.010166
2628, 72.52, 0.0137893
2629, 72.16257, 0.0138576
2630, 72.34895, 0.0138219
2631, 71.60759, 0.013965
2632, 71.66866, 0.0139531
2633, 71.80246, 0.0139271
2634, 71.81277, 0.0139251
2635, 68.75971, 0.0145434
2636, 32.0521, 0.0311992
2637, 99.91507, 0.0100085
2638, 72.09753, 0.0138701
2639, 72.03573, 0.013882
2640, 71.0823, 0.0140682
2641, 71.90882, 0.0139065
2642, 72.2841, 0.0138343
2643, 71.93106, 0.0139022
2644, 71.6317, 0.0139603
2645, 71.40307, 0.014005
2646, 71.25552, 0.014034
2647, 71.82773, 0.0139222
2648, 73.17377, 0.0136661
2649, 72.05961, 0.0138774
2650, 71.53281, 0.0139796
2651, 71.78339, 0.0139308
2652, 70.58707, 0.0141669
2653, 73.21234, 0.0136589
2654, 71.67482, 0.0139519
2655, 71.55994, 0.0139743
2656, 70.60452, 0.0141634
2657, 71.60246, 0.013966
2658, 72.50475, 0.0137922
2659, 73.12668, 0.0136749
2660, 71.50774, 0.0139845
2661, 71.74167, 0.0139389
2662, 72.10793, 0.0138681
2663, 71.95539, 0.0138975
2664, 70.92249, 0.0140999
2665, 72.57262, 0.0137793
2666, 72.03158, 0.0138828
2667, 70.3502, 0.0142146
2668, 73.00816, 0.0136971
2669, 71.7067, 0.0139457
2670, 69.72771, 0.0143415
2671, 74.75797, 0.0133765
2672, 71.57325, 0.0139717
2673, 72.01291, 0.0138864
2674, 71.5835, 0.0139697
2675, 71.78287, 0.0139309
2676, 69.92958, 0.0143001
2677, 73.48241, 0.0136087
2678, 71.91502, 0.0139053
2679, 71.13539, 0.0140577
2680, 71.69384, 0.0139482
2681, 71.18451, 0.014048
2682, 71.07927, 0.0140688
2683, 73.56024, 0.0135943
2684, 71.23877, 0.0140373
2685, 69.57151, 0.0143737
2686, 74.38262, 0.013444
2687, 71.93106, 0.0139022
2688, 70.25333, 0.0142342
2689, 70.36159, 0.0142123
2690, 27.52667, 0.0363284
2691, 117.4605, 0.0085135
2692, 102.7496, 0.0097324
2693, 70.57611, 0.0141691
2694, 73.41659, 0.0136209
2695, 72.34476, 0.0138227
2696, 71.67329, 0.0139522
2697, 71.27787, 0.0140296
2698, 70.80499, 0.0141233
2699, 71.57172, 0.013972
2700, 25.6227, 0.0390279
2701, 45.11719, 0.0221645
2702, 119.772, 0.0083492
2703, 69.63546, 0.0143605
2704, 73.27994, 0.0136463
2705, 71.0414, 0.0140763
2706, 72.35157, 0.0138214
2707, 72.78709, 0.0137387
2708, 69.59427, 0.014369
2709, 32.06721, 0.0311845
2710, 98.44458, 0.010158
2711, 71.1982, 0.0140453
2712, 71.10201, 0.0140643
2713, 72.64697, 0.0137652
2714, 69.7939, 0.0143279
2715, 73.98036, 0.0135171
2716, 72.27574, 0.0138359
2717, 71.77102, 0.0139332
2718, 70.79195, 0.0141259
2719, 31.46593, 0.0317804
2720, 102.4401, 0.0097618
2721, 71.34398, 0.0140166
2722, 71.59888, 0.0139667
2723, 71.07068, 0.0140705
2724, 72.53368, 0.0137867
2725, 69.13048, 0.0144654
2726, 75.38408, 0.0132654
2727, 71.00861, 0.0140828
2728, 71.59119, 0.0139682
2729, 31.42292, 0.0318239
2730, 99.99599, 0.0100004
2731, 71.76793, 0.0139338
2732, 72.77914, 0.0137402
2733, 71.98491, 0.0138918
2734, 71.56608, 0.0139731
2735, 71.65069, 0.0139566
2736, 70.79195, 0.0141259
2737, 72.38876, 0.0138143
2738, 71.6512, 0.0139565
2739, 31.88338, 0.0313643
2740, 97.93168, 0.0102112
2741, 71.16728, 0.0140514
2742, 71.35976, 0.0140135
2743, 70.80398, 0.0141235
2744, 73.92896, 0.0135265
2745, 72.06168, 0.013877
2746, 71.38523, 0.0140085
2747, 70.72086, 0.0141401
2748, 72.16726, 0.0138567
2749, 31.04395, 0.0322124
2750, 106.9519, 0.00935
2751, 71.43674, 0.0139984
2752, 72.12457, 0.0138649
2753, 70.498, 0.0141848
2754, 72.79398, 0.0137374
2755, 72.0809, 0.0138733
2756, 71.88039, 0.013912
2757, 71.68768, 0.0139494
2758, 67.87484, 0.014733
2759, 29.37401, 0.0340437
2760, 117.2305, 0.0085302
2761, 82.22196, 0.0121622
2762, 71.65633, 0.0139555
2763, 71.86593, 0.0139148
2764, 71.34907, 0.0140156
2765, 71.89745, 0.0139087
2766, 72.13134, 0.0138636
2767, 71.72006, 0.0139431
2768, 71.12224, 0.0140603
2769, 31.24814, 0.0320019
2770, 105.4163, 0.0094862
2771, 71.15665, 0.0140535
2772, 71.88349, 0.0139114
2773, 71.38829, 0.0140079
2774, 72.18393, 0.0138535
2775, 70.94916, 0.0140946
2776, 72.6111, 0.013772
2777, 71.52615, 0.0139809
2778, 71.10352, 0.014064
2779, 30.9942, 0.0322641
2780, 103.4586, 0.0096657
2781, 74.52454, 0.0134184
2782, 71.82154, 0.0139234
2783, 71.80503, 0.0139266
2784, 70.611, 0.0141621
2785, 72.3788, 0.0138162
2786, 71.35518, 0.0140144
2787, 72.31442, 0.0138285
2788, 69.1965, 0.0144516
2789, 30.00768, 0.0333248
2790, 124.872, 0.0080082
2791, 71.1192, 0.0140609
2792, 73.72891, 0.0135632
2793, 71.92589, 0.0139032
2794, 71.68973, 0.013949
2795, 71.51337, 0.0139834
2796, 72.03365, 0.0138824
2797, 70.57312, 0.0141697
2798, 72.63588, 0.0137673
2799, 31.32116, 0.0319273
2800, 103.2951, 0.009681
2801, 70.75989, 0.0141323
2802, 71.38879, 0.0140078
2803, 72.55262, 0.0137831
2804, 71.98388, 0.013892
2805, 71.44541, 0.0139967
2806, 71.45256, 0.0139953
2807, 72.7855, 0.013739
2808, 69.63885, 0.0143598
2809, 31.99549, 0.0312544
2810, 99.8971, 0.0100103
2811, 71.33838, 0.0140177
2812, 71.1987, 0.0140452
2813, 71.61785, 0.013963
2814, 71.76896, 0.0139336
2815, 73.59976, 0.013587
2816, 71.37656, 0.0140102
2817, 71.44949, 0.0139959
2818, 70.84411, 0.0141155
2819, 29.19512, 0.0342523
2820, 138.9661, 0.007196
2821, 70.74187, 0.0141359
2822, 71.42755, 0.0140002
2823, 71.39645, 0.0140063
2824, 72.34215, 0.0138232
2825, 72.28568, 0.013834
2826, 72.02847, 0.0138834
2827, 71.86645, 0.0139147
2828, 71.05099, 0.0140744
2829, 31.29597, 0.031953
2830, 103.6753, 0.0096455
2831, 71.2474, 0.0140356
2832, 71.6702, 0.0139528
2833, 71.36129, 0.0140132
2834, 72.437, 0.0138051
2835, 72.09961, 0.0138697
2836, 71.88608, 0.0139109
2837, 71.11768, 0.0140612
2838, 71.68768, 0.0139494
2839, 31.47158, 0.0317747
2840, 101.6178, 0.0098408
2841, 71.11718, 0.0140613
2842, 73.1224, 0.0136757
2843, 71.77824, 0.0139318
2844, 71.16779, 0.0140513
2845, 71.92899, 0.0139026
2846, 71.78493, 0.0139305
2847, 71.91554, 0.0139052
2848, 70.86017, 0.0141123
2849, 31.45515, 0.0317913
2850, 101.2566, 0.0098759
2851, 72.61214, 0.0137718
2852, 71.88866, 0.0139104
2853, 71.61528, 0.0139635
2854, 71.9021, 0.0139078
2855, 71.34907, 0.0140156
2856, 71.91658, 0.013905
2857, 71.56096, 0.0139741
2858, 70.66139, 0.014152
2859, 31.25781, 0.031992
2860, 106.7669, 0.0093662
2861, 71.54304, 0.0139776
2862, 71.3338, 0.0140186
2863, 71.90054, 0.0139081
2864, 72.17663, 0.0138549
2865, 71.77875, 0.0139317
2866, 71.55533, 0.0139752
2867, 71.53741, 0.0139787
2868, 70.67238, 0.0141498
2869, 72.93999, 0.0137099
2870, 72.03573, 0.013882
2871, 72.29926, 0.0138314
2872, 70.56267, 0.0141718
2873, 73.08392, 0.0136829
2874, 71.26009, 0.0140331
2875, 71.20123, 0.0140447
2876, 72.48267, 0.0137964
2877, 71.91502, 0.0139053
2878, 72.12666, 0.0138645
2879, 70.87222, 0.0141099
2880, 71.78184, 0.0139311
2881, 72.74738, 0.0137462
2882, 72.17663, 0.0138549
2883, 71.4643, 0.013993
2884, 71.70978, 0.0139451
2885, 71.85921, 0.0139161
2886, 72.23085, 0.0138445
2887, 71.05553, 0.0140735
2888, 72.22772, 0.0138451
2889, 71.34754, 0.0140159
2890, 70.85565, 0.0141132
2891, 73.48457, 0.0136083
2892, 72.03313, 0.0138825
2893, 70.14197, 0.0142568
2894, 72.64011, 0.0137665
2895, 72.17246, 0.0138557
2896, 71.24334, 0.0140364
2897, 72.46587, 0.0137996
2898, 69.83582, 0.0143193
2899, 71.62811, 0.013961
2900, 74.31353, 0.0134565
2901, 71.8138, 0.0139249
2902, 72.26425, 0.0138381
2903, 70.86118, 0.0141121
2904, 72.80563, 0.0137352
2905, 70.80899, 0.0141225
2906, 72.96181, 0.0137058
2907, 71.9409, 0.0139003
2908, 71.3995, 0.0140057
2909, 71.48014, 0.0139899
2910, 73.08179, 0.0136833
2911, 70.13065, 0.0142591
2912, 72.16933, 0.0138563
2913, 72.5858, 0.0137768
2914, 72.09597, 0.0138704
2915, 71.3221, 0.0140209
2916, 72.36728, 0.0138184
2917, 70.30965, 0.0142228
2918, 73.00869, 0.013697
2919, 70.39725, 0.0142051
2920, 73.71859, 0.0135651
2921, 71.49292, 0.0139874
2922, 72.14383, 0.0138612
2923, 69.46953, 0.0143948
2924, 74.06036, 0.0135025
2925, 71.26365, 0.0140324
2926, 71.20276, 0.0140444
2927, 71.95953, 0.0138967
2928, 72.27104, 0.0138368
2929, 71.45358, 0.0139951
2930, 71.45306, 0.0139952
2931, 72.48267, 0.0137964
2932, 71.99839, 0.0138892
2933, 71.61887, 0.0139628
2934, 69.58652, 0.0143706
2935, 29.82697, 0.0335267
2936, 106.6223, 0.0093789
2937, 82.24632, 0.0121586
2938, 71.33329, 0.0140187
2939, 71.50467, 0.0139851
2940, 70.3923, 0.0142061
2941, 73.14754, 0.013671
2942, 73.06683, 0.0136861
2943, 71.93882, 0.0139007
2944, 70.18381, 0.0142483
2945, 31.08641, 0.0321684
2946, 108.2509, 0.0092378
2947, 71.21645, 0.0140417
2948, 71.33939, 0.0140175
2949, 72.2841, 0.0138343
2950, 71.80503, 0.0139266
2951, 71.65069, 0.0139566
2952, 71.74579, 0.0139381
2953, 72.3919, 0.0138137
2954, 70.97081, 0.0140903
2955, 30.57234, 0.0327093
2956, 108.7867, 0.0091923
2957, 73.50023, 0.0136054
2958, 71.67329, 0.0139522
2959, 71.72984, 0.0139412
2960, 71.39491, 0.0140066
2961, 71.86076, 0.0139158
2962, 71.60144, 0.0139662
2963, 72.11573, 0.0138666
2964, 71.39594, 0.0140064
2965, 30.97759, 0.0322814
2966, 105.5866, 0.0094709
2967, 72.13081, 0.0138637
2968, 71.73807, 0.0139396
2969, 72.30397, 0.0138305
2970, 71.35925, 0.0140136
2971, 72.0861, 0.0138723
2972, 71.82154, 0.0139234
2973, 71.74425, 0.0139384
2974, 70.54475, 0.0141754
2975, 28.45007, 0.0351493
2976, 159.0584, 0.006287
2977, 58.67202, 0.0170439
2978, 72.33587, 0.0138244
2979, 71.47196, 0.0139915
2980, 72.4769, 0.0137975
2981, 71.43623, 0.0139985
2982, 70.91092, 0.0141022
2983, 61.14488, 0.0163546
2984, 109.8105, 0.0091066
2985, 29.34333, 0.0340793
2986, 115.8198, 0.0086341
2987, 82.46539, 0.0121263
2988, 71.8525, 0.0139174
2989, 71.87781, 0.0139125
2990, 71.08836, 0.014067
2991, 72.93361, 0.0137111
2992, 71.14045, 0.0140567
2993, 72.02795, 0.0138835
2994, 69.72285, 0.0143425
2995, 30.82148, 0.0324449
2996, 114.8989, 0.0087033
2997, 70.37892, 0.0142088
2998, 71.86696, 0.0139146
2999, 72.3139, 0.0138286
3000, 71.85818, 0.0139163
3001, 71.66866, 0.0139531
3002, 72.06584, 0.0138762
3003, 71.17387, 0.0140501
3004, 69.84411, 0.0143176
3005, 31.78902, 0.0314574
3006, 103.0949, 0.0096998
3007, 70.7664, 0.014131
3008, 71.81792, 0.0139241
3009, 71.93882, 0.0139007
3010, 72.20477, 0.0138495
3011, 71.63837, 0.013959
3012, 71.74013, 0.0139392
3013, 71.25704, 0.0140337
3014, 72.39871, 0.0138124
3015, 30.57917, 0.032702
3016, 111.6009, 0.0089605
3017, 71.50211, 0.0139856
3018, 71.87885, 0.0139123
3019, 72.31547, 0.0138283
3020, 71.59734, 0.013967
3021, 71.78905, 0.0139297
3022, 71.90365, 0.0139075
3023, 70.75588, 0.0141331
3024, 71.68665, 0.0139496
3025, 30.78107, 0.0324875
3026, 111.2978, 0.0089849
3027, 71.22507, 0.01404
3028, 71.1683, 0.0140512
3029, 72.41864, 0.0138086
3030, 72.45326, 0.013802
3031, 71.35823, 0.0140138
3032, 72.02224, 0.0138846
3033, 71.63734, 0.0139592
3034, 70.71835, 0.0141406
3035, 30.02137, 0.0333096
3036, 124.4648, 0.0080344
3037, 71.02575, 0.0140794
3038, 71.79524, 0.0139285
3039, 70.8878, 0.0141068
3040, 72.3788, 0.0138162
3041, 71.80246, 0.0139271
3042, 72.61636, 0.013771
3043, 71.71132, 0.0139448
3044, 71.11971, 0.0140608
3045, 30.68124, 0.0325932
3046, 113.0454, 0.008846
3047, 70.7659, 0.0141311
3048, 71.90313, 0.0139076
3049, 71.82515, 0.0139227
3050, 71.09695, 0.0140653
3051, 71.88969, 0.0139102
3052, 73.03695, 0.0136917
3053, 71.22152, 0.0140407
3054, 70.62895, 0.0141585
3055, 31.14188, 0.0321111
3056, 107.7157, 0.0092837
3057, 70.95621, 0.0140932
3058, 72.05805, 0.0138777
3059, 71.12072, 0.0140606
3060, 71.96782, 0.0138951
3061, 71.53741, 0.0139787
3062, 72.97619, 0.0137031
3063, 72.10117, 0.0138694
3064, 70.93054, 0.0140983
3065, 31.58689, 0.0316587
3066, 98.78007, 0.0101235
3067, 72.40029, 0.0138121
3068, 72.16153, 0.0138578
3069, 71.20631, 0.0140437
3070, 71.62195, 0.0139622
3071, 72.16517, 0.0138571
3072, 70.92802, 0.0140988
3073, 72.87036, 0.013723
3074, 70.9688, 0.0140907
3075, 30.78457, 0.0324838
3076, 110.256, 0.0090698
3077, 71.10858, 0.014063
3078, 72.47269, 0.0137983
3079, 71.69743, 0.0139475
3080, 71.92589, 0.0139032
3081, 71.47503, 0.0139909
3082, 72.55104, 0.0137834
3083, 70.06432, 0.0142726
3084, 71.1916, 0.0140466
3085, 31.91126, 0.0313369
3086, 101.1327, 0.009888
3087, 70.37248, 0.0142101
3088, 70.93406, 0.0140976
3089, 73.75556, 0.0135583
3090, 71.65582, 0.0139556
3091, 71.06412, 0.0140718
3092, 72.58843, 0.0137763
3093, 71.69743, 0.0139475
3094, 69.69904, 0.0143474
3095, 30.43362, 0.0328584
3096, 119.1441, 0.0083932
3097, 70.56366, 0.0141716
3098, 72.79504, 0.0137372
3099, 71.11414, 0.0140619
3100, 72.02587, 0.0138839
3101, 72.27992, 0.0138351
3102, 71.57018, 0.0139723
3103, 71.45715, 0.0139944
3104, 71.48422, 0.0139891
3105, 30.40447, 0.0328899
3106, 114.6368, 0.0087232
3107, 70.54873, 0.0141746
3108, 71.93106, 0.0139022
3109, 72.07051, 0.0138753
3110, 72.03728, 0.0138817
3111, 72.32593, 0.0138263
3112, 71.64042, 0.0139586
3113, 71.93882, 0.0139007
3114, 71.06512, 0.0140716
3115, 73.23969, 0.0136538
3116, 71.13489, 0.0140578
3117, 71.16171, 0.0140525
3118, 72.28828, 0.0138335
3119, 72.43858, 0.0138048
3120, 71.96626, 0.0138954
3121, 71.57274, 0.0139718
3122, 71.19668, 0.0140456
3123, 72.63536, 0.0137674
3124, 71.60452, 0.0139656
3125, 71.5835, 0.0139697
3126, 72.27418, 0.0138362
3127, 71.83186, 0.0139214
3128, 71.40664, 0.0140043
3129, 72.71775, 0.0137518
3130, 71.28498, 0.0140282
3131, 72.40815, 0.0138106
3132, 71.36638, 0.0140122
3133, 71.73962, 0.0139393
3134, 71.74682, 0.0139379
3135, 71.87109, 0.0139138
3136, 70.47067, 0.0141903
3137, 73.11652, 0.0136768
3138, 71.8205, 0.0139236
3139, 71.7906, 0.0139294
3140, 71.51746, 0.0139826
3141, 72.58053, 0.0137778
3142, 71.65017, 0.0139567
3143, 71.77617, 0.0139322
3144, 70.44039, 0.0141964
3145, 72.81624, 0.0137332
3146, 72.09441, 0.0138707
3147, 69.80072, 0.0143265
3148, 73.48888, 0.0136075
3149, 71.86283, 0.0139154
3150, 71.18248, 0.0140484
3151, 73.05456, 0.0136884
3152, 71.9321, 0.013902
3153, 72.2653, 0.0138379
3154, 71.93934, 0.0139006
3155, 71.92485, 0.0139034
3156, 71.39797, 0.014006
3157, 71.93779, 0.0139009
3158, 71.20073, 0.0140448
3159, 72.42388, 0.0138076
3160, 70.62795, 0.0141587
3161, 73.12614, 0.013675
3162, 71.61528, 0.0139635
3163, 71.77875, 0.0139317
3164, 71.718, 0.0139435
3165, 71.43775, 0.0139982
3166, 72.4071, 0.0138108
3167, 70.46521, 0.0141914
3168, 73.48186, 0.0136088
3169, 70.93959, 0.0140965
3170, 72.01187, 0.0138866
3171, 72.49004, 0.013795
3172, 70.81501, 0.0141213
3173, 72.96607, 0.013705
3174, 71.51183, 0.0139837
3175, 72.27314, 0.0138364
3176, 71.38574, 0.0140084
3177, 71.32108, 0.0140211
3178, 71.81226, 0.0139252
3179, 72.74685, 0.0137463
3180, 69.58894, 0.0143701
3181, 74.42857, 0.0134357
3182, 71.02827, 0.0140789
3183, 70.99852, 0.0140848
3184, 24.00684, 0.0416548
3185, 72.19904, 0.0138506
3186, 72.54367, 0.0137848
3187, 71.1911, 0.0140467
3188, 71.56198, 0.0139739
3189, 71.56454, 0.0139734
3190, 72.73627, 0.0137483
3191, 71.20377, 0.0140442
3192, 72.20581, 0.0138493
3193, 71.24689, 0.0140357
3194, 72.36204, 0.0138194
3195, 72.0809, 0.0138733
3196, 71.66148, 0.0139545
3197, 72.2272, 0.0138452
3198, 71.64452, 0.0139578
3199, 70.68187, 0.0141479
3200, 72.09961, 0.0138697
3201, 73.24558, 0.0136527
3202, 71.19009, 0.0140469
3203, 72.00047, 0.0138888
3204, 71.84114, 0.0139196
3205, 71.22811, 0.0140394
3206, 72.44644, 0.0138033
3207, 71.81895, 0.0139239
3208, 71.71492, 0.0139441
3209, 71.14855, 0.0140551
3210, 70.48458, 0.0141875
3211, 71.86024, 0.0139159
3212, 74.06529, 0.0135016
3213, 72.14487, 0.013861
3214, 70.74187, 0.0141359
3215, 72.75426, 0.0137449
3216, 71.89899, 0.0139084
3217, 70.82554, 0.0141192
3218, 72.55525, 0.0137826
3219, 71.33838, 0.0140177
3220, 72.48583, 0.0137958
3221, 71.88763, 0.0139106
3222, 70.7649, 0.0141313
3223, 71.96678, 0.0138953
3224, 72.87355, 0.0137224
3225, 72.0648, 0.0138764
3226, 71.16171, 0.0140525
3227, 72.05701, 0.0138779
3228, 71.87471, 0.0139131
3229, 70.90891, 0.0141026
3230, 73.01295, 0.0136962
3231, 71.21493, 0.014042
3232, 71.75248, 0.0139368
3233, 71.1526, 0.0140543
3234, 72.89268, 0.0137188
3235, 71.06512, 0.0140716
3236, 72.3343, 0.0138247
3237, 71.98388, 0.013892
3238, 71.9958, 0.0138897
3239, 70.70436, 0.0141434
3240, 71.49905, 0.0139862
3241, 72.65382, 0.0137639
3242, 72.42755, 0.0138069
3243, 71.25704, 0.0140337
3244, 70.88126, 0.0141081
3245, 72.48793, 0.0137954
3246, 72.24911, 0.013841
3247, 71.5876, 0.0139689
3248, 71.36893, 0.0140117
3249, 72.79027, 0.0137381
3250, 70.94463, 0.0140955
3251, 72.82101, 0.0137323
3252, 71.09797, 0.0140651
3253, 70.45231, 0.014194
3254, 72.67759, 0.0137594
3255, 71.6702, 0.0139528
3256, 73.18019, 0.0136649
3257, 72.01757, 0.0138855
3258, 71.3511, 0.0140152
3259, 71.95539, 0.0138975
3260, 71.78236, 0.013931
3261, 71.32108, 0.0140211
3262, 71.79266, 0.013929
3263, 70.83056, 0.0141182
3264, 73.16841, 0.0136671
3265, 71.83959, 0.0139199
3266, 71.23218, 0.0140386
3267, 72.39085, 0.0138139
3268, 71.66506, 0.0139538
3269, 72.27836, 0.0138354
3270, 68.54104, 0.0145898
3271, 73.01935, 0.013695
3272, 73.74522, 0.0135602
3273, 72.14747, 0.0138605
3274, 72.51474, 0.0137903
3275, 71.33939, 0.0140175
3276, 71.74991, 0.0139373
3277, 71.17235, 0.0140504
3278, 72.36256, 0.0138193
3279, 71.82102, 0.0139235
3280, 58.74129, 0.0170238
3281, 80.72328, 0.012388
3282, 82.21318, 0.0121635
3283, 71.33583, 0.0140182
3284, 72.03677, 0.0138818
3285, 71.54457, 0.0139773
3286, 71.57684, 0.013971
3287, 71.9528, 0.013898
3288, 70.98592, 0.0140873
3289, 72.89852, 0.0137177
3290, 71.42653, 0.0140004
3291, 69.80803, 0.014325
3292, 74.04391, 0.0135055
3293, 72.22929, 0.0138448
3294, 70.99903, 0.0140847
3295, 72.30083, 0.0138311
3296, 71.70412, 0.0139462
3297, 71.43775, 0.0139982
3298, 72.05338, 0.0138786
3299, 71.16323, 0.0140522
3300, 72.24546, 0.0138417
3301, 70.53728, 0.0141769
3302, 74.04665, 0.013505
3303, 71.48627, 0.0139887
3304, 71.27837, 0.0140295
3305, 72.37566, 0.0138168
3306, 71.55635, 0.013975
3307, 71.66404, 0.013954
3308, 71.44541, 0.0139967
3309, 71.54713, 0.0139768
3310, 72.00928, 0.0138871
3311, 72.40658, 0.0138109
3312, 70.84762, 0.0141148
3313, 71.62554, 0.0139615
3314, 72.03313, 0.0138825
3315, 72.8709, 0.0137229
3316, 71.74734, 0.0139378
3317, 71.4449, 0.0139968
3318, 72.31913, 0.0138276
3319, 71.58094, 0.0139702
3320, 71.64915, 0.0139569
3321, 71.43367, 0.013999
3322, 72.73627, 0.0137483
3323, 71.93365, 0.0139017
3324, 71.20884, 0.0140432
3325, 72.24337, 0.0138421
3326, 70.57213, 0.0141699
3327, 72.91287, 0.013715
3328, 71.69384, 0.0139482
3329, 72.02898, 0.0138833
3330, 71.35263, 0.0140149
3331, 72.33744, 0.0138241
3332, 69.36641, 0.0144162
3333, 74.58234, 0.013408
3334, 71.56506, 0.0139733
3335, 71.90313, 0.0139076
3336, 71.30684, 0.0140239
3337, 72.54683, 0.0137842
3338, 68.51849, 0.0145946
3339, 73.23861, 0.013654
3340, 72.9368, 0.0137105
3341, 40.53671, 0.024669
3342, 57.29641, 0.0174531
3343, 72.69502, 0.0137561
3344, 72.57474, 0.0137789
3345, 70.15181, 0.0142548
3346, 21.55549, 0.0463919
