Frame, FPS, Frame Time
1, 50, 0.02
2, 50, 0.02
3, 3, 0.3333333
4, 5.480073, 0.1824793
5, 58.74094, 0.0170239
6, 92.70074, 0.0107874
7, 71.28092, 0.014029
8, 72.42388, 0.0138076
9, 71.70824, 0.0139454
10, 67.95048, 0.0147166
11, 69.52217, 0.0143839
12, 79.65716, 0.0125538
13, 65.86444, 0.0151827
14, 77.91135, 0.0128351
15, 70.90891, 0.0141026
16, 72.86824, 0.0137234
17, 71.84992, 0.0139179
18, 71.53281, 0.0139796
19, 70.00301, 0.0142851
20, 72.87408, 0.0137223
21, 72.7056, 0.0137541
22, 72.11833, 0.0138661
23, 70.74387, 0.0141355
24, 72.01498, 0.013886
25, 71.46737, 0.0139924
26, 72.29926, 0.0138314
27, 72.67706, 0.0137595
28, 23.85456, 0.0419207
29, 71.53536, 0.0139791
30, 72.55209, 0.0137832
31, 71.73602, 0.01394
32, 71.3939, 0.0140068
33, 72.89586, 0.0137182
34, 71.30938, 0.0140234
35, 70.87373, 0.0141096
36, 73.17377, 0.0136661
37, 71.70618, 0.0139458
38, 70.90338, 0.0141037
39, 72.08818, 0.0138719
40, 71.68048, 0.0139508
41, 72.47427, 0.013798
42, 71.28041, 0.0140291
43, 72.21625, 0.0138473
44, 71.01668, 0.0140812
45, 22.36076, 0.0447212
46, 71.61272, 0.013964
47, 71.41939, 0.0140018
48, 52.91565, 0.018898
49, 38.75548, 0.0258028
50, 69.18739, 0.0144535
51, 14.90269, 0.067102
52, 70.20254, 0.0142445
53, 76.3831, 0.0130919
54, 69.48305, 0.014392
55, 68.81649, 0.0145314
56, 68.99026, 0.0144948
57, 69.84898, 0.0143166
58, 23.535, 0.0424899
59, 68.02166, 0.0147012
60, 71.95694, 0.0138972
61, 70.82554, 0.0141192
62, 70.93406, 0.0140976
63, 70.94765, 0.0140949
64, 71.6081, 0.0139649
65, 72.05026, 0.0138792
66, 69.97754, 0.0142903
67, 72.65594, 0.0137635
68, 69.3717, 0.0144151
69, 73.20216, 0.0136608
70, 71.69846, 0.0139473
71, 71.53638, 0.0139789
72, 72.68868, 0.0137573
73, 69.80852, 0.0143249
74, 72.31808, 0.0138278
75, 71.41429, 0.0140028
76, 73.29444, 0.0136436
77, 72.01394, 0.0138862
78, 70.15968, 0.0142532
79, 72.12666, 0.0138645
80, 70.89986, 0.0141044
81, 35.92728, 0.027834
82, 73.11865, 0.0136764
83, 71.87885, 0.0139123
84, 71.92226, 0.0139039
85, 71.20834, 0.0140433
86, 69.65632, 0.0143562
87, 73.47107, 0.0136108
88, 72.19018, 0.0138523
89, 69.35101, 0.0144194
90, 71.90572, 0.0139071
91, 73.55807, 0.0135947
92, 70.89886, 0.0141046
93, 70.65141, 0.014154
94, 73.23325, 0.013655
95, 71.54611, 0.013977
96, 70.73136, 0.014138
97, 72.10221, 0.0138692
98, 72.86505, 0.013724
99, 68.3513, 0.0146303
100, 73.11278, 0.0136775
101, 71.82308, 0.0139231
102, 72.53052, 0.0137873
103, 70.82604, 0.0141191
104, 75.72488, 0.0132057
105, 70.34229, 0.0142162
106, 71.06109, 0.0140724
107, 71.36179, 0.0140131
108, 70.56815, 0.0141707
109, 73.10743, 0.0136785
110, 24.02201, 0.0416285
111, 70.36703, 0.0142112
112, 75.46201, 0.0132517
113, 71.17387, 0.0140501
114, 72.53735, 0.013786
115, 71.37249, 0.014011
116, 71.49342, 0.0139873
117, 71.88297, 0.0139115
118, 71.05907, 0.0140728
119, 71.0414, 0.0140763
120, 72.92085, 0.0137135
121, 70.85314, 0.0141137
122, 71.10504, 0.0140637
123, 72.81306, 0.0137338
124, 71.38574, 0.0140084
125, 72.25486, 0.0138399
126, 35.77357, 0.0279536
127, 72.10741, 0.0138682
128, 71.53741, 0.0139787
129, 71.5876, 0.0139689
130, 71.8959, 0.013909
131, 71.51132, 0.0139838
132, 69.76371, 0.0143341
133, 73.36488, 0.0136305
134, 72.38771, 0.0138145
135, 72.06272, 0.0138768
136, 70.53529, 0.0141773
137, 73.34874, 0.0136335
138, 71.4592, 0.013994
139, 70.6534, 0.0141536
140, 71.78184, 0.0139311
141, 72.6496, 0.0137647
142, 72.08038, 0.0138734
143, 69.83338, 0.0143198
144, 5.433091, 0.1840573
145, 50.11175, 0.0199554
146, 137.3721, 0.0072795
147, 92.11496, 0.010856
148, 70.94614, 0.0140952
149, 71.31752, 0.0140218
150, 71.75866, 0.0139356
151, 71.8556, 0.0139168
152, 71.51643, 0.0139828
153, 71.04341, 0.0140759
154, 72.88098, 0.013721
155, 71.55123, 0.013976
156, 71.79472, 0.0139286
157, 71.87419, 0.0139132
158, 71.17286, 0.0140503
159, 71.88142, 0.0139118
160, 71.87885, 0.0139123
161, 72.37723, 0.0138165
162, 71.33075, 0.0140192
163, 70.36654, 0.0142113
164, 73.75774, 0.0135579
165, 71.59631, 0.0139672
166, 71.61887, 0.0139628
167, 71.69384, 0.0139482
168, 71.88349, 0.0139114
169, 70.71336, 0.0141416
170, 72.30501, 0.0138303
171, 72.78179, 0.0137397
172, 71.45971, 0.0139939
173, 72.42651, 0.0138071
174, 70.60202, 0.0141639
175, 72.38037, 0.0138159
176, 72.46167, 0.0138004
177, 71.03887, 0.0140768
178, 72.25069, 0.0138407
179, 71.73859, 0.0139395
180, 71.40002, 0.0140056
181, 71.45409, 0.013995
182, 72.03106, 0.0138829
183, 72.13081, 0.0138637
184, 70.79897, 0.0141245
185, 69.76517, 0.0143338
186, 74.87552, 0.0133555
187, 70.83006, 0.0141183
188, 71.69795, 0.0139474
189, 72.63694, 0.0137671
190, 72.43018, 0.0138064
191, 72.10585, 0.0138685
192, 70.96074, 0.0140923
193, 71.46941, 0.013992
194, 72.51842, 0.0137896
195, 71.83392, 0.013921
196, 70.8416, 0.014116
197, 70.04321, 0.0142769
198, 74.23189, 0.0134713
199, 71.09746, 0.0140652
200, 72.97672, 0.013703
201, 71.56915, 0.0139725
202, 71.50774, 0.0139845
203, 72.02068, 0.0138849
204, 71.83701, 0.0139204
205, 71.42806, 0.0140001
206, 70.90237, 0.0141039
207, 72.65858, 0.013763
208, 72.19747, 0.0138509
209, 71.53229, 0.0139797
210, 71.90417, 0.0139074
211, 71.59528, 0.0139674
212, 72.33116, 0.0138253
213, 71.83805, 0.0139202
214, 71.37453, 0.0140106
215, 72.04663, 0.0138799
216, 71.87626, 0.0139128
217, 71.35009, 0.0140154
218, 71.01415, 0.0140817
219, 73.0695, 0.0136856
220, 71.78751, 0.01393
221, 70.97182, 0.0140901
222, 72.39294, 0.0138135
223, 72.06688, 0.013876
224, 71.67791, 0.0139513
225, 71.68356, 0.0139502
226, 71.69487, 0.013948
227, 72.28149, 0.0138348
228, 70.23853, 0.0142372
229, 72.92509, 0.0137127
230, 71.4097, 0.0140037
231, 72.75797, 0.0137442
232, 71.0732, 0.01407
233, 72.40134, 0.0138119
234, 71.00961, 0.0140826
235, 72.03002, 0.0138831
236, 72.01447, 0.0138861
237, 71.52922, 0.0139803
238, 71.85353, 0.0139172
239, 71.93365, 0.0139017
240, 71.17184, 0.0140505
241, 72.21572, 0.0138474
242, 71.63991, 0.0139587
243, 71.86283, 0.0139154
244, 71.73241, 0.0139407
245, 72.51158, 0.0137909
246, 71.58606, 0.0139692
247, 71.43929, 0.0139979
248, 70.75037, 0.0141342
249, 73.27618, 0.013647
250, 71.31854, 0.0140216
251, 71.97092, 0.0138945
252, 71.59888, 0.0139667
253, 72.57737, 0.0137784
254, 71.17134, 0.0140506
255, 72.02431, 0.0138842
256, 71.88866, 0.0139104
257, 71.87471, 0.0139131
258, 72.00928, 0.0138871
259, 70.67238, 0.0141498
260, 72.5363, 0.0137862
261, 72.56104, 0.0137815
262, 71.63529, 0.0139596
263, 71.87212, 0.0139136
264, 71.70052, 0.0139469
265, 71.30938, 0.0140234
266, 71.7633, 0.0139347
267, 71.80813, 0.013926
268, 72.10013, 0.0138696
269, 71.72315, 0.0139425
270, 70.69986, 0.0141443
271, 72.60951, 0.0137723
272, 71.30684, 0.0140239
273, 72.37042, 0.0138178
274, 71.51643, 0.0139828
275, 71.67277, 0.0139523
276, 71.37402, 0.0140107
277, 72.57684, 0.0137785
278, 71.20225, 0.0140445
279, 72.23033, 0.0138446
280, 71.29057, 0.0140271
281, 72.83268, 0.0137301
282, 71.45766, 0.0139943
283, 72.10065, 0.0138695
284, 70.64491, 0.0141553
285, 72.77861, 0.0137403
286, 70.78744, 0.0141268
287, 72.51947, 0.0137894
288, 71.88349, 0.0139114
289, 71.99839, 0.0138892
290, 70.56068, 0.0141722
291, 72.57052, 0.0137797
292, 72.39085, 0.0138139
293, 71.82205, 0.0139233
294, 71.67226, 0.0139524
295, 71.6923, 0.0139485
296, 71.14653, 0.0140555
297, 72.87196, 0.0137227
298, 71.66301, 0.0139542
299, 71.55891, 0.0139745
300, 72.07571, 0.0138743
301, 71.36384, 0.0140127
302, 72.22355, 0.0138459
303, 72.67653, 0.0137596
304, 71.28397, 0.0140284
305, 71.73807, 0.0139396
306, 71.74116, 0.013939
307, 72.13706, 0.0138625
308, 70.54325, 0.0141757
309, 72.95755, 0.0137066
310, 71.89745, 0.0139087
311, 71.4689, 0.0139921
312, 71.03181, 0.0140782
313, 73.03642, 0.0136918
314, 71.81071, 0.0139255
315, 71.91864, 0.0139046
316, 71.79678, 0.0139282
317, 71.42959, 0.0139998
318, 72.33849, 0.0138239
319, 71.61221, 0.0139641
320, 71.52666, 0.0139808
321, 71.96471, 0.0138957
322, 71.63016, 0.0139606
323, 71.973, 0.0138941
324, 71.88297, 0.0139115
325, 72.2079, 0.0138489
326, 72.06947, 0.0138755
327, 71.42347, 0.014001
328, 71.79833, 0.0139279
329, 71.92641, 0.0139031
330, 71.16526, 0.0140518
331, 72.45799, 0.0138011
332, 71.71852, 0.0139434
333, 71.96626, 0.0138954
334, 71.25045, 0.014035
335, 72.5858, 0.0137768
336, 71.86231, 0.0139155
337, 71.70824, 0.0139454
338, 70.83607, 0.0141171
339, 71.79575, 0.0139284
340, 72.51158, 0.0137909
341, 72.46167, 0.0138004
342, 71.06412, 0.0140718
343, 72.20634, 0.0138492
344, 71.2545, 0.0140342
345, 71.5835, 0.0139697
346, 72.43909, 0.0138047
347, 71.97403, 0.0138939
348, 71.43827, 0.0139981
349, 71.82773, 0.0139222
350, 71.85302, 0.0139173
351, 71.63529, 0.0139596
352, 72.17872, 0.0138545
353, 71.20073, 0.0140448
354, 71.26923, 0.0140313
355, 72.74844, 0.013746
356, 70.73036, 0.0141382
357, 72.74208, 0.0137472
358, 72.27157, 0.0138367
359, 72.04767, 0.0138797
360, 71.46532, 0.0139928
361, 71.98232, 0.0138923
362, 72.05961, 0.0138774
363, 71.01264, 0.014082
364, 72.3024, 0.0138308
365, 71.54816, 0.0139766
366, 71.40816, 0.014004
367, 71.28244, 0.0140287
368, 73.67514, 0.0135731
369, 71.77154, 0.0139331
370, 72.13862, 0.0138622
371, 71.48781, 0.0139884
372, 71.74888, 0.0139375
373, 71.90726, 0.0139068
374, 71.62656, 0.0139613
375, 71.22507, 0.01404
376, 72.35523, 0.0138207
377, 72.05234, 0.0138788
378, 71.08685, 0.0140673
379, 71.97144, 0.0138944
380, 72.04922, 0.0138794
381, 71.31142, 0.014023
382, 72.49634, 0.0137938
383, 71.9052, 0.0139072
384, 70.7669, 0.0141309
385, 72.69978, 0.0137552
386, 71.27888, 0.0140294
387, 71.44541, 0.0139967
388, 72.45852, 0.013801
389, 71.97766, 0.0138932
390, 71.77721, 0.013932
391, 72.05078, 0.0138791
392, 71.72881, 0.0139414
393, 71.18349, 0.0140482
394, 72.5937, 0.0137753
395, 71.69076, 0.0139488
396, 71.88608, 0.0139109
397, 71.5195, 0.0139822
398, 72.01291, 0.0138864
399, 70.4667, 0.0141911
400, 73.68491, 0.0135713
401, 71.63067, 0.0139605
402, 70.93959, 0.0140965
403, 73.02202, 0.0136945
404, 71.40154, 0.0140053
405, 71.39797, 0.014006
406, 71.38625, 0.0140083
407, 72.04404, 0.0138804
408, 71.71132, 0.0139448
409, 71.83083, 0.0139216
410, 71.64812, 0.0139571
411, 71.38421, 0.0140087
412, 72.96341, 0.0137055
413, 71.95125, 0.0138983
414, 71.99632, 0.0138896
415, 72.73415, 0.0137487
416, 71.6815, 0.0139506
417, 69.86948, 0.0143124
418, 73.75828, 0.0135578
419, 70.85365, 0.0141136
420, 72.22459, 0.0138457
421, 72.10013, 0.0138696
422, 68.5824, 0.014581
423, 74.94173, 0.0133437
424, 72.20164, 0.0138501
425, 71.51439, 0.0139832
426, 71.78287, 0.0139309
427, 71.53638, 0.0139789
428, 71.98232, 0.0138923
429, 71.45, 0.0139958
430, 72.18184, 0.0138539
431, 71.06058, 0.0140725
432, 73.01562, 0.0136957
433, 71.92796, 0.0139028
434, 71.66455, 0.0139539
435, 71.35976, 0.0140135
436, 71.95125, 0.0138983
437, 71.98439, 0.0138919
438, 72.04299, 0.0138806
439, 71.89382, 0.0139094
440, 68.42098, 0.0146154
441, 74.79767, 0.0133694
442, 71.95125, 0.0138983
443, 72.7961, 0.013737
444, 71.03484, 0.0140776
445, 72.42388, 0.0138076
446, 71.9616, 0.0138963
447, 71.21848, 0.0140413
448, 72.63694, 0.0137671
449, 71.70515, 0.013946
450, 71.79782, 0.013928
451, 71.43571, 0.0139986
452, 71.97766, 0.0138932
453, 71.83753, 0.0139203
454, 71.36994, 0.0140115
455, 72.68815, 0.0137574
456, 71.06007, 0.0140726
457, 72.35262, 0.0138212
458, 71.59528, 0.0139674
459, 71.13185, 0.0140584
460, 72.27, 0.013837
461, 71.20377, 0.0140442
462, 72.45904, 0.0138009
463, 71.144, 0.014056
464, 72.36466, 0.0138189
465, 70.65141, 0.014154
466, 73.16145, 0.0136684
467, 71.9409, 0.0139003
468, 72.12717, 0.0138644
469, 71.64555, 0.0139576
470, 71.23775, 0.0140375
471, 71.28295, 0.0140286
472, 73.15182, 0.0136702
473, 71.29921, 0.0140254
474, 71.58043, 0.0139703
475, 70.99097, 0.0140863
476, 73.52617, 0.0136006
477, 71.81689, 0.0139243
478, 71.8365, 0.0139205
479, 71.89279, 0.0139096
480, 71.68819, 0.0139493
481, 72.05805, 0.0138777
482, 71.41429, 0.0140028
483, 72.1907, 0.0138522
484, 71.26872, 0.0140314
485, 71.53127, 0.0139799
486, 72.00253, 0.0138884
487, 72.43227, 0.013806
488, 71.27888, 0.0140294
489, 72.24181, 0.0138424
490, 71.56762, 0.0139728
491, 71.5415, 0.0139779
492, 71.63016, 0.0139606
493, 72.00979, 0.013887
494, 72.11937, 0.0138659
495, 71.17995, 0.0140489
496, 23.68478, 0.0422212
497, 56.56749, 0.017678
498, 90.29345, 0.011075
499, 82.41577, 0.0121336
500, 71.29464, 0.0140263
501, 71.49905, 0.0139862
502, 71.71646, 0.0139438
503, 72.12822, 0.0138642
504, 68.71341, 0.0145532
505, 75.42274, 0.0132586
506, 71.15564, 0.0140537
507, 71.88504, 0.0139111
508, 72.13342, 0.0138632
509, 71.36638, 0.0140122
510, 71.32057, 0.0140212
511, 72.66914, 0.013761
512, 71.0071, 0.0140831
513, 72.35629, 0.0138205
514, 72.03728, 0.0138817
515, 71.09594, 0.0140655
516, 71.90054, 0.0139081
517, 72.43858, 0.0138048
518, 71.85095, 0.0139177
519, 72.07415, 0.0138746
520, 71.3674, 0.014012
521, 71.84166, 0.0139195
522, 72.47532, 0.0137978
523, 71.23015, 0.014039
524, 71.80452, 0.0139267
525, 71.36536, 0.0140124
526, 71.52718, 0.0139807
527, 72.54683, 0.0137842
528, 71.56557, 0.0139732
529, 71.82412, 0.0139229
530, 72.08298, 0.0138729
531, 71.57325, 0.0139717
532, 71.87988, 0.0139121
533, 72.06272, 0.0138768
534, 71.51694, 0.0139827
535, 71.13185, 0.0140584
536, 71.47912, 0.0139901
537, 73.41766, 0.0136207
538, 72.11053, 0.0138676
539, 70.80047, 0.0141242
540, 71.53587, 0.013979
541, 73.01562, 0.0136957
542, 70.80298, 0.0141237
543, 72.09805, 0.01387
544, 72.03469, 0.0138822
545, 72.25069, 0.0138407
546, 71.23218, 0.0140386
547, 72.33116, 0.0138253
548, 70.91495, 0.0141014
549, 72.79292, 0.0137376
550, 71.39084, 0.0140074
551, 71.74579, 0.0139381
552, 71.66917, 0.013953
553, 72.55736, 0.0137822
554, 70.81049, 0.0141222
555, 72.84064, 0.0137286
556, 71.8587, 0.0139162
557, 71.32871, 0.0140196
558, 71.62708, 0.0139612
559, 72.22198, 0.0138462
560, 71.61579, 0.0139634
561, 72.32803, 0.0138259
562, 71.17083, 0.0140507
563, 72.40972, 0.0138103
564, 71.05452, 0.0140737
565, 72.56789, 0.0137802
566, 71.5497, 0.0139763
567, 72.14695, 0.0138606
568, 71.884, 0.0139113
569, 71.60657, 0.0139652
570, 71.40409, 0.0140048
571, 72.61214, 0.0137718
572, 70.69836, 0.0141446
573, 71.82876, 0.013922
574, 72.62322, 0.0137697
575, 71.60297, 0.0139659
576, 71.79008, 0.0139295
577, 72.17038, 0.0138561
578, 71.73807, 0.0139396
579, 72.18027, 0.0138542
580, 71.63375, 0.0139599
581, 71.65172, 0.0139564
582, 71.88608, 0.0139109
583, 71.99735, 0.0138894
584, 71.25908, 0.0140333
585, 72.2747, 0.0138361
586, 71.76175, 0.013935
587, 71.76948, 0.0139335
588, 71.96316, 0.013896
589, 71.95125, 0.0138983
590, 71.50467, 0.0139851
591, 72.20947, 0.0138486
592, 71.22355, 0.0140403
593, 71.74013, 0.0139392
594, 71.99217, 0.0138904
595, 71.94504, 0.0138995
596, 71.41479, 0.0140027
597, 71.29261, 0.0140267
598, 73.20537, 0.0136602
599, 70.79696, 0.0141249
600, 71.80607, 0.0139264
601, 72.92244, 0.0137132
602, 71.52615, 0.0139809
603, 71.47095, 0.0139917
604, 72.25225, 0.0138404
605, 71.87522, 0.013913
606, 71.61785, 0.013963
607, 71.77721, 0.013932
608, 71.9559, 0.0138974
609, 70.67088, 0.0141501
610, 73.67025, 0.013574
611, 71.23421, 0.0140382
612, 71.68768, 0.0139494
613, 72.18705, 0.0138529
614, 71.20884, 0.0140432
615, 72.3432, 0.013823
616, 71.62144, 0.0139623
617, 71.58043, 0.0139703
618, 71.3221, 0.0140209
619, 73.14165, 0.0136721
620, 71.46379, 0.0139931
621, 71.85818, 0.0139163
622, 71.88039, 0.013912
623, 71.69538, 0.0139479
624, 71.69435, 0.0139481
625, 71.26365, 0.0140324
626, 71.89021, 0.0139101
627, 72.55473, 0.0137827
628, 71.21493, 0.014042
629, 71.05856, 0.0140729
630, 71.74579, 0.0139381
631, 72.59001, 0.013776
632, 71.35314, 0.0140148
633, 72.43175, 0.0138061
634, 72.44854, 0.0138029
635, 71.27329, 0.0140305
636, 72.07623, 0.0138742
637, 71.07523, 0.0140696
638, 72.76749, 0.0137424
639, 72.43175, 0.0138061
640, 71.71697, 0.0139437
641, 71.66558, 0.0139537
642, 71.5016, 0.0139857
643, 72.49897, 0.0137933
644, 70.89986, 0.0141044
645, 72.81836, 0.0137328
646, 71.46584, 0.0139927
647, 71.78133, 0.0139312
648, 70.47813, 0.0141888
649, 73.54023, 0.013598
650, 71.884, 0.0139113
651, 71.45766, 0.0139943
652, 72.30711, 0.0138299
653, 71.62144, 0.0139623
654, 71.96264, 0.0138961
655, 71.99217, 0.0138904
656, 71.00659, 0.0140832
657, 72.00824, 0.0138873
658, 71.71286, 0.0139445
659, 71.22406, 0.0140402
660, 73.14272, 0.0136719
661, 71.48474, 0.013989
662, 71.69641, 0.0139477
663, 72.19486, 0.0138514
664, 71.25806, 0.0140335
665, 71.62914, 0.0139608
666, 56.13909, 0.0178129
667, 85.97121, 0.0116318
668, 73.07538, 0.0136845
669, 72.76643, 0.0137426
670, 73.2939, 0.0136437
671, 73.4743, 0.0136102
672, 71.75094, 0.0139371
673, 73.24451, 0.0136529
674, 71.71235, 0.0139446
675, 72.41549, 0.0138092
676, 72.7908, 0.013738
677, 72.15424, 0.0138592
678, 72.30711, 0.0138299
679, 72.21677, 0.0138472
680, 71.4097, 0.0140037
681, 72.89533, 0.0137183
682, 71.42653, 0.0140004
683, 21.9859, 0.0454837
684, 54.40785, 0.0183797
685, 122.1374, 0.0081875
686, 89.56882, 0.0111646
687, 71.69538, 0.0139479
688, 70.91746, 0.0141009
689, 72.83427, 0.0137298
690, 70.94111, 0.0140962
691, 72.94318, 0.0137093
692, 70.95268, 0.0140939
693, 72.41549, 0.0138092
694, 71.31294, 0.0140227
695, 71.57274, 0.0139718
696, 72.50527, 0.0137921
697, 71.75712, 0.0139359
698, 71.71183, 0.0139447
699, 71.67688, 0.0139515
700, 71.68356, 0.0139502
701, 71.11212, 0.0140623
702, 72.59265, 0.0137755
703, 71.54867, 0.0139765
704, 71.76227, 0.0139349
705, 72.24807, 0.0138412
706, 71.90158, 0.0139079
707, 71.35416, 0.0140146
708, 72.14383, 0.0138612
709, 70.97585, 0.0140893
710, 72.39871, 0.0138124
711, 71.8587, 0.0139162
712, 71.38574, 0.0140084
713, 72.45537, 0.0138016
714, 71.52769, 0.0139806
715, 71.87833, 0.0139124
716, 71.81844, 0.013924
717, 71.8236, 0.013923
718, 71.63734, 0.0139592
719, 71.71852, 0.0139434
720, 71.93262, 0.0139019
721, 71.9787, 0.013893
722, 71.26009, 0.0140331
723, 71.85612, 0.0139167
724, 72.15736, 0.0138586
725, 72.04455, 0.0138803
726, 71.92278, 0.0139038
727, 70.92601, 0.0140992
728, 72.35366, 0.013821
729, 71.83186, 0.0139214
730, 72.29195, 0.0138328
731, 71.68768, 0.0139494
732, 71.34398, 0.0140166
733, 71.80761, 0.0139261
734, 71.10606, 0.0140635
735, 73.51373, 0.0136029
736, 71.17843, 0.0140492
737, 71.73962, 0.0139393
738, 72.15424, 0.0138592
739, 71.6435, 0.013958
740, 72.43385, 0.0138057
741, 71.60605, 0.0139653
742, 71.72212, 0.0139427
743, 71.4643, 0.013993
744, 70.813, 0.0141217
745, 71.69281, 0.0139484
746, 72.55578, 0.0137825
747, 72.89108, 0.0137191
748, 71.15564, 0.0140537
749, 72.27314, 0.0138364
750, 71.76587, 0.0139342
751, 71.63683, 0.0139593
752, 71.64401, 0.0139579
753, 72.29247, 0.0138327
754, 71.67534, 0.0139518
755, 71.5917, 0.0139681
756, 71.89899, 0.0139084
757, 70.34525, 0.0142156
758, 73.14272, 0.0136719
759, 72.29926, 0.0138314
760, 71.48372, 0.0139892
761, 71.80246, 0.0139271
762, 71.72058, 0.013943
763, 71.32922, 0.0140195
764, 72.07623, 0.0138742
765, 71.94555, 0.0138994
766, 70.38833, 0.0142069
767, 73.53535, 0.0135989
768, 72.20216, 0.01385
769, 71.29159, 0.0140269
770, 72.18653, 0.013853
771, 71.68407, 0.0139501
772, 72.0015, 0.0138886
773, 71.2271, 0.0140396
774, 71.9528, 0.013898
775, 71.92123, 0.0139041
776, 71.90572, 0.0139071
777, 71.65377, 0.013956
778, 71.49598, 0.0139868
779, 72.58474, 0.013777
780, 71.32006, 0.0140213
781, 72.0965, 0.0138703
782, 71.97714, 0.0138933
783, 71.89382, 0.0139094
784, 72.19904, 0.0138506
785, 70.99449, 0.0140856
786, 72.30762, 0.0138298
787, 71.16627, 0.0140516
788, 71.65839, 0.0139551
789, 71.24486, 0.0140361
790, 73.03802, 0.0136915
791, 71.6738, 0.0139521
792, 71.67842, 0.0139512
793, 71.61682, 0.0139632
794, 72.23972, 0.0138428
795, 72.03988, 0.0138812
796, 71.66558, 0.0139537
797, 72.04663, 0.0138799
798, 71.50263, 0.0139855
799, 70.73787, 0.0141367
800, 72.6702, 0.0137608
801, 72.27209, 0.0138366
802, 71.63529, 0.0139596
803, 71.22507, 0.01404
804, 72.20686, 0.0138491
805, 72.05545, 0.0138782
806, 71.69076, 0.0139488
807, 71.59324, 0.0139678
808, 72.29456, 0.0138323
809, 71.57684, 0.013971
810, 71.4643, 0.013993
811, 71.77051, 0.0139333
812, 72.38509, 0.013815
813, 72.01757, 0.0138855
814, 71.38829, 0.0140079
815, 71.77, 0.0139334
816, 72.04559, 0.0138801
817, 71.9787, 0.013893
818, 71.42908, 0.0139999
819, 71.90106, 0.013908
820, 71.62503, 0.0139616
821, 72.12717, 0.0138644
822, 72.08922, 0.0138717
823, 71.71389, 0.0139443
824, 72.17403, 0.0138554
825, 70.52335, 0.0141797
826, 72.89745, 0.0137179
827, 71.38879, 0.0140078
828, 72.16986, 0.0138562
829, 71.52411, 0.0139813
830, 71.07523, 0.0140696
831, 72.69502, 0.0137561
832, 72.38771, 0.0138145
833, 71.20985, 0.014043
834, 71.96937, 0.0138948
835, 71.89382, 0.0139094
836, 71.68459, 0.01395
837, 70.85415, 0.0141135
838, 72.63377, 0.0137677
839, 72.06429, 0.0138765
840, 71.39594, 0.0140064
841, 71.87367, 0.0139133
842, 72.53368, 0.0137867
843, 71.53025, 0.0139801
844, 71.68973, 0.013949
845, 71.71594, 0.0139439
846, 71.97817, 0.0138931
847, 71.94659, 0.0138992
848, 71.78545, 0.0139304
849, 72.20269, 0.0138499
850, 71.43469, 0.0139988
851, 70.10066, 0.0142652
852, 72.76749, 0.0137424
853, 72.38247, 0.0138155
854, 70.35218, 0.0142142
855, 73.33099, 0.0136368
856, 71.02323, 0.0140799
857, 71.753, 0.0139367
858, 72.24546, 0.0138417
859, 71.76124, 0.0139351
860, 70.46223, 0.014192
861, 74.14987, 0.0134862
862, 71.65172, 0.0139564
863, 71.74271, 0.0139387
864, 71.86334, 0.0139153
865, 71.34296, 0.0140168
866, 71.01163, 0.0140822
867, 71.7319, 0.0139408
868, 73.26544, 0.013649
869, 70.79897, 0.0141245
870, 70.54723, 0.0141749
871, 64.35669, 0.0155384
872, 72.3699, 0.0138179
873, 81.79424, 0.0122258
874, 72.77068, 0.0137418
875, 72.49949, 0.0137932
876, 72.01965, 0.0138851
877, 71.39186, 0.0140072
878, 71.69743, 0.0139475
879, 72.32488, 0.0138265
880, 71.75197, 0.0139369
881, 71.31498, 0.0140223
882, 72.27366, 0.0138363
883, 71.89021, 0.0139101
884, 71.43419, 0.0139989
885, 71.36384, 0.0140127
886, 72.88736, 0.0137198
887, 71.42857, 0.014
888, 72.12457, 0.0138649
889, 71.38574, 0.0140084
890, 71.88918, 0.0139103
891, 72.17299, 0.0138556
892, 71.23319, 0.0140384
893, 72.05026, 0.0138792
894, 72.13446, 0.013863
895, 71.45205, 0.0139954
896, 71.9528, 0.013898
897, 72.3521, 0.0138213
898, 71.73344, 0.0139405
899, 71.08078, 0.0140685
900, 70.83307, 0.0141177
901, 73.32722, 0.0136375
902, 71.91709, 0.0139049
903, 71.69178, 0.0139486
904, 72.11625, 0.0138665
905, 71.6923, 0.0139485
906, 71.07371, 0.0140699
907, 72.50054, 0.013793
908, 71.51183, 0.0139837
909, 72.53104, 0.0137872
910, 71.27533, 0.0140301
911, 71.76433, 0.0139345
912, 72.26948, 0.0138371
913, 71.29617, 0.014026
914, 71.90313, 0.0139076
915, 71.25704, 0.0140337
916, 71.89227, 0.0139097
917, 73.27779, 0.0136467
918, 71.52001, 0.0139821
919, 71.15716, 0.0140534
920, 71.91761, 0.0139048
921, 72.00201, 0.0138885
922, 72.20425, 0.0138496
923, 71.47912, 0.0139901
924, 72.21468, 0.0138476
925, 71.47963, 0.01399
926, 71.65274, 0.0139562
927, 70.24199, 0.0142365
928, 74.03239, 0.0135076
929, 71.973, 0.0138941
930, 71.60093, 0.0139663
931, 71.60246, 0.013966
932, 71.56659, 0.013973
933, 72.07103, 0.0138752
934, 71.24131, 0.0140368
935, 72.60899, 0.0137724
936, 71.50314, 0.0139854
937, 71.65223, 0.0139563
938, 71.78854, 0.0139298
939, 71.0308, 0.0140784
940, 73.52617, 0.0136006
941, 71.28651, 0.0140279
942, 72.37723, 0.0138165
943, 71.55891, 0.0139745
944, 71.70412, 0.0139462
945, 71.98906, 0.013891
946, 71.75454, 0.0139364
947, 71.69743, 0.0139475
948, 72.01965, 0.0138851
949, 71.13387, 0.014058
950, 72.72251, 0.0137509
951, 71.66148, 0.0139545
952, 71.90726, 0.0139068
953, 71.40919, 0.0140038
954, 72.35629, 0.0138205
955, 70.68987, 0.0141463
956, 72.80458, 0.0137354
957, 70.81852, 0.0141206
958, 72.50159, 0.0137928
959, 71.63375, 0.0139599
960, 71.59682, 0.0139671
961, 72.64539, 0.0137655
962, 71.31498, 0.0140223
963, 72.05078, 0.0138791
964, 72.13342, 0.0138632
965, 71.54662, 0.0139769
966, 71.69692, 0.0139476
967, 72.21989, 0.0138466
968, 71.34245, 0.0140169
969, 70.19908, 0.0142452
970, 74.05323, 0.0135038
971, 70.67437, 0.0141494
972, 72.66808, 0.0137612
973, 71.73962, 0.0139393
974, 72.14487, 0.013861
975, 71.78339, 0.0139308
976, 71.66352, 0.0139541
977, 72.4286, 0.0138067
978, 71.24131, 0.0140368
979, 71.86851, 0.0139143
980, 71.0192, 0.0140807
981, 70.80247, 0.0141238
982, 74.33508, 0.0134526
983, 71.50263, 0.0139855
984, 71.97973, 0.0138928
985, 71.6199, 0.0139626
986, 71.28803, 0.0140276
987, 71.71594, 0.0139439
988, 72.27261, 0.0138365
989, 71.82102, 0.0139235
990, 71.74116, 0.013939
991, 71.31243, 0.0140228
992, 72.27104, 0.0138368
993, 71.944, 0.0138997
994, 71.91968, 0.0139044
995, 70.87172, 0.01411
996, 71.64452, 0.0139578
997, 72.0015, 0.0138886
998, 71.66917, 0.013953
999, 70.95973, 0.0140925
1000, 72.91393, 0.0137148
1001, 72.21833, 0.0138469
1002, 69.76176, 0.0143345
1003, 63.71943, 0.0156938
1004, 70.28542, 0.0142277
1005, 88.55749, 0.0112921
1006, 71.66404, 0.013954
1007, 71.59426, 0.0139676
1008, 71.91193, 0.0139059
1009, 71.33125, 0.0140191
1010, 71.98595, 0.0138916
1011, 71.54356, 0.0139775
1012, 72.93999, 0.0137099
1013, 70.85666, 0.014113
1014, 72.35785, 0.0138202
1015, 71.27583, 0.01403
1016, 72.33169, 0.0138252
1017, 71.20479, 0.014044
1018, 72.74685, 0.0137463
1019, 71.42296, 0.0140011
1020, 72.08194, 0.0138731
1021, 71.69846, 0.0139473
1022, 71.80349, 0.0139269
1023, 70.96577, 0.0140913
1024, 71.8236, 0.013923
1025, 72.24807, 0.0138412
1026, 72.6111, 0.013772
1027, 71.65069, 0.0139566
1028, 71.25603, 0.0140339
1029, 71.74425, 0.0139384
1030, 72.47164, 0.0137985
1031, 71.41123, 0.0140034
1032, 71.94814, 0.0138989
1033, 71.97921, 0.0138929
1034, 71.70412, 0.0139462
1035, 70.22275, 0.0142404
1036, 74.13668, 0.0134886
1037, 72.19018, 0.0138523
1038, 71.39236, 0.0140071
1039, 71.02222, 0.0140801
1040, 72.56104, 0.0137815
1041, 71.32668, 0.01402
1042, 72.45537, 0.0138016
1043, 71.08938, 0.0140668
1044, 72.3699, 0.0138179
1045, 71.72726, 0.0139417
1046, 70.97736, 0.014089
1047, 71.97403, 0.0138939
1048, 73.09621, 0.0136806
1049, 71.71594, 0.0139439
1050, 71.59837, 0.0139668
1051, 71.30074, 0.0140251
1052, 71.74425, 0.0139384
1053, 71.56506, 0.0139733
1054, 71.67226, 0.0139524
1055, 72.34582, 0.0138225
1056, 72.00253, 0.0138884
1057, 71.45103, 0.0139956
1058, 72.40605, 0.013811
1059, 71.58043, 0.0139703
1060, 72.27261, 0.0138365
1061, 71.48831, 0.0139883
1062, 70.27456, 0.0142299
1063, 72.40762, 0.0138107
1064, 73.06149, 0.0136871
1065, 70.85464, 0.0141134
1066, 72.51579, 0.0137901
1067, 72.07051, 0.0138753
1068, 71.20732, 0.0140435
1069, 71.91141, 0.013906
1070, 72.55157, 0.0137833
1071, 71.5794, 0.0139705
1072, 72.34476, 0.0138227
1073, 71.53793, 0.0139786
1074, 71.76793, 0.0139338
1075, 71.56301, 0.0139737
1076, 72.04195, 0.0138808
1077, 69.98244, 0.0142893
1078, 72.8067, 0.013735
1079, 71.83289, 0.0139212
1080, 72.40815, 0.0138106
1081, 70.78544, 0.0141272
1082, 72.96554, 0.0137051
1083, 70.8662, 0.0141111
1084, 72.24755, 0.0138413
1085, 72.16205, 0.0138577
1086, 72.62798, 0.0137688
1087, 71.36638, 0.0140122
1088, 71.78648, 0.0139302
1089, 71.98077, 0.0138926
1090, 71.71646, 0.0139438
1091, 71.9989, 0.0138891
1092, 71.5149, 0.0139831
1093, 71.94918, 0.0138987
1094, 72.00461, 0.013888
1095, 71.82928, 0.0139219
1096, 71.82463, 0.0139228
1097, 71.77772, 0.0139319
1098, 71.35874, 0.0140137
1099, 71.52666, 0.0139808
1100, 72.61004, 0.0137722
1101, 71.41735, 0.0140022
1102, 71.55737, 0.0139748
1103, 72.02691, 0.0138837
1104, 72.22146, 0.0138463
1105, 71.4449, 0.0139968
1106, 72.21886, 0.0138468
1107, 71.08432, 0.0140678
1108, 72.07727, 0.013874
1109, 72.02535, 0.013884
1110, 72.24076, 0.0138426
1111, 71.02727, 0.0140791
1112, 72.19591, 0.0138512
1113, 71.90003, 0.0139082
1114, 71.7391, 0.0139394
1115, 71.95901, 0.0138968
1116, 71.86179, 0.0139156
1117, 71.91968, 0.0139044
1118, 71.90468, 0.0139073
1119, 71.55584, 0.0139751
1120, 71.45154, 0.0139955
1121, 71.30735, 0.0140238
1122, 73.36111, 0.0136312
1123, 71.19617, 0.0140457
1124, 72.04819, 0.0138796
1125, 71.17134, 0.0140506
1126, 72.4811, 0.0137967
1127, 71.83701, 0.0139204
1128, 72.06272, 0.0138768
1129, 71.78133, 0.0139312
1130, 71.48014, 0.0139899
1131, 71.42653, 0.0140004
1132, 72.479, 0.0137971
1133, 71.79678, 0.0139282
1134, 70.72236, 0.0141398
1135, 72.64644, 0.0137653
1136, 72.08038, 0.0138734
1137, 71.67534, 0.0139518
1138, 71.18704, 0.0140475
1139, 72.32436, 0.0138266
1140, 72.19122, 0.0138521
1141, 71.74425, 0.0139384
1142, 70.21634, 0.0142417
1143, 73.3918, 0.0136255
1144, 72.50527, 0.0137921
1145, 70.77441, 0.0141294
1146, 72.51736, 0.0137898
1147, 71.66404, 0.013954
1148, 71.81689, 0.0139243
1149, 71.28854, 0.0140275
1150, 70.90991, 0.0141024
1151, 73.28906, 0.0136446
1152, 70.56167, 0.014172
1153, 73.46567, 0.0136118
1154, 71.89899, 0.0139084
1155, 71.27736, 0.0140297
1156, 71.80865, 0.0139259
1157, 72.13186, 0.0138635
1158, 71.60041, 0.0139664
1159, 71.41684, 0.0140023
1160, 71.91141, 0.013906
1161, 72.26008, 0.0138389
1162, 71.25248, 0.0140346
1163, 72.48688, 0.0137956
1164, 72.13134, 0.0138636
1165, 72.12457, 0.0138649
1166, 71.74116, 0.013939
1167, 70.73936, 0.0141364
1168, 72.49529, 0.013794
1169, 72.32279, 0.0138269
1170, 71.80555, 0.0139265
1171, 71.39186, 0.0140072
1172, 72.2345, 0.0138438
1173, 71.11971, 0.0140608
1174, 69.91247, 0.0143036
1175, 73.89836, 0.0135321
1176, 71.39695, 0.0140062
1177, 72.40605, 0.013811
1178, 69.40251, 0.0144087
1179, 64.58989, 0.0154823
1180, 73.58893, 0.013589
1181, 82.68358, 0.0120943
1182, 66.80919, 0.014968
1183, 78.67697, 0.0127102
1184, 71.08028, 0.0140686
1185, 72.57262, 0.0137793
1186, 70.95016, 0.0140944
1187, 72.31285, 0.0138288
1188, 72.08038, 0.0138734
1189, 71.16931, 0.014051
1190, 70.93859, 0.0140967
1191, 73.14005, 0.0136724
1192, 71.04392, 0.0140758
1193, 72.29351, 0.0138325
1194, 71.67329, 0.0139522
1195, 72.02068, 0.0138849
1196, 71.10909, 0.0140629
1197, 72.38456, 0.0138151
1198, 71.86283, 0.0139154
1199, 72.0965, 0.0138703
1200, 71.68768, 0.0139494
1201, 72.04767, 0.0138797
1202, 71.46737, 0.0139924
1203, 71.38523, 0.0140085
1204, 72.12666, 0.0138645
1205, 72.20216, 0.01385
1206, 70.8883, 0.0141067
1207, 72.75478, 0.0137448
1208, 71.51286, 0.0139835
1209, 72.18288, 0.0138537
1210, 71.15311, 0.0140542
1211, 72.07311, 0.0138748
1212, 72.12041, 0.0138657
1213, 71.8071, 0.0139262
1214, 71.57838, 0.0139707
1215, 71.89486, 0.0139092
1216, 71.52411, 0.0139813
1217, 72.25069, 0.0138407
1218, 71.93313, 0.0139018
1219, 71.69538, 0.0139479
1220, 71.75763, 0.0139358
1221, 71.59068, 0.0139683
1222, 67.29565, 0.0148598
1223, 77.14204, 0.0129631
1224, 72.27574, 0.0138359
1225, 72.14955, 0.0138601
1226, 70.83858, 0.0141166
1227, 66.36185, 0.0150689
1228, 77.49355, 0.0129043
1229, 74.98331, 0.0133363
1230, 71.66404, 0.013954
1231, 70.53181, 0.014178
1232, 72.74791, 0.0137461
1233, 71.28498, 0.0140282
1234, 71.36791, 0.0140119
1235, 72.23555, 0.0138436
1236, 71.99787, 0.0138893
1237, 71.60246, 0.013966
1238, 71.91348, 0.0139056
1239, 71.06967, 0.0140707
1240, 71.29007, 0.0140272
1241, 72.73574, 0.0137484
1242, 72.14227, 0.0138615
1243, 71.65633, 0.0139555
1244, 71.64504, 0.0139577
1245, 71.38013, 0.0140095
1246, 72.52421, 0.0137885
1247, 71.72623, 0.0139419
1248, 71.36282, 0.0140129
1249, 58.54527, 0.0170808
1250, 59.26102, 0.0168745
1251, 128.5628, 0.0077783
1252, 69.90905, 0.0143043
1253, 73.86124, 0.0135389
1254, 72.1199, 0.0138658
1255, 71.56403, 0.0139735
1256, 71.92072, 0.0139042
1257, 72.33221, 0.0138251
1258, 71.49189, 0.0139876
1259, 71.64658, 0.0139574
1260, 72.26425, 0.0138381
1261, 70.93557, 0.0140973
1262, 70.87926, 0.0141085
1263, 72.77279, 0.0137414
1264, 72.55999, 0.0137817
1265, 71.65891, 0.013955
1266, 71.75918, 0.0139355
1267, 71.62708, 0.0139612
1268, 71.98025, 0.0138927
1269, 71.12426, 0.0140599
1270, 72.80246, 0.0137358
1271, 71.79936, 0.0139277
1272, 71.71492, 0.0139441
1273, 71.46532, 0.0139928
1274, 69.84801, 0.0143168
1275, 74.5262, 0.0134181
1276, 70.82053, 0.0141202
1277, 72.39767, 0.0138126
1278, 72.35, 0.0138217
1279, 71.54816, 0.0139766
1280, 67.66541, 0.0147786
1281, 76.79371, 0.0130219
1282, 71.06613, 0.0140714
1283, 71.79885, 0.0139278
1284, 72.63905, 0.0137667
1285, 71.08432, 0.0140678
1286, 71.93934, 0.0139006
1287, 71.66815, 0.0139532
1288, 72.62639, 0.0137691
1289, 71.62093, 0.0139624
1290, 72.08142, 0.0138732
1291, 70.995, 0.0140855
1292, 72.13238, 0.0138634
1293, 72.28306, 0.0138345
1294, 71.33838, 0.0140177
1295, 72.06272, 0.0138768
1296, 71.85043, 0.0139178
1297, 70.66338, 0.0141516
1298, 71.58913, 0.0139686
1299, 72.77332, 0.0137413
1300, 72.4874, 0.0137955
1301, 71.48576, 0.0139888
1302, 70.25728, 0.0142334
1303, 73.04442, 0.0136903
1304, 71.97973, 0.0138928
1305, 71.19769, 0.0140454
1306, 72.2225, 0.0138461
1307, 70.70235, 0.0141438
1308, 73.40366, 0.0136233
1309, 72.3919, 0.0138137
1310, 72.10169, 0.0138693
1311, 72.44697, 0.0138032
1312, 71.47554, 0.0139908
1313, 71.31599, 0.0140221
1314, 71.88349, 0.0139114
1315, 72.12405, 0.013865
1316, 72.21103, 0.0138483
1317, 71.50979, 0.0139841
1318, 71.88608, 0.0139109
1319, 71.64812, 0.0139571
1320, 71.97559, 0.0138936
1321, 71.52001, 0.0139821
1322, 71.64196, 0.0139583
1323, 72.16465, 0.0138572
1324, 71.49189, 0.0139876
1325, 71.47912, 0.0139901
1326, 72.47427, 0.013798
1327, 71.30735, 0.0140238
1328, 70.92953, 0.0140985
1329, 73.60193, 0.0135866
1330, 71.63324, 0.01396
1331, 71.51899, 0.0139823
1332, 71.53434, 0.0139793
1333, 72.2319, 0.0138443
1334, 71.64248, 0.0139582
1335, 72.06065, 0.0138772
1336, 71.78751, 0.01393
1337, 71.74682, 0.0139379
1338, 71.91244, 0.0139058
1339, 70.87022, 0.0141103
1340, 72.3788, 0.0138162
1341, 72.59686, 0.0137747
1342, 71.05856, 0.0140729
1343, 71.26974, 0.0140312
1344, 72.86771, 0.0137235
1345, 71.58965, 0.0139685
1346, 71.90468, 0.0139073
1347, 71.76381, 0.0139346
1348, 71.95073, 0.0138984
1349, 71.50723, 0.0139846
1350, 72.63588, 0.0137673
1351, 70.2963, 0.0142255
1352, 73.3918, 0.0136255
1353, 71.87936, 0.0139122
1354, 71.37861, 0.0140098
1355, 70.59305, 0.0141657
1356, 73.71424, 0.0135659
1357, 71.38778, 0.014008
1358, 71.90468, 0.0139073
1359, 71.55123, 0.013976
1360, 71.23116, 0.0140388
1361, 72.4769, 0.0137975
1362, 72.55894, 0.0137819
1363, 70.99046, 0.0140864
1364, 72.35, 0.0138217
1365, 71.59939, 0.0139666
1366, 71.81226, 0.0139252
1367, 71.05805, 0.014073
1368, 72.80352, 0.0137356
1369, 71.58913, 0.0139686
1370, 71.28498, 0.0140282
1371, 72.68604, 0.0137578
1372, 70.61, 0.0141623
1373, 72.55209, 0.0137832
1374, 72.76114, 0.0137436
1375, 71.35823, 0.0140138
1376, 70.78092, 0.0141281
1377, 72.90596, 0.0137163
1378, 71.9321, 0.013902
1379, 70.94714, 0.014095
1380, 72.42231, 0.0138079
1381, 71.97196, 0.0138943
1382, 70.13853, 0.0142575
1383, 73.16895, 0.013667
1384, 72.0991, 0.0138698
1385, 71.78854, 0.0139298
1386, 72.09181, 0.0138712
1387, 71.0071, 0.0140831
1388, 72.4454, 0.0138035
1389, 71.95073, 0.0138984
1390, 71.98129, 0.0138925
1391, 71.43214, 0.0139993
1392, 72.11365, 0.013867
1393, 70.5154, 0.0141813
1394, 73.28101, 0.0136461
1395, 71.83495, 0.0139208
1396, 71.58913, 0.0139686
1397, 70.87473, 0.0141094
1398, 72.93041, 0.0137117
1399, 71.10352, 0.014064
1400, 71.69795, 0.0139474
1401, 71.85612, 0.0139167
1402, 72.24493, 0.0138418
1403, 69.30391, 0.0144292
1404, 74.7658, 0.0133751
1405, 70.17937, 0.0142492
1406, 73.50076, 0.0136053
1407, 71.44235, 0.0139973
1408, 71.67893, 0.0139511
1409, 70.79044, 0.0141262
1410, 63.90103, 0.0156492
1411, 72.70295, 0.0137546
1412, 82.90636, 0.0120618
1413, 71.53536, 0.0139791
1414, 72.14747, 0.0138605
1415, 71.91089, 0.0139061
1416, 71.07068, 0.0140705
1417, 73.02042, 0.0136948
1418, 71.52053, 0.013982
1419, 71.54713, 0.0139768
1420, 71.78545, 0.0139304
1421, 71.65582, 0.0139556
1422, 72.59106, 0.0137758
1423, 71.67123, 0.0139526
1424, 71.73498, 0.0139402
1425, 71.71286, 0.0139445
1426, 71.90106, 0.013908
1427, 71.47554, 0.0139908
1428, 70.85967, 0.0141124
1429, 72.49424, 0.0137942
1430, 72.29822, 0.0138316
1431, 71.61067, 0.0139644
1432, 72.19747, 0.0138509
1433, 71.83959, 0.0139199
1434, 71.87316, 0.0139134
1435, 71.57838, 0.0139707
1436, 71.64248, 0.0139582
1437, 71.41327, 0.014003
1438, 72.22355, 0.0138459
1439, 69.98293, 0.0142892
1440, 73.7387, 0.0135614
1441, 72.20164, 0.0138501
1442, 70.57462, 0.0141694
1443, 72.85603, 0.0137257
1444, 71.62914, 0.0139608
1445, 71.45766, 0.0139943
1446, 72.63852, 0.0137668
1447, 71.59273, 0.0139679
1448, 71.4781, 0.0139903
1449, 70.26271, 0.0142323
1450, 73.62957, 0.0135815
1451, 71.38778, 0.014008
1452, 72.29037, 0.0138331
1453, 71.23218, 0.0140386
1454, 72.42493, 0.0138074
1455, 71.67637, 0.0139516
1456, 72.47375, 0.0137981
1457, 71.41786, 0.0140021
1458, 71.37759, 0.01401
1459, 70.78193, 0.0141279
1460, 73.72729, 0.0135635
1461, 70.91444, 0.0141015
1462, 72.63958, 0.0137666
1463, 71.45306, 0.0139952
1464, 71.74837, 0.0139376
1465, 71.43367, 0.013999
1466, 72.57052, 0.0137797
1467, 71.45869, 0.0139941
1468, 71.77463, 0.0139325
1469, 71.45766, 0.0139943
1470, 71.69178, 0.0139486
1471, 72.40291, 0.0138116
1472, 71.70618, 0.0139458
1473, 72.2152, 0.0138475
1474, 71.74322, 0.0139386
1475, 71.18806, 0.0140473
1476, 71.95539, 0.0138975
1477, 36.06814, 0.0277253
1478, 71.48321, 0.0139893
1479, 71.56864, 0.0139726
1480, 72.3275, 0.013826
1481, 71.31702, 0.0140219
1482, 72.24442, 0.0138419
1483, 71.804, 0.0139268
1484, 71.20123, 0.0140447
1485, 72.04248, 0.0138807
1486, 71.89486, 0.0139092
1487, 72.19226, 0.0138519
1488, 71.85508, 0.0139169
1489, 72.1199, 0.0138658
1490, 71.36689, 0.0140121
1491, 71.7319, 0.0139408
1492, 72.3788, 0.0138162
1493, 71.19668, 0.0140456
1494, 71.70618, 0.0139458
1495, 71.03988, 0.0140766
1496, 72.20216, 0.01385
1497, 72.77755, 0.0137405
1498, 71.78854, 0.0139298
1499, 71.88866, 0.0139104
1500, 70.92299, 0.0140998
1501, 71.71286, 0.0139445
1502, 73.0663, 0.0136862
1503, 71.80194, 0.0139272
1504, 71.78699, 0.0139301
1505, 70.59155, 0.014166
1506, 72.61426, 0.0137714
1507, 71.89951, 0.0139083
1508, 72.38561, 0.0138149
1509, 71.71543, 0.013944
1510, 71.61477, 0.0139636
1511, 70.37149, 0.0142103
1512, 73.79584, 0.0135509
1513, 71.23674, 0.0140377
1514, 72.05338, 0.0138786
1515, 71.89951, 0.0139083
1516, 71.86438, 0.0139151
1517, 70.93658, 0.0140971
1518, 71.84218, 0.0139194
1519, 72.78815, 0.0137385
1520, 71.59273, 0.0139679
1521, 72.11781, 0.0138662
1522, 71.19617, 0.0140457
1523, 72.31966, 0.0138275
1524, 72.46797, 0.0137992
1525, 70.96175, 0.0140921
1526, 71.78905, 0.0139297
1527, 70.97282, 0.0140899
1528, 72.75002, 0.0137457
1529, 69.82558, 0.0143214
1530, 74.41528, 0.0134381
1531, 71.78699, 0.0139301
1532, 72.00513, 0.0138879
1533, 70.22571, 0.0142398
1534, 73.02575, 0.0136938
1535, 72.24233, 0.0138423
1536, 72.23138, 0.0138444
1537, 71.42603, 0.0140005
1538, 72.07831, 0.0138738
1539, 71.47912, 0.0139901
1540, 71.48933, 0.0139881
1541, 71.0919, 0.0140663
1542, 73.15984, 0.0136687
1543, 70.21831, 0.0142413
1544, 73.37511, 0.0136286
1545, 71.5835, 0.0139697
1546, 72.13394, 0.0138631
1547, 71.8959, 0.013909
1548, 71.91037, 0.0139062
1549, 70.86017, 0.0141123
1550, 72.5937, 0.0137753
1551, 71.62452, 0.0139617
1552, 72.0295, 0.0138832
1553, 71.60605, 0.0139653
1554, 71.65839, 0.0139551
1555, 71.54611, 0.013977
1556, 72.83109, 0.0137304
1557, 71.1683, 0.0140512
1558, 72.00305, 0.0138883
1559, 71.3104, 0.0140232
1560, 71.91813, 0.0139047
1561, 71.42551, 0.0140006
1562, 69.38903, 0.0144115
1563, 64.62077, 0.0154749
1564, 71.24587, 0.0140359
1565, 86.59283, 0.0115483
1566, 71.99217, 0.0138904
1567, 71.79524, 0.0139285
1568, 71.82825, 0.0139221
1569, 71.36485, 0.0140125
1570, 71.47707, 0.0139905
1571, 72.34634, 0.0138224
1572, 71.70978, 0.0139451
1573, 71.52974, 0.0139802
1574, 71.0626, 0.0140721
1575, 72.81995, 0.0137325
1576, 72.13862, 0.0138622
1577, 72.20998, 0.0138485
1578, 71.23827, 0.0140374
1579, 72.07311, 0.0138748
1580, 71.27482, 0.0140302
1581, 71.90003, 0.0139082
1582, 71.83031, 0.0139217
1583, 71.604, 0.0139657
1584, 71.66352, 0.0139541
1585, 72.24337, 0.0138421
1586, 72.52841, 0.0137877
1587, 71.39746, 0.0140061
1588, 71.99268, 0.0138903
1589, 71.71903, 0.0139433
1590, 71.07472, 0.0140697
1591, 72.66122, 0.0137625
1592, 71.03786, 0.014077
1593, 72.23711, 0.0138433
1594, 71.17843, 0.0140492
1595, 70.70536, 0.0141432
1596, 73.58135, 0.0135904
1597, 72.75638, 0.0137445
1598, 71.20174, 0.0140446
1599, 72.24076, 0.0138426
1600, 71.91709, 0.0139049
1601, 71.51848, 0.0139824
1602, 70.62945, 0.0141584
1603, 72.97992, 0.0137024
1604, 71.78596, 0.0139303
1605, 72.03573, 0.013882
1606, 70.11, 0.0142633
1607, 73.74305, 0.0135606
1608, 70.97182, 0.0140901
1609, 72.30083, 0.0138311
1610, 71.82257, 0.0139232
1611, 72.02535, 0.013884
1612, 71.50519, 0.013985
1613, 71.6815, 0.0139506
1614, 72.01653, 0.0138857
1615, 71.57325, 0.0139717
1616, 72.52421, 0.0137885
1617, 69.13908, 0.0144636
1618, 74.23244, 0.0134712
1619, 72.30867, 0.0138296
1620, 71.71543, 0.013944
1621, 71.89486, 0.0139092
1622, 71.9321, 0.013902
1623, 70.16165, 0.0142528
1624, 73.17162, 0.0136665
1625, 72.05701, 0.0138779
1626, 71.59477, 0.0139675
1627, 71.64658, 0.0139574
1628, 70.0182, 0.014282
1629, 74.32789, 0.0134539
1630, 71.28701, 0.0140278
1631, 72.23972, 0.0138428
1632, 71.77, 0.0139334
1633, 71.8334, 0.0139211
1634, 71.46379, 0.0139931
1635, 71.79318, 0.0139289
1636, 72.06947, 0.0138755
1637, 71.86645, 0.0139147
1638, 71.07472, 0.0140697
1639, 71.96678, 0.0138953
1640, 71.88142, 0.0139118
1641, 72.36099, 0.0138196
1642, 72.09181, 0.0138712
1643, 71.3455, 0.0140163
1644, 71.8205, 0.0139236
1645, 72.34895, 0.0138219
1646, 71.11162, 0.0140624
1647, 71.75866, 0.0139356
1648, 72.43962, 0.0138046
1649, 71.61579, 0.0139634
1650, 69.41552, 0.014406
1651, 72.79451, 0.0137373
1652, 73.83834, 0.0135431
1653, 71.6851, 0.0139499
1654, 71.45103, 0.0139956
1655, 72.15945, 0.0138582
1656, 70.18677, 0.0142477
1657, 73.81599, 0.0135472
1658, 71.56557, 0.0139732
1659, 72.01757, 0.0138855
1660, 71.72778, 0.0139416
1661, 71.11212, 0.0140623
1662, 71.06361, 0.0140719
1663, 73.86888, 0.0135375
1664, 71.52309, 0.0139815
1665, 71.43469, 0.0139988
1666, 72.2392, 0.0138429
1667, 71.79678, 0.0139282
1668, 71.32566, 0.0140202
1669, 72.32018, 0.0138274
1670, 71.84888, 0.0139181
1671, 71.86593, 0.0139148
1672, 71.11819, 0.0140611
1673, 71.73293, 0.0139406
1674, 71.7494, 0.0139374
1675, 72.40815, 0.0138106
1676, 71.79318, 0.0139289
1677, 71.7633, 0.0139347
1678, 71.16171, 0.0140525
1679, 71.66148, 0.0139545
1680, 72.00772, 0.0138874
1681, 72.0674, 0.0138759
1682, 71.87006, 0.013914
1683, 67.90665, 0.0147261
1684, 65.4142, 0.0152872
1685, 72.35785, 0.0138202
1686, 85.34244, 0.0117175
1687, 72.49844, 0.0137934
1688, 71.4352, 0.0139987
1689, 71.48116, 0.0139897
1690, 71.73395, 0.0139404
1691, 70.96124, 0.0140922
1692, 72.27418, 0.0138362
1693, 72.08402, 0.0138727
1694, 71.9818, 0.0138924
1695, 71.9761, 0.0138935
1696, 72.23346, 0.013844
1697, 71.53281, 0.0139796
1698, 71.56454, 0.0139734
1699, 72.32593, 0.0138263
1700, 71.58708, 0.013969
1701, 71.3781, 0.0140099
1702, 72.31129, 0.0138291
1703, 71.62195, 0.0139622
1704, 70.77541, 0.0141292
1705, 71.21594, 0.0140418
1706, 73.97434, 0.0135182
1707, 71.91864, 0.0139046
1708, 71.39288, 0.014007
1709, 71.804, 0.0139268
1710, 71.64196, 0.0139583
1711, 70.91495, 0.0141014
1712, 72.7569, 0.0137444
1713, 71.75145, 0.013937
1714, 71.46686, 0.0139925
1715, 71.98958, 0.0138909
1716, 71.03736, 0.0140771
1717, 72.80299, 0.0137357
1718, 71.88556, 0.013911
1719, 71.71389, 0.0139443
1720, 72.17819, 0.0138546
1721, 70.81953, 0.0141204
1722, 72.59739, 0.0137746
1723, 71.99787, 0.0138893
1724, 71.49342, 0.0139873
1725, 71.88866, 0.0139104
1726, 71.91968, 0.0139044
1727, 71.00861, 0.0140828
1728, 67.90157, 0.0147272
1729, 77.98305, 0.0128233
1730, 71.49649, 0.0139867
1731, 71.57735, 0.0139709
1732, 71.73498, 0.0139402
1733, 71.63016, 0.0139606
1734, 71.83546, 0.0139207
1735, 71.52974, 0.0139802
1736, 72.48898, 0.0137952
1737, 71.81638, 0.0139244
1738, 71.38676, 0.0140082
1739, 71.33736, 0.0140179
1740, 72.67283, 0.0137603
1741, 71.77463, 0.0139325
1742, 71.46175, 0.0139935
1743, 71.97092, 0.0138945
1744, 71.5456, 0.0139771
1745, 71.85095, 0.0139177
1746, 71.6923, 0.0139485
1747, 71.82928, 0.0139219
1748, 72.12926, 0.013864
1749, 70.85415, 0.0141135
1750, 72.61742, 0.0137708
1751, 71.12173, 0.0140604
1752, 71.70772, 0.0139455
1753, 72.32436, 0.0138266
1754, 71.15969, 0.0140529
1755, 72.17142, 0.0138559
1756, 72.10013, 0.0138696
1757, 71.51439, 0.0139832
1758, 71.39899, 0.0140058
1759, 71.10302, 0.0140641
1760, 74.03349, 0.0135074
1761, 71.95539, 0.0138975
1762, 71.36129, 0.0140132
1763, 72.2272, 0.0138452
1764, 71.56813, 0.0139727
1765, 71.30786, 0.0140237
1766, 71.84476, 0.0139189
1767, 71.96212, 0.0138962
1768, 71.96937, 0.0138948
1769, 71.08432, 0.0140678
1770, 72.22302, 0.013846
1771, 71.80658, 0.0139263
1772, 72.6591, 0.0137629
1773, 71.24486, 0.0140361
1774, 71.89072, 0.01391
1775, 70.94262, 0.0140959
1776, 71.94348, 0.0138998
1777, 71.85405, 0.0139171
1778, 71.84166, 0.0139195
1779, 72.06636, 0.0138761
1780, 70.71386, 0.0141415
1781, 72.59581, 0.0137749
1782, 69.96138, 0.0142936
1783, 63.61404, 0.0157198
1784, 75.03677, 0.0133268
1785, 82.36282, 0.0121414
1786, 71.41684, 0.0140023
1787, 71.81226, 0.0139252
1788, 72.0965, 0.0138703
1789, 71.21594, 0.0140418
1790, 70.8682, 0.0141107
1791, 73.02522, 0.0136939
1792, 72.51526, 0.0137902
1793, 71.60964, 0.0139646
1794, 71.83443, 0.0139209
1795, 71.54099, 0.013978
1796, 72.27052, 0.0138369
1797, 71.41888, 0.0140019
1798, 72.11002, 0.0138677
1799, 71.67945, 0.013951
1800, 70.4032, 0.0142039
1801, 73.36273, 0.0136309
1802, 72.16465, 0.0138572
1803, 71.96833, 0.013895
1804, 70.85114, 0.0141141
1805, 72.49529, 0.013794
1806, 71.62605, 0.0139614
1807, 71.05856, 0.0140729
1808, 72.54893, 0.0137838
1809, 72.05286, 0.0138787
1810, 71.34296, 0.0140168
1811, 70.98441, 0.0140876
1812, 72.17767, 0.0138547
1813, 71.61324, 0.0139639
1814, 73.38911, 0.013626
1815, 71.83546, 0.0139207
1816, 71.13084, 0.0140586
1817, 72.45537, 0.0138016
1818, 71.87057, 0.0139139
1819, 71.11516, 0.0140617
1820, 72.05286, 0.0138787
1821, 72.0015, 0.0138886
1822, 72.05078, 0.0138791
1823, 71.65633, 0.0139555
1824, 70.90991, 0.0141024
1825, 72.43437, 0.0138056
1826, 71.79988, 0.0139276
1827, 72.46114, 0.0138005
1828, 71.26416, 0.0140323
1829, 72.27209, 0.0138366
1830, 71.54048, 0.0139781
1831, 71.45766, 0.0139943
1832, 72.02068, 0.0138849
1833, 70.20352, 0.0142443
1834, 73.52509, 0.0136008
1835, 71.4689, 0.0139921
1836, 72.2486, 0.0138411
1837, 72.0015, 0.0138886
1838, 52.88599, 0.0189086
1839, 70.66539, 0.0141512
1840, 119.8969, 0.0083405
1841, 70.30124, 0.0142245
1842, 72.86346, 0.0137243
1843, 71.25806, 0.0140335
1844, 70.7614, 0.014132
1845, 73.04388, 0.0136904
1846, 71.84734, 0.0139184
1847, 71.65069, 0.0139566
1848, 71.57121, 0.0139721
1849, 72.14799, 0.0138604
1850, 71.44745, 0.0139963
1851, 72.37408, 0.0138171
1852, 71.67585, 0.0139517
1853, 70.91243, 0.0141019
1854, 72.20998, 0.0138485
1855, 71.53997, 0.0139782
1856, 72.09961, 0.0138697
1857, 71.37402, 0.0140107
1858, 71.66199, 0.0139544
1859, 72.45694, 0.0138013
1860, 72.58633, 0.0137767
1861, 71.35874, 0.0140137
1862, 71.5958, 0.0139673
1863, 72.30553, 0.0138302
1864, 71.64966, 0.0139568
1865, 70.75339, 0.0141336
1866, 72.9017, 0.0137171
1867, 71.25603, 0.0140339
1868, 71.95798, 0.013897
1869, 72.45537, 0.0138016
1870, 71.3338, 0.0140186
1871, 71.76381, 0.0139346
1872, 71.68356, 0.0139502
1873, 72.23346, 0.013844
1874, 71.50672, 0.0139847
1875, 72.03988, 0.0138812
1876, 71.25958, 0.0140332
1877, 72.51736, 0.0137898
1878, 71.73705, 0.0139398
1879, 71.83495, 0.0139208
1880, 71.9202, 0.0139043
1881, 71.84476, 0.0139189
1882, 71.81329, 0.013925
1883, 71.4592, 0.013994
1884, 71.24791, 0.0140355
1885, 72.53841, 0.0137858
1886, 71.38472, 0.0140086
1887, 72.18184, 0.0138539
1888, 71.97921, 0.0138929
1889, 71.81999, 0.0139237
1890, 70.48409, 0.0141876
1891, 73.45218, 0.0136143
1892, 71.29362, 0.0140265
1893, 71.6512, 0.0139565
1894, 71.9083, 0.0139066
1895, 71.84734, 0.0139184
1896, 72.29142, 0.0138329
1897, 71.76381, 0.0139346
1898, 71.28448, 0.0140283
1899, 71.53025, 0.0139801
1900, 72.67072, 0.0137607
1901, 71.8334, 0.0139211
1902, 71.23065, 0.0140389
1903, 72.05909, 0.0138775
1904, 72.53893, 0.0137857
1905, 71.70927, 0.0139452
1906, 71.29972, 0.0140253
1907, 72.41182, 0.0138099
1908, 71.25146, 0.0140348
1909, 72.0295, 0.0138832
1910, 71.61477, 0.0139636
1911, 72.26321, 0.0138383
1912, 70.98643, 0.0140872
1913, 71.01214, 0.0140821
1914, 72.92031, 0.0137136
1915, 72.50423, 0.0137923
1916, 71.77617, 0.0139322
1917, 72.0212, 0.0138848
1918, 71.5584, 0.0139746
1919, 71.69538, 0.0139479
1920, 71.78082, 0.0139313
1921, 71.8004, 0.0139275
1922, 71.40919, 0.0140038
1923, 71.41735, 0.0140022
1924, 72.51263, 0.0137907
1925, 71.71852, 0.0139434
1926, 71.53383, 0.0139794
1927, 72.51369, 0.0137905
1928, 71.70515, 0.013946
1929, 70.35961, 0.0142127
1930, 72.65488, 0.0137637
1931, 72.82473, 0.0137316
1932, 71.59273, 0.0139679
1933, 71.82412, 0.0139229
1934, 71.72058, 0.013943
1935, 72.26008, 0.0138389
1936, 71.30277, 0.0140247
1937, 71.51899, 0.0139823
1938, 72.24181, 0.0138424
1939, 71.77514, 0.0139324
1940, 71.20732, 0.0140435
1941, 72.66333, 0.0137621
1942, 71.42041, 0.0140016
1943, 72.50896, 0.0137914
1944, 70.95721, 0.014093
1945, 72.17819, 0.0138546
1946, 70.27505, 0.0142298
1947, 73.59597, 0.0135877
1948, 71.67791, 0.0139513
1949, 71.68922, 0.0139491
1950, 71.89435, 0.0139093
1951, 72.05389, 0.0138785
1952, 71.28752, 0.0140277
1953, 72.53368, 0.0137867
1954, 71.30786, 0.0140237
1955, 72.30762, 0.0138298
1956, 71.8334, 0.0139211
1957, 71.71749, 0.0139436
1958, 70.98895, 0.0140867
1959, 72.98684, 0.0137011
1960, 71.52462, 0.0139812
1961, 71.88763, 0.0139106
1962, 71.73602, 0.01394
1963, 70.64442, 0.0141554
1964, 71.98595, 0.0138916
1965, 73.16413, 0.0136679
1966, 71.44235, 0.0139973
1967, 70.66389, 0.0141515
1968, 73.80509, 0.0135492
1969, 70.94865, 0.0140947
1970, 71.48219, 0.0139895
1971, 72.64169, 0.0137662
1972, 71.85921, 0.0139161
1973, 71.78391, 0.0139307
1974, 71.35976, 0.0140135
1975, 71.66917, 0.013953
1976, 69.03551, 0.0144853
1977, 74.43689, 0.0134342
1978, 69.57684, 0.0143726
1979, 75.96995, 0.0131631
1980, 70.96326, 0.0140918
1981, 72.25069, 0.0138407
1982, 70.50346, 0.0141837
1983, 72.42441, 0.0138075
1984, 72.36099, 0.0138196
1985, 72.62744, 0.0137689
1986, 69.44203, 0.0144005
1987, 74.13833, 0.0134883
1988, 70.71336, 0.0141416
1989, 73.27886, 0.0136465
1990, 71.1106, 0.0140626
1991, 71.42296, 0.0140011
1992, 72.02691, 0.0138837
1993, 71.70052, 0.0139469
1994, 71.92589, 0.0139032
1995, 72.38876, 0.0138143
1996, 71.30125, 0.014025
1997, 72.0648, 0.0138764
1998, 71.60452, 0.0139656
1999, 72.06376, 0.0138766
2000, 71.15159, 0.0140545
2001, 72.70665, 0.0137539
2002, 70.86921, 0.0141105
2003, 72.14851, 0.0138603
2004, 71.57274, 0.0139718
2005, 71.32464, 0.0140204
2006, 72.73151, 0.0137492
2007, 71.44389, 0.013997
2008, 72.59476, 0.0137751
2009, 71.71132, 0.0139448
2010, 71.38778, 0.014008
2011, 71.87574, 0.0139129
2012, 71.83134, 0.0139215
2013, 71.9818, 0.0138924
2014, 71.75352, 0.0139366
2015, 72.28724, 0.0138337
2016, 71.47963, 0.01399
2017, 71.65942, 0.0139549
2018, 71.53281, 0.0139796
2019, 72.49634, 0.0137938
2020, 71.83289, 0.0139212
2021, 71.8525, 0.0139174
2022, 71.07573, 0.0140695
2023, 72.83533, 0.0137296
2024, 71.20073, 0.0140448
2025, 72.2345, 0.0138438
2026, 71.46532, 0.0139928
2027, 71.95332, 0.0138979
2028, 71.81071, 0.0139255
2029, 71.5497, 0.0139763
2030, 71.24943, 0.0140352
2031, 72.95383, 0.0137073
2032, 71.5062, 0.0139848
2033, 72.12197, 0.0138654
2034, 71.74064, 0.0139391
2035, 71.67688, 0.0139515
2036, 71.97921, 0.0138929
2037, 71.2408, 0.0140369
2038, 71.7216, 0.0139428
2039, 71.8716, 0.0139137
2040, 72.15267, 0.0138595
2041, 71.86283, 0.0139154
2042, 71.88453, 0.0139112
2043, 71.09797, 0.0140651
2044, 72.65382, 0.0137639
2045, 71.97351, 0.013894
2046, 71.4827, 0.0139894
2047, 71.97714, 0.0138933
2048, 71.56966, 0.0139724
2049, 72.00305, 0.0138883
2050, 71.97921, 0.0138929
2051, 71.29769, 0.0140257
2052, 72.34686, 0.0138223
2053, 71.10504, 0.0140637
2054, 72.60319, 0.0137735
2055, 72.16465, 0.0138572
2056, 71.36179, 0.0140131
2057, 71.27177, 0.0140308
2058, 72.24911, 0.013841
2059, 71.98802, 0.0138912
2060, 70.71486, 0.0141413
2061, 72.89905, 0.0137176
2062, 71.84888, 0.0139181
2063, 71.82876, 0.013922
2064, 71.03282, 0.014078
2065, 72.72939, 0.0137496
2066, 71.8587, 0.0139162
2067, 71.84785, 0.0139183
2068, 71.47758, 0.0139904
2069, 71.85664, 0.0139166
2070, 71.77, 0.0139334
2071, 72.3139, 0.0138286
2072, 71.55686, 0.0139749
2073, 72.12509, 0.0138648
2074, 71.63221, 0.0139602
2075, 71.89745, 0.0139087
2076, 71.84476, 0.0139189
2077, 71.50774, 0.0139845
2078, 72.02276, 0.0138845
2079, 71.02525, 0.0140795
2080, 72.88311, 0.0137206
2081, 71.5794, 0.0139705
2082, 71.74579, 0.0139381
2083, 70.25136, 0.0142346
2084, 73.5478, 0.0135966
2085, 72.30815, 0.0138297
2086, 71.59837, 0.0139668
2087, 71.78236, 0.013931
2088, 71.86851, 0.0139143
2089, 71.62246, 0.0139621
2090, 71.17387, 0.0140501
2091, 72.17611, 0.013855
2092, 71.94452, 0.0138996
2093, 71.87678, 0.0139127
2094, 71.49956, 0.0139861
2095, 71.7144, 0.0139442
2096, 73.14594, 0.0136713
2097, 71.35416, 0.0140146
2098, 72.0648, 0.0138764
2099, 71.97662, 0.0138934
2100, 71.72366, 0.0139424
2101, 71.52974, 0.0139802
2102, 72.03728, 0.0138817
2103, 71.5999, 0.0139665
2104, 72.28358, 0.0138344
2105, 71.17235, 0.0140504
2106, 72.04715, 0.0138798
2107, 72.26478, 0.013838
2108, 71.68253, 0.0139504
2109, 71.91244, 0.0139058
2110, 71.72881, 0.0139414
2111, 71.64452, 0.0139578
2112, 71.81947, 0.0139238
2113, 72.2298, 0.0138447
2114, 71.76639, 0.0139341
2115, 70.75188, 0.0141339
2116, 72.37408, 0.0138171
2117, 71.5497, 0.0139763
2118, 72.69555, 0.013756
2119, 71.61785, 0.013963
2120, 71.75403, 0.0139365
2121, 70.9955, 0.0140854
2122, 72.74261, 0.0137471
2123, 71.48985, 0.013988
2124, 72.38404, 0.0138152
2125, 72.02431, 0.0138842
2126, 71.60144, 0.0139662
2127, 70.99147, 0.0140862
2128, 73.12668, 0.0136749
2129, 71.98854, 0.0138911
2130, 71.52411, 0.0139813
2131, 71.50519, 0.013985
2132, 71.68973, 0.013949
2133, 70.72786, 0.0141387
2134, 72.42546, 0.0138073
2135, 72.36466, 0.0138189
2136, 71.82515, 0.0139227
2137, 72.17559, 0.0138551
2138, 71.45715, 0.0139944
2139, 70.57412, 0.0141695
2140, 73.98529, 0.0135162
2141, 71.25806, 0.0140335
2142, 72.01031, 0.0138869
2143, 71.42755, 0.0140002
2144, 35.78829, 0.0279421
2145, 72.26008, 0.0138389
2146, 72.19226, 0.0138519
2147, 71.46839, 0.0139922
2148, 71.84114, 0.0139196
2149, 71.85302, 0.0139173
2150, 72.08922, 0.0138717
2151, 72.23399, 0.0138439
2152, 71.44643, 0.0139965
2153, 71.64196, 0.0139583
2154, 71.70567, 0.0139459
2155, 71.94659, 0.0138992
2156, 71.74837, 0.0139376
2157, 71.38421, 0.0140087
2158, 70.7674, 0.0141308
2159, 73.40904, 0.0136223
2160, 71.78493, 0.0139305
2161, 72.17611, 0.013855
2162, 71.02071, 0.0140804
2163, 72.40081, 0.013812
2164, 72.3411, 0.0138234
2165, 71.5999, 0.0139665
2166, 71.28448, 0.0140283
2167, 72.31808, 0.0138278
2168, 70.87524, 0.0141093
2169, 72.08506, 0.0138725
2170, 69.84655, 0.0143171
2171, 73.92896, 0.0135265
2172, 72.46902, 0.013799
2173, 72.26948, 0.0138371
2174, 71.61118, 0.0139643
2175, 71.86541, 0.0139149
2176, 71.79008, 0.0139295
2177, 71.46532, 0.0139928
2178, 72.24807, 0.0138412
2179, 71.84166, 0.0139195
2180, 71.61477, 0.0139636
2181, 71.28651, 0.0140279
2182, 71.84114, 0.0139196
2183, 72.35523, 0.0138207
2184, 71.82876, 0.013922
2185, 71.49189, 0.0139876
2186, 71.9321, 0.013902
2187, 72.12197, 0.0138654
2188, 71.29108, 0.014027
2189, 62.69199, 0.015951
2190, 85.73903, 0.0116633
2191, 71.8236, 0.013923
2192, 71.2058, 0.0140438
2193, 71.78648, 0.0139302
2194, 72.17611, 0.013855
2195, 71.48065, 0.0139898
2196, 71.32362, 0.0140206
2197, 72.06584, 0.0138762
2198, 71.64042, 0.0139586
2199, 68.32188, 0.0146366
2200, 63.75884, 0.0156841
2201, 74.64581, 0.0133966
2202, 83.38406, 0.0119927
2203, 71.6815, 0.0139506
2204, 71.16526, 0.0140518
2205, 71.12628, 0.0140595
2206, 73.14915, 0.0136707
2207, 71.36282, 0.0140129
2208, 73.15771, 0.0136691
2209, 71.76072, 0.0139352
2210, 71.79008, 0.0139295
2211, 71.49802, 0.0139864
2212, 71.87729, 0.0139126
2213, 69.89879, 0.0143064
2214, 74.39757, 0.0134413
2215, 71.59785, 0.0139669
2216, 71.60657, 0.0139652
2217, 72.3207, 0.0138273
2218, 71.57121, 0.0139721
2219, 71.82773, 0.0139222
2220, 72.12249, 0.0138653
2221, 71.06361, 0.0140719
2222, 72.51894, 0.0137895
2223, 71.49598, 0.0139868
2224, 72.09026, 0.0138715
2225, 71.02626, 0.0140793
2226, 71.57632, 0.0139711
2227, 73.124, 0.0136754
2228, 71.56454, 0.0139734
2229, 71.69589, 0.0139478
2230, 70.36803, 0.014211
2231, 73.04228, 0.0136907
2232, 72.08298, 0.0138729
2233, 71.78699, 0.0139301
2234, 71.91606, 0.0139051
2235, 70.72385, 0.0141395
2236, 71.99372, 0.0138901
2237, 72.10585, 0.0138685
2238, 72.60161, 0.0137738
2239, 71.99787, 0.0138893
2240, 71.81741, 0.0139242
2241, 70.54325, 0.0141757
2242, 73.03055, 0.0136929
2243, 71.81277, 0.0139251
2244, 71.66866, 0.0139531
2245, 71.88453, 0.0139112
2246, 72.06376, 0.0138766
2247, 71.64812, 0.0139571
2248, 71.18299, 0.0140483
2249, 72.07727, 0.013874
2250, 71.84373, 0.0139191
2251, 72.08247, 0.013873
2252, 71.22659, 0.0140397
2253, 58.84361, 0.0169942
2254, 88.39466, 0.0113129
2255, 74.98894, 0.0133353
2256, 69.7214, 0.0143428
2257, 71.40868, 0.0140039
2258, 71.07977, 0.0140687
2259, 69.79974, 0.0143267
2260, 70.78493, 0.0141273
2261, 73.35088, 0.0136331
2262, 72.94851, 0.0137083
2263, 70.85967, 0.0141124
2264, 71.46022, 0.0139938
2265, 72.57948, 0.013778
2266, 73.49158, 0.013607
2267, 70.18627, 0.0142478
2268, 73.20537, 0.0136602
2269, 71.22609, 0.0140398
2270, 73.18822, 0.0136634
2271, 70.05058, 0.0142754
2272, 73.25471, 0.013651
2273, 71.68973, 0.013949
2274, 69.27079, 0.0144361
2275, 71.29414, 0.0140264
2276, 70.02703, 0.0142802
2277, 76.00285, 0.0131574
2278, 72.89373, 0.0137186
2279, 53.22348, 0.0187887
2280, 87.01479, 0.0114923
2281, 87.87423, 0.0113799
2282, 73.25524, 0.0136509
2283, 73.06683, 0.0136861
2284, 70.39081, 0.0142064
2285, 66.92186, 0.0149428
2286, 77.22723, 0.0129488
2287, 70.25037, 0.0142348
2288, 70.04959, 0.0142756
2289, 70.57014, 0.0141703
2290, 74.99906, 0.0133335
2291, 74.13722, 0.0134885
2292, 73.08179, 0.0136833
2293, 71.36842, 0.0140118
2294, 72.37775, 0.0138164
2295, 71.41684, 0.0140023
2296, 71.81638, 0.0139244
2297, 68.53822, 0.0145904
2298, 74.66085, 0.0133939
2299, 69.35053, 0.0144195
2300, 74.92489, 0.0133467
2301, 71.29972, 0.0140253
2302, 71.97247, 0.0138942
2303, 73.08232, 0.0136832
2304, 71.70772, 0.0139455
2305, 71.49802, 0.0139864
2306, 69.05648, 0.0144809
2307, 71.20884, 0.0140432
2308, 71.01466, 0.0140816
2309, 72.46009, 0.0138007
2310, 72.71564, 0.0137522
2311, 67.96156, 0.0147142
2312, 74.0302, 0.013508
2313, 66.66267, 0.0150009
2314, 78.09815, 0.0128044
2315, 73.38049, 0.0136276
2316, 72.3589, 0.01382
2317, 70.81501, 0.0141213
2318, 74.75182, 0.0133776
2319, 72.95755, 0.0137066
2320, 71.55072, 0.0139761
2321, 71.9409, 0.0139003
2322, 71.15564, 0.0140537
2323, 72.24911, 0.013841
2324, 72.13706, 0.0138625
2325, 71.76433, 0.0139345
2326, 71.7391, 0.0139394
2327, 71.7906, 0.0139294
2328, 68.69405, 0.0145573
2329, 72.39085, 0.0138139
2330, 74.59124, 0.0134064
2331, 68.38682, 0.0146227
2332, 45.00309, 0.0222207
2333, 145.5858, 0.0068688
2334, 83.64841, 0.0119548
2335, 72.78921, 0.0137383
2336, 70.63544, 0.0141572
2337, 71.93831, 0.0139008
2338, 22.45828, 0.044527
