Frame, FPS, Frame Time
1, 50, 0.02
2, 50, 0.02
3, 3, 0.3333333
4, 5.171331, 0.1933738
5, 47.11026, 0.0212268
6, 71.38931, 0.0140077
7, 72.86505, 0.013724
8, 68.98407, 0.0144961
9, 75.33808, 0.0132735
10, 72.45799, 0.0138011
11, 71.59785, 0.0139669
12, 71.57377, 0.0139716
13, 72.84541, 0.0137277
14, 71.98491, 0.0138918
15, 71.05099, 0.0140744
16, 71.08887, 0.0140669
17, 72.5463, 0.0137843
18, 72.98151, 0.0137021
19, 71.47963, 0.01399
20, 72.37042, 0.0138178
21, 71.09544, 0.0140656
22, 70.66589, 0.0141511
23, 73.4565, 0.0136135
24, 71.95176, 0.0138982
25, 72.26008, 0.0138389
26, 23.39324, 0.0427474
27, 76.57613, 0.0130589
28, 71.63273, 0.0139601
29, 71.04897, 0.0140748
30, 71.61169, 0.0139642
31, 71.92537, 0.0139033
32, 73.00336, 0.013698
33, 71.80142, 0.0139273
34, 71.99372, 0.0138901
35, 71.42603, 0.0140005
36, 71.58043, 0.0139703
37, 72.15424, 0.0138592
38, 71.38013, 0.0140095
39, 72.21989, 0.0138466
40, 72.20164, 0.0138501
41, 71.6923, 0.0139485
42, 35.62611, 0.0280693
43, 73.08766, 0.0136822
44, 70.57063, 0.0141702
45, 72.75743, 0.0137443
46, 71.75506, 0.0139363
47, 70.95621, 0.0140932
48, 72.86293, 0.0137244
49, 71.84476, 0.0139189
50, 69.9839, 0.014289
51, 72.72305, 0.0137508
52, 49.59186, 0.0201646
53, 72.12457, 0.0138649
54, 14.35386, 0.0696677
55, 92.92816, 0.010761
56, 23.24592, 0.0430183
57, 73.46297, 0.0136123
58, 69.24584, 0.0144413
59, 70.30025, 0.0142247
60, 68.77958, 0.0145392
61, 69.36352, 0.0144168
62, 69.1649, 0.0144582
63, 69.98489, 0.0142888
64, 72.58949, 0.0137761
65, 70.47415, 0.0141896
66, 70.14639, 0.0142559
67, 69.61268, 0.0143652
68, 74.10207, 0.0134949
69, 70.6539, 0.0141535
70, 72.3432, 0.013823
71, 70.52734, 0.0141789
72, 70.81401, 0.0141215
73, 70.0815, 0.0142691
74, 72.50002, 0.0137931
75, 73.2692, 0.0136483
76, 70.69386, 0.0141455
77, 72.33901, 0.0138238
78, 70.43246, 0.014198
79, 71.69076, 0.0139488
80, 35.94265, 0.0278221
81, 71.75042, 0.0139372
82, 72.55946, 0.0137818
83, 71.26009, 0.0140331
84, 71.28956, 0.0140273
85, 70.46174, 0.0141921
86, 73.12935, 0.0136744
87, 52.36617, 0.0190963
88, 95.51007, 0.0104701
89, 72.53472, 0.0137865
90, 73.48997, 0.0136073
91, 71.87678, 0.0139127
92, 72.59739, 0.0137746
93, 72.25381, 0.0138401
94, 73.22735, 0.0136561
95, 71.27533, 0.0140301
96, 73.52617, 0.0136006
97, 71.9673, 0.0138952
98, 69.51154, 0.0143861
99, 69.87974, 0.0143103
100, 75.23435, 0.0132918
101, 72.61954, 0.0137704
102, 72.70242, 0.0137547
103, 72.58527, 0.0137769
104, 70.3502, 0.0142146
105, 71.61631, 0.0139633
106, 71.48525, 0.0139889
107, 72.2653, 0.0138379
108, 70.98743, 0.014087
109, 22.9029, 0.0436626
110, 70.90791, 0.0141028
111, 92.10477, 0.0108572
112, 71.26669, 0.0140318
113, 71.04645, 0.0140753
114, 71.36994, 0.0140115
115, 70.64342, 0.0141556
116, 72.84435, 0.0137279
117, 70.53629, 0.0141771
118, 73.17484, 0.0136659
119, 72.28881, 0.0138334
120, 71.79782, 0.013928
121, 70.32942, 0.0142188
122, 73.28584, 0.0136452
123, 71.04947, 0.0140747
124, 72.1881, 0.0138527
125, 35.63157, 0.028065
126, 71.86128, 0.0139157
127, 68.97741, 0.0144975
128, 75.94687, 0.0131671
129, 71.68716, 0.0139495
130, 71.74271, 0.0139387
131, 70.84311, 0.0141157
132, 72.22563, 0.0138455
133, 70.83056, 0.0141182
134, 72.28568, 0.013834
135, 72.22355, 0.0138459
136, 70.91092, 0.0141022
137, 70.04861, 0.0142758
138, 71.60913, 0.0139647
139, 74.84917, 0.0133602
140, 71.86179, 0.0139156
141, 72.00772, 0.0138874
142, 71.14045, 0.0140567
143, 71.89693, 0.0139088
144, 70.86218, 0.0141119
145, 5.1234, 0.1951829
146, 72.27157, 0.0138367
147, 73.42575, 0.0136192
148, 71.27329, 0.0140305
149, 72.62744, 0.0137689
150, 72.14435, 0.0138611
151, 71.53741, 0.0139787
152, 71.76124, 0.0139351
153, 70.92149, 0.0141001
154, 72.53472, 0.0137865
155, 72.04507, 0.0138802
156, 70.78393, 0.0141275
157, 71.34194, 0.014017
158, 73.18716, 0.0136636
159, 71.79472, 0.0139286
160, 71.52564, 0.013981
161, 71.75506, 0.0139363
162, 71.286, 0.014028
163, 72.58369, 0.0137772
164, 71.5794, 0.0139705
165, 71.73807, 0.0139396
166, 71.92537, 0.0139033
167, 70.32745, 0.0142192
168, 71.21594, 0.0140418
169, 73.29282, 0.0136439
170, 72.02016, 0.013885
171, 71.89382, 0.0139094
172, 71.24435, 0.0140362
173, 72.11157, 0.0138674
174, 71.47095, 0.0139917
175, 71.94607, 0.0138993
176, 71.74991, 0.0139373
177, 71.5195, 0.0139822
178, 71.21746, 0.0140415
179, 72.58158, 0.0137776
180, 71.24791, 0.0140355
181, 72.81889, 0.0137327
182, 71.77412, 0.0139326
183, 71.77, 0.0139334
184, 71.84837, 0.0139182
185, 71.30684, 0.0140239
186, 71.23268, 0.0140385
187, 72.7241, 0.0137506
188, 71.97559, 0.0138936
189, 69.65001, 0.0143575
190, 73.56565, 0.0135933
191, 72.38509, 0.013815
192, 70.92903, 0.0140986
193, 72.2298, 0.0138447
194, 72.31913, 0.0138276
195, 35.0313, 0.0285459
196, 72.9682, 0.0137046
197, 71.84476, 0.0139189
198, 71.85508, 0.0139169
199, 66.145, 0.0151183
200, 80.64646, 0.0123998
201, 72.65699, 0.0137633
202, 71.61375, 0.0139638
203, 69.98244, 0.0142893
204, 72.35419, 0.0138209
205, 72.09129, 0.0138713
206, 73.33421, 0.0136362
207, 70.97736, 0.014089
208, 71.6081, 0.0139649
209, 71.83186, 0.0139214
210, 70.39478, 0.0142056
211, 74.24842, 0.0134683
212, 71.08382, 0.0140679
213, 72.1584, 0.0138584
214, 71.50979, 0.0139841
215, 71.58504, 0.0139694
216, 71.87781, 0.0139125
217, 71.82566, 0.0139226
218, 71.96316, 0.013896
219, 71.01365, 0.0140818
220, 70.30074, 0.0142246
221, 73.6898, 0.0135704
222, 72.37095, 0.0138177
223, 70.53778, 0.0141768
224, 72.80405, 0.0137355
225, 71.60041, 0.0139664
226, 71.83701, 0.0139204
227, 71.27583, 0.01403
228, 71.96368, 0.0138959
229, 72.0238, 0.0138843
230, 70.70536, 0.0141432
231, 73.14112, 0.0136722
232, 71.1273, 0.0140593
233, 71.75506, 0.0139363
234, 71.29617, 0.014026
235, 72.89373, 0.0137186
236, 71.38829, 0.0140079
237, 71.42398, 0.0140009
238, 71.36587, 0.0140123
239, 71.94141, 0.0139002
240, 69.97803, 0.0142902
241, 73.38157, 0.0136274
242, 72.1459, 0.0138608
243, 70.3923, 0.0142061
244, 73.89618, 0.0135325
245, 71.75918, 0.0139355
246, 71.59477, 0.0139675
247, 72.11625, 0.0138665
248, 71.54509, 0.0139772
249, 71.57018, 0.0139723
250, 71.90262, 0.0139077
251, 71.35772, 0.0140139
252, 71.88969, 0.0139102
253, 72.51894, 0.0137895
254, 71.38574, 0.0140084
255, 71.69743, 0.0139475
256, 71.26517, 0.0140321
257, 72.40134, 0.0138119
258, 71.78802, 0.0139299
259, 71.72212, 0.0139427
260, 70.48756, 0.0141869
261, 72.44959, 0.0138027
262, 72.53789, 0.0137859
263, 72.27784, 0.0138355
264, 71.42142, 0.0140014
265, 71.57274, 0.0139718
266, 71.78184, 0.0139311
267, 72.18653, 0.013853
268, 71.5369, 0.0139788
269, 71.72469, 0.0139422
270, 71.31142, 0.014023
271, 72.31495, 0.0138284
272, 70.90589, 0.0141032
273, 72.71987, 0.0137514
274, 71.87212, 0.0139136
275, 71.78957, 0.0139296
276, 71.38778, 0.014008
277, 71.39594, 0.0140064
278, 72.4769, 0.0137975
279, 70.9829, 0.0140879
280, 72.49055, 0.0137949
281, 71.94607, 0.0138993
282, 71.52769, 0.0139806
283, 71.34958, 0.0140155
284, 72.73151, 0.0137492
285, 71.70721, 0.0139456
286, 71.44592, 0.0139966
287, 72.11417, 0.0138669
288, 71.74682, 0.0139379
289, 71.79318, 0.0139289
290, 71.72726, 0.0139417
291, 72.01238, 0.0138865
292, 71.67791, 0.0139513
293, 71.97766, 0.0138932
294, 70.87373, 0.0141096
295, 72.6169, 0.0137709
296, 71.89848, 0.0139085
297, 71.55994, 0.0139743
298, 71.41021, 0.0140036
299, 72.18132, 0.013854
300, 70.91193, 0.014102
301, 72.72357, 0.0137507
302, 71.81947, 0.0139238
303, 72.05701, 0.0138779
304, 71.18096, 0.0140487
305, 72.33169, 0.0138252
306, 70.49004, 0.0141864
307, 73.02841, 0.0136933
308, 71.29311, 0.0140266
309, 71.0424, 0.0140761
310, 72.85974, 0.013725
311, 71.08887, 0.0140669
312, 71.23928, 0.0140372
313, 73.13577, 0.0136732
314, 71.41888, 0.0140019
315, 71.85767, 0.0139164
316, 71.82205, 0.0139233
317, 71.75197, 0.0139369
318, 70.77492, 0.0141293
319, 73.4209, 0.0136201
320, 70.6559, 0.0141531
321, 71.69898, 0.0139472
322, 72.85656, 0.0137256
323, 71.83289, 0.0139212
324, 70.25827, 0.0142332
325, 73.37833, 0.013628
326, 70.35763, 0.0142131
327, 72.93255, 0.0137113
328, 72.27992, 0.0138351
329, 71.55891, 0.0139745
330, 70.96779, 0.0140909
331, 72.31077, 0.0138292
332, 72.24181, 0.0138424
333, 70.498, 0.0141848
334, 72.69978, 0.0137552
335, 71.84012, 0.0139198
336, 71.26974, 0.0140312
337, 71.56608, 0.0139731
338, 72.05441, 0.0138784
339, 71.44184, 0.0139974
340, 72.39085, 0.0138139
341, 71.47298, 0.0139913
342, 69.94768, 0.0142964
343, 74.99063, 0.013335
344, 71.34245, 0.0140169
345, 71.27736, 0.0140297
346, 71.804, 0.0139268
347, 71.91864, 0.0139046
348, 72.05805, 0.0138777
349, 72.33901, 0.0138238
350, 72.15736, 0.0138586
351, 70.8426, 0.0141158
352, 72.15215, 0.0138596
353, 71.68099, 0.0139507
354, 71.57069, 0.0139722
355, 72.41339, 0.0138096
356, 71.69743, 0.0139475
357, 71.06361, 0.0140719
358, 71.19718, 0.0140455
359, 73.75393, 0.0135586
360, 70.85063, 0.0141142
361, 72.8067, 0.013735
362, 71.21087, 0.0140428
363, 72.46587, 0.0137996
364, 70.81, 0.0141223
365, 72.73257, 0.013749
366, 71.39848, 0.0140059
367, 71.87522, 0.013913
368, 71.0626, 0.0140721
369, 72.28358, 0.0138344
370, 71.6317, 0.0139603
371, 72.31285, 0.0138288
372, 71.74013, 0.0139392
373, 72.04663, 0.0138799
374, 70.89584, 0.0141052
375, 72.23659, 0.0138434
376, 71.60452, 0.0139656
377, 71.92434, 0.0139035
378, 71.86541, 0.0139149
379, 71.67482, 0.0139519
380, 72.36256, 0.0138193
381, 71.79988, 0.0139276
382, 71.85508, 0.0139169
383, 71.39797, 0.014006
384, 58.73198, 0.0170265
385, 91.87376, 0.0108845
386, 72.43909, 0.0138047
387, 71.868, 0.0139144
388, 71.09948, 0.0140648
389, 72.94585, 0.0137088
390, 71.62914, 0.0139608
391, 71.44949, 0.0139959
392, 71.12477, 0.0140598
393, 72.40186, 0.0138118
394, 71.42245, 0.0140012
395, 72.14071, 0.0138618
396, 71.69281, 0.0139484
397, 69.99664, 0.0142864
398, 72.59844, 0.0137744
399, 74.39757, 0.0134413
400, 71.34499, 0.0140164
401, 71.96626, 0.0138954
402, 71.29921, 0.0140254
403, 70.81651, 0.014121
404, 72.83427, 0.0137298
405, 71.77154, 0.0139331
406, 72.19382, 0.0138516
407, 71.26365, 0.0140324
408, 70.23458, 0.014238
409, 72.80563, 0.0137352
410, 72.30397, 0.0138305
411, 72.87248, 0.0137226
412, 71.46635, 0.0139926
413, 71.87367, 0.0139133
414, 71.89072, 0.01391
415, 70.75639, 0.014133
416, 72.92191, 0.0137133
417, 71.90313, 0.0139076
418, 71.44847, 0.0139961
419, 71.17793, 0.0140493
420, 72.29978, 0.0138313
421, 72.00357, 0.0138882
422, 72.02535, 0.013884
423, 71.32006, 0.0140213
424, 71.82876, 0.013922
425, 71.72263, 0.0139426
426, 71.75969, 0.0139354
427, 70.52734, 0.0141789
428, 73.60085, 0.0135868
429, 71.01869, 0.0140808
430, 72.0674, 0.0138759
431, 72.53368, 0.0137867
432, 70.4985, 0.0141847
433, 72.79769, 0.0137367
434, 72.26425, 0.0138381
435, 71.77772, 0.0139319
436, 71.84579, 0.0139187
437, 71.85043, 0.0139178
438, 71.5062, 0.0139848
439, 70.87424, 0.0141095
440, 72.94585, 0.0137088
441, 71.05502, 0.0140736
442, 72.87939, 0.0137213
443, 71.624, 0.0139618
444, 71.67842, 0.0139512
445, 71.59068, 0.0139683
446, 71.71183, 0.0139447
447, 71.91554, 0.0139052
448, 71.37096, 0.0140113
449, 72.7712, 0.0137417
450, 71.43877, 0.013998
451, 71.68768, 0.0139494
452, 71.94193, 0.0139001
453, 71.52666, 0.0139808
454, 71.66455, 0.0139539
455, 72.46429, 0.0137999
456, 71.6199, 0.0139626
457, 71.51746, 0.0139826
458, 71.88608, 0.0139109
459, 72.57052, 0.0137797
460, 71.51899, 0.0139823
461, 71.8334, 0.0139211
462, 72.04974, 0.0138793
463, 70.31854, 0.014221
464, 72.33221, 0.0138251
465, 71.51746, 0.0139826
466, 72.05182, 0.0138789
467, 72.3788, 0.0138162
468, 71.07421, 0.0140698
469, 71.76124, 0.0139351
470, 72.52946, 0.0137875
471, 72.15372, 0.0138593
472, 71.21949, 0.0140411
473, 72.161, 0.0138579
474, 70.02262, 0.0142811
475, 73.24988, 0.0136519
476, 72.9166, 0.0137143
477, 71.23827, 0.0140374
478, 71.28194, 0.0140288
479, 72.61373, 0.0137715
480, 72.72569, 0.0137503
481, 71.41684, 0.0140023
482, 72.2152, 0.0138475
483, 70.84863, 0.0141146
484, 72.42966, 0.0138065
485, 71.71029, 0.013945
486, 72.07103, 0.0138752
487, 69.58652, 0.0143706
488, 73.88799, 0.013534
489, 71.74991, 0.0139373
490, 71.95229, 0.0138981
491, 71.9616, 0.0138963
492, 71.53895, 0.0139784
493, 71.98335, 0.0138921
494, 71.47401, 0.0139911
495, 71.93003, 0.0139024
496, 71.39797, 0.014006
497, 71.99165, 0.0138905
498, 71.00861, 0.0140828
499, 73.42953, 0.0136185
500, 71.55123, 0.013976
501, 72.35052, 0.0138216
502, 71.53946, 0.0139783
503, 71.63529, 0.0139596
504, 71.93986, 0.0139005
505, 71.93623, 0.0139012
506, 71.20123, 0.0140447
507, 72.20321, 0.0138498
508, 71.63991, 0.0139587
509, 72.12717, 0.0138644
510, 71.21848, 0.0140413
511, 72.01187, 0.0138866
512, 72.6248, 0.0137694
513, 71.73138, 0.0139409
514, 72.14487, 0.013861
515, 71.62605, 0.0139614
516, 71.03584, 0.0140774
517, 71.9021, 0.0139078
518, 72.0155, 0.0138859
519, 71.8649, 0.013915
520, 72.26321, 0.0138383
521, 70.99651, 0.0140852
522, 71.78236, 0.013931
523, 72.43018, 0.0138064
524, 71.87678, 0.0139127
525, 70.84361, 0.0141156
526, 71.94659, 0.0138992
527, 72.68551, 0.0137579
528, 70.85967, 0.0141124
529, 70.9824, 0.014088
530, 73.4085, 0.0136224
531, 72.4874, 0.0137955
532, 69.86607, 0.0143131
533, 73.69414, 0.0135696
534, 71.63786, 0.0139591
535, 72.07727, 0.013874
536, 71.1683, 0.0140512
537, 72.13081, 0.0138637
538, 71.95642, 0.0138973
539, 71.52718, 0.0139807
540, 71.61579, 0.0139634
541, 72.36885, 0.0138181
542, 71.26517, 0.0140321
543, 71.32057, 0.0140212
544, 72.60424, 0.0137733
545, 72.17611, 0.013855
546, 71.38523, 0.0140085
547, 71.20022, 0.0140449
548, 72.26843, 0.0138373
549, 72.15788, 0.0138585
550, 71.88504, 0.0139111
551, 71.7319, 0.0139408
552, 71.46635, 0.0139926
553, 72.23346, 0.013844
554, 70.85516, 0.0141133
555, 72.63061, 0.0137683
556, 71.90934, 0.0139064
557, 72.13758, 0.0138624
558, 71.58862, 0.0139687
559, 71.77412, 0.0139326
560, 71.74425, 0.0139384
561, 72.09857, 0.0138699
562, 70.58607, 0.0141671
563, 73.10636, 0.0136787
564, 71.30023, 0.0140252
565, 72.5058, 0.013792
566, 71.13995, 0.0140568
567, 72.66492, 0.0137618
568, 71.35416, 0.0140146
569, 72.20737, 0.013849
570, 71.56454, 0.0139734
571, 72.30083, 0.0138311
572, 71.48422, 0.0139891
573, 71.7252, 0.0139421
574, 71.57274, 0.0139718
575, 72.85603, 0.0137257
576, 70.90438, 0.0141035
577, 72.61636, 0.013771
578, 70.72336, 0.0141396
579, 73.05029, 0.0136892
580, 71.22964, 0.0140391
581, 72.33482, 0.0138246
582, 72.13498, 0.0138629
583, 70.68087, 0.0141481
584, 71.61785, 0.013963
585, 73.33099, 0.0136368
586, 71.29972, 0.0140253
587, 72.18966, 0.0138524
588, 71.86386, 0.0139152
589, 71.56762, 0.0139728
590, 71.51694, 0.0139827
591, 72.19018, 0.0138523
592, 71.44949, 0.0139959
593, 72.198, 0.0138508
594, 70.75088, 0.0141341
595, 72.48373, 0.0137962
596, 71.81689, 0.0139243
597, 72.17663, 0.0138549
598, 71.13995, 0.0140568
599, 71.92641, 0.0139031
600, 72.19852, 0.0138507
601, 71.87471, 0.0139131
602, 70.29877, 0.014225
603, 73.54293, 0.0135975
604, 71.80607, 0.0139264
605, 71.68922, 0.0139491
606, 72.11885, 0.013866
607, 71.20985, 0.014043
608, 71.8494, 0.013918
609, 72.62376, 0.0137696
610, 71.54509, 0.0139772
611, 71.24892, 0.0140353
612, 72.21103, 0.0138483
613, 72.0321, 0.0138827
614, 70.9406, 0.0140963
615, 73.24076, 0.0136536
616, 71.22253, 0.0140405
617, 71.44847, 0.0139961
618, 72.57737, 0.0137784
619, 71.95383, 0.0138978
620, 71.34958, 0.0140155
621, 72.17038, 0.0138561
622, 71.1987, 0.0140452
623, 72.7532, 0.0137451
624, 71.37045, 0.0140114
625, 71.67431, 0.013952
626, 70.87926, 0.0141085
627, 73.70663, 0.0135673
628, 71.04543, 0.0140755
629, 72.4538, 0.0138019
630, 71.44337, 0.0139971
631, 71.79369, 0.0139288
632, 71.3338, 0.0140186
633, 72.55104, 0.0137834
634, 70.92198, 0.0141
635, 71.54713, 0.0139768
636, 71.81741, 0.0139242
637, 70.45727, 0.014193
638, 73.2118, 0.013659
639, 70.03291, 0.014279
640, 74.72948, 0.0133816
641, 71.99632, 0.0138896
642, 71.39134, 0.0140073
643, 72.15684, 0.0138587
644, 71.23116, 0.0140388
645, 72.41235, 0.0138098
646, 70.71486, 0.0141413
647, 72.80617, 0.0137351
648, 71.09342, 0.014066
649, 71.3282, 0.0140197
650, 72.14278, 0.0138614
651, 73.46459, 0.013612
652, 71.12122, 0.0140605
653, 71.14805, 0.0140552
654, 72.75743, 0.0137443
655, 72.54683, 0.0137842
656, 71.57991, 0.0139704
657, 71.3338, 0.0140186
658, 72.64697, 0.0137652
659, 70.85917, 0.0141125
660, 71.71646, 0.0139438
661, 72.29456, 0.0138323
662, 71.42092, 0.0140015
663, 72.57948, 0.013778
664, 71.22, 0.014041
665, 71.80813, 0.013926
666, 71.80452, 0.0139267
667, 71.75866, 0.0139356
668, 71.6923, 0.0139485
669, 71.50211, 0.0139856
670, 72.17611, 0.013855
671, 71.92382, 0.0139036
672, 71.44695, 0.0139964
673, 72.28619, 0.0138339
674, 71.65017, 0.0139567
675, 71.76227, 0.0139349
676, 71.63221, 0.0139602
677, 72.18757, 0.0138528
678, 71.85508, 0.0139169
679, 72.05234, 0.0138788
680, 71.14349, 0.0140561
681, 71.81947, 0.0139238
682, 72.41602, 0.0138091
683, 71.34856, 0.0140157
684, 72.07623, 0.0138742
685, 71.94555, 0.0138994
686, 72.13862, 0.0138622
687, 71.18299, 0.0140483
688, 72.52316, 0.0137887
689, 71.71338, 0.0139444
690, 71.5497, 0.0139763
691, 70.62347, 0.0141596
692, 73.18662, 0.0136637
693, 71.94555, 0.0138994
694, 71.63221, 0.0139602
695, 71.80349, 0.0139269
696, 71.80349, 0.0139269
697, 71.30989, 0.0140233
698, 70.51341, 0.0141817
699, 72.55946, 0.0137818
700, 72.03677, 0.0138818
701, 71.75609, 0.0139361
702, 72.20061, 0.0138503
703, 70.90438, 0.0141035
704, 72.52683, 0.013788
705, 70.48409, 0.0141876
706, 74.58901, 0.0134068
707, 71.36179, 0.0140131
708, 71.50263, 0.0139855
709, 72.15267, 0.0138595
710, 71.7566, 0.013936
711, 70.88277, 0.0141078
712, 72.79292, 0.0137376
713, 69.91637, 0.0143028
714, 73.64529, 0.0135786
715, 71.77669, 0.0139321
716, 71.70103, 0.0139468
717, 72.33064, 0.0138254
718, 71.35314, 0.0140148
719, 72.07207, 0.013875
720, 71.95487, 0.0138976
721, 72.01187, 0.0138866
722, 71.34449, 0.0140165
723, 70.99852, 0.0140848
724, 73.04121, 0.0136909
725, 72.17819, 0.0138546
726, 71.36638, 0.0140122
727, 71.6887, 0.0139492
728, 72.05856, 0.0138776
729, 71.4592, 0.013994
730, 72.50159, 0.0137928
731, 71.1688, 0.0140511
732, 72.30397, 0.0138305
733, 71.76175, 0.013935
734, 71.13387, 0.014058
735, 71.97403, 0.0138939
736, 72.08298, 0.0138729
737, 72.48373, 0.0137962
738, 70.99197, 0.0140861
739, 72.37199, 0.0138175
740, 72.09026, 0.0138715
741, 58.37576, 0.0171304
742, 93.60579, 0.0106831
743, 71.43929, 0.0139979
744, 71.39695, 0.0140062
745, 71.15969, 0.0140529
746, 72.45117, 0.0138024
747, 72.45852, 0.013801
748, 71.61272, 0.013964
749, 71.46073, 0.0139937
750, 72.53577, 0.0137863
751, 71.78236, 0.013931
752, 71.41479, 0.0140027
753, 70.74287, 0.0141357
754, 72.08454, 0.0138726
755, 72.92457, 0.0137128
756, 71.89435, 0.0139093
757, 72.01601, 0.0138858
758, 72.0887, 0.0138718
759, 71.36587, 0.0140123
760, 72.00201, 0.0138885
761, 72.16205, 0.0138577
762, 71.68665, 0.0139496
763, 71.13741, 0.0140573
764, 71.92744, 0.0139029
765, 71.32566, 0.0140202
766, 73.12186, 0.0136758
767, 71.89176, 0.0139098
768, 71.09898, 0.0140649
769, 72.13966, 0.013862
770, 71.87316, 0.0139134
771, 71.48576, 0.0139888
772, 71.44745, 0.0139963
773, 72.57104, 0.0137796
774, 71.66712, 0.0139534
775, 71.15766, 0.0140533
776, 72.37985, 0.013816
777, 71.81689, 0.0139243
778, 71.39645, 0.0140063
779, 72.69344, 0.0137564
780, 71.78648, 0.0139302
781, 71.72572, 0.013942
782, 71.1445, 0.0140559
783, 71.46278, 0.0139933
784, 72.27366, 0.0138363
785, 72.43123, 0.0138062
786, 71.36027, 0.0140134
787, 72.03313, 0.0138825
788, 71.54867, 0.0139765
789, 70.85616, 0.0141131
790, 73.30465, 0.0136417
791, 71.27583, 0.01403
792, 72.02016, 0.013885
793, 71.90985, 0.0139063
794, 71.83083, 0.0139216
795, 71.18349, 0.0140482
796, 72.56947, 0.0137799
797, 71.97247, 0.0138942
798, 71.18299, 0.0140483
799, 72.47112, 0.0137986
800, 71.61631, 0.0139633
801, 71.0722, 0.0140702
802, 72.50054, 0.013793
803, 71.84476, 0.0139189
804, 71.32311, 0.0140207
805, 72.0238, 0.0138843
806, 72.40291, 0.0138116
807, 71.56864, 0.0139726
808, 71.95021, 0.0138985
809, 71.22761, 0.0140395
810, 72.41182, 0.0138099
811, 71.80968, 0.0139257
812, 71.72675, 0.0139418
813, 71.7252, 0.0139421
814, 70.78043, 0.0141282
815, 72.69027, 0.013757
816, 69.4985, 0.0143888
817, 74.763, 0.0133756
818, 71.89796, 0.0139086
819, 71.25298, 0.0140345
820, 71.88659, 0.0139108
821, 72.61163, 0.0137719
822, 71.85767, 0.0139164
823, 71.70978, 0.0139451
824, 71.65326, 0.0139561
825, 71.84785, 0.0139183
826, 71.33939, 0.0140175
827, 72.55894, 0.0137819
828, 69.72091, 0.0143429
829, 74.02747, 0.0135085
830, 72.16205, 0.0138577
831, 71.73447, 0.0139403
832, 71.11162, 0.0140624
833, 72.48373, 0.0137962
834, 70.55321, 0.0141737
835, 72.63958, 0.0137666
836, 71.39033, 0.0140075
837, 70.52933, 0.0141785
838, 73.26544, 0.013649
839, 71.84837, 0.0139182
840, 72.51421, 0.0137904
841, 71.91296, 0.0139057
842, 71.91348, 0.0139056
843, 71.31396, 0.0140225
844, 71.84682, 0.0139185
845, 72.30972, 0.0138294
846, 71.56915, 0.0139725
847, 71.79266, 0.013929
848, 71.59016, 0.0139684
849, 71.9233, 0.0139037
850, 72.01447, 0.0138861
851, 71.97351, 0.013894
852, 71.73859, 0.0139395
853, 72.14695, 0.0138606
854, 71.73756, 0.0139397
855, 71.72469, 0.0139422
856, 71.49189, 0.0139876
857, 72.14435, 0.0138611
858, 72.06792, 0.0138758
859, 71.4097, 0.0140037
860, 71.59375, 0.0139677
861, 71.94607, 0.0138993
862, 72.1459, 0.0138608
863, 71.6923, 0.0139485
864, 71.53025, 0.0139801
865, 71.47095, 0.0139917
866, 72.09545, 0.0138705
867, 72.23346, 0.013844
868, 70.78944, 0.0141264
869, 72.14435, 0.0138611
870, 72.2079, 0.0138489
871, 71.26466, 0.0140322
872, 70.996, 0.0140853
873, 72.77385, 0.0137412
874, 69.75933, 0.014335
875, 73.30894, 0.0136409
876, 72.48688, 0.0137956
877, 71.69692, 0.0139476
878, 72.69238, 0.0137566
879, 70.67437, 0.0141494
880, 72.34006, 0.0138236
881, 72.08454, 0.0138726
882, 72.09441, 0.0138707
883, 72.11417, 0.0138669
884, 71.58504, 0.0139694
885, 72.43437, 0.0138056
886, 71.2799, 0.0140292
887, 72.31077, 0.0138292
888, 71.70875, 0.0139453
889, 71.80658, 0.0139263
890, 71.83443, 0.0139209
891, 70.45578, 0.0141933
892, 71.72109, 0.0139429
893, 73.33314, 0.0136364
894, 71.50877, 0.0139843
895, 71.91348, 0.0139056
896, 71.57223, 0.0139719
897, 71.70052, 0.0139469
898, 71.4352, 0.0139987
899, 72.35, 0.0138217
900, 71.59068, 0.0139683
901, 72.19174, 0.013852
902, 71.66506, 0.0139538
903, 70.66539, 0.0141512
904, 71.57632, 0.0139711
905, 72.38561, 0.0138149
906, 72.25486, 0.0138399
907, 71.17691, 0.0140495
908, 71.95487, 0.0138976
909, 71.97559, 0.0138936
910, 71.38676, 0.0140082
911, 72.65277, 0.0137641
912, 70.99751, 0.014085
913, 72.08558, 0.0138724
914, 69.73939, 0.0143391
915, 75.28477, 0.0132829
916, 71.26009, 0.0140331
917, 73.20322, 0.0136606
918, 71.48576, 0.0139888
919, 71.39033, 0.0140075
920, 71.91917, 0.0139045
921, 71.90675, 0.0139069
922, 71.02879, 0.0140788
923, 70.8672, 0.0141109
924, 72.60846, 0.0137725
925, 72.13758, 0.0138624
926, 72.23346, 0.013844
927, 71.79575, 0.0139284
928, 71.39797, 0.014006
929, 72.10689, 0.0138683
930, 71.99372, 0.0138901
931, 71.57991, 0.0139704
932, 72.34895, 0.0138219
933, 71.84785, 0.0139183
934, 71.2337, 0.0140383
935, 72.80776, 0.0137348
936, 71.12982, 0.0140588
937, 72.2272, 0.0138452
938, 71.79524, 0.0139285
939, 71.31294, 0.0140227
940, 71.36384, 0.0140127
941, 72.83533, 0.0137296
942, 71.98491, 0.0138918
943, 71.4643, 0.013993
944, 72.21886, 0.0138468
945, 71.48014, 0.0139899
946, 70.0084, 0.014284
947, 73.41497, 0.0136212
948, 72.383, 0.0138154
949, 72.08038, 0.0138734
950, 71.43877, 0.013998
951, 72.07363, 0.0138747
952, 71.35059, 0.0140153
953, 71.99424, 0.01389
954, 71.44643, 0.0139965
955, 71.4689, 0.0139921
956, 72.20895, 0.0138487
957, 71.65017, 0.0139567
958, 71.26517, 0.0140321
959, 73.05669, 0.013688
960, 70.48607, 0.0141872
961, 72.41235, 0.0138098
962, 72.41129, 0.01381
963, 71.95487, 0.0138976
964, 71.71749, 0.0139436
965, 71.51388, 0.0139833
966, 72.23085, 0.0138445
967, 71.74682, 0.0139379
968, 71.00407, 0.0140837
969, 70.80749, 0.0141228
970, 73.44355, 0.0136159
971, 71.6317, 0.0139603
972, 71.46686, 0.0139925
973, 71.7355, 0.0139401
974, 72.49844, 0.0137934
975, 71.68665, 0.0139496
976, 71.38829, 0.0140079
977, 72.20998, 0.0138485
978, 72.35366, 0.013821
979, 71.27482, 0.0140302
980, 71.87885, 0.0139123
981, 71.99839, 0.0138892
982, 72.06688, 0.013876
983, 71.41123, 0.0140034
984, 72.06065, 0.0138772
985, 71.73447, 0.0139403
986, 71.92847, 0.0139027
987, 71.44592, 0.0139966
988, 72.60529, 0.0137731
989, 69.94865, 0.0142962
990, 74.10646, 0.0134941
991, 71.23167, 0.0140387
992, 72.36937, 0.013818
993, 71.7355, 0.0139401
994, 71.80452, 0.0139267
995, 70.20746, 0.0142435
996, 73.3111, 0.0136405
997, 71.87109, 0.0139138
998, 71.3104, 0.0140232
999, 72.55999, 0.0137817
1000, 69.87876, 0.0143105
1001, 73.31701, 0.0136394
1002, 71.94814, 0.0138989
1003, 71.81174, 0.0139253
1004, 71.48729, 0.0139885
1005, 72.1683, 0.0138565
1006, 71.63837, 0.013959
1007, 71.8334, 0.0139211
1008, 71.52411, 0.0139813
1009, 71.32057, 0.0140212
1010, 72.05182, 0.0138789
1011, 72.3432, 0.013823
1012, 71.88504, 0.0139111
1013, 71.45971, 0.0139939
1014, 72.40868, 0.0138105
1015, 71.70412, 0.0139462
1016, 69.95502, 0.0142949
1017, 73.34658, 0.0136339
1018, 71.42806, 0.0140001
1019, 72.21729, 0.0138471
1020, 71.22253, 0.0140405
1021, 72.1532, 0.0138594
1022, 72.60003, 0.0137741
1023, 71.93882, 0.0139007
1024, 71.47758, 0.0139904
1025, 71.87626, 0.0139128
1026, 72.28358, 0.0138344
1027, 70.98895, 0.0140867
1028, 72.56525, 0.0137807
1029, 71.47758, 0.0139904
1030, 72.14278, 0.0138614
1031, 70.20056, 0.0142449
1032, 72.67759, 0.0137594
1033, 72.68815, 0.0137574
1034, 71.86231, 0.0139155
1035, 71.13589, 0.0140576
1036, 72.35785, 0.0138202
1037, 71.28194, 0.0140288
1038, 72.39662, 0.0138128
1039, 71.1445, 0.0140559
1040, 72.07571, 0.0138743
1041, 71.84888, 0.0139181
1042, 71.90882, 0.0139065
1043, 68.45517, 0.0146081
1044, 75.37386, 0.0132672
1045, 72.713, 0.0137527
1046, 71.55431, 0.0139754
1047, 72.15215, 0.0138596
1048, 71.68048, 0.0139508
1049, 71.38319, 0.0140089
1050, 72.1532, 0.0138594
1051, 71.85767, 0.0139164
1052, 70.64591, 0.0141551
1053, 72.75055, 0.0137456
1054, 70.51589, 0.0141812
1055, 72.4454, 0.0138035
1056, 72.50159, 0.0137928
1057, 71.14146, 0.0140565
1058, 72.85019, 0.0137268
1059, 71.98647, 0.0138915
1060, 71.31142, 0.014023
1061, 71.1273, 0.0140593
1062, 73.19787, 0.0136616
1063, 71.66199, 0.0139544
1064, 71.83392, 0.013921
1065, 71.55123, 0.013976
1066, 72.35, 0.0138217
1067, 70.38932, 0.0142067
1068, 72.49266, 0.0137945
1069, 72.17299, 0.0138556
1070, 71.54048, 0.0139781
1071, 71.79678, 0.0139282
1072, 71.79575, 0.0139284
1073, 70.28296, 0.0142282
1074, 72.14278, 0.0138614
1075, 73.23325, 0.013655
1076, 70.91293, 0.0141018
1077, 72.2674, 0.0138375
1078, 71.85043, 0.0139178
1079, 67.57807, 0.0147977
1080, 77.64095, 0.0128798
1081, 72.00357, 0.0138882
1082, 71.89745, 0.0139087
1083, 71.5011, 0.0139858
1084, 71.54457, 0.0139773
1085, 71.79266, 0.013929
1086, 72.04663, 0.0138799
1087, 71.73344, 0.0139405
1088, 71.59119, 0.0139682
1089, 72.04974, 0.0138793
1090, 70.60851, 0.0141626
1091, 72.77226, 0.0137415
1092, 72.44592, 0.0138034
1093, 72.1199, 0.0138658
1094, 71.254, 0.0140343
1095, 71.51183, 0.0139837
1096, 58.46961, 0.0171029
1097, 82.03042, 0.0121906
1098, 80.71351, 0.0123895
1099, 72.7495, 0.0137458
1100, 69.31304, 0.0144273
1101, 73.3068, 0.0136413
1102, 72.63325, 0.0137678
1103, 70.57512, 0.0141693
1104, 72.58, 0.0137779
1105, 72.39085, 0.0138139
1106, 71.31802, 0.0140217
1107, 72.34791, 0.0138221
1108, 71.64299, 0.0139581
1109, 71.18755, 0.0140474
1110, 72.59265, 0.0137755
1111, 71.34602, 0.0140162
1112, 71.72366, 0.0139424
1113, 71.97766, 0.0138932
1114, 71.9989, 0.0138891
1115, 71.38982, 0.0140076
1116, 72.11002, 0.0138677
1117, 71.66352, 0.0139541
1118, 72.12562, 0.0138647
1119, 69.4213, 0.0144048
1120, 74.40199, 0.0134405
1121, 71.76278, 0.0139348
1122, 72.03054, 0.013883
1123, 70.0236, 0.0142809
1124, 73.90218, 0.0135314
1125, 71.57838, 0.0139707
1126, 71.75866, 0.0139356
1127, 71.67893, 0.0139511
1128, 71.58504, 0.0139694
1129, 71.74116, 0.013939
1130, 72.09805, 0.01387
1131, 71.80555, 0.0139265
1132, 70.94916, 0.0140946
1133, 71.12173, 0.0140604
1134, 73.37349, 0.0136289
1135, 71.45256, 0.0139953
1136, 71.4827, 0.0139894
1137, 71.45869, 0.0139941
1138, 72.35995, 0.0138198
1139, 71.26822, 0.0140315
1140, 71.32006, 0.0140213
1141, 72.71035, 0.0137532
1142, 71.80194, 0.0139272
1143, 71.01113, 0.0140823
1144, 72.42231, 0.0138079
1145, 70.8662, 0.0141111
1146, 74.18013, 0.0134807
1147, 71.79524, 0.0139285
1148, 70.69186, 0.0141459
1149, 72.25642, 0.0138396
1150, 72.44487, 0.0138036
1151, 71.73447, 0.0139403
1152, 70.3131, 0.0142221
1153, 72.6111, 0.013772
1154, 72.40868, 0.0138105
1155, 71.98595, 0.0138916
1156, 71.19363, 0.0140462
1157, 72.49949, 0.0137932
1158, 71.59631, 0.0139672
1159, 71.6851, 0.0139499
1160, 72.10689, 0.0138683
1161, 71.87833, 0.0139124
1162, 71.59068, 0.0139683
1163, 71.56096, 0.0139741
1164, 70.66838, 0.0141506
1165, 73.53374, 0.0135992
1166, 71.62144, 0.0139623
1167, 71.2982, 0.0140256
1168, 72.06168, 0.013877
1169, 72.14903, 0.0138602
1170, 71.25908, 0.0140333
1171, 71.96626, 0.0138954
1172, 72.31285, 0.0138288
1173, 71.61528, 0.0139635
1174, 70.69086, 0.0141461
1175, 72.65171, 0.0137643
1176, 70.924, 0.0140996
1177, 73.69523, 0.0135694
1178, 71.39491, 0.0140066
1179, 71.95073, 0.0138984
1180, 71.39797, 0.014006
1181, 72.51316, 0.0137906
1182, 71.36384, 0.0140127
1183, 72.48793, 0.0137954
1184, 71.55174, 0.0139759
1185, 71.47452, 0.013991
1186, 72.06947, 0.0138755
1187, 71.31294, 0.0140227
1188, 71.90313, 0.0139076
1189, 71.94245, 0.0139
1190, 72.64433, 0.0137657
1191, 71.50263, 0.0139855
1192, 71.55737, 0.0139748
1193, 71.65633, 0.0139555
1194, 71.8959, 0.013909
1195, 72.48215, 0.0137965
1196, 70.86921, 0.0141105
1197, 72.82632, 0.0137313
1198, 71.44082, 0.0139976
1199, 72.39137, 0.0138138
1200, 70.1341, 0.0142584
1201, 73.15128, 0.0136703
1202, 71.83805, 0.0139202
1203, 71.48831, 0.0139883
1204, 71.23521, 0.014038
1205, 72.51685, 0.0137899
1206, 70.82755, 0.0141188
1207, 72.02483, 0.0138841
1208, 72.23607, 0.0138435
1209, 72.10481, 0.0138687
1210, 72.1709, 0.013856
1211, 71.20479, 0.014044
1212, 70.48209, 0.014188
1213, 74.2093, 0.0134754
1214, 71.29362, 0.0140265
1215, 72.08194, 0.0138731
1216, 71.33125, 0.0140191
1217, 71.32719, 0.0140199
1218, 70.95772, 0.0140929
1219, 73.67242, 0.0135736
1220, 71.84734, 0.0139184
1221, 72.2559, 0.0138397
1222, 70.48756, 0.0141869
1223, 72.81836, 0.0137328
1224, 71.13691, 0.0140574
1225, 72.66175, 0.0137624
1226, 71.87316, 0.0139134
1227, 71.33736, 0.0140179
1228, 71.63375, 0.0139599
1229, 72.31808, 0.0138278
1230, 72.14018, 0.0138619
1231, 71.04694, 0.0140752
1232, 72.37304, 0.0138173
1233, 71.23015, 0.014039
1234, 72.49213, 0.0137946
1235, 71.50672, 0.0139847
1236, 70.64392, 0.0141555
1237, 73.10369, 0.0136792
1238, 71.59631, 0.0139672
1239, 71.40766, 0.0140041
1240, 70.80699, 0.0141229
1241, 72.98684, 0.0137011
1242, 71.37504, 0.0140105
1243, 72.33744, 0.0138241
1244, 70.28493, 0.0142278
1245, 73.70609, 0.0135674
1246, 71.61169, 0.0139642
1247, 72.27418, 0.0138362
1248, 70.32745, 0.0142192
1249, 72.78815, 0.0137385
1250, 72.08714, 0.0138721
1251, 72.27888, 0.0138353
1252, 71.41276, 0.0140031
1253, 71.72984, 0.0139412
1254, 71.2672, 0.0140317
1255, 72.3678, 0.0138183
1256, 72.16986, 0.0138562
1257, 71.84166, 0.0139195
1258, 72.00772, 0.0138874
1259, 71.91606, 0.0139051
1260, 70.71336, 0.0141416
1261, 72.68234, 0.0137585
1262, 70.48806, 0.0141868
1263, 73.33421, 0.0136362
1264, 71.47452, 0.013991
1265, 72.39819, 0.0138125
1266, 70.68087, 0.0141481
1267, 73.13791, 0.0136728
1268, 70.99701, 0.0140851
1269, 72.11677, 0.0138664
1270, 72.29142, 0.0138329
1271, 71.71492, 0.0139441
1272, 69.40926, 0.0144073
1273, 74.10921, 0.0134936
1274, 72.53472, 0.0137865
1275, 71.49701, 0.0139866
1276, 70.7684, 0.0141306
1277, 72.63377, 0.0137677
1278, 72.30135, 0.013831
1279, 71.11516, 0.0140617
1280, 72.07571, 0.0138743
1281, 72.20164, 0.0138501
1282, 71.38217, 0.0140091
1283, 71.99165, 0.0138905
1284, 71.61169, 0.0139642
1285, 72.29978, 0.0138313
1286, 71.54509, 0.0139772
1287, 71.77566, 0.0139323
1288, 71.05755, 0.0140731
1289, 72.57526, 0.0137788
1290, 71.83289, 0.0139212
1291, 71.39236, 0.0140071
1292, 71.97351, 0.013894
1293, 71.6923, 0.0139485
1294, 71.97196, 0.0138943
1295, 71.10352, 0.014064
1296, 71.19718, 0.0140455
1297, 73.28531, 0.0136453
1298, 71.16526, 0.0140518
1299, 35.56845, 0.0281148
1300, 74.31629, 0.013456
1301, 71.52974, 0.0139802
1302, 71.83546, 0.0139207
1303, 71.6666, 0.0139535
1304, 72.46167, 0.0138004
1305, 71.72829, 0.0139415
1306, 71.79214, 0.0139291
1307, 71.54919, 0.0139764
1308, 71.86851, 0.0139143
1309, 72.21677, 0.0138472
1310, 71.42194, 0.0140013
1311, 72.05701, 0.0138779
1312, 71.68562, 0.0139498
1313, 71.3944, 0.0140067
1314, 72.2345, 0.0138438
1315, 71.99476, 0.0138899
1316, 71.42194, 0.0140013
1317, 72.0513, 0.013879
1318, 71.98491, 0.0138918
1319, 71.56249, 0.0139738
1320, 69.6665, 0.0143541
1321, 70.58458, 0.0141674
1322, 75.18967, 0.0132997
1323, 70.60801, 0.0141627
1324, 73.92786, 0.0135267
1325, 71.5794, 0.0139705
1326, 70.79295, 0.0141257
1327, 73.01082, 0.0136966
1328, 71.03534, 0.0140775
1329, 72.90862, 0.0137158
1330, 72.14903, 0.0138602
1331, 71.42806, 0.0140001
1332, 71.46022, 0.0139938
1333, 72.37042, 0.0138178
1334, 71.56198, 0.0139739
1335, 70.79846, 0.0141246
1336, 72.75955, 0.0137439
1337, 72.24598, 0.0138416
1338, 71.36434, 0.0140126
1339, 71.88453, 0.0139112
1340, 71.8649, 0.013915
1341, 72.18705, 0.0138529
1342, 71.02475, 0.0140796
1343, 72.35995, 0.0138198
1344, 70.9401, 0.0140964
1345, 71.66558, 0.0139537
1346, 72.53841, 0.0137858
1347, 72.14539, 0.0138609
1348, 72.0861, 0.0138723
1349, 71.68048, 0.0139508
1350, 70.60601, 0.0141631
1351, 73.25739, 0.0136505
1352, 71.90106, 0.013908
1353, 71.8334, 0.0139211
1354, 71.33583, 0.0140182
1355, 70.9819, 0.0140881
1356, 72.60846, 0.0137725
1357, 71.85147, 0.0139176
1358, 71.99683, 0.0138895
1359, 71.17489, 0.0140499
1360, 72.13029, 0.0138638
1361, 71.96833, 0.013895
1362, 70.97282, 0.0140899
1363, 73.69685, 0.0135691
1364, 71.90417, 0.0139074
1365, 70.74287, 0.0141357
1366, 72.22668, 0.0138453
1367, 70.32497, 0.0142197
1368, 73.78386, 0.0135531
1369, 71.59273, 0.0139679
1370, 72.45326, 0.013802
1371, 71.53075, 0.01398
1372, 71.32464, 0.0140204
1373, 72.5621, 0.0137813
1374, 70.73236, 0.0141378
1375, 73.16573, 0.0136676
1376, 71.19515, 0.0140459
1377, 70.69486, 0.0141453
1378, 74.02308, 0.0135093
1379, 71.3399, 0.0140174
1380, 70.85666, 0.014113
1381, 73.57648, 0.0135913
1382, 71.3338, 0.0140186
1383, 71.49036, 0.0139879
1384, 72.04663, 0.0138799
1385, 71.9787, 0.013893
1386, 70.72736, 0.0141388
1387, 72.27888, 0.0138353
1388, 71.97921, 0.0138929
1389, 71.50519, 0.013985
1390, 72.71246, 0.0137528
1391, 71.33889, 0.0140176
1392, 70.89533, 0.0141053
1393, 71.74528, 0.0139382
1394, 72.41864, 0.0138086
1395, 72.38823, 0.0138144
1396, 71.66917, 0.013953
1397, 72.04767, 0.0138797
1398, 70.1277, 0.0142597
1399, 73.63228, 0.013581
1400, 70.64092, 0.0141561
1401, 72.91712, 0.0137142
1402, 71.46584, 0.0139927
1403, 72.54367, 0.0137848
1404, 70.88579, 0.0141072
1405, 72.08818, 0.0138719
1406, 72.16986, 0.0138562
1407, 71.83186, 0.0139214
1408, 71.60297, 0.0139659
1409, 71.10504, 0.0140637
1410, 70.43742, 0.014197
1411, 74.78089, 0.0133724
1412, 71.3781, 0.0140099
1413, 72.11885, 0.013866
1414, 71.86231, 0.0139155
1415, 71.61528, 0.0139635
1416, 71.71286, 0.0139445
1417, 71.83856, 0.0139201
1418, 71.56915, 0.0139725
1419, 71.83392, 0.013921
1420, 71.8525, 0.0139174
1421, 71.08331, 0.014068
1422, 72.0212, 0.0138848
1423, 72.90968, 0.0137156
1424, 71.78957, 0.0139296
1425, 71.72315, 0.0139425
1426, 71.02222, 0.0140801
1427, 72.25538, 0.0138398
1428, 69.35823, 0.0144179
1429, 74.55176, 0.0134135
1430, 72.00409, 0.0138881
1431, 69.71313, 0.0143445
1432, 74.17297, 0.013482
1433, 71.81586, 0.0139245
1434, 71.40562, 0.0140045
1435, 71.91709, 0.0139049
1436, 71.83959, 0.0139199
1437, 71.7252, 0.0139421
1438, 72.11677, 0.0138664
1439, 70.93406, 0.0140976
1440, 72.53789, 0.0137859
1441, 71.69076, 0.0139488
1442, 71.13691, 0.0140574
1443, 72.394, 0.0138133
1444, 72.01394, 0.0138862
1445, 71.54202, 0.0139778
1446, 59.10236, 0.0169198
1447, 63.65453, 0.0157098
1448, 109.3195, 0.0091475
1449, 71.81689, 0.0139243
1450, 71.32616, 0.0140201
1451, 72.4328, 0.0138059
1452, 71.99268, 0.0138903
1453, 72.1558, 0.0138589
1454, 71.86076, 0.0139158
1455, 55.30056, 0.018083
1456, 94.97578, 0.010529
1457, 68.50488, 0.0145975
1458, 74.51731, 0.0134197
1459, 70.8868, 0.014107
1460, 72.20895, 0.0138487
1461, 74.89346, 0.0133523
1462, 71.93831, 0.0139008
1463, 71.30125, 0.014025
1464, 66.94426, 0.0149378
1465, 72.13602, 0.0138627
1466, 74.80998, 0.0133672
1467, 71.38472, 0.0140086
1468, 73.32615, 0.0136377
1469, 71.44847, 0.0139961
1470, 71.86593, 0.0139148
1471, 70.48061, 0.0141883
1472, 73.83779, 0.0135432
1473, 70.29976, 0.0142248
1474, 73.87652, 0.0135361
1475, 69.22427, 0.0144458
1476, 76.84978, 0.0130124
1477, 68.31721, 0.0146376
1478, 73.74522, 0.0135602
1479, 71.22761, 0.0140395
1480, 69.29527, 0.014431
1481, 74.43301, 0.0134349
1482, 73.22896, 0.0136558
1483, 70.81551, 0.0141212
1484, 72.48531, 0.0137959
1485, 73.43977, 0.0136166
1486, 73.07271, 0.013685
1487, 35.87071, 0.0278779
1488, 69.53233, 0.0143818
1489, 74.14217, 0.0134876
1490, 20.6706, 0.0483779
