Frame, FPS, Frame Time
1, 50, 0.02
2, 50, 0.02
3, 3, 0.3333333
4, 7.365446, 0.1357691
5, 34.43087, 0.0290437
6, 220.0317, 0.0045448
7, 225.8968, 0.0044268
8, 190.8106, 0.0052408
9, 67.27664, 0.014864
10, 14.48843, 0.0690206
11, 153.5485, 0.0065126
12, 173.771, 0.0057547
13, 197.2698, 0.0050692
14, 159.5074, 0.0062693
15, 184.1858, 0.0054293
16, 129.532, 0.0077201
17, 83.34514, 0.0119983
18, 67.76261, 0.0147574
19, 73.85688, 0.0135397
20, 72.17246, 0.0138557
21, 71.48627, 0.0139887
22, 71.47707, 0.0139905
23, 72.29089, 0.013833
24, 71.95694, 0.0138972
25, 69.37025, 0.0144154
26, 72.85603, 0.0137257
27, 18.00624, 0.0555363
28, 72.89852, 0.0137177
29, 71.63477, 0.0139597
30, 72.12769, 0.0138643
31, 72.20008, 0.0138504
32, 71.58862, 0.0139687
33, 71.52103, 0.0139819
34, 71.5456, 0.0139771
35, 73.15824, 0.013669
36, 71.22406, 0.0140402
37, 71.7, 0.013947
38, 72.96288, 0.0137056
39, 70.19268, 0.0142465
40, 72.68604, 0.0137578
41, 70.97081, 0.0140903
42, 72.94372, 0.0137092
43, 71.0823, 0.0140682
44, 35.78202, 0.027947
45, 72.83374, 0.0137299
46, 71.93106, 0.0139022
47, 59.21224, 0.0168884
48, 71.30735, 0.0140238
49, 71.73035, 0.0139411
50, 71.62656, 0.0139613
51, 72.31181, 0.013829
52, 71.87574, 0.0139129
53, 71.15462, 0.0140539
54, 72.01134, 0.0138867
55, 71.76536, 0.0139343
56, 71.45461, 0.0139949
57, 51.74484, 0.0193256
58, 30.43556, 0.0328563
59, 69.32697, 0.0144244
60, 71.83495, 0.0139208
61, 20.7002, 0.0483087
62, 69.11328, 0.014469
63, 12.46524, 0.0802231
64, 67.74838, 0.0147605
65, 78.60091, 0.0127225
66, 71.38676, 0.0140082
67, 69.57635, 0.0143727
68, 70.07316, 0.0142708
69, 52.75291, 0.0189563
70, 104.5107, 0.0095684
71, 69.15678, 0.0144599
72, 69.82411, 0.0143217
73, 71.55686, 0.0139749
74, 71.37351, 0.0140108
75, 70.26518, 0.0142318
76, 71.64299, 0.0139581
77, 70.83006, 0.0141183
78, 70.80949, 0.0141224
79, 35.572, 0.028112
80, 75.22473, 0.0132935
81, 72.186, 0.0138531
82, 71.37351, 0.0140108
83, 59.85874, 0.016706
84, 88.71304, 0.0112723
85, 71.12022, 0.0140607
86, 71.79163, 0.0139292
87, 71.41531, 0.0140026
88, 71.13135, 0.0140585
89, 71.44847, 0.0139961
90, 72.04352, 0.0138805
91, 71.34449, 0.0140165
92, 71.68768, 0.0139494
93, 72.04404, 0.0138804
94, 71.34652, 0.0140161
95, 71.83856, 0.0139201
96, 71.62605, 0.0139614
97, 72.42126, 0.0138081
98, 71.56762, 0.0139728
99, 71.38879, 0.0140078
100, 71.52564, 0.013981
101, 70.19908, 0.0142452
102, 72.27679, 0.0138357
103, 71.35518, 0.0140144
104, 72.55946, 0.0137818
105, 71.81792, 0.0139241
106, 70.69286, 0.0141457
107, 72.5442, 0.0137847
108, 35.94071, 0.0278236
109, 70.23952, 0.014237
110, 73.48348, 0.0136085
111, 70.43444, 0.0141976
112, 73.03055, 0.0136929
113, 71.42908, 0.0139999
114, 71.88711, 0.0139107
115, 71.94141, 0.0139002
116, 71.05654, 0.0140733
117, 72.20425, 0.0138496
118, 71.35009, 0.0140154
119, 70.94966, 0.0140945
120, 70.69286, 0.0141457
121, 74.22692, 0.0134722
122, 70.97685, 0.0140891
123, 72.55578, 0.0137825
124, 35.97808, 0.0277947
125, 71.20123, 0.0140447
126, 59.91217, 0.0166911
127, 90.23642, 0.011082
128, 70.97282, 0.0140899
129, 72.60107, 0.0137739
130, 71.6317, 0.0139603
131, 71.31142, 0.014023
132, 71.69127, 0.0139487
133, 71.63477, 0.0139597
134, 72.48478, 0.013796
135, 71.57991, 0.0139704
136, 71.92175, 0.013904
137, 71.57581, 0.0139712
138, 72.37199, 0.0138175
139, 71.40358, 0.0140049
140, 70.24642, 0.0142356
141, 72.94212, 0.0137095
142, 72.31024, 0.0138293
143, 5.418269, 0.1845608
144, 24.59601, 0.040657
145, 31.23838, 0.0320119
146, 40.61656, 0.0246205
147, 94.56175, 0.0105751
148, 71.37045, 0.0140114
149, 71.74374, 0.0139385
150, 70.67038, 0.0141502
151, 32.52435, 0.0307462
152, 93.04749, 0.0107472
153, 71.39491, 0.0140066
154, 71.79008, 0.0139295
155, 71.15614, 0.0140536
156, 71.94918, 0.0138987
157, 72.45064, 0.0138025
158, 71.34093, 0.0140172
159, 72.38823, 0.0138144
160, 71.01466, 0.0140816
161, 31.1814, 0.0320704
162, 103.0758, 0.0097016
163, 71.63683, 0.0139593
164, 72.01291, 0.0138864
165, 71.6317, 0.0139603
166, 71.94659, 0.0138992
167, 71.78287, 0.0139309
168, 72.26269, 0.0138384
169, 72.40029, 0.0138121
170, 70.46174, 0.0141921
171, 73.3326, 0.0136365
172, 71.86334, 0.0139153
173, 69.31448, 0.014427
174, 61.24337, 0.0163283
175, 61.14674, 0.0163541
176, 219.843, 0.0045487
177, 181.0676, 0.0055228
178, 186.9858, 0.005348
179, 237.7047, 0.0042069
180, 192.3854, 0.0051979
181, 195.9209, 0.0051041
182, 229.5526, 0.0043563
183, 233.7431, 0.0042782
184, 224.6282, 0.0044518
185, 212.2917, 0.0047105
186, 241.4701, 0.0041413
187, 228.149, 0.0043831
188, 254.6733, 0.0039266
189, 233.8689, 0.0042759
190, 241.7386, 0.0041367
191, 243.7895, 0.0041019
192, 248.102, 0.0040306
193, 252.4042, 0.0039619
194, 253.1005, 0.003951
195, 229.1528, 0.0043639
196, 242.2539, 0.0041279
197, 233.1763, 0.0042886
198, 235.1724, 0.0042522
199, 246.2448, 0.004061
200, 245.1221, 0.0040796
201, 244.4629, 0.0040906
202, 245.7003, 0.00407
203, 254.6149, 0.0039275
204, 249.8126, 0.004003
205, 245.3687, 0.0040755
206, 230.2821, 0.0043425
207, 244.7681, 0.0040855
208, 259.3563, 0.0038557
209, 257.5726, 0.0038824
210, 246.0327, 0.0040645
211, 246.1417, 0.0040627
212, 246.172, 0.0040622
213, 254.2136, 0.0039337
214, 238.4017, 0.0041946
215, 253.7234, 0.0039413
216, 244.6184, 0.004088
217, 239.0229, 0.0041837
218, 249.3206, 0.0040109
219, 255.7152, 0.0039106
220, 259.6121, 0.0038519
221, 241.8614, 0.0041346
222, 251.0733, 0.0039829
223, 251.623, 0.0039742
224, 240.3326, 0.0041609
225, 229.579, 0.0043558
226, 197.9806, 0.005051
227, 259.9496, 0.0038469
228, 252.8637, 0.0039547
229, 245.1702, 0.0040788
230, 251.2184, 0.0039806
231, 230.0808, 0.0043463
232, 252.9916, 0.0039527
233, 250.5701, 0.0039909
234, 248.942, 0.004017
235, 241.0277, 0.0041489
236, 239.435, 0.0041765
237, 258.7389, 0.0038649
238, 243.3445, 0.0041094
239, 253.1582, 0.0039501
240, 240.8478, 0.004152
241, 207.1551, 0.0048273
242, 248.0897, 0.0040308
243, 243.3149, 0.0041099
244, 239.2745, 0.0041793
245, 242.7597, 0.0041193
246, 245.5977, 0.0040717
247, 253.4148, 0.0039461
248, 252.8637, 0.0039547
249, 255.7218, 0.0039105
250, 247.1638, 0.0040459
251, 229.5052, 0.0043572
252, 246.7004, 0.0040535
253, 247.6842, 0.0040374
254, 251.7623, 0.003972
255, 224.7444, 0.0044495
256, 247.3778, 0.0040424
257, 245.8634, 0.0040673
258, 238.3222, 0.004196
259, 242.2363, 0.0041282
260, 237.931, 0.0042029
261, 245.7606, 0.004069
262, 236.7873, 0.0042232
263, 239.1486, 0.0041815
264, 252.9212, 0.0039538
265, 241.7912, 0.0041358
266, 234.5491, 0.0042635
267, 244.6663, 0.0040872
268, 258.2511, 0.0038722
269, 249.2895, 0.0040114
270, 230.8882, 0.0043311
271, 249.4948, 0.0040081
272, 251.813, 0.0039712
273, 250.501, 0.003992
274, 244.7321, 0.0040861
275, 247.3533, 0.0040428
276, 250.941, 0.003985
277, 241.686, 0.0041376
278, 253.2479, 0.0039487
279, 233.1981, 0.0042882
280, 249.5695, 0.0040069
281, 247.979, 0.0040326
282, 234.1482, 0.0042708
283, 241.2254, 0.0041455
284, 246.5787, 0.0040555
285, 245.6761, 0.0040704
286, 247.7455, 0.0040364
287, 249.004, 0.004016
288, 239.435, 0.0041765
289, 251.4774, 0.0039765
290, 245.465, 0.0040739
291, 235.0066, 0.0042552
292, 231.7551, 0.0043149
293, 249.6941, 0.0040049
294, 236.8826, 0.0042215
295, 226.2904, 0.0044191
296, 243.8192, 0.0041014
297, 251.7496, 0.0039722
298, 263.0748, 0.0038012
299, 238.487, 0.0041931
300, 248.0466, 0.0040315
301, 254.4788, 0.0039296
302, 246.2811, 0.0040604
303, 243.5045, 0.0041067
304, 211.278, 0.0047331
305, 258.672, 0.0038659
306, 257.3737, 0.0038854
307, 243.7241, 0.004103
308, 253.4726, 0.0039452
309, 235.927, 0.0042386
310, 253.8329, 0.0039396
311, 222.4496, 0.0044954
312, 249.3952, 0.0040097
313, 238.4984, 0.0041929
314, 237.3436, 0.0042133
315, 238.5439, 0.0041921
316, 237.6821, 0.0042073
317, 253.1069, 0.0039509
318, 225.8764, 0.0044272
319, 233.1709, 0.0042887
320, 247.4023, 0.004042
321, 246.7065, 0.0040534
322, 241.6802, 0.0041377
323, 243.8668, 0.0041006
324, 245.5434, 0.0040726
325, 264.5013, 0.0037807
326, 234.2414, 0.0042691
327, 242.4184, 0.0041251
328, 234.7638, 0.0042596
329, 245.3807, 0.0040753
330, 247.3656, 0.0040426
331, 254.998, 0.0039216
332, 248.5151, 0.0040239
333, 233.7869, 0.0042774
334, 245.086, 0.0040802
335, 257.0892, 0.0038897
336, 243.3978, 0.0041085
337, 240.7724, 0.0041533
338, 241.4293, 0.004142
339, 262.7154, 0.0038064
340, 244.6842, 0.0040869
341, 248.4904, 0.0040243
342, 251.25, 0.0039801
343, 240.1883, 0.0041634
344, 239.3146, 0.0041786
345, 240.7202, 0.0041542
346, 245.062, 0.0040806
347, 250.2315, 0.0039963
348, 229.658, 0.0043543
349, 250.1689, 0.0039973
350, 239.9923, 0.0041668
351, 251.509, 0.003976
352, 224.7242, 0.0044499
353, 241.371, 0.004143
354, 261.9104, 0.0038181
355, 252.4743, 0.0039608
356, 244.7561, 0.0040857
357, 244.9, 0.0040833
358, 255.2257, 0.0039181
359, 250.4508, 0.0039928
360, 221.3173, 0.0045184
361, 246.9502, 0.0040494
362, 247.1455, 0.0040462
363, 242.1014, 0.0041305
364, 250.7585, 0.0039879
365, 247.9052, 0.0040338
366, 247.3105, 0.0040435
367, 234.8465, 0.0042581
368, 233.3886, 0.0042847
369, 248.2314, 0.0040285
370, 249.9063, 0.0040015
371, 247.3961, 0.0040421
372, 244.1466, 0.0040959
373, 246.1781, 0.0040621
374, 255.0565, 0.0039207
375, 246.263, 0.0040607
376, 249.0288, 0.0040156
377, 231.5887, 0.004318
378, 245.7606, 0.004069
379, 252.4551, 0.0039611
380, 255.3952, 0.0039155
381, 239.3375, 0.0041782
382, 218.2263, 0.0045824
383, 217.0327, 0.0046076
384, 257.7652, 0.0038795
385, 237.6708, 0.0042075
386, 237.88, 0.0042038
387, 243.3801, 0.0041088
388, 251.8638, 0.0039704
389, 252.5189, 0.0039601
390, 246.1175, 0.0040631
391, 234.9734, 0.0042558
392, 263.1371, 0.0038003
393, 251.509, 0.003976
394, 243.4512, 0.0041076
395, 254.2459, 0.0039332
396, 239.0629, 0.004183
397, 226.67, 0.0044117
398, 253.5561, 0.0039439
399, 250.746, 0.0039881
400, 255.0695, 0.0039205
401, 190.1104, 0.0052601
402, 218.0882, 0.0045853
403, 224.4669, 0.004455
404, 188.0618, 0.0053174
405, 214.1878, 0.0046688
406, 196.9047, 0.0050786
407, 222.1926, 0.0045006
408, 238.4074, 0.0041945
409, 258.7322, 0.003865
410, 239.9232, 0.004168
411, 258.5717, 0.0038674
412, 248.1821, 0.0040293
413, 240.9581, 0.0041501
414, 253.7427, 0.003941
415, 222.8313, 0.0044877
416, 227.0045, 0.0044052
417, 245.0079, 0.0040815
418, 243.3741, 0.0041089
419, 244.2778, 0.0040937
420, 230.2821, 0.0043425
421, 249.9438, 0.0040009
422, 244.6543, 0.0040874
423, 248.0897, 0.0040308
424, 230.2609, 0.0043429
425, 247.2188, 0.004045
426, 246.2751, 0.0040605
427, 251.8955, 0.0039699
428, 254.6862, 0.0039264
429, 242.7184, 0.00412
430, 246.0146, 0.0040648
431, 257.7785, 0.0038793
432, 245.2242, 0.0040779
433, 237.8687, 0.004204
434, 236.5856, 0.0042268
435, 251.4711, 0.0039766
436, 246.0146, 0.0040648
437, 244.0513, 0.0040975
438, 254.5047, 0.0039292
439, 243.2557, 0.0041109
440, 246.069, 0.0040639
441, 229.8428, 0.0043508
442, 253.9489, 0.0039378
443, 257.4334, 0.0038845
444, 233.9017, 0.0042753
445, 232.6501, 0.0042983
446, 258.9734, 0.0038614
447, 253.2543, 0.0039486
448, 252.6912, 0.0039574
449, 239.952, 0.0041675
450, 249.1032, 0.0040144
451, 257.9514, 0.0038767
452, 249.4637, 0.0040086
453, 244.4749, 0.0040904
454, 242.7243, 0.0041199
455, 256.6208, 0.0038968
456, 247.4023, 0.004042
457, 242.3831, 0.0041257
458, 252.7614, 0.0039563
459, 246.0327, 0.0040645
460, 241.6042, 0.004139
461, 250.8403, 0.0039866
462, 251.9907, 0.0039684
463, 253.5883, 0.0039434
464, 220.7116, 0.0045308
465, 236.2558, 0.0042327
466, 249.7191, 0.0040045
467, 242.5654, 0.0041226
468, 256.4431, 0.0038995
469, 234.1975, 0.0042699
470, 257.2612, 0.0038871
471, 234.1372, 0.004271
472, 243.3031, 0.0041101
473, 230.6911, 0.0043348
474, 252.4679, 0.0039609
475, 221.2291, 0.0045202
476, 244.4868, 0.0040902
477, 241.1614, 0.0041466
478, 241.1265, 0.0041472
479, 249.9063, 0.0040015
480, 256.2132, 0.003903
481, 253.9812, 0.0039373
482, 240.6449, 0.0041555
483, 235.0563, 0.0042543
484, 252.4105, 0.0039618
485, 257.9114, 0.0038773
486, 228.0814, 0.0043844
487, 250.3317, 0.0039947
488, 246.2144, 0.0040615
489, 231.4868, 0.0043199
490, 230.2821, 0.0043425
491, 248.8491, 0.0040185
492, 262.1163, 0.0038151
493, 246.8526, 0.004051
494, 224.3813, 0.0044567
495, 241.3826, 0.0041428
496, 193.0353, 0.0051804
497, 204.876, 0.004881
498, 224.9415, 0.0044456
499, 207.8699, 0.0048107
500, 231.8787, 0.0043126
501, 243.3386, 0.0041095
502, 227.5986, 0.0043937
503, 257.3274, 0.0038861
504, 242.8599, 0.0041176
505, 249.7128, 0.0040046
506, 252.2259, 0.0039647
507, 234.8079, 0.0042588
508, 246.2811, 0.0040604
509, 242.6595, 0.004121
510, 257.4732, 0.0038839
511, 233.4104, 0.0042843
512, 243.4986, 0.0041068
513, 244.1108, 0.0040965
514, 254.8745, 0.0039235
515, 242.0018, 0.0041322
516, 257.5925, 0.0038821
517, 237.0286, 0.0042189
518, 254.9394, 0.0039225
519, 248.8801, 0.004018
520, 250.2878, 0.0039954
521, 226.4493, 0.004416
522, 239.2173, 0.0041803
523, 238.4188, 0.0041943
524, 250.3129, 0.003995
525, 245.2002, 0.0040783
526, 235.2277, 0.0042512
527, 250.432, 0.0039931
528, 254.0134, 0.0039368
529, 246.7795, 0.0040522
530, 225.5046, 0.0044345
531, 242.8422, 0.0041179
532, 255.3039, 0.0039169
533, 249.638, 0.0040058
534, 236.6024, 0.0042265
535, 259.2084, 0.0038579
536, 248.75, 0.0040201
537, 260.0172, 0.0038459
538, 224.3611, 0.0044571
539, 242.4301, 0.0041249
540, 253.1646, 0.00395
541, 246.4754, 0.0040572
542, 224.9213, 0.004446
543, 245.7425, 0.0040693
544, 260.7018, 0.0038358
545, 244.5885, 0.0040885
546, 227.7126, 0.0043915
547, 249.9, 0.0040016
548, 258.3112, 0.0038713
549, 235.4492, 0.0042472
550, 249.9438, 0.0040009
551, 245.4831, 0.0040736
552, 245.3145, 0.0040764
553, 252.3723, 0.0039624
554, 252.4743, 0.0039608
555, 251.9272, 0.0039694
556, 236.4066, 0.00423
557, 229.342, 0.0043603
558, 241.5634, 0.0041397
559, 252.4934, 0.0039605
560, 244.5526, 0.0040891
561, 237.338, 0.0042134
562, 252.0352, 0.0039677
563, 249.7814, 0.0040035
564, 252.4806, 0.0039607
565, 256.812, 0.0038939
566, 228.2844, 0.0043805
567, 259.4303, 0.0038546
568, 244.439, 0.004091
569, 253.8135, 0.0039399
570, 243.2262, 0.0041114
571, 249.3828, 0.0040099
572, 251.3005, 0.0039793
573, 257.4665, 0.003884
574, 254.9785, 0.0039219
575, 237.1523, 0.0042167
576, 243.0843, 0.0041138
577, 249.5508, 0.0040072
578, 249.8501, 0.0040024
579, 253.5111, 0.0039446
580, 241.9843, 0.0041325
581, 248.33, 0.0040269
582, 261.3832, 0.0038258
583, 245.11, 0.0040798
584, 252.8317, 0.0039552
585, 242.4301, 0.0041249
586, 240.2114, 0.004163
587, 235.6323, 0.0042439
588, 247.6474, 0.004038
589, 256.1738, 0.0039036
590, 239.7621, 0.0041708
591, 236.2391, 0.004233
592, 261.0625, 0.0038305
593, 247.4941, 0.0040405
594, 258.2578, 0.0038721
595, 226.5262, 0.0044145
596, 247.121, 0.0040466
597, 254.8225, 0.0039243
598, 246.1539, 0.0040625
599, 249.2895, 0.0040114
600, 250.4759, 0.0039924
601, 245.2784, 0.004077
602, 255.2714, 0.0039174
603, 234.9679, 0.0042559
604, 251.6926, 0.0039731
605, 232.288, 0.004305
606, 239.4923, 0.0041755
607, 228.3366, 0.0043795
608, 253.6912, 0.0039418
609, 254.829, 0.0039242
610, 230.771, 0.0043333
611, 247.9913, 0.0040324
612, 248.509, 0.004024
613, 257.3605, 0.0038856
614, 244.822, 0.0040846
615, 241.9374, 0.0041333
616, 246.7308, 0.004053
617, 256.5155, 0.0038984
618, 254.8485, 0.0039239
619, 251.2942, 0.0039794
620, 234.0167, 0.0042732
621, 251.0103, 0.0039839
622, 254.0263, 0.0039366
623, 251.0985, 0.0039825
624, 245.3326, 0.0040761
625, 223.6936, 0.0044704
626, 252.6592, 0.0039579
627, 254.0263, 0.0039366
628, 239.8772, 0.0041688
629, 246.8526, 0.004051
630, 247.0234, 0.0040482
631, 249.6505, 0.0040056
632, 236.3228, 0.0042315
633, 243.1256, 0.0041131
634, 257.4533, 0.0038842
635, 233.2688, 0.0042869
636, 249.0784, 0.0040148
637, 238.0329, 0.0042011
638, 247.1149, 0.0040467
639, 240.1018, 0.0041649
640, 244.3614, 0.0040923
641, 258.3979, 0.00387
642, 252.5699, 0.0039593
643, 253.1517, 0.0039502
644, 228.3574, 0.0043791
645, 237.7952, 0.0042053
646, 244.5287, 0.0040895
647, 249.2274, 0.0040124
648, 240.5755, 0.0041567
649, 247.1333, 0.0040464
650, 242.5242, 0.0041233
651, 254.5565, 0.0039284
652, 252.2195, 0.0039648
653, 250.5387, 0.0039914
654, 247.5309, 0.0040399
655, 256.1935, 0.0039033
656, 208.6028, 0.0047938
657, 247.4084, 0.0040419
658, 253.7427, 0.003941
659, 232.6122, 0.004299
660, 250.6014, 0.0039904
661, 245.8211, 0.004068
662, 245.7667, 0.0040689
663, 234.9624, 0.004256
664, 226.5108, 0.0044148
665, 238.3563, 0.0041954
666, 251.8701, 0.0039703
667, 249.2771, 0.0040116
668, 242.9602, 0.0041159
669, 236.1665, 0.0042343
670, 249.4823, 0.0040083
671, 249.2336, 0.0040123
672, 245.2483, 0.0040775
673, 237.1073, 0.0042175
674, 222.4348, 0.0044957
675, 253.8715, 0.003939
676, 254.5112, 0.0039291
677, 237.0061, 0.0042193
678, 241.7444, 0.0041366
679, 259.4505, 0.0038543
680, 251.9844, 0.0039685
681, 245.815, 0.0040681
682, 248.6696, 0.0040214
683, 244.2301, 0.0040945
684, 257.2083, 0.0038879
685, 235.2498, 0.0042508
686, 229.3526, 0.0043601
687, 242.6183, 0.0041217
688, 238.96, 0.0041848
689, 218.3215, 0.0045804
690, 229.9538, 0.0043487
691, 235.8157, 0.0042406
692, 246.9685, 0.0040491
693, 235.0508, 0.0042544
694, 255.8592, 0.0039084
695, 254.907, 0.003923
696, 258.6118, 0.0038668
697, 249.5695, 0.0040069
698, 245.5072, 0.0040732
699, 258.1645, 0.0038735
700, 251.3321, 0.0039788
701, 234.6371, 0.0042619
702, 259.6593, 0.0038512
703, 238.9315, 0.0041853
704, 260.4302, 0.0038398
705, 247.9052, 0.0040338
706, 245.2002, 0.0040783
707, 246.67, 0.004054
708, 252.7295, 0.0039568
709, 226.1165, 0.0044225
710, 252.2704, 0.003964
711, 253.0428, 0.0039519
712, 260.1389, 0.0038441
713, 229.3367, 0.0043604
714, 250.1626, 0.0039974
715, 258.5717, 0.0038674
716, 232.818, 0.0042952
717, 183.1435, 0.0054602
718, 232.9699, 0.0042924
719, 241.3943, 0.0041426
720, 243.2972, 0.0041102
721, 246.5909, 0.0040553
722, 238.5155, 0.0041926
723, 248.781, 0.0040196
724, 249.6754, 0.0040052
725, 258.5917, 0.0038671
726, 251.4016, 0.0039777
727, 232.1317, 0.0043079
728, 217.8365, 0.0045906
729, 238.8459, 0.0041868
730, 242.7597, 0.0041193
731, 232.6718, 0.0042979
732, 245.9964, 0.0040651
733, 252.9341, 0.0039536
734, 246.6395, 0.0040545
735, 235.9381, 0.0042384
736, 254.233, 0.0039334
737, 218.2691, 0.0045815
738, 236.0885, 0.0042357
739, 253.8715, 0.003939
740, 244.451, 0.0040908
741, 237.8404, 0.0042045
742, 242.2481, 0.004128
743, 247.3778, 0.0040424
744, 260.4981, 0.0038388
745, 242.6242, 0.0041216
746, 219.2021, 0.004562
747, 252.6273, 0.0039584
748, 260.2675, 0.0038422
749, 233.6285, 0.0042803
750, 220.0317, 0.0045448
751, 245.4289, 0.0040745
752, 255.1411, 0.0039194
753, 252.5699, 0.0039593
754, 236.2446, 0.0042329
755, 258.7925, 0.0038641
756, 234.6206, 0.0042622
757, 235.9882, 0.0042375
758, 236.664, 0.0042254
759, 257.5793, 0.0038823
760, 261.2057, 0.0038284
761, 222.9406, 0.0044855
762, 246.0146, 0.0040648
763, 250.6014, 0.0039904
764, 247.6903, 0.0040373
765, 237.914, 0.0042032
766, 238.0782, 0.0042003
767, 252.6656, 0.0039578
768, 252.6975, 0.0039573
769, 255.9574, 0.0039069
770, 241.8204, 0.0041353
771, 239.7277, 0.0041714
772, 254.4788, 0.0039296
773, 253.3506, 0.0039471
774, 230.0596, 0.0043467
775, 248.8367, 0.0040187
776, 219.3319, 0.0045593
777, 250.4508, 0.0039928
778, 224.5677, 0.004453
779, 238.3506, 0.0041955
780, 236.8995, 0.0042212
781, 249.2088, 0.0040127
782, 245.038, 0.004081
783, 239.7794, 0.0041705
784, 253.82, 0.0039398
785, 246.8161, 0.0040516
786, 254.1425, 0.0039348
787, 218.9669, 0.0045669
788, 251.2626, 0.0039799
789, 257.195, 0.0038881
790, 223.0798, 0.0044827
791, 231.3851, 0.0043218
792, 250.5763, 0.0039908
793, 257.8051, 0.0038789
794, 245.6821, 0.0040703
795, 235.7712, 0.0042414
796, 257.2215, 0.0038877
797, 244.1168, 0.0040964
798, 241.797, 0.0041357
799, 253.6783, 0.003942
800, 248.4349, 0.0040252
801, 255.1802, 0.0039188
802, 206.7354, 0.0048371
803, 241.7853, 0.0041359
804, 256.5221, 0.0038983
805, 250.244, 0.0039961
806, 245.8634, 0.0040673
807, 257.0232, 0.0038907
808, 250.0125, 0.0039998
809, 257.3671, 0.0038855
810, 233.847, 0.0042763
811, 245.2603, 0.0040773
812, 252.6975, 0.0039573
813, 246.8648, 0.0040508
814, 257.5328, 0.003883
815, 239.2459, 0.0041798
816, 256.1935, 0.0039033
817, 243.2557, 0.0041109
818, 253.6011, 0.0039432
819, 242.4713, 0.0041242
820, 227.6038, 0.0043936
821, 247.6167, 0.0040385
822, 263.0471, 0.0038016
823, 238.9144, 0.0041856
824, 246.8039, 0.0040518
825, 245.7365, 0.0040694
826, 256.0426, 0.0039056
827, 251.5344, 0.0039756
828, 245.1341, 0.0040794
829, 236.161, 0.0042344
830, 254.2459, 0.0039332
831, 248.0405, 0.0040316
832, 243.6647, 0.004104
833, 241.4001, 0.0041425
834, 251.8321, 0.0039709
835, 241.4234, 0.0041421
836, 237.3549, 0.0042131
837, 252.4488, 0.0039612
838, 252.6209, 0.0039585
839, 242.295, 0.0041272
840, 233.7923, 0.0042773
841, 256.6603, 0.0038962
842, 245.2664, 0.0040772
843, 248.4595, 0.0040248
844, 220.8969, 0.004527
845, 244.7321, 0.0040861
846, 254.1361, 0.0039349
847, 255.024, 0.0039212
848, 239.4005, 0.0041771
849, 236.6976, 0.0042248
850, 258.3379, 0.0038709
851, 205.2587, 0.0048719
852, 231.3583, 0.0043223
853, 249.0846, 0.0040147
854, 243.4986, 0.0041068
855, 253.2672, 0.0039484
856, 237.9536, 0.0042025
857, 235.0287, 0.0042548
858, 36.92953, 0.0270786
859, 18.13227, 0.0551503
860, 16.17751, 0.0618142
861, 19.31326, 0.0517779
862, 18.00673, 0.0555348
863, 52.13193, 0.0191821
864, 72.45799, 0.0138011
865, 68.38121, 0.0146239
866, 70.21979, 0.014241
867, 67.90203, 0.0147271
868, 68.81981, 0.0145307
869, 71.15007, 0.0140548
870, 70.57462, 0.0141694
871, 71.44643, 0.0139965
872, 70.58857, 0.0141666
873, 70.73036, 0.0141382
874, 70.42998, 0.0141985
875, 71.34754, 0.0140159
876, 72.4412, 0.0138043
877, 70.81401, 0.0141215
878, 71.69641, 0.0139477
879, 70.30816, 0.0142231
880, 71.76021, 0.0139353
881, 72.42651, 0.0138071
882, 72.17403, 0.0138554
883, 71.76124, 0.0139351
884, 71.6358, 0.0139595
885, 71.868, 0.0139144
886, 71.11162, 0.0140624
887, 72.14435, 0.0138611
888, 72.03417, 0.0138823
889, 71.19617, 0.0140457
890, 71.1607, 0.0140527
891, 71.48167, 0.0139896
892, 71.425, 0.0140007
893, 72.45222, 0.0138022
894, 71.91658, 0.013905
895, 71.81019, 0.0139256
896, 71.4046, 0.0140047
897, 71.624, 0.0139618
898, 70.14492, 0.0142562
899, 72.2606, 0.0138388
900, 71.65428, 0.0139559
901, 73.19733, 0.0136617
902, 70.69536, 0.0141452
903, 72.13081, 0.0138637
904, 71.11414, 0.0140619
905, 59.27542, 0.0168704
906, 54.36407, 0.0183945
907, 159.1926, 0.0062817
908, 70.3923, 0.0142061
909, 71.53793, 0.0139786
910, 72.35052, 0.0138216
911, 70.92198, 0.0141
912, 72.23763, 0.0138432
913, 70.79446, 0.0141254
914, 72.40343, 0.0138115
915, 71.81689, 0.0139243
916, 72.64697, 0.0137652
917, 71.32922, 0.0140195
918, 71.70206, 0.0139466
919, 71.93003, 0.0139024
920, 71.80607, 0.0139264
921, 71.83237, 0.0139213
922, 71.3043, 0.0140244
923, 71.89848, 0.0139085
924, 70.5542, 0.0141735
925, 72.30449, 0.0138304
926, 72.06895, 0.0138756
927, 71.24435, 0.0140362
928, 70.59355, 0.0141656
929, 71.86748, 0.0139145
930, 73.53698, 0.0135986
931, 71.23319, 0.0140384
932, 72.1459, 0.0138608
933, 71.6358, 0.0139595
934, 70.53778, 0.0141768
935, 71.15969, 0.0140529
936, 71.8649, 0.013915
937, 73.49644, 0.0136061
938, 71.1607, 0.0140527
939, 71.91244, 0.0139058
940, 71.2134, 0.0140423
941, 72.70665, 0.0137539
942, 71.34347, 0.0140167
943, 72.30292, 0.0138307
944, 71.73859, 0.0139395
945, 71.48576, 0.0139888
946, 70.49104, 0.0141862
947, 72.2152, 0.0138475
948, 73.31701, 0.0136394
949, 71.29871, 0.0140255
950, 71.19921, 0.0140451
951, 72.20895, 0.0138487
952, 71.69487, 0.013948
953, 70.66638, 0.014151
954, 72.53999, 0.0137855
955, 71.60093, 0.0139663
956, 71.97766, 0.0138932
957, 70.8406, 0.0141162
958, 72.86346, 0.0137243
959, 70.81401, 0.0141215
960, 71.52155, 0.0139818
961, 72.66175, 0.0137624
962, 71.36333, 0.0140128
963, 71.82618, 0.0139225
964, 71.69332, 0.0139483
965, 71.94865, 0.0138988
966, 71.15159, 0.0140545
967, 72.0565, 0.013878
968, 71.20022, 0.0140449
969, 72.28463, 0.0138342
970, 70.10213, 0.0142649
971, 73.00549, 0.0136976
972, 72.62376, 0.0137696
973, 71.62605, 0.0139614
974, 71.26619, 0.0140319
975, 71.85921, 0.0139161
976, 72.06324, 0.0138767
977, 71.49189, 0.0139876
978, 70.66788, 0.0141507
979, 72.12249, 0.0138653
980, 72.94691, 0.0137086
981, 70.43444, 0.0141976
982, 72.64011, 0.0137665
983, 71.86748, 0.0139145
984, 71.77617, 0.0139322
985, 71.87988, 0.0139121
986, 71.57121, 0.0139721
987, 71.98647, 0.0138915
988, 71.71492, 0.0139441
989, 71.52053, 0.013982
990, 70.96678, 0.0140911
991, 72.64539, 0.0137655
992, 71.55943, 0.0139744
993, 71.7633, 0.0139347
994, 71.92485, 0.0139034
995, 71.98698, 0.0138914
996, 70.9245, 0.0140995
997, 72.78709, 0.0137387
998, 71.0732, 0.01407
999, 72.12822, 0.0138642
1000, 71.07725, 0.0140692
1001, 71.1101, 0.0140627
1002, 71.53536, 0.0139791
1003, 71.58657, 0.0139691
1004, 73.05723, 0.0136879
1005, 72.04092, 0.013881
1006, 71.57684, 0.013971
1007, 72.18705, 0.0138529
1008, 70.79145, 0.014126
1009, 72.38666, 0.0138147
1010, 71.70464, 0.0139461
1011, 72.05338, 0.0138786
1012, 69.92714, 0.0143006
1013, 73.06043, 0.0136873
1014, 70.74787, 0.0141347
1015, 71.95798, 0.013897
1016, 72.80299, 0.0137357
1017, 72.10533, 0.0138686
1018, 71.1683, 0.0140512
1019, 72.16986, 0.0138562
1020, 71.48321, 0.0139893
1021, 72.13029, 0.0138638
1022, 71.66352, 0.0139541
1023, 70.90087, 0.0141042
1024, 72.07415, 0.0138746
1025, 72.48373, 0.0137962
1026, 71.67072, 0.0139527
1027, 71.34042, 0.0140173
1028, 71.89641, 0.0139089
1029, 72.18237, 0.0138538
1030, 71.19921, 0.0140451
1031, 71.68613, 0.0139497
1032, 72.5442, 0.0137847
1033, 71.76124, 0.0139351
1034, 70.7654, 0.0141312
1035, 72.37304, 0.0138173
1036, 71.96626, 0.0138954
1037, 72.08402, 0.0138727
1038, 71.01617, 0.0140813
1039, 72.21051, 0.0138484
1040, 71.85198, 0.0139175
1041, 71.4643, 0.013993
1042, 71.83289, 0.0139212
1043, 71.64452, 0.0139578
1044, 71.78905, 0.0139297
1045, 70.30273, 0.0142242
1046, 72.26269, 0.0138384
1047, 72.72462, 0.0137505
1048, 71.8959, 0.013909
1049, 71.0722, 0.0140702
1050, 72.37461, 0.013817
1051, 71.61067, 0.0139644
1052, 71.67688, 0.0139515
1053, 71.91709, 0.0139049
1054, 71.68048, 0.0139508
1055, 72.06532, 0.0138763
1056, 70.60551, 0.0141632
1057, 72.61163, 0.0137719
1058, 70.69636, 0.014145
1059, 72.33482, 0.0138246
1060, 72.1532, 0.0138594
1061, 72.22668, 0.0138453
1062, 71.50723, 0.0139846
1063, 71.99994, 0.0138889
1064, 71.64555, 0.0139576
1065, 72.05961, 0.0138774
1066, 71.77257, 0.0139329
1067, 70.68787, 0.0141467
1068, 73.23753, 0.0136542
1069, 70.39081, 0.0142064
1070, 71.39645, 0.0140063
1071, 73.07805, 0.013684
1072, 72.71035, 0.0137532
1073, 71.43929, 0.0139979
1074, 71.68613, 0.0139497
1075, 71.10454, 0.0140638
1076, 72.50423, 0.0137923
1077, 71.94038, 0.0139004
1078, 70.79295, 0.0141257
1079, 72.35, 0.0138217
1080, 71.15159, 0.0140545
1081, 71.10049, 0.0140646
1082, 72.82207, 0.0137321
1083, 71.93727, 0.013901
1084, 71.62862, 0.0139609
1085, 72.32959, 0.0138256
1086, 71.43623, 0.0139985
1087, 71.10352, 0.014064
1088, 72.90702, 0.0137161
1089, 70.05058, 0.0142754
1090, 72.91553, 0.0137145
1091, 72.74208, 0.0137472
1092, 71.19009, 0.0140469
1093, 71.58504, 0.0139694
1094, 71.93003, 0.0139024
1095, 71.74476, 0.0139383
1096, 72.3207, 0.0138273
1097, 71.08533, 0.0140676
1098, 72.20477, 0.0138495
1099, 70.48707, 0.014187
1100, 72.07623, 0.0138742
1101, 72.80299, 0.0137357
1102, 71.34194, 0.014017
1103, 72.84171, 0.0137284
1104, 70.80849, 0.0141226
1105, 72.41759, 0.0138088
1106, 71.48167, 0.0139896
1107, 72.1657, 0.013857
1108, 71.77617, 0.0139322
1109, 71.50365, 0.0139853
1110, 70.80448, 0.0141234
1111, 71.56608, 0.0139731
1112, 73.00336, 0.013698
1113, 71.425, 0.0140007
1114, 71.94452, 0.0138996
1115, 71.4924, 0.0139875
1116, 71.73138, 0.0139409
1117, 72.15007, 0.01386
1118, 71.31955, 0.0140214
1119, 72.0212, 0.0138848
1120, 71.48321, 0.0139893
1121, 72.09286, 0.013871
1122, 69.89341, 0.0143075
1123, 73.75665, 0.0135581
1124, 71.5958, 0.0139673
1125, 71.63324, 0.01396
1126, 72.04299, 0.0138806
1127, 72.08974, 0.0138716
1128, 71.39746, 0.0140061
1129, 71.9585, 0.0138969
1130, 71.78854, 0.0139298
1131, 71.88245, 0.0139116
1132, 71.83392, 0.013921
1133, 70.79746, 0.0141248
1134, 72.40553, 0.0138111
1135, 71.64452, 0.0139578
1136, 72.18653, 0.013853
1137, 71.79833, 0.0139279
1138, 71.84579, 0.0139187
1139, 71.27787, 0.0140296
1140, 72.44854, 0.0138029
1141, 70.1341, 0.0142584
1142, 72.76114, 0.0137436
1143, 70.80147, 0.014124
1144, 70.79496, 0.0141253
1145, 74.58012, 0.0134084
1146, 71.12022, 0.0140607
1147, 72.19539, 0.0138513
1148, 72.01134, 0.0138867
1149, 71.7216, 0.0139428
1150, 71.45103, 0.0139956
1151, 72.09286, 0.013871
1152, 72.07207, 0.013875
1153, 70.30569, 0.0142236
1154, 72.92031, 0.0137136
1155, 71.07825, 0.014069
1156, 72.97779, 0.0137028
1157, 71.56711, 0.0139729
1158, 71.30176, 0.0140249
1159, 72.44749, 0.0138031
1160, 71.96833, 0.013895
1161, 71.74837, 0.0139376
1162, 71.76227, 0.0139349
1163, 71.56557, 0.0139732
1164, 71.46992, 0.0139919
1165, 71.83753, 0.0139203
1166, 70.77892, 0.0141285
1167, 73.36649, 0.0136302
1168, 71.53741, 0.0139787
1169, 71.43112, 0.0139995
1170, 71.95642, 0.0138973
1171, 72.01031, 0.0138869
1172, 71.12426, 0.0140599
1173, 72.78285, 0.0137395
1174, 70.84511, 0.0141153
1175, 72.14018, 0.0138619
1176, 72.70506, 0.0137542
1177, 71.11617, 0.0140615
1178, 71.9787, 0.013893
1179, 72.22146, 0.0138463
1180, 71.30684, 0.0140239
1181, 71.5753, 0.0139713
1182, 71.58094, 0.0139702
1183, 72.79398, 0.0137374
1184, 71.33329, 0.0140187
1185, 72.70295, 0.0137546
1186, 71.53434, 0.0139793
1187, 71.13893, 0.014057
1188, 72.05909, 0.0138775
1189, 72.0212, 0.0138848
1190, 71.45766, 0.0139943
1191, 71.82979, 0.0139218
1192, 72.40553, 0.0138111
1193, 71.66712, 0.0139534
1194, 71.13337, 0.0140581
1195, 72.04974, 0.0138793
1196, 71.80503, 0.0139266
1197, 71.60605, 0.0139653
1198, 71.92123, 0.0139041
1199, 71.68459, 0.01395
1200, 72.69238, 0.0137566
1201, 71.5236, 0.0139814
1202, 71.12477, 0.0140598
1203, 72.44329, 0.0138039
1204, 72.04974, 0.0138793
1205, 71.3338, 0.0140186
1206, 72.28306, 0.0138345
1207, 71.53895, 0.0139784
1208, 71.13489, 0.0140578
1209, 71.98698, 0.0138914
1210, 72.17715, 0.0138548
1211, 72.42231, 0.0138079
1212, 72.01809, 0.0138854
1213, 71.32922, 0.0140195
1214, 71.55533, 0.0139752
1215, 72.52473, 0.0137884
1216, 71.88142, 0.0139118
1217, 71.17336, 0.0140502
1218, 72.23138, 0.0138444
1219, 70.8416, 0.014116
1220, 72.3589, 0.01382
1221, 71.7391, 0.0139394
1222, 72.27314, 0.0138364
1223, 71.55379, 0.0139755
1224, 71.69949, 0.0139471
1225, 72.11209, 0.0138673
1226, 71.38319, 0.0140089
1227, 72.186, 0.0138531
1228, 69.6665, 0.0143541
1229, 74.21922, 0.0134736
1230, 69.88267, 0.0143097
1231, 72.69238, 0.0137566
1232, 71.76278, 0.0139348
1233, 73.04442, 0.0136903
1234, 71.94659, 0.0138992
1235, 71.25552, 0.014034
1236, 71.87109, 0.0139138
1237, 71.93106, 0.0139022
1238, 71.0197, 0.0140806
1239, 73.00816, 0.0136971
1240, 70.64092, 0.0141561
1241, 73.15717, 0.0136692
1242, 70.28197, 0.0142284
1243, 72.39662, 0.0138128
1244, 71.97041, 0.0138946
1245, 72.52789, 0.0137878
1246, 71.21949, 0.0140411
1247, 71.95694, 0.0138972
1248, 70.77992, 0.0141283
1249, 73.0695, 0.0136856
1250, 69.86655, 0.014313
1251, 73.65994, 0.0135759
1252, 72.3589, 0.01382
1253, 71.23065, 0.0140389
1254, 70.87273, 0.0141098
1255, 73.0914, 0.0136815
1256, 72.04871, 0.0138795
1257, 71.16323, 0.0140522
1258, 71.82257, 0.0139232
1259, 72.31756, 0.0138279
1260, 71.5794, 0.0139705
1261, 70.37595, 0.0142094
1262, 73.58406, 0.0135899
1263, 71.87678, 0.0139127
1264, 71.85353, 0.0139172
1265, 71.17944, 0.014049
1266, 72.51894, 0.0137895
1267, 71.91193, 0.0139059
1268, 71.49905, 0.0139862
1269, 72.04248, 0.0138807
1270, 71.87885, 0.0139123
1271, 72.13602, 0.0138627
1272, 70.42601, 0.0141993
1273, 72.9943, 0.0136997
1274, 71.55533, 0.0139752
1275, 72.01498, 0.013886
1276, 71.22811, 0.0140394
1277, 72.30711, 0.0138299
1278, 71.7463, 0.013938
1279, 71.94762, 0.013899
1280, 71.83186, 0.0139214
1281, 70.96376, 0.0140917
1282, 72.66808, 0.0137612
1283, 71.24486, 0.0140361
1284, 72.38509, 0.013815
1285, 71.62041, 0.0139625
1286, 71.41479, 0.0140027
1287, 69.80364, 0.0143259
1288, 74.3959, 0.0134416
1289, 72.11729, 0.0138663
1290, 71.74785, 0.0139377
1291, 71.42653, 0.0140004
1292, 71.44389, 0.013997
1293, 72.07623, 0.0138742
1294, 71.53485, 0.0139792
1295, 72.51631, 0.01379
1296, 71.75815, 0.0139357
1297, 71.13287, 0.0140582
1298, 71.53485, 0.0139792
1299, 73.20269, 0.0136607
1300, 71.66352, 0.0139541
1301, 71.67842, 0.0139512
1302, 71.90417, 0.0139074
1303, 71.38472, 0.0140086
1304, 72.55367, 0.0137829
1305, 71.03433, 0.0140777
1306, 72.42021, 0.0138083
1307, 71.8365, 0.0139205
1308, 72.07986, 0.0138735
1309, 70.30173, 0.0142244
1310, 73.04709, 0.0136898
1311, 70.76189, 0.0141319
1312, 72.75108, 0.0137455
1313, 71.83392, 0.013921
1314, 70.93255, 0.0140979
1315, 72.64539, 0.0137655
1316, 71.79782, 0.013928
1317, 71.92278, 0.0139038
1318, 71.84992, 0.0139179
1319, 71.67123, 0.0139526
1320, 71.38727, 0.0140081
1321, 72.41444, 0.0138094
1322, 70.72986, 0.0141383
1323, 72.61004, 0.0137722
1324, 72.05961, 0.0138774
1325, 71.18704, 0.0140475
1326, 72.08558, 0.0138724
1327, 72.19695, 0.013851
1328, 71.70927, 0.0139452
1329, 71.29414, 0.0140264
1330, 72.70506, 0.0137542
1331, 70.59007, 0.0141663
1332, 72.62744, 0.0137689
1333, 72.47112, 0.0137986
1334, 71.54919, 0.0139764
1335, 71.37148, 0.0140112
1336, 70.72886, 0.0141385
1337, 73.38641, 0.0136265
1338, 71.5236, 0.0139814
1339, 71.52206, 0.0139817
1340, 71.9958, 0.0138897
1341, 71.7942, 0.0139287
1342, 71.36944, 0.0140116
1343, 72.0212, 0.0138848
1344, 72.37723, 0.0138165
1345, 71.77308, 0.0139328
1346, 70.27456, 0.0142299
1347, 72.9517, 0.0137077
1348, 72.56736, 0.0137803
1349, 71.49393, 0.0139872
1350, 71.52411, 0.0139813
1351, 72.18132, 0.013854
1352, 71.78699, 0.0139301
1353, 69.6903, 0.0143492
1354, 73.57864, 0.0135909
1355, 71.64196, 0.0139583
1356, 72.71246, 0.0137528
1357, 71.76587, 0.0139342
1358, 71.57632, 0.0139711
1359, 70.86469, 0.0141114
1360, 72.96021, 0.0137061
1361, 71.55584, 0.0139751
1362, 72.19643, 0.0138511
1363, 71.34093, 0.0140172
1364, 70.69086, 0.0141461
1365, 72.2606, 0.0138388
1366, 72.60635, 0.0137729
1367, 71.86645, 0.0139147
1368, 71.94348, 0.0138998
1369, 72.03469, 0.0138822
1370, 71.65428, 0.0139559
1371, 71.84734, 0.0139184
1372, 71.04543, 0.0140755
1373, 72.43804, 0.0138049
1374, 71.19363, 0.0140462
1375, 71.04341, 0.0140759
1376, 72.57104, 0.0137796
1377, 72.56841, 0.0137801
1378, 72.0015, 0.0138886
1379, 71.89951, 0.0139083
1380, 34.98975, 0.0285798
1381, 45.90399, 0.0217846
1382, 124.6805, 0.0080205
1383, 80.63866, 0.012401
1384, 75.39375, 0.0132637
1385, 71.08938, 0.0140668
1386, 71.53793, 0.0139786
1387, 71.62862, 0.0139609
1388, 71.00609, 0.0140833
1389, 74.97601, 0.0133376
1390, 69.05505, 0.0144812
1391, 68.41162, 0.0146174
1392, 74.20159, 0.0134768
1393, 74.22472, 0.0134726
1394, 71.77463, 0.0139325
1395, 71.92175, 0.013904
1396, 70.89986, 0.0141044
1397, 74.73841, 0.01338
1398, 73.60572, 0.0135859
1399, 71.65274, 0.0139562
1400, 72.06013, 0.0138773
1401, 71.41479, 0.0140027
1402, 72.00772, 0.0138874
1403, 71.71286, 0.0139445
1404, 71.64864, 0.013957
1405, 71.753, 0.0139367
1406, 71.46941, 0.013992
1407, 69.89586, 0.014307
1408, 75.21907, 0.0132945
1409, 71.46124, 0.0139936
1410, 70.63993, 0.0141563
1411, 68.54292, 0.0145894
1412, 74.18233, 0.0134803
1413, 70.01527, 0.0142826
1414, 71.61631, 0.0139633
1415, 70.96729, 0.014091
1416, 73.10796, 0.0136784
1417, 69.23386, 0.0144438
1418, 72.33744, 0.0138241
1419, 66.57479, 0.0150207
1420, 82.27541, 0.0121543
1421, 72.42755, 0.0138069
1422, 71.20073, 0.0140448
1423, 71.47656, 0.0139906
1424, 71.5456, 0.0139771
1425, 72.82314, 0.0137319
1426, 74.02856, 0.0135083
1427, 69.03455, 0.0144855
1428, 68.24355, 0.0146534
1429, 75.47797, 0.0132489
1430, 72.90702, 0.0137161
1431, 71.27736, 0.0140297
1432, 70.05794, 0.0142739
1433, 63.70522, 0.0156973
1434, 77.71577, 0.0128674
1435, 76.8604, 0.0130106
1436, 63.56997, 0.0157307
1437, 78.64232, 0.0127158
1438, 75.49962, 0.0132451
1439, 74.63689, 0.0133982
1440, 71.78751, 0.01393
1441, 72.40395, 0.0138114
1442, 71.81947, 0.0139238
1443, 68.50723, 0.014597
1444, 73.25363, 0.0136512
1445, 71.5584, 0.0139746
1446, 70.86319, 0.0141117
1447, 71.5016, 0.0139857
1448, 68.93699, 0.014506
1449, 73.4716, 0.0136107
1450, 63.61283, 0.0157201
1451, 79.7035, 0.0125465
1452, 75.00581, 0.0133323
1453, 73.50347, 0.0136048
1454, 71.60861, 0.0139648
1455, 74.03678, 0.0135068
1456, 72.32803, 0.0138259
1457, 71.86851, 0.0139143
1458, 71.75352, 0.0139366
1459, 70.52435, 0.0141795
1460, 70.52087, 0.0141802
1461, 70.31013, 0.0142227
1462, 72.73468, 0.0137486
1463, 71.76948, 0.0139335
1464, 70.8416, 0.014116
1465, 72.06844, 0.0138757
1466, 63.53927, 0.0157383
1467, 78.54041, 0.0127323
1468, 77.05288, 0.0129781
1469, 70.90237, 0.0141039
1470, 75.44152, 0.0132553
1471, 71.36944, 0.0140116
1472, 71.25197, 0.0140347
1473, 70.14984, 0.0142552
1474, 74.22527, 0.0134725
1475, 72.65066, 0.0137645
1476, 71.72366, 0.0139424
1477, 71.48883, 0.0139882
1478, 71.92175, 0.013904
1479, 71.34856, 0.0140157
1480, 72.37985, 0.013816
1481, 71.94193, 0.0139001
1482, 71.66455, 0.0139539
1483, 70.47217, 0.01419
1484, 72.20842, 0.0138488
1485, 72.84754, 0.0137273
1486, 71.88659, 0.0139108
1487, 71.64709, 0.0139573
1488, 72.14799, 0.0138604
1489, 71.92175, 0.013904
1490, 71.57274, 0.0139718
1491, 71.49496, 0.013987
1492, 71.48014, 0.0139899
1493, 72.68023, 0.0137589
1494, 71.60297, 0.0139659
1495, 70.61748, 0.0141608
1496, 73.08766, 0.0136822
1497, 71.92641, 0.0139031
1498, 71.97817, 0.0138931
1499, 71.51746, 0.0139826
1500, 72.16309, 0.0138575
1501, 71.77669, 0.0139321
1502, 71.97351, 0.013894
1503, 70.26962, 0.0142309
1504, 59.31374, 0.0168595
1505, 55.3284, 0.0180739
1506, 147.1086, 0.0067977
1507, 73.02415, 0.0136941
1508, 72.12978, 0.0138639
1509, 70.69036, 0.0141462
1510, 72.09441, 0.0138707
1511, 72.32697, 0.0138261
1512, 72.16309, 0.0138575
1513, 71.48372, 0.0139892
1514, 70.93104, 0.0140982
1515, 72.41496, 0.0138093
1516, 73.18126, 0.0136647
1517, 70.91142, 0.0141021
1518, 72.38771, 0.0138145
1519, 71.72675, 0.0139418
1520, 71.38472, 0.0140086
1521, 71.98958, 0.0138909
1522, 71.92641, 0.0139031
1523, 72.186, 0.0138531
1524, 70.93255, 0.0140979
1525, 72.41129, 0.01381
1526, 71.56352, 0.0139736
1527, 71.81741, 0.0139242
1528, 71.06361, 0.0140719
1529, 72.74685, 0.0137463
1530, 71.58453, 0.0139695
1531, 72.20581, 0.0138493
1532, 71.21544, 0.0140419
1533, 72.46745, 0.0137993
1534, 72.10221, 0.0138692
1535, 70.71436, 0.0141414
1536, 71.85147, 0.0139176
1537, 72.93361, 0.0137111
1538, 71.40103, 0.0140054
1539, 71.18451, 0.014048
1540, 72.39714, 0.0138127
1541, 72.3024, 0.0138308
1542, 71.35263, 0.0140149
1543, 70.60751, 0.0141628
1544, 73.54996, 0.0135962
1545, 71.13235, 0.0140583
1546, 71.99165, 0.0138905
1547, 71.97351, 0.013894
1548, 71.95487, 0.0138976
1549, 72.21207, 0.0138481
1550, 70.92048, 0.0141003
1551, 72.25277, 0.0138403
1552, 72.0072, 0.0138875
1553, 71.59837, 0.0139668
1554, 71.93468, 0.0139015
1555, 72.19591, 0.0138512
1556, 71.56711, 0.0139729
1557, 71.97507, 0.0138937
1558, 71.89486, 0.0139092
1559, 71.80916, 0.0139258
1560, 71.75352, 0.0139366
1561, 71.08331, 0.014068
1562, 71.69076, 0.0139488
1563, 72.67178, 0.0137605
1564, 70.83508, 0.0141173
1565, 72.21938, 0.0138467
1566, 70.94513, 0.0140954
1567, 73.88034, 0.0135354
1568, 71.70412, 0.0139462
1569, 71.33838, 0.0140177
1570, 71.57684, 0.013971
1571, 72.25069, 0.0138407
1572, 71.39186, 0.0140072
1573, 72.05389, 0.0138785
1574, 72.12041, 0.0138657
1575, 71.76896, 0.0139336
1576, 68.97884, 0.0144972
1577, 69.17926, 0.0144552
1578, 76.96511, 0.0129929
1579, 70.22127, 0.0142407
1580, 71.05907, 0.0140728
1581, 75.48594, 0.0132475
1582, 71.33685, 0.014018
1583, 71.43214, 0.0139993
1584, 72.43227, 0.013806
1585, 71.62656, 0.0139613
1586, 72.59317, 0.0137754
1587, 71.34499, 0.0140164
1588, 71.69281, 0.0139484
1589, 72.38456, 0.0138151
1590, 71.53281, 0.0139796
1591, 71.84218, 0.0139194
1592, 71.81432, 0.0139248
1593, 71.30836, 0.0140236
1594, 71.09898, 0.0140649
1595, 72.95223, 0.0137076
1596, 71.75197, 0.0139369
1597, 71.98335, 0.0138921
1598, 71.14703, 0.0140554
1599, 72.26687, 0.0138376
1600, 71.60041, 0.0139664
1601, 72.51736, 0.0137898
1602, 71.50314, 0.0139854
1603, 71.75352, 0.0139366
1604, 71.71646, 0.0139438
1605, 71.46278, 0.0139933
1606, 72.28671, 0.0138338
1607, 71.70721, 0.0139456
1608, 71.29414, 0.0140264
1609, 71.41837, 0.014002
1610, 72.8348, 0.0137297
1611, 71.4689, 0.0139921
1612, 71.66404, 0.013954
1613, 72.42231, 0.0138079
1614, 71.48014, 0.0139899
1615, 71.44337, 0.0139971
1616, 71.60554, 0.0139654
1617, 71.59324, 0.0139678
1618, 71.38879, 0.0140078
1619, 72.63483, 0.0137675
1620, 72.74896, 0.0137459
1621, 71.1987, 0.0140452
1622, 72.05182, 0.0138789
1623, 71.42603, 0.0140005
1624, 71.89848, 0.0139085
1625, 71.92744, 0.0139029
1626, 71.8525, 0.0139174
1627, 70.83157, 0.014118
1628, 73.08499, 0.0136827
1629, 71.85818, 0.0139163
1630, 70.57512, 0.0141693
1631, 73.18555, 0.0136639
1632, 71.80452, 0.0139267
1633, 71.09493, 0.0140657
1634, 72.15736, 0.0138586
1635, 71.61477, 0.0139636
1636, 71.8494, 0.013918
1637, 72.22302, 0.013846
1638, 70.83257, 0.0141178
1639, 73.15503, 0.0136696
1640, 71.74579, 0.0139381
1641, 70.61648, 0.014161
1642, 72.51631, 0.01379
1643, 72.76802, 0.0137423
1644, 70.82755, 0.0141188
1645, 71.8649, 0.013915
1646, 71.9528, 0.013898
1647, 72.10533, 0.0138686
1648, 71.36689, 0.0140121
1649, 71.47554, 0.0139908
1650, 72.45117, 0.0138024
1651, 71.63991, 0.0139587
1652, 71.36842, 0.0140118
1653, 73.0679, 0.0136859
1654, 70.71236, 0.0141418
1655, 72.6702, 0.0137608
1656, 71.90054, 0.0139081
1657, 71.68562, 0.0139498
1658, 70.75689, 0.0141329
1659, 72.77755, 0.0137405
1660, 70.25926, 0.014233
1661, 73.28906, 0.0136446
1662, 72.06999, 0.0138754
1663, 72.0809, 0.0138733
1664, 71.41786, 0.0140021
1665, 72.19695, 0.013851
1666, 70.99348, 0.0140858
1667, 72.58, 0.0137779
1668, 71.13944, 0.0140569
1669, 72.74368, 0.0137469
1670, 65.80592, 0.0151962
1671, 67.6535, 0.0147812
1672, 75.54753, 0.0132367
1673, 74.34612, 0.0134506
1674, 74.61573, 0.013402
1675, 72.19539, 0.0138513
1676, 71.83495, 0.0139208
1677, 73.59652, 0.0135876
1678, 71.36689, 0.0140121
1679, 72.52, 0.0137893
1680, 72.0965, 0.0138703
1681, 71.28092, 0.014029
1682, 70.37843, 0.0142089
1683, 73.74088, 0.013561
1684, 71.55994, 0.0139743
1685, 72.10481, 0.0138687
1686, 71.80246, 0.0139271
1687, 71.62503, 0.0139616
1688, 71.77463, 0.0139325
1689, 72.31966, 0.0138275
1690, 70.9693, 0.0140906
1691, 71.71183, 0.0139447
1692, 72.59106, 0.0137758
1693, 71.57787, 0.0139708
1694, 72.0861, 0.0138723
1695, 72.38037, 0.0138159
1696, 71.65633, 0.0139555
1697, 71.4352, 0.0139987
1698, 72.14643, 0.0138607
1699, 71.43623, 0.0139985
1700, 71.4097, 0.0140037
1701, 72.30919, 0.0138295
1702, 71.23015, 0.014039
1703, 72.15372, 0.0138593
1704, 71.35212, 0.014015
1705, 72.49529, 0.013794
1706, 71.84734, 0.0139184
1707, 71.72623, 0.0139419
1708, 71.37045, 0.0140114
1709, 72.12197, 0.0138654
1710, 71.98854, 0.0138911
1711, 71.69743, 0.0139475
1712, 72.03884, 0.0138814
1713, 71.26009, 0.0140331
1714, 72.41811, 0.0138087
1715, 70.58658, 0.014167
1716, 73.41013, 0.0136221
1717, 71.69795, 0.0139474
1718, 71.81792, 0.0139241
1719, 71.98595, 0.0138916
1720, 71.12022, 0.0140607
1721, 72.49844, 0.0137934
1722, 71.98284, 0.0138922
1723, 71.22456, 0.0140401
1724, 71.46686, 0.0139925
1725, 72.61636, 0.013771
1726, 70.78944, 0.0141264
1727, 72.68498, 0.013758
1728, 72.479, 0.0137971
1729, 71.52155, 0.0139818
1730, 71.4781, 0.0139903
1731, 72.19226, 0.0138519
1732, 71.47707, 0.0139905
1733, 70.20007, 0.014245
1734, 72.84117, 0.0137285
1735, 72.69344, 0.0137564
1736, 71.60657, 0.0139652
1737, 70.66888, 0.0141505
1738, 72.8348, 0.0137297
1739, 72.22407, 0.0138458
1740, 71.70927, 0.0139452
1741, 71.79163, 0.0139292
1742, 68.46736, 0.0146055
1743, 75.36931, 0.013268
1744, 70.75138, 0.014134
1745, 72.83321, 0.01373
1746, 71.47963, 0.01399
1747, 71.41786, 0.0140021
1748, 71.62759, 0.0139611
1749, 73.23379, 0.0136549
1750, 71.70052, 0.0139469
1751, 71.79833, 0.0139279
1752, 71.61015, 0.0139645
1753, 72.30344, 0.0138306
1754, 71.65017, 0.0139567
1755, 71.11617, 0.0140615
1756, 72.43175, 0.0138061
1757, 72.40029, 0.0138121
1758, 71.53946, 0.0139783
1759, 70.98089, 0.0140883
1760, 72.71458, 0.0137524
1761, 71.60554, 0.0139654
1762, 71.78957, 0.0139296
1763, 72.29456, 0.0138323
1764, 71.56352, 0.0139736
1765, 70.73186, 0.0141379
1766, 73.11705, 0.0136767
1767, 71.34652, 0.0140161
1768, 71.90572, 0.0139071
1769, 71.8334, 0.0139211
1770, 70.85967, 0.0141124
1771, 72.32384, 0.0138267
1772, 72.29142, 0.0138329
1773, 71.80658, 0.0139263
1774, 71.45358, 0.0139951
1775, 71.79782, 0.013928
1776, 71.37148, 0.0140112
1777, 72.9911, 0.0137003
1778, 71.31752, 0.0140218
1779, 71.8587, 0.0139162
1780, 71.63837, 0.013959
1781, 70.62247, 0.0141598
1782, 73.80946, 0.0135484
1783, 71.68356, 0.0139502
1784, 71.93365, 0.0139017
1785, 71.25501, 0.0140341
1786, 71.4449, 0.0139968
1787, 72.41707, 0.0138089
1788, 72.07051, 0.0138753
1789, 71.81483, 0.0139247
1790, 71.75094, 0.0139371
1791, 72.00772, 0.0138874
1792, 71.19971, 0.014045
1793, 71.72829, 0.0139415
1794, 73.00069, 0.0136985
1795, 71.48116, 0.0139897
1796, 71.50263, 0.0139855
1797, 72.33116, 0.0138253
1798, 71.66455, 0.0139539
1799, 71.68304, 0.0139503
1800, 72.25121, 0.0138406
1801, 71.73395, 0.0139404
1802, 71.73498, 0.0139402
1803, 71.54816, 0.0139766
1804, 72.18861, 0.0138526
1805, 70.94111, 0.0140962
1806, 72.24024, 0.0138427
1807, 71.71697, 0.0139437
1808, 72.37775, 0.0138164
1809, 71.76227, 0.0139349
1810, 71.70206, 0.0139466
1811, 70.90288, 0.0141038
1812, 72.52421, 0.0137885
1813, 71.99165, 0.0138905
1814, 71.15311, 0.0140542
1815, 72.51685, 0.0137899
1816, 71.53741, 0.0139787
1817, 71.81277, 0.0139251
1818, 72.49161, 0.0137947
1819, 71.00054, 0.0140844
1820, 72.76325, 0.0137432
1821, 71.44439, 0.0139969
1822, 71.99061, 0.0138907
1823, 71.14197, 0.0140564
1824, 71.94711, 0.0138991
1825, 71.60657, 0.0139652
1826, 72.64539, 0.0137655
1827, 71.39848, 0.0140059
1828, 72.30711, 0.0138299
1829, 69.64806, 0.0143579
1830, 74.5701, 0.0134102
1831, 71.8138, 0.0139249
1832, 71.23573, 0.0140379
1833, 72.16048, 0.013858
1834, 71.39542, 0.0140065
1835, 71.89227, 0.0139097
1836, 71.49649, 0.0139867
1837, 72.3139, 0.0138286
1838, 71.78957, 0.0139296
1839, 70.66089, 0.0141521
1840, 73.259, 0.0136502
1841, 71.38778, 0.014008
1842, 71.19668, 0.0140456
1843, 72.78921, 0.0137383
1844, 71.93262, 0.0139019
1845, 71.46584, 0.0139927
1846, 71.39848, 0.0140059
1847, 71.64042, 0.0139586
1848, 72.38876, 0.0138143
1849, 71.63375, 0.0139599
1850, 71.64452, 0.0139578
1851, 72.28515, 0.0138341
1852, 71.84579, 0.0139187
1853, 72.24181, 0.0138424
1854, 71.0071, 0.0140831
1855, 72.3343, 0.0138247
1856, 71.57478, 0.0139714
1857, 72.3024, 0.0138308
1858, 70.59355, 0.0141656
1859, 72.7961, 0.013737
1860, 71.03736, 0.0140771
1861, 72.29822, 0.0138316
1862, 72.35576, 0.0138206
1863, 71.88453, 0.0139112
1864, 72.09702, 0.0138702
1865, 71.67688, 0.0139515
1866, 71.65017, 0.0139567
1867, 72.07259, 0.0138749
1868, 71.61324, 0.0139639
1869, 71.25197, 0.0140347
1870, 72.31913, 0.0138276
1871, 71.05351, 0.0140739
1872, 72.00409, 0.0138881
1873, 72.70824, 0.0137536
1874, 72.03937, 0.0138813
1875, 71.18958, 0.014047
1876, 72.31808, 0.0138278
1877, 72.00772, 0.0138874
1878, 72.03677, 0.0138818
1879, 71.61118, 0.0139643
1880, 70.71436, 0.0141414
1881, 72.53999, 0.0137855
1882, 70.9557, 0.0140933
1883, 73.05456, 0.0136884
1884, 71.67739, 0.0139514
1885, 72.2345, 0.0138438
1886, 71.11819, 0.0140611
1887, 72.12978, 0.0138639
1888, 71.35722, 0.014014
1889, 72.30711, 0.0138299
1890, 71.1607, 0.0140527
1891, 71.43775, 0.0139982
1892, 73.09033, 0.0136817
1893, 70.56864, 0.0141706
1894, 72.53104, 0.0137872
1895, 72.08662, 0.0138722
1896, 72.40553, 0.0138111
1897, 70.73136, 0.014138
1898, 72.26269, 0.0138384
1899, 72.36832, 0.0138182
1900, 71.7973, 0.0139281
1901, 70.72036, 0.0141402
1902, 72.05805, 0.0138777
1903, 71.97196, 0.0138943
1904, 72.34425, 0.0138228
1905, 71.92537, 0.0139033
1906, 71.68099, 0.0139507
1907, 71.84682, 0.0139185
1908, 71.89641, 0.0139089
1909, 72.19226, 0.0138519
1910, 71.11465, 0.0140618
1911, 72.02483, 0.0138841
1912, 71.39236, 0.0140071
1913, 70.53928, 0.0141765
1914, 72.02431, 0.0138842
1915, 73.63228, 0.013581
1916, 70.95117, 0.0140942
1917, 72.29299, 0.0138326
1918, 71.73705, 0.0139398
1919, 71.98958, 0.0138909
1920, 70.62496, 0.0141593
1921, 72.98045, 0.0137023
1922, 71.82257, 0.0139232
1923, 71.26416, 0.0140323
1924, 71.15816, 0.0140532
1925, 73.07698, 0.0136842
1926, 71.45613, 0.0139946
1927, 72.41287, 0.0138097
1928, 71.56659, 0.013973
1929, 72.18288, 0.0138537
1930, 70.34921, 0.0142148
1931, 72.84647, 0.0137275
1932, 72.03988, 0.0138812
1933, 71.90572, 0.0139071
1934, 70.60402, 0.0141635
1935, 72.09077, 0.0138714
1936, 73.04602, 0.01369
1937, 71.61528, 0.0139635
1938, 69.67476, 0.0143524
1939, 74.16307, 0.0134838
1940, 71.81895, 0.0139239
1941, 68.30881, 0.0146394
1942, 72.52946, 0.0137875
1943, 71.94141, 0.0139002
1944, 70.79897, 0.0141245
1945, 72.7606, 0.0137437
1946, 71.55584, 0.0139751
1947, 73.3778, 0.0136281
1948, 69.72237, 0.0143426
1949, 73.27296, 0.0136476
1950, 70.22373, 0.0142402
1951, 69.10754, 0.0144702
1952, 65.09103, 0.0153631
1953, 74.26937, 0.0134645
1954, 78.14637, 0.0127965
1955, 74.94623, 0.0133429
1956, 70.56366, 0.0141716
1957, 73.86234, 0.0135387
1958, 72.11209, 0.0138673
1959, 74.40531, 0.0134399
1960, 70.33041, 0.0142186
1961, 70.38635, 0.0142073
1962, 72.18184, 0.0138539
1963, 71.69795, 0.0139474
1964, 71.37759, 0.01401
1965, 70.57262, 0.0141698
1966, 69.8056, 0.0143255
1967, 73.59489, 0.0135879
1968, 72.58685, 0.0137766
1969, 73.69685, 0.0135691
1970, 70.63145, 0.014158
1971, 64.46581, 0.0155121
1972, 77.36704, 0.0129254
1973, 72.85974, 0.013725
1974, 45.12737, 0.0221595
1975, 144.4899, 0.0069209
1976, 81.30544, 0.0122993
1977, 74.4829, 0.0134259
1978, 72.37828, 0.0138163
1979, 22.06507, 0.0453205
