Frame, FPS, Frame Time
1, 50, 0.02
2, 50, 0.02
3, 3, 0.3333333
4, 5.342528, 0.1871773
5, 53.54265, 0.0186767
6, 94.32272, 0.0106019
7, 72.13914, 0.0138621
8, 72.4328, 0.0138059
9, 71.83753, 0.0139203
10, 72.79874, 0.0137365
11, 73.03321, 0.0136924
12, 71.37249, 0.014011
13, 72.2674, 0.0138375
14, 71.76742, 0.0139339
15, 71.08685, 0.0140673
16, 72.32959, 0.0138256
17, 71.88711, 0.0139107
18, 71.92382, 0.0139036
19, 71.43419, 0.0139989
20, 72.25956, 0.013839
21, 71.36179, 0.0140131
22, 72.49108, 0.0137948
23, 71.20428, 0.0140441
24, 72.21207, 0.0138481
25, 72.09077, 0.0138714
26, 71.42551, 0.0140006
27, 72.27209, 0.0138366
28, 71.23218, 0.0140386
29, 23.9692, 0.0417202
30, 71.68459, 0.01395
31, 72.15684, 0.0138587
32, 70.29976, 0.0142248
33, 71.61375, 0.0139638
34, 72.32645, 0.0138262
35, 72.16726, 0.0138567
36, 71.14805, 0.0140552
37, 71.90468, 0.0139073
38, 72.88523, 0.0137202
39, 70.66689, 0.0141509
40, 73.18233, 0.0136645
41, 71.76742, 0.0139339
42, 69.97411, 0.014291
43, 73.08713, 0.0136823
44, 71.9958, 0.0138897
45, 70.75889, 0.0141325
46, 73.44787, 0.0136151
47, 71.76793, 0.0139338
48, 70.80147, 0.014124
49, 36.12234, 0.0276837
50, 51.65076, 0.0193608
51, 52.94956, 0.0188859
52, 20.41583, 0.0489816
53, 64.30992, 0.0155497
54, 57.67645, 0.0173381
55, 46.43172, 0.021537
56, 66.83107, 0.0149631
57, 69.2468, 0.0144411
58, 69.28471, 0.0144332
59, 70.29729, 0.0142253
60, 70.01527, 0.0142826
61, 69.02789, 0.0144869
62, 72.01187, 0.0138866
63, 71.14501, 0.0140558
64, 17.85513, 0.0560063
65, 68.30648, 0.0146399
66, 74.53231, 0.013417
67, 71.29007, 0.0140272
68, 68.86862, 0.0145204
69, 73.9377, 0.0135249
70, 60.13555, 0.0166291
71, 85.99561, 0.0116285
72, 73.85906, 0.0135393
73, 70.0658, 0.0142723
74, 72.74685, 0.0137463
75, 71.81689, 0.0139243
76, 70.46471, 0.0141915
77, 70.94362, 0.0140957
78, 73.25954, 0.0136501
79, 71.7, 0.013947
80, 72.57316, 0.0137792
81, 70.89735, 0.0141049
82, 71.02676, 0.0140792
83, 70.68287, 0.0141477
84, 74.20324, 0.0134765
85, 70.70786, 0.0141427
86, 73.36273, 0.0136309
87, 35.74646, 0.0279748
88, 71.77514, 0.0139324
89, 70.52982, 0.0141784
90, 71.37861, 0.0140098
91, 70.85314, 0.0141137
92, 72.07623, 0.0138742
93, 72.52841, 0.0137877
94, 71.254, 0.0140343
95, 71.14855, 0.0140551
96, 73.32776, 0.0136374
97, 71.70155, 0.0139467
98, 71.68459, 0.01395
99, 62.65939, 0.0159593
100, 79.22424, 0.0126224
101, 75.06718, 0.0133214
102, 71.81483, 0.0139247
103, 54.06487, 0.0184963
104, 83.86447, 0.011924
105, 77.15216, 0.0129614
106, 74.90469, 0.0133503
107, 70.30668, 0.0142234
108, 74.92265, 0.0133471
109, 72.49477, 0.0137941
110, 72.23085, 0.0138445
111, 72.5779, 0.0137783
112, 71.98491, 0.0138918
113, 66.47566, 0.0150431
114, 79.45336, 0.012586
115, 71.71697, 0.0139437
116, 72.76537, 0.0137428
117, 23.71388, 0.0421694
118, 74.23244, 0.0134712
119, 71.57121, 0.0139721
120, 72.2392, 0.0138429
121, 68.74648, 0.0145462
122, 73.92841, 0.0135266
123, 70.7684, 0.0141306
124, 73.28423, 0.0136455
125, 72.50685, 0.0137918
126, 71.60144, 0.0139662
127, 71.85043, 0.0139178
128, 71.67637, 0.0139516
129, 70.07217, 0.014271
130, 73.18555, 0.0136639
131, 72.2606, 0.0138388
132, 34.11677, 0.0293111
133, 81.01495, 0.0123434
134, 71.02323, 0.0140799
135, 72.84541, 0.0137277
136, 71.16779, 0.0140513
137, 72.06065, 0.0138772
138, 70.58408, 0.0141675
139, 72.30449, 0.0138304
140, 70.4985, 0.0141847
141, 60.25875, 0.0165951
142, 91.98532, 0.0108713
143, 71.01315, 0.0140819
144, 71.7391, 0.0139394
145, 71.0525, 0.0140741
146, 69.42178, 0.0144047
147, 74.92545, 0.0133466
148, 72.19331, 0.0138517
149, 71.40154, 0.0140053
150, 71.67739, 0.0139514
151, 3.399935, 0.2941233
152, 24.03315, 0.0416092
153, 63.55219, 0.0157351
154, 92.68958, 0.0107887
155, 73.08286, 0.0136831
156, 71.83959, 0.0139199
157, 71.42603, 0.0140005
158, 71.64555, 0.0139576
159, 71.69435, 0.0139481
160, 71.18857, 0.0140472
161, 72.28463, 0.0138342
162, 71.30786, 0.0140237
163, 70.50048, 0.0141843
164, 73.47647, 0.0136098
165, 71.95901, 0.0138968
166, 70.97786, 0.0140889
167, 72.70771, 0.0137537
168, 72.04922, 0.0138794
169, 71.09746, 0.0140652
170, 71.77463, 0.0139325
171, 71.98802, 0.0138912
172, 70.7719, 0.0141299
173, 72.0155, 0.0138859
174, 71.59221, 0.013968
175, 72.93574, 0.0137107
176, 71.59016, 0.0139684
177, 72.28568, 0.013834
178, 71.38727, 0.0140081
179, 71.2129, 0.0140424
180, 72.80034, 0.0137362
181, 71.0626, 0.0140721
182, 71.3338, 0.0140186
183, 72.91872, 0.0137139
184, 71.74682, 0.0139379
185, 71.55431, 0.0139754
186, 71.4398, 0.0139978
187, 57.83656, 0.0172901
188, 95.88923, 0.0104287
189, 71.33533, 0.0140183
190, 67.41861, 0.0148327
191, 75.12527, 0.0133111
192, 73.47755, 0.0136096
193, 71.68665, 0.0139496
194, 71.55686, 0.0139749
195, 71.68768, 0.0139494
196, 72.47269, 0.0137983
197, 70.91544, 0.0141013
198, 72.53841, 0.0137858
199, 71.84218, 0.0139194
200, 72.0835, 0.0138728
201, 71.37861, 0.0140098
202, 71.20022, 0.0140449
203, 66.95995, 0.0149343
204, 74.55287, 0.0134133
205, 71.42245, 0.0140012
206, 69.31544, 0.0144268
207, 72.85869, 0.0137252
208, 74.27048, 0.0134643
209, 62.27619, 0.0160575
210, 83.48849, 0.0119777
211, 72.31756, 0.0138279
212, 55.86561, 0.0179001
213, 100.8105, 0.0099196
214, 70.60352, 0.0141636
215, 59.51283, 0.0168031
216, 85.99118, 0.0116291
217, 59.47708, 0.0168132
218, 81.37822, 0.0122883
219, 86.34982, 0.0115808
220, 73.96395, 0.0135201
221, 65.4065, 0.015289
222, 78.56509, 0.0127283
223, 70.25777, 0.0142333
224, 71.49802, 0.0139864
225, 72.06013, 0.0138773
226, 73.24988, 0.0136519
227, 70.02556, 0.0142805
228, 73.0914, 0.0136815
229, 72.27261, 0.0138365
230, 70.99399, 0.0140857
231, 69.03074, 0.0144863
232, 67.94078, 0.0147187
233, 62.33637, 0.016042
234, 84.4231, 0.0118451
235, 35.84075, 0.0279012
236, 73.76209, 0.0135571
237, 74.69543, 0.0133877
238, 71.03938, 0.0140767
239, 37.79661, 0.0264574
240, 68.77201, 0.0145408
241, 71.14501, 0.0140558
242, 68.27803, 0.014646
243, 73.94481, 0.0135236
244, 73.70663, 0.0135673
245, 73.71152, 0.0135664
246, 71.86748, 0.0139145
247, 70.47018, 0.0141904
248, 72.50159, 0.0137928
249, 71.46226, 0.0139934
250, 72.22772, 0.0138451
251, 71.32413, 0.0140205
252, 70.84962, 0.0141144
253, 72.48583, 0.0137958
254, 69.38422, 0.0144125
255, 69.10181, 0.0144714
256, 76.15972, 0.0131303
257, 72.55157, 0.0137833
258, 71.57735, 0.0139709
259, 71.57427, 0.0139715
260, 70.80799, 0.0141227
261, 73.49969, 0.0136055
262, 72.1355, 0.0138628
263, 71.55533, 0.0139752
264, 72.04715, 0.0138798
265, 71.80761, 0.0139261
266, 71.65428, 0.0139559
267, 70.95822, 0.0140928
268, 73.36596, 0.0136303
269, 70.62446, 0.0141594
270, 72.10013, 0.0138696
271, 71.6317, 0.0139603
272, 71.57274, 0.0139718
273, 71.68202, 0.0139505
274, 72.51001, 0.0137912
275, 49.63765, 0.020146
276, 124.3503, 0.0080418
277, 73.33206, 0.0136366
278, 70.3804, 0.0142085
279, 72.54788, 0.013784
280, 72.09286, 0.013871
281, 70.67937, 0.0141484
282, 73.72783, 0.0135634
283, 71.07877, 0.0140689
284, 71.33228, 0.0140189
285, 72.26687, 0.0138376
286, 72.25277, 0.0138403
287, 71.59888, 0.0139667
288, 71.39491, 0.0140066
289, 69.99223, 0.0142873
290, 74.29586, 0.0134597
291, 71.28194, 0.0140288
292, 72.1881, 0.0138527
293, 68.85867, 0.0145225
294, 74.44077, 0.0134335
295, 72.68182, 0.0137586
296, 70.9955, 0.0140854
297, 71.0626, 0.0140721
298, 67.9454, 0.0147177
299, 76.14291, 0.0131332
300, 72.62691, 0.013769
301, 70.83408, 0.0141175
302, 73.18073, 0.0136648
303, 71.84425, 0.013919
304, 71.17691, 0.0140495
305, 72.37828, 0.0138163
306, 71.10909, 0.0140629
307, 71.61015, 0.0139645
308, 72.35471, 0.0138208
309, 72.25486, 0.0138399
310, 70.69736, 0.0141448
311, 72.87514, 0.0137221
312, 70.2262, 0.0142397
313, 73.15235, 0.0136701
314, 72.0861, 0.0138723
315, 71.1106, 0.0140626
316, 70.83708, 0.0141169
317, 69.57587, 0.0143728
318, 78.95589, 0.0126653
319, 69.2353, 0.0144435
320, 70.71285, 0.0141417
321, 73.75556, 0.0135583
322, 68.87432, 0.0145192
323, 73.85797, 0.0135395
324, 71.25603, 0.0140339
325, 73.83125, 0.0135444
326, 69.27895, 0.0144344
327, 74.31242, 0.0134567
328, 70.62945, 0.0141584
329, 73.50509, 0.0136045
330, 72.08142, 0.0138732
331, 71.53434, 0.0139793
332, 70.63993, 0.0141563
333, 70.62446, 0.0141594
334, 70.3705, 0.0142105
335, 75.6945, 0.013211
336, 71.44337, 0.0139971
337, 72.61742, 0.0137708
338, 71.48525, 0.0139889
339, 71.61324, 0.0139639
340, 69.16299, 0.0144586
341, 74.56844, 0.0134105
342, 71.90262, 0.0139077
343, 72.50632, 0.0137919
344, 70.38784, 0.014207
345, 72.40134, 0.0138119
346, 71.29871, 0.0140255
347, 73.29067, 0.0136443
348, 71.22609, 0.0140398
349, 72.04559, 0.0138801
350, 71.99165, 0.0138905
351, 71.76793, 0.0139338
352, 70.65739, 0.0141528
353, 73.36919, 0.0136297
354, 71.85715, 0.0139165
355, 71.3674, 0.014012
356, 71.44541, 0.0139967
357, 71.88142, 0.0139118
358, 69.8056, 0.0143255
359, 74.88337, 0.0133541
360, 71.57427, 0.0139715
361, 71.89641, 0.0139089
362, 71.45664, 0.0139945
363, 70.75339, 0.0141336
364, 71.50058, 0.0139859
365, 72.88364, 0.0137205
366, 70.05647, 0.0142742
367, 72.97406, 0.0137035
368, 70.78092, 0.0141281
369, 72.8555, 0.0137258
370, 70.92098, 0.0141002
371, 72.89001, 0.0137193
372, 71.74837, 0.0139376
373, 72.36414, 0.013819
374, 71.55737, 0.0139748
375, 71.8556, 0.0139168
376, 70.2963, 0.0142255
377, 72.08298, 0.0138729
378, 72.88948, 0.0137194
379, 72.01134, 0.0138867
380, 71.44082, 0.0139976
381, 71.3674, 0.014012
382, 71.7669, 0.013934
383, 71.58453, 0.0139695
384, 73.41174, 0.0136218
385, 72.14747, 0.0138605
386, 72.14278, 0.0138614
387, 71.34296, 0.0140168
388, 70.66189, 0.0141519
389, 73.54996, 0.0135962
390, 71.06109, 0.0140724
391, 71.33176, 0.014019
392, 72.18079, 0.0138541
393, 72.06947, 0.0138755
394, 70.03341, 0.0142789
395, 73.93005, 0.0135263
396, 71.85715, 0.0139165
397, 71.24131, 0.0140368
398, 71.62093, 0.0139624
399, 71.18046, 0.0140488
400, 59.33521, 0.0168534
401, 69.03074, 0.0144863
402, 99.58374, 0.0100418
403, 70.63394, 0.0141575
404, 72.48898, 0.0137952
405, 71.30481, 0.0140243
406, 70.90087, 0.0141042
407, 73.23057, 0.0136555
408, 72.09597, 0.0138704
409, 72.27784, 0.0138355
410, 71.88504, 0.0139111
411, 71.83805, 0.0139202
412, 71.28905, 0.0140274
413, 72.17819, 0.0138546
414, 71.63683, 0.0139593
415, 72.25694, 0.0138395
416, 71.18451, 0.014048
417, 72.36047, 0.0138197
418, 71.82618, 0.0139225
419, 71.11718, 0.0140613
420, 72.59686, 0.0137747
421, 71.67739, 0.0139514
422, 71.28194, 0.0140288
423, 72.75214, 0.0137453
424, 69.96432, 0.014293
425, 70.04076, 0.0142774
426, 72.00616, 0.0138877
427, 73.62523, 0.0135823
428, 72.66756, 0.0137613
429, 69.62188, 0.0143633
430, 69.79292, 0.0143281
431, 73.19198, 0.0136627
432, 72.01809, 0.0138854
433, 71.43674, 0.0139984
434, 73.71587, 0.0135656
435, 71.60605, 0.0139653
436, 71.04645, 0.0140753
437, 69.98537, 0.0142887
438, 75.60693, 0.0132263
439, 70.98693, 0.0140871
440, 70.69936, 0.0141444
441, 73.68002, 0.0135722
442, 70.45727, 0.014193
443, 73.09087, 0.0136816
444, 70.79095, 0.0141261
445, 71.51797, 0.0139825
446, 71.09746, 0.0140652
447, 74.17187, 0.0134822
448, 71.60349, 0.0139658
449, 69.46326, 0.0143961
450, 73.48888, 0.0136075
451, 71.0419, 0.0140762
452, 74.71217, 0.0133847
453, 71.91296, 0.0139057
454, 70.47315, 0.0141898
455, 72.80087, 0.0137361
456, 72.64169, 0.0137662
457, 71.48627, 0.0139887
458, 72.40291, 0.0138116
459, 71.76587, 0.0139342
460, 71.15816, 0.0140532
461, 72.20895, 0.0138487
462, 69.63255, 0.0143611
463, 72.72305, 0.0137508
464, 73.32615, 0.0136377
465, 71.16425, 0.014052
466, 71.69076, 0.0139488
467, 71.09695, 0.0140653
468, 72.30187, 0.0138309
469, 73.26974, 0.0136482
470, 69.72188, 0.0143427
471, 73.78549, 0.0135528
472, 70.61997, 0.0141603
473, 70.33635, 0.0142174
474, 72.94372, 0.0137092
475, 72.30083, 0.0138311
476, 71.70978, 0.0139451
477, 71.80607, 0.0139264
478, 71.44235, 0.0139973
479, 71.19363, 0.0140462
480, 66.57922, 0.0150197
481, 41.32522, 0.0241983
482, 58.23569, 0.0171716
483, 72.74738, 0.0137462
484, 68.57159, 0.0145833
485, 40.67057, 0.0245878
486, 60.14965, 0.0166252
487, 73.67948, 0.0135723
488, 71.7973, 0.0139281
489, 71.21493, 0.014042
490, 68.1004, 0.0146842
491, 75.33241, 0.0132745
492, 72.48215, 0.0137965
493, 70.8416, 0.014116
494, 74.86768, 0.0133569
495, 71.28701, 0.0140278
496, 74.38318, 0.0134439
497, 72.07727, 0.013874
498, 71.49854, 0.0139863
499, 70.41163, 0.0142022
500, 72.64063, 0.0137664
501, 70.97987, 0.0140885
502, 72.34163, 0.0138233
503, 71.37453, 0.0140106
504, 73.21341, 0.0136587
505, 71.56966, 0.0139724
506, 71.54765, 0.0139767
507, 3, 0.3333333
508, 14.23358, 0.0702564
509, 167.4481, 0.005972
510, 72.26478, 0.013838
511, 71.82205, 0.0139233
512, 74.24953, 0.0134681
513, 70.47067, 0.0141903
514, 72.69186, 0.0137567
515, 71.33533, 0.0140183
516, 71.66455, 0.0139539
517, 72.13758, 0.0138624
518, 71.35772, 0.0140139
519, 72.01965, 0.0138851
520, 72.2841, 0.0138343
521, 71.91606, 0.0139051
522, 71.12527, 0.0140597
523, 73.24397, 0.013653
524, 71.99632, 0.0138896
525, 70.69786, 0.0141447
526, 70.93255, 0.0140979
527, 73.88634, 0.0135343
528, 70.78343, 0.0141276
529, 72.53789, 0.0137859
530, 71.70618, 0.0139458
531, 71.18451, 0.014048
532, 72.25851, 0.0138392
533, 72.13081, 0.0138637
534, 71.03534, 0.0140775
535, 73.80509, 0.0135492
536, 71.32515, 0.0140203
537, 71.25806, 0.0140335
538, 71.33685, 0.014018
539, 72.81889, 0.0137327
540, 71.35772, 0.0140139
541, 72.30501, 0.0138303
542, 71.57838, 0.0139707
543, 71.5835, 0.0139697
544, 72.3788, 0.0138162
545, 72.03884, 0.0138814
546, 71.28041, 0.0140291
547, 71.85767, 0.0139164
548, 71.64452, 0.0139578
549, 71.85043, 0.0139178
550, 71.92278, 0.0139038
551, 71.0823, 0.0140682
552, 72.40501, 0.0138112
553, 71.20276, 0.0140444
554, 72.56367, 0.013781
555, 72.56736, 0.0137803
556, 6.099342, 0.1639521
557, 57.28099, 0.0174578
558, 73.07912, 0.0136838
559, 71.96056, 0.0138965
560, 71.53127, 0.0139799
561, 71.8236, 0.013923
562, 72.07778, 0.0138739
563, 71.50774, 0.0139845
564, 72.37252, 0.0138174
565, 71.18299, 0.0140483
566, 71.77154, 0.0139331
567, 71.2982, 0.0140256
568, 72.92403, 0.0137129
569, 70.91092, 0.0141022
570, 72.56631, 0.0137805
571, 70.87373, 0.0141096
572, 73.43977, 0.0136166
573, 72.0887, 0.0138718
574, 70.60202, 0.0141639
575, 72.58527, 0.0137769
576, 71.90158, 0.0139079
577, 71.92278, 0.0139038
578, 71.00256, 0.014084
579, 72.84011, 0.0137287
580, 71.70361, 0.0139463
581, 71.85715, 0.0139165
582, 71.2271, 0.0140396
583, 72.33169, 0.0138252
584, 71.09797, 0.0140651
585, 72.57579, 0.0137787
586, 71.88659, 0.0139108
587, 71.64094, 0.0139585
588, 71.34143, 0.0140171
589, 70.46869, 0.0141907
590, 74.17462, 0.0134817
591, 71.884, 0.0139113
592, 71.36994, 0.0140115
593, 70.69236, 0.0141458
594, 72.42966, 0.0138065
595, 72.14955, 0.0138601
596, 72.72727, 0.01375
597, 71.3343, 0.0140185
598, 71.93365, 0.0139017
599, 71.78648, 0.0139302
600, 69.33514, 0.0144227
601, 74.72446, 0.0133825
602, 71.81483, 0.0139247
603, 71.88608, 0.0139109
604, 70.53579, 0.0141772
605, 73.28155, 0.013646
606, 71.20529, 0.0140439
607, 72.08402, 0.0138727
608, 72.08298, 0.0138729
609, 71.24537, 0.014036
610, 72.45432, 0.0138018
611, 69.44926, 0.014399
612, 73.61873, 0.0135835
613, 72.00824, 0.0138873
614, 72.24442, 0.0138419
615, 71.03433, 0.0140777
616, 72.70929, 0.0137534
617, 71.11617, 0.0140615
618, 71.65531, 0.0139557
619, 72.27052, 0.0138369
620, 71.21746, 0.0140415
621, 72.13238, 0.0138634
622, 71.46737, 0.0139924
623, 72.13758, 0.0138624
624, 72.01031, 0.0138869
625, 71.69127, 0.0139487
626, 72.44802, 0.013803
627, 71.47043, 0.0139918
628, 72.48425, 0.0137961
629, 71.41021, 0.0140036
630, 71.11414, 0.0140619
631, 73.05563, 0.0136882
632, 71.09594, 0.0140655
633, 71.55276, 0.0139757
634, 72.52316, 0.0137887
635, 70.46372, 0.0141917
636, 72.89161, 0.013719
637, 71.6738, 0.0139521
638, 72.19695, 0.013851
639, 71.94555, 0.0138994
640, 71.77308, 0.0139328
641, 71.74116, 0.013939
642, 71.74734, 0.0139378
643, 72.41602, 0.0138091
644, 70.45727, 0.014193
645, 72.58263, 0.0137774
646, 71.40562, 0.0140045
647, 72.31756, 0.0138279
648, 71.49905, 0.0139862
649, 72.11002, 0.0138677
650, 71.69332, 0.0139483
651, 71.71903, 0.0139433
652, 72.60635, 0.0137729
653, 71.58862, 0.0139687
654, 71.02626, 0.0140793
655, 71.54919, 0.0139764
656, 72.76008, 0.0137438
657, 71.43214, 0.0139993
658, 72.19226, 0.0138519
659, 72.2606, 0.0138388
660, 69.7642, 0.014334
661, 73.39557, 0.0136248
662, 71.94141, 0.0139002
663, 72.06429, 0.0138765
664, 71.79782, 0.013928
665, 71.40511, 0.0140046
666, 70.24347, 0.0142362
667, 73.70174, 0.0135682
668, 71.19617, 0.0140457
669, 72.87514, 0.0137221
670, 71.72212, 0.0139427
671, 70.77742, 0.0141288
672, 70.52734, 0.0141789
673, 73.09193, 0.0136814
674, 72.92722, 0.0137123
675, 72.04871, 0.0138795
676, 71.52871, 0.0139804
677, 70.28345, 0.0142281
678, 71.98232, 0.0138923
679, 72.86187, 0.0137246
680, 72.1381, 0.0138623
681, 71.89227, 0.0139097
682, 72.29926, 0.0138314
683, 71.27686, 0.0140298
684, 71.63221, 0.0139602
685, 72.05389, 0.0138785
686, 71.93779, 0.0139009
687, 71.66763, 0.0139533
688, 71.09695, 0.0140653
689, 72.13758, 0.0138624
690, 71.67996, 0.0139509
691, 72.28149, 0.0138348
692, 72.02068, 0.0138849
693, 71.43061, 0.0139996
694, 72.41444, 0.0138094
695, 71.78236, 0.013931
696, 71.21899, 0.0140412
697, 72.33691, 0.0138242
698, 71.24994, 0.0140351
699, 71.65633, 0.0139555
700, 72.27, 0.013837
701, 72.08922, 0.0138717
702, 71.82515, 0.0139227
703, 72.05753, 0.0138778
704, 71.35467, 0.0140145
705, 72.11573, 0.0138666
706, 71.68099, 0.0139507
707, 71.60759, 0.013965
708, 72.07207, 0.013875
709, 71.60041, 0.0139664
710, 70.89785, 0.0141048
711, 73.08606, 0.0136825
712, 72.08038, 0.0138734
713, 71.50723, 0.0139846
714, 71.72984, 0.0139412
715, 72.78868, 0.0137384
716, 71.23116, 0.0140388
717, 70.74287, 0.0141357
718, 73.04282, 0.0136906
719, 71.55737, 0.0139748
720, 71.84528, 0.0139188
721, 70.33981, 0.0142167
722, 73.05296, 0.0136887
723, 72.0965, 0.0138703
724, 72.09234, 0.0138711
725, 71.70052, 0.0139469
726, 71.38166, 0.0140092
727, 72.09961, 0.0138697
728, 71.72417, 0.0139423
729, 72.05909, 0.0138775
730, 71.24181, 0.0140367
731, 72.42493, 0.0138074
732, 70.43593, 0.0141973
733, 72.36676, 0.0138185
734, 72.15476, 0.0138591
735, 72.12405, 0.013865
736, 72.0835, 0.0138728
737, 71.74682, 0.0139379
738, 72.00824, 0.0138873
739, 70.66189, 0.0141519
740, 72.90064, 0.0137173
741, 70.93607, 0.0140972
742, 71.86851, 0.0139143
743, 71.91554, 0.0139052
744, 72.6459, 0.0137654
745, 71.19515, 0.0140459
746, 72.13134, 0.0138636
747, 72.05701, 0.0138779
748, 72.17194, 0.0138558
749, 70.72636, 0.014139
750, 72.60846, 0.0137725
751, 70.80247, 0.0141238
752, 72.8295, 0.0137307
753, 71.59068, 0.0139683
754, 71.77721, 0.013932
755, 71.79678, 0.0139282
756, 71.78699, 0.0139301
757, 71.65069, 0.0139566
758, 72.69714, 0.0137557
759, 71.34042, 0.0140173
760, 72.1907, 0.0138522
761, 71.64299, 0.0139581
762, 71.91554, 0.0139052
763, 70.65041, 0.0141542
764, 73.13096, 0.0136741
765, 70.48209, 0.014188
766, 73.30357, 0.0136419
767, 71.49854, 0.0139863
768, 71.72366, 0.0139424
769, 71.07523, 0.0140696
770, 72.67389, 0.0137601
771, 72.15112, 0.0138598
772, 71.80503, 0.0139266
773, 70.78794, 0.0141267
774, 72.50107, 0.0137929
775, 71.32362, 0.0140206
776, 71.53844, 0.0139785
777, 72.81889, 0.0137327
778, 71.76278, 0.0139348
779, 71.47248, 0.0139914
780, 72.44487, 0.0138036
781, 71.42755, 0.0140002
782, 71.97351, 0.013894
783, 72.11885, 0.013866
784, 71.42959, 0.0139998
785, 72.17246, 0.0138557
786, 71.36129, 0.0140132
787, 70.69336, 0.0141456
788, 72.38352, 0.0138153
789, 72.19852, 0.0138507
790, 72.18393, 0.0138535
791, 71.22811, 0.0140394
792, 72.12197, 0.0138654
793, 71.55225, 0.0139758
794, 72.01601, 0.0138858
795, 71.94762, 0.013899
796, 71.99787, 0.0138893
797, 71.04443, 0.0140757
798, 71.73138, 0.0139409
799, 71.96316, 0.013896
800, 71.81895, 0.0139239
801, 72.36361, 0.0138191
802, 71.24232, 0.0140366
803, 72.43909, 0.0138047
804, 72.49004, 0.013795
805, 69.84509, 0.0143174
806, 74.37875, 0.0134447
807, 72.03832, 0.0138815
808, 71.15868, 0.0140531
809, 70.67088, 0.0141501
810, 73.47539, 0.01361
811, 70.36604, 0.0142114
812, 72.97832, 0.0137027
813, 71.20884, 0.0140432
814, 72.5058, 0.013792
815, 70.27753, 0.0142293
816, 72.72146, 0.0137511
817, 71.73395, 0.0139404
818, 72.57316, 0.0137792
819, 69.18596, 0.0144538
820, 73.11973, 0.0136762
821, 73.20483, 0.0136603
822, 72.01031, 0.0138869
823, 71.7252, 0.0139421
824, 71.8649, 0.013915
825, 71.28143, 0.0140289
826, 72.33221, 0.0138251
827, 71.5999, 0.0139665
828, 72.1199, 0.0138658
829, 71.17691, 0.0140495
830, 72.69396, 0.0137563
831, 70.57512, 0.0141693
832, 73.11759, 0.0136766
833, 71.59528, 0.0139674
834, 71.45511, 0.0139948
835, 71.82154, 0.0139234
836, 71.9958, 0.0138897
837, 71.37656, 0.0140102
838, 71.96419, 0.0138958
839, 72.20164, 0.0138501
840, 71.60452, 0.0139656
841, 71.21138, 0.0140427
842, 71.90054, 0.0139081
843, 72.84754, 0.0137273
844, 71.54867, 0.0139765
845, 71.26669, 0.0140318
846, 72.83003, 0.0137306
847, 71.98698, 0.0138914
848, 71.42448, 0.0140008
849, 71.93158, 0.0139021
850, 71.33482, 0.0140184
851, 71.82876, 0.013922
852, 59.45338, 0.0168199
853, 58.70509, 0.0170343
854, 129.1789, 0.0077412
855, 71.20985, 0.014043
856, 71.12982, 0.0140588
857, 72.4769, 0.0137975
858, 71.86283, 0.0139154
859, 71.39542, 0.0140065
860, 73.06683, 0.0136861
861, 71.15816, 0.0140532
862, 71.82463, 0.0139228
863, 71.50877, 0.0139843
864, 71.45103, 0.0139956
865, 72.79716, 0.0137368
866, 71.09139, 0.0140664
867, 72.42021, 0.0138083
868, 71.83289, 0.0139212
869, 71.04846, 0.0140749
870, 71.99372, 0.0138901
871, 72.41392, 0.0138095
872, 71.58453, 0.0139695
873, 72.45222, 0.0138022
874, 70.74837, 0.0141346
875, 71.70515, 0.013946
876, 72.50423, 0.0137923
877, 70.71086, 0.0141421
878, 73.49267, 0.0136068
879, 71.53178, 0.0139798
880, 71.90623, 0.013907
881, 71.23065, 0.0140389
882, 71.33685, 0.014018
883, 72.6834, 0.0137583
884, 71.53434, 0.0139793
885, 71.85612, 0.0139167
886, 70.91746, 0.0141009
887, 72.99217, 0.0137001
888, 71.26212, 0.0140327
889, 71.56249, 0.0139738
890, 71.97351, 0.013894
891, 71.52053, 0.013982
892, 72.52526, 0.0137883
893, 71.49393, 0.0139872
894, 71.89176, 0.0139098
895, 72.65858, 0.013763
896, 71.75609, 0.0139361
897, 70.92299, 0.0140998
898, 72.69661, 0.0137558
899, 70.83106, 0.0141181
900, 72.66808, 0.0137612
901, 71.32566, 0.0140202
902, 71.75609, 0.0139361
903, 73.05082, 0.0136891
904, 71.25908, 0.0140333
905, 71.6666, 0.0139535
906, 72.08194, 0.0138731
907, 71.57121, 0.0139721
908, 68.15611, 0.0146722
909, 75.21002, 0.0132961
910, 72.28986, 0.0138332
911, 71.72623, 0.0139419
912, 72.62534, 0.0137693
913, 70.74638, 0.014135
914, 71.82876, 0.013922
915, 72.66175, 0.0137624
916, 72.00461, 0.013888
917, 71.17033, 0.0140508
918, 72.83958, 0.0137288
919, 71.06715, 0.0140712
920, 70.68836, 0.0141466
921, 72.56999, 0.0137798
922, 72.04195, 0.0138808
923, 71.74837, 0.0139376
924, 71.65479, 0.0139558
925, 72.05805, 0.0138777
926, 71.3282, 0.0140197
927, 71.99476, 0.0138899
928, 72.2956, 0.0138321
929, 71.65633, 0.0139555
930, 71.71594, 0.0139439
931, 71.06007, 0.0140726
932, 71.98906, 0.013891
933, 72.6628, 0.0137622
934, 71.23928, 0.0140372
935, 72.62217, 0.0137699
936, 71.44643, 0.0139965
937, 71.3043, 0.0140244
938, 71.69898, 0.0139472
939, 72.65224, 0.0137642
940, 71.8525, 0.0139174
941, 70.93154, 0.0140981
942, 72.67864, 0.0137592
943, 71.18501, 0.0140479
944, 72.37461, 0.013817
945, 71.56762, 0.0139728
946, 72.20581, 0.0138493
947, 70.99097, 0.0140863
948, 71.40052, 0.0140055
949, 72.92563, 0.0137126
950, 71.31294, 0.0140227
951, 71.61785, 0.013963
952, 71.86024, 0.0139159
953, 72.41077, 0.0138101
954, 71.38982, 0.0140076
955, 72.28828, 0.0138335
956, 71.36282, 0.0140129
957, 72.70665, 0.0137539
958, 71.08887, 0.0140669
959, 72.47637, 0.0137976
960, 71.67945, 0.013951
961, 71.06058, 0.0140725
962, 71.6625, 0.0139543
963, 72.49529, 0.013794
964, 72.35419, 0.0138209
965, 70.20155, 0.0142447
966, 72.79239, 0.0137377
967, 72.15215, 0.0138596
968, 71.40409, 0.0140048
969, 71.78545, 0.0139304
970, 72.28097, 0.0138349
971, 72.23868, 0.013843
972, 70.93959, 0.0140965
973, 71.87006, 0.013914
974, 71.65736, 0.0139553
975, 72.60635, 0.0137729
976, 71.6358, 0.0139595
977, 71.99683, 0.0138895
978, 71.71697, 0.0139437
979, 72.27522, 0.013836
980, 71.6081, 0.0139649
981, 71.91813, 0.0139047
982, 71.90468, 0.0139073
983, 71.4924, 0.0139875
984, 72.27574, 0.0138359
985, 70.79395, 0.0141255
986, 71.85664, 0.0139166
987, 71.61631, 0.0139633
988, 72.62217, 0.0137699
989, 71.56198, 0.0139739
990, 71.70927, 0.0139452
991, 71.9233, 0.0139037
992, 71.72984, 0.0139412
993, 72.33064, 0.0138254
994, 70.92149, 0.0141001
995, 72.78497, 0.0137391
996, 70.80398, 0.0141235
997, 71.38421, 0.0140087
998, 73.00389, 0.0136979
999, 72.39977, 0.0138122
1000, 71.85405, 0.0139171
1001, 71.54867, 0.0139765
1002, 71.41021, 0.0140036
1003, 72.44067, 0.0138044
1004, 71.89021, 0.0139101
1005, 71.09645, 0.0140654
1006, 72.19956, 0.0138505
1007, 70.58707, 0.0141669
1008, 71.89745, 0.0139087
1009, 72.29822, 0.0138316
1010, 72.71088, 0.0137531
1011, 71.51439, 0.0139832
1012, 71.71955, 0.0139432
1013, 71.89124, 0.0139099
1014, 72.4538, 0.0138019
1015, 71.33125, 0.0140191
1016, 72.4412, 0.0138043
1017, 70.48756, 0.0141869
1018, 72.28358, 0.0138344
1019, 72.46587, 0.0137996
1020, 71.27533, 0.0140301
1021, 71.50877, 0.0139843
1022, 71.15918, 0.014053
1023, 73.27081, 0.013648
1024, 71.63631, 0.0139594
1025, 70.6599, 0.0141523
1026, 72.78339, 0.0137394
1027, 71.78957, 0.0139296
1028, 71.03938, 0.0140767
1029, 71.44133, 0.0139975
1030, 72.40972, 0.0138103
1031, 72.45012, 0.0138026
1032, 72.15372, 0.0138593
1033, 71.23978, 0.0140371
1034, 71.86076, 0.0139158
1035, 70.49104, 0.0141862
1036, 73.45002, 0.0136147
1037, 71.48933, 0.0139881
1038, 72.80458, 0.0137354
1039, 70.77241, 0.0141298
1040, 71.79678, 0.0139282
1041, 72.43437, 0.0138056
1042, 72.54262, 0.013785
1043, 71.80297, 0.013927
1044, 71.66969, 0.0139529
1045, 71.254, 0.0140343
1046, 71.86179, 0.0139156
1047, 71.90003, 0.0139082
1048, 71.48525, 0.0139889
1049, 71.81741, 0.0139242
1050, 72.12562, 0.0138647
1051, 71.25806, 0.0140335
1052, 71.93572, 0.0139013
1053, 71.97507, 0.0138937
1054, 72.27784, 0.0138355
1055, 68.20445, 0.0146618
1056, 66.19228, 0.0151075
1057, 76.21429, 0.0131209
1058, 71.5958, 0.0139673
1059, 69.55651, 0.0143768
1060, 75.9411, 0.0131681
1061, 72.94851, 0.0137083
1062, 74.45185, 0.0134315
1063, 68.79377, 0.0145362
1064, 72.31338, 0.0138287
1065, 70.84461, 0.0141154
1066, 71.05351, 0.0140739
1067, 69.08463, 0.014475
1068, 73.69142, 0.0135701
1069, 71.77926, 0.0139316
1070, 72.08506, 0.0138725
1071, 69.29671, 0.0144307
1072, 76.79607, 0.0130215
1073, 70.36258, 0.0142121
1074, 72.2747, 0.0138361
1075, 72.36937, 0.013818
1076, 72.90012, 0.0137174
1077, 70.25926, 0.014233
1078, 67.85043, 0.0147383
1079, 74.91815, 0.0133479
1080, 73.86615, 0.013538
1081, 68.04388, 0.0146964
1082, 73.91202, 0.0135296
1083, 70.25185, 0.0142345
1084, 73.74468, 0.0135603
1085, 72.14071, 0.0138618
1086, 71.33533, 0.0140183
1087, 74.91647, 0.0133482
1088, 71.57377, 0.0139716
1089, 68.39337, 0.0146213
1090, 73.05989, 0.0136874
1091, 62.62054, 0.0159692
1092, 73.57756, 0.0135911
1093, 81.36366, 0.0122905
1094, 72.64433, 0.0137657
1095, 70.75838, 0.0141326
1096, 75.10778, 0.0133142
1097, 72.11157, 0.0138674
1098, 71.0414, 0.0140763
1099, 72.70454, 0.0137543
1100, 71.7633, 0.0139347
1101, 70.73236, 0.0141378
1102, 72.87461, 0.0137222
1103, 72.69502, 0.0137561
1104, 75.32673, 0.0132755
1105, 69.31832, 0.0144262
1106, 62.5935, 0.0159761
1107, 86.93838, 0.0115024
1108, 68.76586, 0.0145421
1109, 71.84631, 0.0139186
1110, 71.71492, 0.0139441
1111, 72.03313, 0.0138825
1112, 71.58504, 0.0139694
1113, 71.0071, 0.0140831
1114, 72.91393, 0.0137148
1115, 69.47339, 0.014394
1116, 73.95246, 0.0135222
1117, 71.6199, 0.0139626
1118, 75.40852, 0.0132611
1119, 72.15788, 0.0138585
1120, 72.05701, 0.0138779
1121, 71.68407, 0.0139501
1122, 71.96004, 0.0138966
1123, 72.79874, 0.0137365
1124, 70.02948, 0.0142797
1125, 72.15997, 0.0138581
1126, 71.89072, 0.01391
1127, 72.68446, 0.0137581
1128, 71.32057, 0.0140212
1129, 71.67072, 0.0139527
1130, 71.89124, 0.0139099
1131, 68.62099, 0.0145728
1132, 70.98038, 0.0140884
1133, 72.01965, 0.0138851
1134, 70.84863, 0.0141146
1135, 71.62554, 0.0139615
1136, 71.80142, 0.0139273
1137, 73.14326, 0.0136718
1138, 71.62708, 0.0139612
1139, 72.57895, 0.0137781
1140, 69.97607, 0.0142906
1141, 75.1761, 0.0133021
1142, 53.50455, 0.01869
1143, 90.37751, 0.0110647
1144, 85.582, 0.0116847
1145, 72.61584, 0.0137711
1146, 70.53629, 0.0141771
1147, 72.18705, 0.0138529
1148, 72.88098, 0.013721
1149, 55.36209, 0.0180629
1150, 94.23739, 0.0106115
1151, 72.31966, 0.0138275
1152, 72.94637, 0.0137087
1153, 72.03988, 0.0138812
1154, 70.81049, 0.0141222
1155, 72.44382, 0.0138038
1156, 67.56346, 0.0148009
1157, 74.46182, 0.0134297
1158, 73.81163, 0.013548
1159, 72.07051, 0.0138753
1160, 71.47963, 0.01399
1161, 73.7757, 0.0135546
1162, 70.09035, 0.0142673
1163, 71.47503, 0.0139909
1164, 71.22609, 0.0140398
1165, 69.4483, 0.0143992
1166, 72.69132, 0.0137568
1167, 71.86024, 0.0139159
1168, 71.91451, 0.0139054
1169, 71.22304, 0.0140404
1170, 74.43578, 0.0134344
1171, 71.49087, 0.0139878
1172, 71.24486, 0.0140361
1173, 69.8812, 0.01431
1174, 61.20251, 0.0163392
1175, 91.06721, 0.0109809
1176, 71.97144, 0.0138944
1177, 71.64504, 0.0139577
1178, 73.62794, 0.0135818
1179, 71.63734, 0.0139592
1180, 71.18046, 0.0140488
1181, 75.71971, 0.0132066
1182, 61.40884, 0.0162843
1183, 72.11729, 0.0138663
1184, 85.008, 0.0117636
1185, 71.94348, 0.0138998
1186, 71.5011, 0.0139858
1187, 70.28444, 0.0142279
1188, 65.47031, 0.0152741
1189, 80.88913, 0.0123626
1190, 72.94904, 0.0137082
1191, 70.70936, 0.0141424
1192, 72.14174, 0.0138616
1193, 71.64248, 0.0139582
1194, 71.24334, 0.0140364
1195, 74.2374, 0.0134703
1196, 70.15181, 0.0142548
1197, 73.10262, 0.0136794
1198, 71.96368, 0.0138959
1199, 71.65942, 0.0139549
1200, 72.40081, 0.013812
1201, 71.77772, 0.0139319
1202, 71.51694, 0.0139827
1203, 71.90158, 0.0139079
1204, 71.54662, 0.0139769
1205, 71.63786, 0.0139591
1206, 72.35733, 0.0138203
1207, 71.31345, 0.0140226
1208, 72.58316, 0.0137773
1209, 70.97736, 0.014089
1210, 71.77412, 0.0139326
1211, 72.38456, 0.0138151
1212, 71.99061, 0.0138907
1213, 71.91658, 0.013905
1214, 70.81651, 0.014121
1215, 71.8587, 0.0139162
1216, 71.91761, 0.0139048
1217, 71.42142, 0.0140014
1218, 73.34013, 0.0136351
1219, 71.57172, 0.013972
1220, 71.50058, 0.0139859
1221, 70.70786, 0.0141427
1222, 72.6945, 0.0137562
1223, 71.1982, 0.0140453
1224, 72.96661, 0.0137049
1225, 71.9052, 0.0139072
1226, 71.26872, 0.0140314
1227, 67.68602, 0.0147741
1228, 76.72418, 0.0130337
1229, 71.64145, 0.0139584
1230, 72.29404, 0.0138324
1231, 71.71697, 0.0139437
1232, 72.32803, 0.0138259
1233, 70.73337, 0.0141376
1234, 72.2653, 0.0138379
1235, 72.09338, 0.0138709
1236, 71.86748, 0.0139145
1237, 71.8205, 0.0139236
1238, 71.32566, 0.0140202
1239, 72.08662, 0.0138722
1240, 71.01466, 0.0140816
1241, 69.05743, 0.0144807
1242, 72.02639, 0.0138838
1243, 72.21938, 0.0138467
1244, 72.00098, 0.0138887
1245, 72.08765, 0.013872
1246, 70.67487, 0.0141493
1247, 71.44592, 0.0139966
1248, 50.36667, 0.0198544
1249, 109.529, 0.00913
1250, 75.65384, 0.0132181
1251, 72.23607, 0.0138435
1252, 69.04599, 0.0144831
1253, 76.84151, 0.0130138
1254, 70.36654, 0.0142113
1255, 72.53104, 0.0137872
1256, 70.24494, 0.0142359
1257, 76.9071, 0.0130027
1258, 70.1277, 0.0142597
1259, 73.28692, 0.013645
1260, 72.18079, 0.0138541
1261, 71.57684, 0.013971
1262, 73.29282, 0.0136439
1263, 71.69846, 0.0139473
1264, 71.84888, 0.0139181
1265, 69.95061, 0.0142958
1266, 77.26482, 0.0129425
1267, 72.62428, 0.0137695
1268, 72.17715, 0.0138548
1269, 70.1779, 0.0142495
1270, 72.50896, 0.0137914
1271, 73.59272, 0.0135883
1272, 71.884, 0.0139113
1273, 69.51202, 0.014386
1274, 73.50076, 0.0136053
1275, 71.73087, 0.013941
1276, 70.71686, 0.0141409
1277, 72.46849, 0.0137991
1278, 70.97484, 0.0140895
1279, 73.1224, 0.0136757
1280, 71.56864, 0.0139726
1281, 70.88579, 0.0141072
1282, 68.08649, 0.0146872
1283, 72.06065, 0.0138772
1284, 72.54736, 0.0137841
1285, 71.44745, 0.0139963
1286, 72.60003, 0.0137741
1287, 68.87195, 0.0145197
1288, 76.0925, 0.0131419
1289, 70.97786, 0.0140889
1290, 75.35284, 0.0132709
1291, 71.38217, 0.0140091
1292, 71.94038, 0.0139004
1293, 72.32854, 0.0138258
1294, 70.92048, 0.0141003
1295, 72.33273, 0.013825
1296, 71.15209, 0.0140544
1297, 71.77772, 0.0139319
1298, 71.86748, 0.0139145
1299, 72.7606, 0.0137437
1300, 69.18021, 0.014455
1301, 73.80074, 0.01355
1302, 72.11937, 0.0138659
1303, 72.18445, 0.0138534
1304, 71.46584, 0.0139927
1305, 71.03686, 0.0140772
1306, 72.26582, 0.0138378
1307, 71.67637, 0.0139516
1308, 72.47427, 0.013798
1309, 71.80607, 0.0139264
1310, 70.67587, 0.0141491
1311, 72.85869, 0.0137252
1312, 71.30888, 0.0140235
1313, 72.16517, 0.0138571
1314, 72.18705, 0.0138529
1315, 70.86067, 0.0141122
1316, 71.96678, 0.0138953
1317, 73.23915, 0.0136539
1318, 70.14639, 0.0142559
1319, 72.29299, 0.0138326
1320, 72.91074, 0.0137154
1321, 71.85147, 0.0139176
1322, 71.76793, 0.0139338
1323, 70.33981, 0.0142167
1324, 71.40613, 0.0140044
1325, 72.21416, 0.0138477
1326, 72.22459, 0.0138457
1327, 72.98631, 0.0137012
1328, 71.11364, 0.014062
1329, 71.70103, 0.0139468
1330, 71.17691, 0.0140495
1331, 72.9714, 0.013704
1332, 72.0461, 0.01388
1333, 71.39594, 0.0140064
1334, 71.39236, 0.0140071
1335, 71.76021, 0.0139353
1336, 71.75712, 0.0139359
1337, 72.16726, 0.0138567
1338, 72.47322, 0.0137982
1339, 70.76389, 0.0141315
1340, 72.34791, 0.0138221
1341, 71.92226, 0.0139039
1342, 70.48209, 0.014188
1343, 73.99077, 0.0135152
1344, 69.956, 0.0142947
1345, 72.47742, 0.0137974
1346, 72.71141, 0.013753
1347, 72.21259, 0.013848
1348, 70.32596, 0.0142195
1349, 71.9409, 0.0139003
1350, 72.1532, 0.0138594
1351, 72.15632, 0.0138588
1352, 71.68973, 0.013949
1353, 72.16413, 0.0138573
1354, 71.43112, 0.0139995
1355, 70.77541, 0.0141292
1356, 68.49081, 0.0146005
1357, 71.45511, 0.0139948
1358, 77.32756, 0.012932
1359, 70.29333, 0.0142261
1360, 72.43804, 0.0138049
1361, 72.04871, 0.0138795
1362, 68.28036, 0.0146455
1363, 72.40501, 0.0138112
1364, 71.62554, 0.0139615
1365, 74.78928, 0.0133709
1366, 69.4676, 0.0143952
1367, 74.09987, 0.0134953
1368, 72.04559, 0.0138801
1369, 68.59369, 0.0145786
1370, 75.57665, 0.0132316
1371, 72.71406, 0.0137525
1372, 70.73087, 0.0141381
1373, 72.07415, 0.0138746
1374, 71.79678, 0.0139282
1375, 72.38037, 0.0138159
1376, 71.62041, 0.0139625
1377, 69.71653, 0.0143438
1378, 71.89899, 0.0139084
1379, 70.93406, 0.0140976
1380, 74.91422, 0.0133486
1381, 70.68387, 0.0141475
1382, 72.29507, 0.0138322
1383, 72.60107, 0.0137739
1384, 71.77205, 0.013933
1385, 70.01575, 0.0142825
1386, 73.32453, 0.013638
1387, 70.84109, 0.0141161
1388, 73.29874, 0.0136428
1389, 71.22507, 0.01404
1390, 71.61324, 0.0139639
1391, 71.11364, 0.014062
1392, 72.49739, 0.0137936
1393, 73.03108, 0.0136928
1394, 70.95168, 0.0140941
1395, 71.98647, 0.0138915
1396, 71.47605, 0.0139907
1397, 71.65531, 0.0139557
1398, 71.25806, 0.0140335
1399, 72.23399, 0.0138439
1400, 72.70771, 0.0137537
1401, 70.90087, 0.0141042
1402, 72.70771, 0.0137537
1403, 70.41608, 0.0142013
1404, 73.20161, 0.0136609
1405, 71.35569, 0.0140143
1406, 71.868, 0.0139144
1407, 71.51132, 0.0139838
1408, 72.01134, 0.0138867
1409, 70.98391, 0.0140877
1410, 73.04602, 0.01369
1411, 71.30684, 0.0140239
1412, 71.55072, 0.0139761
1413, 71.02273, 0.01408
1414, 71.94659, 0.0138992
1415, 72.01447, 0.0138861
1416, 72.68868, 0.0137573
1417, 71.61938, 0.0139627
1418, 71.0732, 0.01407
1419, 73.00655, 0.0136974
1420, 71.66866, 0.0139531
1421, 71.4735, 0.0139912
1422, 72.71987, 0.0137514
1423, 71.52615, 0.0139809
1424, 71.81741, 0.0139242
1425, 71.24791, 0.0140355
1426, 72.52999, 0.0137874
1427, 70.74337, 0.0141356
1428, 72.85815, 0.0137253
1429, 71.7566, 0.013936
1430, 70.48161, 0.0141881
1431, 73.8547, 0.0135401
1432, 71.49292, 0.0139874
1433, 70.34674, 0.0142153
1434, 72.11365, 0.013867
1435, 72.72675, 0.0137501
1436, 71.42398, 0.0140009
1437, 71.10656, 0.0140634
1438, 72.37775, 0.0138164
1439, 72.1558, 0.0138589
1440, 72.53104, 0.0137872
1441, 71.69024, 0.0139489
1442, 71.51643, 0.0139828
1443, 72.3432, 0.013823
1444, 71.59068, 0.0139683
1445, 69.93398, 0.0142992
1446, 73.51482, 0.0136027
1447, 70.83909, 0.0141165
1448, 72.13342, 0.0138632
1449, 71.94348, 0.0138998
1450, 71.53434, 0.0139793
1451, 71.11971, 0.0140608
1452, 73.61494, 0.0135842
1453, 71.65017, 0.0139567
1454, 72.05441, 0.0138784
1455, 71.20782, 0.0140434
1456, 72.09181, 0.0138712
1457, 69.46181, 0.0143964
1458, 72.0238, 0.0138843
1459, 73.46027, 0.0136128
1460, 71.21087, 0.0140428
1461, 59.25469, 0.0168763
1462, 84.03573, 0.0118997
1463, 79.78236, 0.0125341
1464, 71.4449, 0.0139968
1465, 71.91709, 0.0139049
1466, 71.66148, 0.0139545
1467, 71.06109, 0.0140724
1468, 72.36885, 0.0138181
1469, 70.62247, 0.0141598
1470, 72.32541, 0.0138264
1471, 70.91344, 0.0141017
1472, 72.8624, 0.0137245
1473, 71.53434, 0.0139793
1474, 71.868, 0.0139144
1475, 72.69132, 0.0137568
1476, 71.19363, 0.0140462
1477, 71.32922, 0.0140195
1478, 72.99803, 0.013699
1479, 71.11516, 0.0140617
1480, 71.07775, 0.0140691
1481, 71.80349, 0.0139269
1482, 70.65639, 0.014153
1483, 72.07519, 0.0138744
1484, 73.69305, 0.0135698
1485, 71.72109, 0.0139429
1486, 71.76124, 0.0139351
1487, 69.49367, 0.0143898
1488, 71.81947, 0.0139238
1489, 72.96661, 0.0137049
1490, 72.72833, 0.0137498
1491, 70.86921, 0.0141105
1492, 72.49004, 0.013795
1493, 71.71132, 0.0139448
1494, 71.3674, 0.014012
1495, 72.79398, 0.0137374
1496, 71.29057, 0.0140271
1497, 71.86024, 0.0139159
1498, 72.53052, 0.0137873
1499, 72.38142, 0.0138157
1500, 71.11718, 0.0140613
1501, 71.59734, 0.013967
1502, 72.12302, 0.0138652
1503, 71.8071, 0.0139262
1504, 73.66265, 0.0135754
1505, 69.46326, 0.0143961
1506, 72.72886, 0.0137497
1507, 72.52631, 0.0137881
1508, 71.76175, 0.013935
1509, 70.8667, 0.014111
1510, 72.27522, 0.013836
1511, 71.85715, 0.0139165
1512, 71.71697, 0.0139437
1513, 71.43623, 0.0139985
1514, 72.11313, 0.0138671
1515, 71.8071, 0.0139262
1516, 71.20073, 0.0140448
1517, 71.71338, 0.0139444
1518, 73.51806, 0.0136021
1519, 71.04594, 0.0140754
1520, 71.38013, 0.0140095
1521, 72.71828, 0.0137517
1522, 70.8868, 0.014107
1523, 72.21886, 0.0138468
1524, 71.16273, 0.0140523
1525, 71.57427, 0.0139715
1526, 72.0295, 0.0138832
1527, 72.17194, 0.0138558
1528, 71.1607, 0.0140527
1529, 71.42806, 0.0140001
1530, 73.11064, 0.0136779
1531, 71.21594, 0.0140418
1532, 72.34843, 0.013822
1533, 71.3455, 0.0140163
1534, 71.33533, 0.0140183
1535, 73.03428, 0.0136922
1536, 70.17445, 0.0142502
1537, 72.7204, 0.0137513
1538, 72.9714, 0.013704
1539, 70.78393, 0.0141275
1540, 71.88504, 0.0139111
1541, 72.52263, 0.0137888
1542, 70.49601, 0.0141852
1543, 72.73627, 0.0137483
1544, 72.35995, 0.0138198
1545, 71.20935, 0.0140431
1546, 71.28905, 0.0140274
1547, 72.76591, 0.0137427
1548, 70.86369, 0.0141116
1549, 72.66333, 0.0137621
1550, 71.02626, 0.0140793
1551, 71.14703, 0.0140554
1552, 72.70929, 0.0137534
1553, 71.83392, 0.013921
1554, 70.98492, 0.0140875
1555, 73.95684, 0.0135214
1556, 70.84712, 0.0141149
1557, 71.46226, 0.0139934
1558, 70.7719, 0.0141299
1559, 73.19198, 0.0136627
1560, 70.13361, 0.0142585
1561, 73.11331, 0.0136774
1562, 72.14487, 0.013861
1563, 71.61015, 0.0139645
1564, 72.85444, 0.013726
1565, 70.68536, 0.0141472
1566, 70.32448, 0.0142198
1567, 74.09823, 0.0134956
1568, 71.43011, 0.0139997
1569, 71.8236, 0.013923
1570, 72.18132, 0.013854
1571, 70.79044, 0.0141262
1572, 70.90036, 0.0141043
1573, 73.24129, 0.0136535
1574, 73.28638, 0.0136451
1575, 71.22811, 0.0140394
1576, 71.61067, 0.0139644
1577, 70.67287, 0.0141497
1578, 72.5779, 0.0137783
1579, 71.98232, 0.0138923
1580, 71.79524, 0.0139285
1581, 71.23116, 0.0140388
1582, 71.8205, 0.0139236
1583, 71.45256, 0.0139953
1584, 72.75267, 0.0137452
1585, 71.59273, 0.0139679
1586, 72.71352, 0.0137526
1587, 71.61272, 0.013964
1588, 71.37148, 0.0140112
1589, 71.47707, 0.0139905
1590, 71.23116, 0.0140388
1591, 71.33329, 0.0140187
1592, 73.6936, 0.0135697
1593, 70.74938, 0.0141344
1594, 73.04282, 0.0136906
1595, 70.47067, 0.0141903
1596, 71.36282, 0.0140129
1597, 73.85088, 0.0135408
1598, 71.01869, 0.0140808
1599, 72.31077, 0.0138292
1600, 71.0419, 0.0140762
1601, 71.83392, 0.013921
1602, 70.78844, 0.0141266
1603, 73.56187, 0.013594
1604, 70.99651, 0.0140852
1605, 72.22824, 0.013845
1606, 72.16778, 0.0138566
1607, 71.62246, 0.0139621
1608, 70.61349, 0.0141616
1609, 72.68657, 0.0137577
1610, 72.56947, 0.0137799
1611, 71.66609, 0.0139536
1612, 69.08749, 0.0144744
1613, 73.94535, 0.0135235
1614, 72.44487, 0.0138036
1615, 70.74787, 0.0141347
1616, 73.16573, 0.0136676
1617, 71.92485, 0.0139034
1618, 71.11111, 0.0140625
1619, 71.34856, 0.0140157
1620, 72.44067, 0.0138044
1621, 71.4827, 0.0139894
1622, 71.79885, 0.0139278
1623, 70.93859, 0.0140967
1624, 73.51698, 0.0136023
1625, 71.43367, 0.013999
1626, 72.59528, 0.013775
1627, 70.24593, 0.0142357
1628, 71.84114, 0.0139196
1629, 72.40762, 0.0138107
1630, 72.75214, 0.0137453
1631, 71.35416, 0.0140146
1632, 70.72586, 0.0141391
1633, 71.11516, 0.0140617
1634, 72.32645, 0.0138262
1635, 72.75584, 0.0137446
1636, 72.58053, 0.0137778
1637, 70.70936, 0.0141424
1638, 73.50833, 0.0136039
1639, 70.95067, 0.0140943
1640, 72.01394, 0.0138862
1641, 70.83607, 0.0141171
1642, 72.25747, 0.0138394
1643, 71.60452, 0.0139656
1644, 73.00816, 0.0136971
1645, 69.48836, 0.0143909
1646, 73.64095, 0.0135794
1647, 71.31599, 0.0140221
1648, 72.48373, 0.0137962
1649, 71.97403, 0.0138939
1650, 71.18907, 0.0140471
1651, 70.23754, 0.0142374
1652, 73.48618, 0.013608
1653, 72.76962, 0.013742
1654, 71.36944, 0.0140116
1655, 71.23978, 0.0140371
1656, 71.5011, 0.0139858
1657, 71.55788, 0.0139747
1658, 72.36623, 0.0138186
1659, 72.25799, 0.0138393
1660, 72.46114, 0.0138005
1661, 71.47196, 0.0139915
1662, 70.76891, 0.0141305
1663, 72.71616, 0.0137521
1664, 71.89796, 0.0139086
1665, 71.23319, 0.0140384
1666, 71.49445, 0.0139871
1667, 72.00979, 0.013887
1668, 72.44382, 0.0138038
1669, 70.996, 0.0140853
1670, 73.31217, 0.0136403
1671, 71.80761, 0.0139261
1672, 71.28905, 0.0140274
1673, 70.95671, 0.0140931
1674, 72.80776, 0.0137348
1675, 70.1651, 0.0142521
1676, 73.72402, 0.0135641
1677, 68.63937, 0.0145689
1678, 73.8367, 0.0135434
1679, 72.94798, 0.0137084
1680, 72.36204, 0.0138194
1681, 70.52187, 0.01418
1682, 71.95332, 0.0138979
1683, 72.74155, 0.0137473
1684, 71.23877, 0.0140373
1685, 72.2225, 0.0138461
1686, 72.03365, 0.0138824
1687, 69.74911, 0.0143371
1688, 73.83289, 0.0135441
1689, 70.812, 0.0141219
1690, 71.60041, 0.0139664
1691, 73.44031, 0.0136165
1692, 72.10741, 0.0138682
1693, 69.56667, 0.0143747
1694, 74.2396, 0.0134699
1695, 70.63344, 0.0141576
1696, 72.22772, 0.0138451
1697, 71.72726, 0.0139417
1698, 72.11313, 0.0138671
1699, 70.53181, 0.014178
1700, 71.30684, 0.0140239
1701, 73.56294, 0.0135938
1702, 72.64539, 0.0137655
1703, 71.0722, 0.0140702
1704, 72.32227, 0.013827
1705, 70.36407, 0.0142118
1706, 73.2354, 0.0136546
1707, 71.55328, 0.0139756
1708, 72.16726, 0.0138567
1709, 71.2545, 0.0140342
1710, 72.16257, 0.0138576
1711, 70.37298, 0.01421
1712, 73.01775, 0.0136953
1713, 71.94555, 0.0138994
1714, 71.65377, 0.013956
1715, 72.16153, 0.0138578
1716, 71.7319, 0.0139408
1717, 70.46124, 0.0141922
1718, 73.50779, 0.013604
1719, 71.66506, 0.0139538
1720, 70.32843, 0.014219
1721, 71.77, 0.0139334
1722, 72.02276, 0.0138845
1723, 71.3567, 0.0140141
1724, 71.95487, 0.0138976
1725, 72.7855, 0.013739
1726, 71.49138, 0.0139877
1727, 71.75609, 0.0139361
1728, 71.22609, 0.0140398
1729, 72.2606, 0.0138388
1730, 71.84682, 0.0139185
1731, 71.66096, 0.0139546
1732, 71.83856, 0.0139201
1733, 72.13498, 0.0138629
1734, 71.59734, 0.013967
1735, 72.27157, 0.0138367
1736, 72.64063, 0.0137664
1737, 67.85687, 0.0147369
1738, 76.21719, 0.0131204
1739, 73.28584, 0.0136452
1740, 69.96334, 0.0142932
1741, 72.37095, 0.0138177
1742, 71.22253, 0.0140405
1743, 73.5186, 0.013602
1744, 71.09342, 0.014066
1745, 72.09702, 0.0138702
1746, 70.45429, 0.0141936
1747, 72.89852, 0.0137177
1748, 72.15528, 0.013859
1749, 71.80297, 0.013927
1750, 72.06844, 0.0138757
1751, 69.25256, 0.0144399
1752, 74.47181, 0.0134279
1753, 71.19312, 0.0140463
1754, 72.34425, 0.0138228
1755, 70.67437, 0.0141494
1756, 72.7019, 0.0137548
1757, 71.7973, 0.0139281
1758, 72.51685, 0.0137899
1759, 70.08445, 0.0142685
1760, 72.00668, 0.0138876
1761, 73.50239, 0.013605
1762, 69.96922, 0.014292
1763, 71.36282, 0.0140129
1764, 73.87925, 0.0135356
1765, 71.18806, 0.0140473
1766, 72.21051, 0.0138484
1767, 71.37402, 0.0140107
1768, 72.71141, 0.013753
1769, 71.40664, 0.0140043
1770, 71.76896, 0.0139336
1771, 71.13287, 0.0140582
1772, 72.13446, 0.013863
1773, 71.9818, 0.0138924
1774, 70.73987, 0.0141363
1775, 72.78656, 0.0137388
1776, 72.52263, 0.0137888
1777, 71.14703, 0.0140554
1778, 72.00047, 0.0138888
1779, 72.65118, 0.0137644
1780, 71.06765, 0.0140711
1781, 71.29311, 0.0140266
1782, 71.89382, 0.0139094
1783, 72.04195, 0.0138808
1784, 70.91444, 0.0141015
1785, 73.07484, 0.0136846
1786, 71.84321, 0.0139192
1787, 71.72263, 0.0139426
1788, 71.9616, 0.0138963
1789, 71.25857, 0.0140334
1790, 72.12093, 0.0138656
1791, 72.33849, 0.0138239
1792, 71.21493, 0.014042
1793, 71.57069, 0.0139722
1794, 69.13717, 0.014464
1795, 70.39924, 0.0142047
1796, 72.50685, 0.0137918
1797, 72.07311, 0.0138748
1798, 71.92692, 0.013903
1799, 71.54765, 0.0139767
1800, 73.32991, 0.013637
1801, 71.02827, 0.0140789
1802, 70.29926, 0.0142249
1803, 73.51103, 0.0136034
1804, 69.83875, 0.0143187
1805, 72.52105, 0.0137891
1806, 68.93652, 0.0145061
1807, 76.57495, 0.0130591
1808, 70.56715, 0.0141709
1809, 72.00461, 0.013888
1810, 71.78442, 0.0139306
1811, 73.37565, 0.0136285
1812, 71.54202, 0.0139778
1813, 72.05338, 0.0138786
1814, 67.80305, 0.0147486
1815, 64.6191, 0.0154753
1816, 89.15119, 0.0112169
1817, 65.4309, 0.0152833
1818, 81.414, 0.0122829
1819, 71.42755, 0.0140002
1820, 71.3221, 0.0140209
1821, 72.75478, 0.0137448
1822, 71.86024, 0.0139159
1823, 71.71183, 0.0139447
1824, 72.04559, 0.0138801
1825, 70.07267, 0.0142709
1826, 73.31701, 0.0136394
1827, 72.27731, 0.0138356
1828, 70.46869, 0.0141907
1829, 72.96021, 0.0137061
1830, 72.41549, 0.0138092
1831, 71.39186, 0.0140072
1832, 69.68058, 0.0143512
1833, 74.09602, 0.013496
1834, 71.63016, 0.0139606
1835, 71.8587, 0.0139162
1836, 72.06844, 0.0138757
1837, 71.44286, 0.0139972
1838, 70.83558, 0.0141172
1839, 73.01189, 0.0136964
1840, 68.60781, 0.0145756
1841, 60.31545, 0.0165795
1842, 73.56349, 0.0135937
1843, 85.88188, 0.0116439
1844, 71.79369, 0.0139288
1845, 72.39662, 0.0138128
1846, 72.28724, 0.0138337
1847, 69.35871, 0.0144178
1848, 58.76407, 0.0170172
1849, 66.08599, 0.0151318
1850, 70.53778, 0.0141768
1851, 104.6211, 0.0095583
1852, 62.71087, 0.0159462
1853, 75.85181, 0.0131836
1854, 81.34644, 0.0122931
1855, 71.54509, 0.0139772
1856, 64.78698, 0.0154352
1857, 81.99813, 0.0121954
1858, 72.08558, 0.0138724
1859, 71.38166, 0.0140092
1860, 71.80452, 0.0139267
1861, 72.87886, 0.0137214
1862, 71.61118, 0.0139643
1863, 71.70361, 0.0139463
1864, 72.24233, 0.0138423
1865, 71.12224, 0.0140603
1866, 72.26112, 0.0138387
1867, 74.76915, 0.0133745
1868, 71.20782, 0.0140434
1869, 71.57274, 0.0139718
1870, 69.43818, 0.0144013
1871, 70.50694, 0.014183
1872, 71.96471, 0.0138957
1873, 73.90382, 0.0135311
1874, 69.7978, 0.0143271
1875, 71.57325, 0.0139717
1876, 74.20159, 0.0134768
1877, 71.56659, 0.013973
1878, 69.57684, 0.0143726
1879, 75.38465, 0.0132653
1880, 70.48161, 0.0141881
1881, 75.3063, 0.0132791
1882, 71.27329, 0.0140305
1883, 69.65147, 0.0143572
1884, 71.8138, 0.0139249
1885, 72.08714, 0.0138721
1886, 71.38472, 0.0140086
1887, 72.40553, 0.0138111
1888, 71.86541, 0.0139149
1889, 71.70309, 0.0139464
1890, 74.61963, 0.0134013
1891, 68.83591, 0.0145273
1892, 71.41123, 0.0140034
1893, 73.27457, 0.0136473
1894, 70.64791, 0.0141547
1895, 66.89813, 0.0149481
1896, 77.76595, 0.0128591
1897, 65.67627, 0.0152262
1898, 46.56382, 0.0214759
1899, 145.9492, 0.0068517
1900, 85.50809, 0.0116948
1901, 68.65538, 0.0145655
1902, 77.08674, 0.0129724
1903, 72.00772, 0.0138874
1904, 70.49303, 0.0141858
1905, 52.28403, 0.0191263
1906, 91.33504, 0.0109487
1907, 78.25706, 0.0127784
1908, 79.26128, 0.0126165
1909, 22.36586, 0.044711
