Frame, FPS, Frame Time
1, 50, 0.02
2, 50, 0.02
3, 3, 0.3333333
4, 4.578382, 0.2184178
5, 20.92913, 0.0477803
6, 115.6256, 0.0086486
7, 72.80776, 0.0137348
8, 71.60144, 0.0139662
9, 72.394, 0.0138133
10, 71.82825, 0.0139221
11, 71.33075, 0.0140192
12, 72.10326, 0.013869
13, 70.93959, 0.0140965
14, 72.23502, 0.0138437
15, 73.27779, 0.0136467
16, 70.83508, 0.0141173
17, 14.36326, 0.0696221
18, 73.28101, 0.0136461
19, 71.01163, 0.0140822
20, 70.66689, 0.0141509
21, 73.50779, 0.013604
22, 70.95369, 0.0140937
23, 72.28097, 0.0138349
24, 70.96175, 0.0140921
25, 71.84476, 0.0139189
26, 72.19018, 0.0138523
27, 71.66148, 0.0139545
28, 72.63377, 0.0137677
29, 71.2205, 0.0140409
30, 72.02172, 0.0138847
31, 70.87122, 0.0141101
32, 72.67812, 0.0137593
33, 71.32719, 0.0140199
34, 72.61426, 0.0137714
35, 57.5682, 0.0173707
36, 73.13416, 0.0136735
37, 72.45064, 0.0138025
38, 71.42245, 0.0140012
39, 56.73469, 0.0176259
40, 41.36607, 0.0241744
41, 91.23089, 0.0109612
42, 72.24129, 0.0138425
43, 72.02847, 0.0138834
44, 4.650133, 0.2150476
45, 66.82214, 0.0149651
46, 12.4757, 0.0801558
47, 67.30879, 0.0148569
48, 36.29013, 0.0275557
49, 34.0567, 0.0293628
50, 69.56812, 0.0143744
51, 68.75687, 0.014544
52, 72.0072, 0.0138875
53, 71.08685, 0.0140673
54, 70.19613, 0.0142458
55, 73.27779, 0.0136467
56, 71.77257, 0.0139329
57, 71.91399, 0.0139055
58, 70.58807, 0.0141667
59, 70.6599, 0.0141523
60, 69.52701, 0.0143829
61, 73.03108, 0.0136928
62, 71.06412, 0.0140718
63, 17.88004, 0.0559283
64, 70.76189, 0.0141319
65, 71.57991, 0.0139704
66, 71.55584, 0.0139751
67, 71.55584, 0.0139751
68, 69.10946, 0.0144698
69, 29.28206, 0.0341506
70, 34.30249, 0.0291524
71, 41.46074, 0.0241192
72, 107.9925, 0.0092599
73, 71.70309, 0.0139464
74, 68.21096, 0.0146604
75, 72.09702, 0.0138702
76, 73.62957, 0.0135815
77, 71.80813, 0.013926
78, 71.32006, 0.0140213
79, 72.91553, 0.0137145
80, 71.63016, 0.0139606
81, 72.21989, 0.0138466
82, 71.13438, 0.0140579
83, 72.05182, 0.0138789
84, 71.69743, 0.0139475
85, 71.57172, 0.013972
86, 71.39594, 0.0140064
87, 71.16121, 0.0140526
88, 71.00306, 0.0140839
89, 73.29444, 0.0136436
90, 72.04299, 0.0138806
91, 71.02475, 0.0140796
92, 72.34529, 0.0138226
93, 71.56711, 0.0139729
94, 71.64196, 0.0139583
95, 71.55891, 0.0139745
96, 72.12509, 0.0138648
97, 71.76896, 0.0139336
98, 71.17336, 0.0140502
99, 70.57611, 0.0141691
100, 72.87727, 0.0137217
101, 72.81942, 0.0137326
102, 72.09961, 0.0138697
103, 71.51337, 0.0139834
104, 72.00772, 0.0138874
105, 71.82773, 0.0139222
106, 70.62646, 0.014159
107, 72.60635, 0.0137729
108, 71.62605, 0.0139614
109, 71.1106, 0.0140626
110, 72.05389, 0.0138785
111, 72.14071, 0.0138618
112, 70.98138, 0.0140882
113, 72.66122, 0.0137625
114, 71.98647, 0.0138915
115, 71.79833, 0.0139279
116, 71.78905, 0.0139297
117, 71.43265, 0.0139992
118, 71.52155, 0.0139818
119, 72.54051, 0.0137854
120, 70.71336, 0.0141416
121, 72.24807, 0.0138412
122, 71.52411, 0.0139813
123, 72.75743, 0.0137443
124, 71.54713, 0.0139768
125, 71.4643, 0.013993
126, 72.02691, 0.0138837
127, 71.74116, 0.013939
128, 71.57889, 0.0139706
129, 71.88969, 0.0139102
130, 58.97965, 0.016955
131, 73.67297, 0.0135735
132, 92.75319, 0.0107813
133, 71.64504, 0.0139577
134, 71.77154, 0.0139331
135, 71.4643, 0.013993
136, 71.07877, 0.0140689
137, 72.2298, 0.0138447
138, 71.84992, 0.0139179
139, 71.48167, 0.0139896
140, 71.55379, 0.0139755
141, 71.95435, 0.0138977
142, 70.54325, 0.0141757
143, 72.6248, 0.0137694
144, 71.98232, 0.0138923
145, 71.68665, 0.0139496
146, 71.86748, 0.0139145
147, 71.91968, 0.0139044
148, 71.80246, 0.0139271
149, 71.5062, 0.0139848
150, 72.20061, 0.0138503
151, 70.85516, 0.0141133
152, 72.27522, 0.013836
153, 71.11516, 0.0140617
154, 72.84541, 0.0137277
155, 70.47415, 0.0141896
156, 73.0898, 0.0136818
157, 71.92589, 0.0139032
158, 71.53025, 0.0139801
159, 71.98958, 0.0138909
160, 71.71235, 0.0139446
161, 71.57069, 0.0139722
162, 71.61682, 0.0139632
163, 72.2319, 0.0138443
164, 69.53764, 0.0143807
165, 74.45684, 0.0134306
166, 70.84962, 0.0141144
167, 72.5342, 0.0137866
168, 71.85198, 0.0139175
169, 71.70155, 0.0139467
170, 71.61169, 0.0139642
171, 72.13134, 0.0138636
172, 71.85353, 0.0139172
173, 70.24445, 0.014236
174, 72.89373, 0.0137186
175, 71.69641, 0.0139477
176, 71.56608, 0.0139731
177, 72.43858, 0.0138048
178, 71.77669, 0.0139321
179, 70.70586, 0.0141431
180, 72.67072, 0.0137607
181, 71.91709, 0.0139049
182, 71.83959, 0.0139199
183, 71.74064, 0.0139391
184, 72.06376, 0.0138766
185, 71.52103, 0.0139819
186, 69.95649, 0.0142946
187, 73.56998, 0.0135925
188, 71.90054, 0.0139081
189, 71.95953, 0.0138967
190, 71.37351, 0.0140108
191, 72.07571, 0.0138743
192, 71.89331, 0.0139095
193, 71.92485, 0.0139034
194, 71.10606, 0.0140635
195, 72.36204, 0.0138194
196, 71.72058, 0.013943
197, 70.8426, 0.0141158
198, 72.40501, 0.0138112
199, 72.13081, 0.0138637
200, 71.91502, 0.0139053
201, 71.58862, 0.0139687
202, 71.73293, 0.0139406
203, 71.88711, 0.0139107
204, 71.65377, 0.013956
205, 71.86954, 0.0139141
206, 71.50928, 0.0139842
207, 72.38404, 0.0138152
208, 71.06159, 0.0140723
209, 71.96937, 0.0138948
210, 72.50317, 0.0137925
211, 71.68304, 0.0139503
212, 71.55891, 0.0139745
213, 71.25197, 0.0140347
214, 72.25277, 0.0138403
215, 71.82618, 0.0139225
216, 71.93262, 0.0139019
217, 72.01238, 0.0138865
218, 71.23319, 0.0140384
219, 71.28295, 0.0140286
220, 72.55209, 0.0137832
221, 71.59939, 0.0139666
222, 71.71852, 0.0139434
223, 71.54662, 0.0139769
224, 71.45205, 0.0139954
225, 72.48163, 0.0137966
226, 71.09493, 0.0140657
227, 72.16778, 0.0138566
228, 70.8115, 0.014122
229, 73.30518, 0.0136416
230, 71.20123, 0.0140447
231, 72.16673, 0.0138568
232, 72.0461, 0.01388
233, 71.62452, 0.0139617
234, 71.42857, 0.014
235, 71.60657, 0.0139652
236, 72.00979, 0.013887
237, 71.88814, 0.0139105
238, 70.57063, 0.0141702
239, 72.96181, 0.0137058
240, 72.35314, 0.0138211
241, 70.16707, 0.0142517
242, 73.08873, 0.013682
243, 71.45766, 0.0139943
244, 71.96316, 0.013896
245, 71.98129, 0.0138925
246, 71.36587, 0.0140123
247, 71.93313, 0.0139018
248, 72.03365, 0.0138824
249, 71.21188, 0.0140426
250, 72.05909, 0.0138775
251, 72.26112, 0.0138387
252, 70.52833, 0.0141787
253, 73.07858, 0.0136839
254, 71.40766, 0.0140041
255, 71.37606, 0.0140103
256, 71.88556, 0.013911
257, 72.02276, 0.0138845
258, 71.36129, 0.0140132
259, 72.65752, 0.0137632
260, 71.70103, 0.0139468
261, 71.60452, 0.0139656
262, 72.14695, 0.0138606
263, 71.14146, 0.0140565
264, 71.94452, 0.0138996
265, 71.55788, 0.0139747
266, 72.25642, 0.0138396
267, 71.29261, 0.0140267
268, 71.89124, 0.0139099
269, 72.10533, 0.0138686
270, 71.26162, 0.0140328
271, 72.60583, 0.013773
272, 71.5236, 0.0139814
273, 71.3343, 0.0140185
274, 70.99248, 0.014086
275, 72.05026, 0.0138792
276, 72.62006, 0.0137703
277, 72.18288, 0.0138537
278, 71.30277, 0.0140247
279, 71.16475, 0.0140519
280, 70.18922, 0.0142472
281, 74.46571, 0.013429
282, 71.60708, 0.0139651
283, 72.17559, 0.0138551
284, 72.1199, 0.0138658
285, 70.85013, 0.0141143
286, 72.44225, 0.0138041
287, 71.42347, 0.014001
288, 71.35823, 0.0140138
289, 72.66756, 0.0137613
290, 71.36994, 0.0140115
291, 71.7067, 0.0139457
292, 71.64145, 0.0139584
293, 72.73362, 0.0137488
294, 71.20073, 0.0140448
295, 72.21625, 0.0138473
296, 70.64841, 0.0141546
297, 72.45799, 0.0138011
298, 71.78082, 0.0139313
299, 71.50723, 0.0139846
300, 72.29037, 0.0138331
301, 69.07747, 0.0144765
302, 75.43071, 0.0132572
303, 70.59554, 0.0141652
304, 73.2252, 0.0136565
305, 71.56454, 0.0139734
306, 71.18958, 0.014047
307, 71.63529, 0.0139596
308, 72.79928, 0.0137364
309, 71.52769, 0.0139806
310, 71.64401, 0.0139579
311, 71.19515, 0.0140459
312, 71.25146, 0.0140348
313, 73.32615, 0.0136377
314, 71.64658, 0.0139574
315, 71.50877, 0.0139843
316, 72.28201, 0.0138347
317, 70.64292, 0.0141557
318, 71.70464, 0.0139461
319, 72.78073, 0.0137399
320, 71.82773, 0.0139222
321, 71.26568, 0.014032
322, 70.44189, 0.0141961
323, 74.25283, 0.0134675
324, 71.38879, 0.0140078
325, 72.24651, 0.0138415
326, 71.78133, 0.0139312
327, 71.81019, 0.0139256
328, 71.70103, 0.0139468
329, 71.26568, 0.014032
330, 71.79782, 0.013928
331, 71.47095, 0.0139917
332, 72.87939, 0.0137213
333, 71.01718, 0.0140811
334, 72.3139, 0.0138286
335, 71.94452, 0.0138996
336, 71.46788, 0.0139923
337, 72.35052, 0.0138216
338, 71.43265, 0.0139992
339, 72.21572, 0.0138474
340, 71.06007, 0.0140726
341, 71.72932, 0.0139413
342, 72.03002, 0.0138831
343, 72.09077, 0.0138714
344, 71.73807, 0.0139396
345, 71.35212, 0.014015
346, 72.0378, 0.0138816
347, 72.13081, 0.0138637
348, 71.76072, 0.0139352
349, 71.49956, 0.0139861
350, 72.28358, 0.0138344
351, 70.87775, 0.0141088
352, 71.70515, 0.013946
353, 73.03215, 0.0136926
354, 71.12072, 0.0140606
355, 72.09026, 0.0138715
356, 71.98284, 0.0138922
357, 71.51541, 0.013983
358, 71.87574, 0.0139129
359, 71.9021, 0.0139078
360, 71.73035, 0.0139411
361, 72.20216, 0.01385
362, 70.87022, 0.0141103
363, 72.7019, 0.0137548
364, 71.64401, 0.0139579
365, 71.96264, 0.0138961
366, 71.62246, 0.0139621
367, 68.7068, 0.0145546
368, 75.78629, 0.013195
369, 72.06168, 0.013877
370, 71.48372, 0.0139892
371, 72.02068, 0.0138849
372, 71.09797, 0.0140651
373, 71.47963, 0.01399
374, 72.41864, 0.0138086
375, 71.65326, 0.0139561
376, 71.9052, 0.0139072
377, 71.79524, 0.0139285
378, 72.06168, 0.013877
379, 72.0887, 0.0138718
380, 71.63273, 0.0139601
381, 72.1834, 0.0138536
382, 71.52001, 0.0139821
383, 71.54867, 0.0139765
384, 70.97333, 0.0140898
385, 72.81624, 0.0137332
386, 70.50496, 0.0141834
387, 73.12293, 0.0136756
388, 71.9787, 0.013893
389, 72.07935, 0.0138736
390, 71.85147, 0.0139176
391, 71.21493, 0.014042
392, 72.48846, 0.0137953
393, 71.94452, 0.0138996
394, 71.33787, 0.0140178
395, 70.34773, 0.0142151
396, 73.68111, 0.013572
397, 71.73602, 0.01394
398, 71.8649, 0.013915
399, 72.59423, 0.0137752
400, 71.2921, 0.0140268
401, 72.20686, 0.0138491
402, 71.5917, 0.0139681
403, 70.29333, 0.0142261
404, 73.54239, 0.0135976
405, 71.76484, 0.0139344
406, 70.76239, 0.0141318
407, 72.50843, 0.0137915
408, 71.77051, 0.0139333
409, 71.50877, 0.0139843
410, 72.38142, 0.0138157
411, 71.17742, 0.0140494
412, 72.44697, 0.0138032
413, 71.82928, 0.0139219
414, 72.25642, 0.0138396
415, 71.60554, 0.0139654
416, 71.72675, 0.0139418
417, 69.86021, 0.0143143
418, 73.83344, 0.013544
419, 70.59804, 0.0141647
420, 73.20108, 0.013661
421, 70.62446, 0.0141594
422, 73.42467, 0.0136194
423, 71.5753, 0.0139713
424, 72.40762, 0.0138107
425, 71.52053, 0.013982
426, 71.59734, 0.013967
427, 71.51234, 0.0139836
428, 70.85013, 0.0141143
429, 72.2439, 0.013842
430, 72.3411, 0.0138234
431, 72.47375, 0.0137981
432, 71.81483, 0.0139247
433, 71.39491, 0.0140066
434, 72.32593, 0.0138263
435, 70.92048, 0.0141003
436, 72.73627, 0.0137483
437, 71.88142, 0.0139118
438, 71.09797, 0.0140651
439, 70.78744, 0.0141268
440, 73.40527, 0.013623
441, 70.98895, 0.0140867
442, 71.81741, 0.0139242
443, 72.37671, 0.0138166
444, 72.1881, 0.0138527
445, 71.34907, 0.0140156
446, 71.92175, 0.013904
447, 71.67739, 0.0139514
448, 71.81844, 0.013924
449, 72.12249, 0.0138653
450, 70.28246, 0.0142283
451, 72.9368, 0.0137105
452, 71.6815, 0.0139506
453, 72.92563, 0.0137126
454, 71.82928, 0.0139219
455, 71.34042, 0.0140173
456, 72.30762, 0.0138298
457, 71.51439, 0.0139832
458, 71.77102, 0.0139332
459, 71.78905, 0.0139297
460, 70.95822, 0.0140928
461, 71.87626, 0.0139128
462, 72.198, 0.0138508
463, 72.54156, 0.0137852
464, 55.08549, 0.0181536
465, 84.83276, 0.0117879
466, 75.44323, 0.013255
467, 73.66048, 0.0135758
468, 72.42388, 0.0138076
469, 73.34335, 0.0136345
470, 72.59159, 0.0137757
471, 72.63536, 0.0137674
472, 71.09645, 0.0140654
473, 73.42629, 0.0136191
474, 72.4349, 0.0138055
475, 72.24755, 0.0138413
476, 71.87936, 0.0139122
477, 72.51053, 0.0137911
478, 71.89848, 0.0139085
479, 72.24598, 0.0138416
480, 71.85043, 0.0139178
481, 71.80091, 0.0139274
482, 71.63683, 0.0139593
483, 71.57632, 0.0139711
484, 72.81412, 0.0137336
485, 71.76587, 0.0139342
486, 71.22456, 0.0140401
487, 72.25851, 0.0138392
488, 72.40972, 0.0138103
489, 71.75918, 0.0139355
490, 71.65479, 0.0139558
491, 71.77308, 0.0139328
492, 71.34958, 0.0140155
493, 71.85767, 0.0139164
494, 70.91142, 0.0141021
495, 72.30919, 0.0138295
496, 72.70137, 0.0137549
497, 71.69127, 0.0139487
498, 35.06877, 0.0285154
499, 71.23725, 0.0140376
500, 75.72947, 0.0132049
501, 71.45511, 0.0139948
502, 66.75345, 0.0149805
503, 66.9586, 0.0149346
504, 79.61657, 0.0125602
505, 30.19388, 0.0331193
506, 108.5729, 0.0092104
507, 80.21691, 0.0124662
508, 72.24911, 0.013841
509, 71.44439, 0.0139969
510, 59.53621, 0.0167965
511, 88.63519, 0.0112822
512, 71.56301, 0.0139737
513, 72.57262, 0.0137793
514, 71.76948, 0.0139335
515, 30.73197, 0.0325394
516, 111.6196, 0.008959
517, 70.82504, 0.0141193
518, 71.32057, 0.0140212
519, 72.06688, 0.013876
520, 71.62041, 0.0139625
521, 71.97455, 0.0138938
522, 70.92752, 0.0140989
523, 72.91499, 0.0137146
524, 70.72385, 0.0141395
525, 32.21971, 0.0310369
526, 94.38326, 0.0105951
527, 71.61734, 0.0139631
528, 71.55431, 0.0139754
529, 71.51592, 0.0139829
530, 70.11934, 0.0142614
531, 72.35838, 0.0138201
532, 73.50185, 0.0136051
533, 71.54919, 0.0139764
534, 71.3455, 0.0140163
535, 31.93633, 0.0313123
536, 95.86349, 0.0104315
537, 71.10504, 0.0140637
538, 73.30196, 0.0136422
539, 70.31607, 0.0142215
540, 72.73521, 0.0137485
541, 71.82205, 0.0139233
542, 72.15476, 0.0138591
543, 71.53844, 0.0139785
544, 70.98643, 0.0140872
545, 32.04224, 0.0312088
546, 96.82135, 0.0103283
547, 71.46278, 0.0139933
548, 71.5282, 0.0139805
549, 71.78699, 0.0139301
550, 72.2298, 0.0138447
551, 71.58708, 0.013969
552, 71.60913, 0.0139647
553, 72.27, 0.013837
554, 70.53429, 0.0141775
555, 31.38624, 0.0318611
556, 103.613, 0.0096513
557, 72.09805, 0.01387
558, 70.1912, 0.0142468
559, 71.61477, 0.0139636
560, 73.68762, 0.0135708
561, 71.27787, 0.0140296
562, 71.69949, 0.0139471
563, 72.12197, 0.0138654
564, 71.21239, 0.0140425
565, 25.28279, 0.0395526
566, 62.33481, 0.0160424
567, 71.76587, 0.0139342
568, 72.23138, 0.0138444
569, 71.58708, 0.013969
570, 72.02691, 0.0138837
571, 72.13394, 0.0138631
572, 71.70361, 0.0139463
573, 70.88981, 0.0141064
574, 31.62876, 0.0316168
575, 98.72448, 0.0101292
576, 72.65646, 0.0137634
577, 71.13893, 0.014057
578, 71.8494, 0.013918
579, 72.58474, 0.013777
580, 70.80298, 0.0141237
581, 72.88417, 0.0137204
582, 71.59016, 0.0139684
583, 70.51341, 0.0141817
584, 32.30851, 0.0309516
585, 92.20074, 0.0108459
586, 73.11331, 0.0136774
587, 72.50685, 0.0137918
588, 71.09241, 0.0140662
589, 72.18549, 0.0138532
590, 71.63786, 0.0139591
591, 71.6738, 0.0139521
592, 71.47452, 0.013991
593, 71.79472, 0.0139286
594, 32.02552, 0.0312251
595, 93.30012, 0.0107181
596, 73.44247, 0.0136161
597, 72.24233, 0.0138423
598, 71.70875, 0.0139453
599, 71.06109, 0.0140724
600, 72.66808, 0.0137612
601, 71.91296, 0.0139057
602, 71.29108, 0.014027
603, 70.10754, 0.0142638
604, 32.50024, 0.030769
605, 94.44565, 0.0105881
606, 71.64248, 0.0139582
607, 71.66815, 0.0139532
608, 71.54919, 0.0139764
609, 72.34372, 0.0138229
610, 71.38371, 0.0140088
611, 71.82102, 0.0139235
612, 72.11261, 0.0138672
613, 70.5149, 0.0141814
614, 26.192, 0.0381796
615, 43.09602, 0.023204
616, 126.4958, 0.0079054
617, 71.55328, 0.0139756
618, 71.56454, 0.0139734
619, 71.77412, 0.0139326
620, 72.05753, 0.0138778
621, 71.62656, 0.0139613
622, 70.21831, 0.0142413
623, 32.48779, 0.0307808
624, 94.58232, 0.0105728
625, 71.28752, 0.0140277
626, 72.0015, 0.0138886
627, 71.71697, 0.0139437
628, 71.60554, 0.0139654
629, 71.87678, 0.0139127
630, 72.16153, 0.0138578
631, 71.48474, 0.013989
632, 70.40171, 0.0142042
633, 32.27733, 0.0309815
634, 96.24732, 0.0103899
635, 71.60708, 0.0139651
636, 71.73447, 0.0139403
637, 71.40816, 0.014004
638, 72.06376, 0.0138766
639, 71.05604, 0.0140734
640, 72.31704, 0.013828
641, 72.09961, 0.0138697
642, 71.03938, 0.0140767
643, 32.01773, 0.0312327
644, 95.93707, 0.0104235
645, 72.18184, 0.0138539
646, 71.39491, 0.0140066
647, 72.39924, 0.0138123
648, 71.62708, 0.0139612
649, 72.02691, 0.0138837
650, 71.52001, 0.0139821
651, 72.19539, 0.0138513
652, 69.41167, 0.0144068
653, 32.32877, 0.0309322
654, 95.60047, 0.0104602
655, 72.12145, 0.0138655
656, 71.41174, 0.0140033
657, 72.62322, 0.0137697
658, 71.68973, 0.013949
659, 71.71903, 0.0139433
660, 71.53741, 0.0139787
661, 72.10949, 0.0138678
662, 69.88267, 0.0143097
663, 29.56044, 0.033829
664, 129.7892, 0.0077048
665, 72.54683, 0.0137842
666, 71.92123, 0.0139041
667, 71.14248, 0.0140563
668, 71.66404, 0.013954
669, 72.68023, 0.0137589
670, 71.57581, 0.0139712
671, 71.45613, 0.0139946
672, 71.28854, 0.0140275
673, 32.3271, 0.0309338
674, 93.78311, 0.0106629
675, 71.41684, 0.0140023
676, 72.00461, 0.013888
677, 71.39645, 0.0140063
678, 71.9321, 0.013902
679, 72.49266, 0.0137945
680, 72.12302, 0.0138652
681, 71.02979, 0.0140786
682, 71.82515, 0.0139227
683, 31.74372, 0.0315023
684, 98.16337, 0.0101871
685, 71.80658, 0.0139263
686, 72.10378, 0.0138689
687, 71.33228, 0.0140189
688, 71.74528, 0.0139382
689, 71.16576, 0.0140517
690, 72.76485, 0.0137429
691, 71.50007, 0.013986
692, 71.32057, 0.0140212
693, 32.13099, 0.0311226
694, 93.43001, 0.0107032
695, 73.4333, 0.0136178
696, 71.55584, 0.0139751
697, 71.82412, 0.0139229
698, 71.42398, 0.0140009
699, 72.24285, 0.0138422
700, 71.73035, 0.0139411
701, 71.74734, 0.0139378
702, 71.1278, 0.0140592
703, 31.62185, 0.0316237
704, 100.5197, 0.0099483
705, 71.44439, 0.0139969
706, 72.53789, 0.0137859
707, 71.11162, 0.0140624
708, 72.24181, 0.0138424
709, 71.85095, 0.0139177
710, 69.53378, 0.0143815
711, 73.04015, 0.0136911
712, 72.42441, 0.0138075
713, 29.39525, 0.0340191
714, 131.7141, 0.0075922
715, 71.01365, 0.0140818
716, 72.01706, 0.0138856
717, 72.41759, 0.0138088
718, 72.35419, 0.0138209
719, 70.88428, 0.0141075
720, 72.0295, 0.0138832
721, 71.61015, 0.0139645
722, 70.71835, 0.0141406
723, 32.2249, 0.0310319
724, 96.32241, 0.0103818
725, 70.40568, 0.0142034
726, 71.62965, 0.0139607
727, 72.81518, 0.0137334
728, 72.21833, 0.0138469
729, 71.34907, 0.0140156
730, 71.28752, 0.0140277
731, 72.58316, 0.0137773
732, 70.42303, 0.0141999
733, 30.45457, 0.0328358
734, 117.4784, 0.0085122
735, 71.01466, 0.0140816
736, 71.79678, 0.0139282
737, 71.5835, 0.0139697
738, 71.65326, 0.0139561
739, 72.1532, 0.0138594
740, 71.74374, 0.0139385
741, 70.97786, 0.0140889
742, 71.94711, 0.0138991
743, 32.34958, 0.0309123
744, 93.7418, 0.0106676
745, 72.10117, 0.0138694
746, 70.85013, 0.0141143
747, 72.25903, 0.0138391
748, 71.98543, 0.0138917
749, 72.02587, 0.0138839
750, 71.64709, 0.0139573
751, 72.22407, 0.0138458
752, 70.26321, 0.0142322
753, 32.24579, 0.0310118
754, 94.64947, 0.0105653
755, 71.57684, 0.013971
756, 72.17611, 0.013855
757, 72.00565, 0.0138878
758, 71.57427, 0.0139715
759, 71.0303, 0.0140785
760, 72.68392, 0.0137582
761, 70.96426, 0.0140916
762, 71.47554, 0.0139908
763, 32.13027, 0.0311233
764, 94.65215, 0.010565
765, 72.10013, 0.0138696
766, 72.75849, 0.0137441
767, 71.33838, 0.0140177
768, 71.425, 0.0140007
769, 72.41339, 0.0138096
770, 71.40715, 0.0140042
771, 71.52103, 0.0139819
772, 71.53383, 0.0139794
773, 31.7873, 0.0314591
774, 98.20482, 0.0101828
775, 71.61579, 0.0139634
776, 71.5584, 0.0139746
777, 72.19956, 0.0138505
778, 71.65633, 0.0139555
779, 70.97081, 0.0140903
780, 72.2606, 0.0138388
781, 72.15632, 0.0138588
782, 71.31447, 0.0140224
783, 32.36068, 0.0309017
784, 93.57513, 0.0106866
785, 70.87172, 0.01411
786, 72.39767, 0.0138126
787, 72.24807, 0.0138412
788, 70.90237, 0.0141039
789, 72.68023, 0.0137589
790, 71.76639, 0.0139341
791, 71.96056, 0.0138965
792, 71.50723, 0.0139846
793, 32.75789, 0.030527
794, 89.72311, 0.0111454
795, 71.7803, 0.0139314
796, 71.4097, 0.0140037
797, 71.44286, 0.0139972
798, 71.43367, 0.013999
799, 71.99268, 0.0138903
800, 72.97992, 0.0137024
801, 71.21493, 0.014042
802, 70.85616, 0.0141131
803, 32.61249, 0.0306631
804, 92.54204, 0.0108059
805, 71.46073, 0.0139937
806, 72.0212, 0.0138848
807, 71.24791, 0.0140355
808, 72.2956, 0.0138321
809, 72.21938, 0.0138467
810, 71.34398, 0.0140166
811, 71.7463, 0.013938
812, 71.40307, 0.014005
813, 32.24818, 0.0310095
814, 93.66541, 0.0106763
815, 68.13335, 0.0146771
816, 76.24334, 0.0131159
817, 72.48793, 0.0137954
818, 71.94038, 0.0139004
819, 71.67791, 0.0139513
820, 71.1101, 0.0140627
821, 72.13134, 0.0138636
822, 71.44337, 0.0139971
823, 32.10664, 0.0311462
824, 94.2827, 0.0106064
825, 72.87514, 0.0137221
826, 71.37402, 0.0140107
827, 71.53997, 0.0139782
828, 71.99268, 0.0138903
829, 72.07623, 0.0138742
830, 71.5011, 0.0139858
831, 71.65839, 0.0139551
832, 71.04291, 0.014076
833, 32.38573, 0.0308778
834, 93.63208, 0.0106801
835, 71.83289, 0.0139212
836, 71.98802, 0.0138912
837, 70.7614, 0.014132
838, 72.74261, 0.0137471
839, 71.87781, 0.0139125
840, 71.65839, 0.0139551
841, 71.38268, 0.014009
842, 71.48372, 0.0139892
843, 32.31571, 0.0309447
844, 93.41953, 0.0107044
845, 71.83392, 0.013921
846, 71.91813, 0.0139047
847, 71.75454, 0.0139364
848, 71.72829, 0.0139415
849, 71.98025, 0.0138927
850, 71.44439, 0.0139969
851, 72.05753, 0.0138778
852, 71.09089, 0.0140665
853, 32.09562, 0.0311569
854, 97.44309, 0.0102624
855, 71.16678, 0.0140515
856, 71.6394, 0.0139588
857, 71.83289, 0.0139212
858, 71.76433, 0.0139345
859, 71.42398, 0.0140009
860, 72.2392, 0.0138429
861, 71.76227, 0.0139349
862, 71.09695, 0.0140653
863, 32.23716, 0.0310201
864, 94.32894, 0.0106012
865, 70.95621, 0.0140932
866, 72.93148, 0.0137115
867, 71.83392, 0.013921
868, 71.78184, 0.0139311
869, 71.65839, 0.0139551
870, 72.11053, 0.0138676
871, 72.09857, 0.0138699
872, 70.96477, 0.0140915
873, 31.32027, 0.0319282
874, 103.6345, 0.0096493
875, 70.56715, 0.0141709
876, 72.9033, 0.0137168
877, 71.82308, 0.0139231
878, 71.83856, 0.0139201
879, 71.49496, 0.013987
880, 72.09286, 0.013871
881, 71.07624, 0.0140694
882, 72.04195, 0.0138808
883, 32.29087, 0.0309685
884, 93.88261, 0.0106516
885, 70.85063, 0.0141142
886, 72.69291, 0.0137565
887, 71.83546, 0.0139207
888, 71.72881, 0.0139414
889, 71.70464, 0.0139461
890, 72.33064, 0.0138254
891, 71.57684, 0.013971
892, 70.86419, 0.0141115
893, 32.46732, 0.0308002
894, 93.83944, 0.0106565
895, 71.36129, 0.0140132
896, 71.70875, 0.0139453
897, 71.84579, 0.0139187
898, 71.76639, 0.0139341
899, 71.78082, 0.0139313
900, 72.31966, 0.0138275
901, 71.54407, 0.0139774
902, 70.31508, 0.0142217
903, 28.50952, 0.035076
904, 153.0526, 0.0065337
905, 72.49792, 0.0137935
906, 71.33939, 0.0140175
907, 72.59106, 0.0137758
908, 71.93779, 0.0139009
909, 71.42347, 0.014001
910, 72.25172, 0.0138405
911, 72.18653, 0.013853
912, 69.94719, 0.0142965
913, 30.69999, 0.0325733
914, 114.8172, 0.0087095
915, 69.28374, 0.0144334
916, 72.68604, 0.0137578
917, 73.13203, 0.0136739
918, 71.24232, 0.0140366
919, 70.75188, 0.0141339
920, 73.36327, 0.0136308
921, 71.45052, 0.0139957
922, 70.91142, 0.0141021
923, 28.67449, 0.0348742
924, 153.3672, 0.0065203
925, 71.22152, 0.0140407
926, 71.14298, 0.0140562
927, 72.14122, 0.0138617
928, 71.86541, 0.0139149
929, 71.94348, 0.0138998
930, 71.2058, 0.0140438
931, 72.49477, 0.0137941
932, 68.81365, 0.014532
933, 30.61287, 0.032666
934, 119.3959, 0.0083755
935, 70.42502, 0.0141995
936, 72.31599, 0.0138282
937, 70.74638, 0.014135
938, 73.24076, 0.0136536
939, 70.85464, 0.0141134
940, 72.85921, 0.0137251
941, 70.30865, 0.014223
942, 71.97455, 0.0138938
943, 31.01718, 0.0322402
944, 109.0239, 0.0091723
945, 71.40307, 0.014005
946, 71.40562, 0.0140045
947, 71.06613, 0.0140714
948, 72.6227, 0.0137698
949, 71.88763, 0.0139106
950, 71.5999, 0.0139665
951, 71.34958, 0.0140155
952, 71.55584, 0.0139751
953, 29.19955, 0.0342471
954, 138.1845, 0.0072367
955, 71.30938, 0.0140234
956, 71.94141, 0.0139002
957, 71.11668, 0.0140614
958, 72.02328, 0.0138844
959, 72.95436, 0.0137072
960, 70.98844, 0.0140868
961, 70.66338, 0.0141516
962, 71.64966, 0.0139568
963, 30.37556, 0.0329212
964, 117.7648, 0.0084915
965, 70.67887, 0.0141485
966, 70.72236, 0.0141398
967, 73.04655, 0.0136899
968, 67.2866, 0.0148618
969, 75.37328, 0.0132673
970, 72.44434, 0.0138037
971, 71.40511, 0.0140046
972, 71.12325, 0.0140601
973, 28.71162, 0.0348291
974, 92.23476, 0.0108419
975, 107.3583, 0.0093146
976, 71.40052, 0.0140055
977, 71.85198, 0.0139175
978, 71.85508, 0.0139169
979, 71.84012, 0.0139198
980, 71.11314, 0.0140621
981, 71.56147, 0.013974
982, 71.7067, 0.0139457
983, 72.80246, 0.0137358
984, 70.47067, 0.0141903
985, 72.34791, 0.0138221
986, 70.78894, 0.0141265
987, 74.00883, 0.0135119
988, 71.36842, 0.0140118
989, 72.04352, 0.0138805
990, 70.89131, 0.0141061
991, 72.63641, 0.0137672
992, 68.15611, 0.0146722
993, 75.35965, 0.0132697
994, 71.94607, 0.0138993
995, 72.30919, 0.0138295
996, 71.78854, 0.0139298
997, 71.52411, 0.0139813
998, 71.77721, 0.013932
999, 72.48215, 0.0137965
1000, 71.34652, 0.0140161
1001, 70.40369, 0.0142038
1002, 72.84223, 0.0137283
1003, 70.54375, 0.0141756
1004, 72.89852, 0.0137177
1005, 73.58135, 0.0135904
1006, 70.83909, 0.0141165
1007, 71.78751, 0.01393
1008, 72.64908, 0.0137648
1009, 70.76239, 0.0141318
1010, 71.47861, 0.0139902
1011, 72.15528, 0.013859
1012, 72.30344, 0.0138306
1013, 71.23218, 0.0140386
1014, 71.08078, 0.0140685
1015, 72.37514, 0.0138169
1016, 72.28515, 0.0138341
1017, 71.37351, 0.0140108
1018, 72.12926, 0.013864
1019, 71.93882, 0.0139007
1020, 72.34425, 0.0138228
1021, 71.19515, 0.0140459
1022, 70.7669, 0.0141309
1023, 72.9368, 0.0137105
1024, 71.84166, 0.0139195
1025, 72.3411, 0.0138234
1026, 70.36357, 0.0142119
1027, 72.7622, 0.0137434
1028, 71.30074, 0.0140251
1029, 73.10423, 0.0136791
1030, 71.99113, 0.0138906
1031, 71.51797, 0.0139825
1032, 70.66888, 0.0141505
1033, 73.07484, 0.0136846
1034, 69.59232, 0.0143694
1035, 73.84325, 0.0135422
1036, 72.13758, 0.0138624
1037, 71.59888, 0.0139667
1038, 72.30711, 0.0138299
1039, 70.75789, 0.0141327
1040, 72.42755, 0.0138069
1041, 72.52316, 0.0137887
1042, 70.812, 0.0141219
1043, 72.8555, 0.0137258
1044, 70.5333, 0.0141777
1045, 71.9761, 0.0138935
1046, 72.52, 0.0137893
1047, 72.00979, 0.013887
1048, 71.37096, 0.0140113
1049, 72.9959, 0.0136994
1050, 71.24587, 0.0140359
1051, 70.99852, 0.0140848
1052, 71.86541, 0.0139149
1053, 72.53262, 0.0137869
1054, 71.39288, 0.014007
1055, 72.04871, 0.0138795
1056, 71.46584, 0.0139927
1057, 71.89176, 0.0139098
1058, 72.03884, 0.0138814
1059, 71.68407, 0.0139501
1060, 72.81306, 0.0137338
1061, 71.55174, 0.0139759
1062, 71.52053, 0.013982
1063, 71.43929, 0.0139979
1064, 72.68023, 0.0137589
1065, 71.8205, 0.0139236
1066, 70.41659, 0.0142012
1067, 70.38139, 0.0142083
1068, 75.32673, 0.0132755
1069, 58.56344, 0.0170755
1070, 71.19566, 0.0140458
1071, 72.68604, 0.0137578
1072, 56.01645, 0.0178519
1073, 138.8021, 0.0072045
1074, 73.38857, 0.0136261
1075, 69.70001, 0.0143472
1076, 73.37349, 0.0136289
1077, 72.46009, 0.0138007
1078, 71.06512, 0.0140716
1079, 71.75454, 0.0139364
1080, 72.55999, 0.0137817
1081, 71.2403, 0.014037
1082, 71.86541, 0.0139149
1083, 71.38676, 0.0140082
1084, 72.67072, 0.0137607
1085, 71.54099, 0.013978
1086, 71.35772, 0.0140139
1087, 72.29507, 0.0138322
1088, 72.76114, 0.0137436
1089, 68.48142, 0.0146025
1090, 74.12898, 0.01349
1091, 71.94348, 0.0138998
1092, 72.12405, 0.013865
1093, 72.41969, 0.0138084
1094, 71.18046, 0.0140488
1095, 72.41129, 0.01381
1096, 71.58965, 0.0139685
1097, 71.79369, 0.0139288
1098, 71.51643, 0.0139828
1099, 72.16778, 0.0138566
1100, 71.42398, 0.0140009
1101, 70.27308, 0.0142302
1102, 73.04709, 0.0136898
1103, 71.8494, 0.013918
1104, 72.51369, 0.0137905
1105, 71.98388, 0.013892
1106, 71.44592, 0.0139966
1107, 71.94141, 0.0139002
1108, 72.10481, 0.0138687
1109, 71.0192, 0.0140807
1110, 70.68787, 0.0141467
1111, 72.58791, 0.0137764
1112, 72.20634, 0.0138492
1113, 71.93262, 0.0139019
1114, 70.25728, 0.0142334
1115, 73.39773, 0.0136244
1116, 73.18073, 0.0136648
1117, 70.63194, 0.0141579
1118, 72.81624, 0.0137332
1119, 70.05549, 0.0142744
1120, 72.9368, 0.0137105
1121, 70.92903, 0.0140986
1122, 72.30397, 0.0138305
1123, 73.05029, 0.0136892
1124, 71.23015, 0.014039
1125, 70.83809, 0.0141167
1126, 72.77702, 0.0137406
1127, 71.76948, 0.0139335
1128, 71.82773, 0.0139222
1129, 71.72726, 0.0139417
1130, 71.69949, 0.0139471
1131, 69.77831, 0.0143311
1132, 74.05104, 0.0135042
1133, 70.76189, 0.0141319
1134, 72.7532, 0.0137451
1135, 71.08179, 0.0140683
1136, 72.15424, 0.0138592
1137, 72.15736, 0.0138586
1138, 72.23555, 0.0138436
1139, 71.78287, 0.0139309
1140, 71.48781, 0.0139884
1141, 72.33587, 0.0138244
1142, 70.24347, 0.0142362
1143, 73.50887, 0.0136038
1144, 70.87624, 0.0141091
1145, 72.82366, 0.0137318
1146, 70.90237, 0.0141039
1147, 71.85043, 0.0139178
1148, 71.96626, 0.0138954
1149, 71.18046, 0.0140488
1150, 73.17698, 0.0136655
1151, 71.07877, 0.0140689
1152, 71.45358, 0.0139951
1153, 73.01722, 0.0136954
1154, 70.6599, 0.0141523
1155, 70.34921, 0.0142148
1156, 72.82101, 0.0137323
1157, 72.80776, 0.0137348
1158, 69.78123, 0.0143305
1159, 28.09352, 0.0355954
1160, 110.0522, 0.0090866
1161, 97.39564, 0.0102674
1162, 71.77051, 0.0139333
1163, 71.66148, 0.0139545
1164, 72.0513, 0.013879
1165, 71.73962, 0.0139393
1166, 71.11617, 0.0140615
1167, 72.00928, 0.0138871
1168, 58.67649, 0.0170426
1169, 33.94272, 0.0294614
1170, 108.5906, 0.0092089
1171, 70.28642, 0.0142275
1172, 72.51685, 0.0137899
1173, 72.64802, 0.013765
1174, 70.8667, 0.014111
1175, 72.05026, 0.0138792
1176, 71.26669, 0.0140318
1177, 71.98958, 0.0138909
1178, 71.32362, 0.0140206
1179, 29.24293, 0.0341963
1180, 138.9603, 0.0071963
1181, 69.70584, 0.014346
1182, 71.83701, 0.0139204
1183, 71.9021, 0.0139078
1184, 73.08446, 0.0136828
1185, 72.44067, 0.0138044
1186, 70.69836, 0.0141446
1187, 72.84701, 0.0137274
1188, 68.99549, 0.0144937
1189, 29.73836, 0.0336266
1190, 131.7714, 0.0075889
1191, 69.76371, 0.0143341
1192, 73.41497, 0.0136212
1193, 72.33378, 0.0138248
1194, 71.04392, 0.0140758
1195, 72.35052, 0.0138216
1196, 71.1273, 0.0140593
1197, 72.36256, 0.0138193
1198, 71.12932, 0.0140589
1199, 30.34966, 0.0329493
1200, 116.1184, 0.0086119
1201, 72.08038, 0.0138734
1202, 70.89735, 0.0141049
1203, 72.1834, 0.0138536
1204, 72.06168, 0.013877
1205, 72.17246, 0.0138557
1206, 71.51694, 0.0139827
1207, 70.5796, 0.0141684
1208, 72.06999, 0.0138754
1209, 28.10094, 0.035586
1210, 130.6609, 0.0076534
1211, 84.31205, 0.0118607
1212, 71.90417, 0.0139074
1213, 69.88364, 0.0143095
1214, 72.97192, 0.0137039
1215, 71.91606, 0.0139051
1216, 72.06636, 0.0138761
1217, 69.85777, 0.0143148
1218, 72.17194, 0.0138558
1219, 31.16197, 0.0320904
1220, 104.8295, 0.0095393
1221, 71.99839, 0.0138892
1222, 71.28041, 0.0140291
1223, 71.81792, 0.0139241
1224, 72.19018, 0.0138523
1225, 71.48933, 0.0139881
1226, 70.67987, 0.0141483
1227, 70.58209, 0.0141679
1228, 72.17246, 0.0138557
1229, 27.96749, 0.0357558
1230, 161.6109, 0.0061877
1231, 75.89845, 0.0131755
1232, 71.42142, 0.0140014
1233, 71.54202, 0.0139778
1234, 71.36944, 0.0140116
1235, 72.36099, 0.0138196
1236, 70.63245, 0.0141578
1237, 72.94851, 0.0137083
1238, 69.98489, 0.0142888
1239, 30.04753, 0.0332806
1240, 124.7661, 0.008015
1241, 70.64192, 0.0141559
1242, 71.63067, 0.0139605
1243, 70.02605, 0.0142804
1244, 73.72021, 0.0135648
1245, 71.7355, 0.0139401
1246, 72.2747, 0.0138361
1247, 71.09898, 0.0140649
1248, 71.5958, 0.0139673
1249, 29.54183, 0.0338503
1250, 127.7906, 0.0078253
1251, 71.13287, 0.0140582
1252, 73.14005, 0.0136724
1253, 71.70824, 0.0139454
1254, 70.497, 0.014185
1255, 73.44624, 0.0136154
1256, 71.53638, 0.0139789
1257, 70.85766, 0.0141128
1258, 70.78644, 0.014127
1259, 29.73376, 0.0336318
1260, 129.7219, 0.0077088
1261, 70.7684, 0.0141306
1262, 71.89641, 0.0139089
1263, 72.5321, 0.013787
1264, 71.32515, 0.0140203
1265, 70.80899, 0.0141225
1266, 73.05563, 0.0136882
1267, 71.73035, 0.0139411
1268, 70.44883, 0.0141947
1269, 31.63285, 0.0316127
1270, 102.2202, 0.0097828
1271, 71.79524, 0.0139285
1272, 71.76227, 0.0139349
1273, 71.65479, 0.0139558
1274, 71.72572, 0.013942
1275, 71.30684, 0.0140239
1276, 72.51579, 0.0137901
1277, 71.91606, 0.0139051
1278, 71.4924, 0.0139875
1279, 32.08738, 0.0311649
1280, 95.4973, 0.0104715
1281, 71.47248, 0.0139914
1282, 72.25642, 0.0138396
1283, 71.144, 0.014056
1284, 71.30938, 0.0140234
1285, 72.42126, 0.0138081
1286, 72.21312, 0.0138479
1287, 70.42502, 0.0141995
1288, 72.06429, 0.0138765
1289, 32.36047, 0.0309019
1290, 93.46144, 0.0106996
1291, 71.71183, 0.0139447
1292, 71.42704, 0.0140003
1293, 71.75815, 0.0139357
1294, 72.37199, 0.0138175
1295, 71.71955, 0.0139432
1296, 72.07467, 0.0138745
1297, 71.75094, 0.0139371
1298, 70.45628, 0.0141932
1299, 32.61026, 0.0306652
1300, 93.03538, 0.0107486
1301, 71.71903, 0.0139433
1302, 71.6317, 0.0139603
1303, 71.51081, 0.0139839
1304, 72.35104, 0.0138215
1305, 71.58453, 0.0139695
1306, 72.11209, 0.0138673
1307, 71.72469, 0.0139422
1308, 70.37396, 0.0142098
1309, 32.65317, 0.0306249
1310, 39.53225, 0.0252958
1311, 45.1663, 0.0221404
1312, 121.8724, 0.0082053
1313, 83.6757, 0.0119509
1314, 74.9732, 0.0133381
1315, 71.75094, 0.0139371
1316, 72.27052, 0.0138369
1317, 71.59068, 0.0139683
1318, 30.82206, 0.0324443
1319, 113.6687, 0.0087975
1320, 71.64145, 0.0139584
1321, 71.51183, 0.0139837
1322, 71.55635, 0.013975
1323, 72.06844, 0.0138757
1324, 71.72932, 0.0139413
1325, 71.84166, 0.0139195
1326, 71.09089, 0.0140665
1327, 71.74013, 0.0139392
1328, 32.57255, 0.0307007
1329, 90.66183, 0.01103
1330, 72.71458, 0.0137524
1331, 71.1688, 0.0140511
1332, 72.66069, 0.0137626
1333, 69.4054, 0.0144081
1334, 73.71424, 0.0135659
1335, 72.44434, 0.0138037
1336, 71.78751, 0.01393
1337, 71.02727, 0.0140791
1338, 31.68226, 0.0315634
1339, 100.2898, 0.0099711
1340, 68.98836, 0.0144952
1341, 72.16778, 0.0138566
1342, 71.93882, 0.0139007
1343, 66.75345, 0.0149805
1344, 76.03695, 0.0131515
1345, 71.63786, 0.0139591
1346, 68.51943, 0.0145944
1347, 68.37981, 0.0146242
1348, 30.85924, 0.0324052
1349, 129.1556, 0.0077426
1350, 70.70736, 0.0141428
1351, 72.51211, 0.0137908
1352, 68.94412, 0.0145045
1353, 73.88799, 0.013534
1354, 31.08341, 0.0321715
1355, 37.03951, 0.0269982
1356, 35.14024, 0.0284574
1357, 101.6188, 0.0098407
1358, 32.96522, 0.030335
1359, 92.79537, 0.0107764
1360, 68.57817, 0.0145819
1361, 71.718, 0.0139435
1362, 72.77385, 0.0137412
1363, 71.51388, 0.0139833
1364, 70.56466, 0.0141714
1365, 70.80147, 0.014124
1366, 31.33284, 0.0319154
1367, 108.8447, 0.0091874
1368, 71.24791, 0.0140355
1369, 71.96368, 0.0138959
1370, 74.34889, 0.0134501
1371, 71.97507, 0.0138937
1372, 71.86076, 0.0139158
1373, 71.55584, 0.0139751
1374, 72.27314, 0.0138364
1375, 70.48756, 0.0141869
1376, 31.69823, 0.0315475
1377, 101.561, 0.0098463
1378, 71.21188, 0.0140426
1379, 63.67561, 0.0157046
1380, 31.67795, 0.0315677
1381, 118.3502, 0.0084495
1382, 67.59177, 0.0147947
1383, 30.03246, 0.0332973
1384, 38.93763, 0.0256821
1385, 103.096, 0.0096997
1386, 65.71209, 0.0152179
1387, 31.97647, 0.031273
1388, 108.407, 0.0092245
1389, 69.10946, 0.0144698
1390, 71.30023, 0.0140252
1391, 71.50774, 0.0139845
1392, 75.56237, 0.0132341
1393, 70.60102, 0.0141641
1394, 31.17615, 0.0320758
1395, 106.4237, 0.0093964
1396, 71.23674, 0.0140377
1397, 72.4454, 0.0138035
1398, 71.52513, 0.0139811
1399, 71.66609, 0.0139536
1400, 72.02535, 0.013884
1401, 71.09342, 0.014066
1402, 72.71458, 0.0137524
1403, 71.69178, 0.0139486
1404, 30.8403, 0.0324251
1405, 109.1918, 0.0091582
1406, 68.44158, 0.014611
1407, 74.77027, 0.0133743
1408, 68.38261, 0.0146236
1409, 31.13403, 0.0321192
1410, 97.59525, 0.0102464
1411, 32.30725, 0.0309528
1412, 106.4237, 0.0093964
1413, 71.41378, 0.0140029
1414, 71.46022, 0.0139938
1415, 72.62902, 0.0137686
1416, 71.37911, 0.0140097
1417, 71.89331, 0.0139095
1418, 71.74476, 0.0139383
1419, 71.40409, 0.0140048
1420, 70.78092, 0.0141281
1421, 73.28584, 0.0136452
1422, 71.87471, 0.0139131
1423, 70.70486, 0.0141433
1424, 30.26561, 0.0330408
1425, 119.6244, 0.0083595
1426, 70.80298, 0.0141237
1427, 70.32201, 0.0142203
1428, 73.54563, 0.013597
1429, 71.38116, 0.0140093
1430, 72.09857, 0.0138699
1431, 72.22563, 0.0138455
1432, 70.83056, 0.0141182
1433, 71.79318, 0.0139289
1434, 27.03426, 0.0369901
1435, 37.06051, 0.0269829
1436, 41.10625, 0.0243272
1437, 35.48629, 0.0281799
1438, 37.8719, 0.0264048
1439, 100.9245, 0.0099084
1440, 32.40441, 0.03086
1441, 92.19563, 0.0108465
1442, 71.27329, 0.0140305
1443, 71.13539, 0.0140577
1444, 71.92692, 0.013903
1445, 72.17559, 0.0138551
1446, 71.91244, 0.0139058
1447, 72.06116, 0.0138771
1448, 71.80194, 0.0139272
1449, 70.30322, 0.0142241
1450, 29.97746, 0.0333584
1451, 123.4705, 0.0080991
1452, 70.94161, 0.0140961
1453, 71.89227, 0.0139097
1454, 69.2943, 0.0144312
1455, 71.55994, 0.0139743
1456, 31.46148, 0.0317849
1457, 108.1467, 0.0092467
1458, 70.11591, 0.0142621
1459, 29.89787, 0.0334472
1460, 29.4315, 0.0339772
1461, 20.31385, 0.0492275
1462, 32.95382, 0.0303455
1463, 39.321, 0.0254317
1464, 39.33895, 0.0254201
1465, 93.083, 0.0107431
1466, 69.94425, 0.0142971
1467, 73.26007, 0.01365
1468, 72.12197, 0.0138654
1469, 72.09234, 0.0138711
1470, 71.7633, 0.0139347
1471, 71.93986, 0.0139005
1472, 71.1445, 0.0140559
1473, 72.50265, 0.0137926
1474, 70.40617, 0.0142033
1475, 31.31802, 0.0319305
1476, 104.6627, 0.0095545
1477, 70.995, 0.0140855
1478, 72.65488, 0.0137637
1479, 71.34754, 0.0140159
1480, 72.07051, 0.0138753
1481, 71.71286, 0.0139445
1482, 71.58965, 0.0139685
1483, 71.74271, 0.0139387
1484, 70.72286, 0.0141397
1485, 31.77882, 0.0314675
1486, 99.20831, 0.0100798
1487, 71.31702, 0.0140219
1488, 72.7241, 0.0137506
1489, 71.66352, 0.0139541
1490, 71.94038, 0.0139004
1491, 71.18349, 0.0140482
1492, 72.42808, 0.0138068
1493, 71.88245, 0.0139116
1494, 70.78644, 0.014127
1495, 31.31478, 0.0319338
1496, 103.6946, 0.0096437
1497, 71.96989, 0.0138947
1498, 71.03635, 0.0140773
1499, 71.56096, 0.0139741
1500, 72.39819, 0.0138125
1501, 72.28619, 0.0138339
1502, 71.39339, 0.0140069
1503, 72.25329, 0.0138402
1504, 70.95369, 0.0140937
1505, 31.10913, 0.0321449
1506, 105.4163, 0.0094862
1507, 72.0212, 0.0138848
1508, 71.7736, 0.0139327
1509, 72.28463, 0.0138342
1510, 70.90942, 0.0141025
1511, 72.4454, 0.0138035
1512, 71.64094, 0.0139585
1513, 70.3225, 0.0142202
1514, 72.63641, 0.0137672
1515, 31.16857, 0.0320836
1516, 104.5063, 0.0095688
1517, 71.76845, 0.0139337
1518, 72.58685, 0.0137766
1519, 71.63324, 0.01396
1520, 72.01601, 0.0138858
1521, 71.06613, 0.0140714
1522, 72.62428, 0.0137695
1523, 71.71389, 0.0139443
1524, 71.02626, 0.0140793
1525, 30.68181, 0.0325926
1526, 109.872, 0.0091015
1527, 72.60793, 0.0137726
1528, 71.78905, 0.0139297
1529, 71.52871, 0.0139804
1530, 71.86231, 0.0139155
1531, 72.05753, 0.0138778
1532, 71.34296, 0.0140168
1533, 72.58791, 0.0137764
1534, 68.76302, 0.0145427
1535, 30.40761, 0.0328865
1536, 121.6249, 0.008222
1537, 70.58458, 0.0141674
1538, 73.32239, 0.0136384
1539, 35.85643, 0.027889
1540, 71.57377, 0.0139716
1541, 72.0404, 0.0138811
1542, 71.77875, 0.0139317
1543, 70.33585, 0.0142175
1544, 31.37924, 0.0318682
1545, 103.9112, 0.0096236
1546, 71.97507, 0.0138937
1547, 71.3282, 0.0140197
1548, 72.17038, 0.0138561
1549, 72.1532, 0.0138594
1550, 71.57838, 0.0139707
1551, 71.77102, 0.0139332
1552, 71.46788, 0.0139923
1553, 71.97662, 0.0138934
1554, 31.38141, 0.031866
1555, 102.8013, 0.0097275
1556, 71.84579, 0.0139187
1557, 71.81999, 0.0139237
1558, 70.9069, 0.014103
1559, 72.676, 0.0137597
1560, 71.87885, 0.0139123
1561, 71.6815, 0.0139506
1562, 71.38727, 0.0140081
1563, 70.79797, 0.0141247
1564, 29.84567, 0.0335057
1565, 126.9986, 0.0078741
1566, 70.44982, 0.0141945
1567, 72.62534, 0.0137693
1568, 71.76021, 0.0139353
1569, 71.57838, 0.0139707
1570, 72.0072, 0.0138875
1571, 71.86438, 0.0139151
1572, 70.67687, 0.0141489
1573, 72.15007, 0.01386
1574, 24.96935, 0.0400491
1575, 64.60282, 0.0154792
1576, 71.88453, 0.0139112
1577, 71.56915, 0.0139725
1578, 71.63888, 0.0139589
1579, 71.59682, 0.0139671
1580, 72.66861, 0.0137611
1581, 71.81277, 0.0139251
1582, 71.42398, 0.0140009
1583, 29.41228, 0.0339994
1584, 126.0589, 0.0079328
1585, 72.94531, 0.0137089
1586, 71.23827, 0.0140374
1587, 72.17142, 0.0138559
1588, 71.67637, 0.0139516
1589, 71.28905, 0.0140274
1590, 72.09545, 0.0138705
1591, 72.65435, 0.0137638
1592, 70.78293, 0.0141277
1593, 31.37796, 0.0318695
1594, 102.8934, 0.0097188
1595, 71.33228, 0.0140189
1596, 71.45715, 0.0139944
1597, 71.81689, 0.0139243
1598, 71.77875, 0.0139317
1599, 71.45818, 0.0139942
1600, 71.20174, 0.0140446
1601, 73.19198, 0.0136627
1602, 70.17249, 0.0142506
1603, 31.36782, 0.0318798
1604, 104.0355, 0.0096121
1605, 71.88349, 0.0139114
1606, 71.71697, 0.0139437
1607, 71.68407, 0.0139501
1608, 72.1355, 0.0138628
1609, 71.75042, 0.0139372
1610, 71.78442, 0.0139306
1611, 71.06058, 0.0140725
1612, 71.94141, 0.0139002
1613, 31.54664, 0.0316991
1614, 100.3764, 0.0099625
1615, 71.40868, 0.0140039
1616, 72.10793, 0.0138681
1617, 72.48846, 0.0137953
1618, 71.82721, 0.0139223
1619, 70.92853, 0.0140987
1620, 72.47269, 0.0137983
1621, 71.99787, 0.0138893
1622, 70.74888, 0.0141345
1623, 31.1851, 0.0320666
1624, 104.9759, 0.009526
1625, 60.60716, 0.0164997
1626, 86.7935, 0.0115216
1627, 71.27736, 0.0140297
1628, 72.10533, 0.0138686
1629, 71.64248, 0.0139582
1630, 71.88453, 0.0139112
1631, 71.76072, 0.0139352
1632, 70.27456, 0.0142299
1633, 29.96102, 0.0333767
1634, 102.9092, 0.0097173
1635, 83.13105, 0.0120292
1636, 71.58453, 0.0139695
1637, 71.76021, 0.0139353
1638, 70.75339, 0.0141336
1639, 73.31486, 0.0136398
1640, 70.94463, 0.0140955
1641, 72.72146, 0.0137511
1642, 71.08887, 0.0140669
1643, 72.60055, 0.013774
1644, 71.49087, 0.0139878
1645, 72.21625, 0.0138473
1646, 70.74137, 0.014136
1647, 72.86346, 0.0137243
1648, 72.19852, 0.0138507
1649, 70.7674, 0.0141308
1650, 71.36179, 0.0140131
1651, 73.26329, 0.0136494
1652, 71.19515, 0.0140459
1653, 71.76175, 0.013935
1654, 72.10013, 0.0138696
1655, 71.87316, 0.0139134
1656, 71.91089, 0.0139061
1657, 71.54304, 0.0139776
1658, 71.74167, 0.0139389
1659, 71.77669, 0.0139321
1660, 71.63529, 0.0139596
1661, 72.58738, 0.0137765
1662, 71.59375, 0.0139677
1663, 71.87367, 0.0139133
1664, 70.77441, 0.0141294
1665, 72.90649, 0.0137162
1666, 71.71646, 0.0139438
1667, 71.92072, 0.0139042
1668, 70.52833, 0.0141787
1669, 72.34215, 0.0138232
1670, 71.5876, 0.0139689
1671, 71.13489, 0.0140578
1672, 74.3301, 0.0134535
1673, 70.8421, 0.0141159
1674, 72.3275, 0.013826
1675, 70.0933, 0.0142667
1676, 73.77406, 0.0135549
1677, 72.15788, 0.0138585
1678, 71.53383, 0.0139794
1679, 71.74528, 0.0139382
1680, 72.13966, 0.013862
1681, 71.69898, 0.0139472
1682, 70.29284, 0.0142262
1683, 73.19519, 0.0136621
1684, 71.90158, 0.0139079
1685, 71.67637, 0.0139516
1686, 69.97852, 0.0142901
1687, 73.63933, 0.0135797
1688, 71.66866, 0.0139531
1689, 71.63221, 0.0139602
1690, 72.33325, 0.0138249
1691, 71.97921, 0.0138929
1692, 71.47707, 0.0139905
1693, 71.45409, 0.013995
1694, 71.15868, 0.0140531
1695, 72.27, 0.013837
1696, 73.03588, 0.0136919
1697, 70.51838, 0.0141807
1698, 72.89268, 0.0137188
1699, 71.72109, 0.0139429
1700, 71.52462, 0.0139812
1701, 72.32488, 0.0138265
1702, 71.65428, 0.0139559
1703, 72.06895, 0.0138756
1704, 71.38013, 0.0140095
1705, 70.38883, 0.0142068
1706, 73.6003, 0.0135869
1707, 72.30083, 0.0138311
1708, 71.23421, 0.0140382
1709, 72.37933, 0.0138161
1710, 71.38371, 0.0140088
1711, 72.30449, 0.0138304
1712, 71.16931, 0.014051
1713, 71.804, 0.0139268
1714, 72.20113, 0.0138502
1715, 71.09948, 0.0140648
1716, 71.19211, 0.0140465
1717, 73.5976, 0.0135874
1718, 71.42755, 0.0140002
1719, 71.25197, 0.0140347
1720, 72.21833, 0.0138469
1721, 72.27627, 0.0138358
1722, 70.81351, 0.0141216
1723, 72.35942, 0.0138199
1724, 70.89082, 0.0141062
1725, 73.37511, 0.0136286
1726, 71.38421, 0.0140087
1727, 71.89279, 0.0139096
1728, 72.14122, 0.0138617
1729, 71.69127, 0.0139487
1730, 70.87825, 0.0141087
1731, 72.96501, 0.0137052
1732, 71.71286, 0.0139445
1733, 71.78287, 0.0139309
1734, 71.85405, 0.0139171
1735, 71.53587, 0.013979
1736, 70.73136, 0.014138
1737, 73.3875, 0.0136263
1738, 71.70103, 0.0139468
1739, 71.9083, 0.0139066
1740, 71.93262, 0.0139019
1741, 70.84361, 0.0141156
1742, 72.08558, 0.0138724
1743, 71.54253, 0.0139777
1744, 72.36832, 0.0138182
1745, 71.81019, 0.0139256
1746, 71.52257, 0.0139816
1747, 71.72829, 0.0139415
1748, 72.23294, 0.0138441
1749, 72.07259, 0.0138749
1750, 71.23471, 0.0140381
1751, 71.99839, 0.0138892
1752, 71.48116, 0.0139897
1753, 71.89176, 0.0139098
1754, 72.66597, 0.0137616
1755, 71.74682, 0.0139379
1756, 71.52053, 0.013982
1757, 70.82354, 0.0141196
1758, 73.04602, 0.01369
1759, 71.89796, 0.0139086
1760, 71.58144, 0.0139701
1761, 72.19018, 0.0138523
1762, 71.60554, 0.0139654
1763, 70.93708, 0.014097
1764, 72.70771, 0.0137537
1765, 71.88763, 0.0139106
1766, 71.74374, 0.0139385
1767, 70.7679, 0.0141307
1768, 73.05776, 0.0136878
1769, 71.78391, 0.0139307
1770, 71.58657, 0.0139691
1771, 72.19226, 0.0138519
1772, 71.31447, 0.0140224
1773, 72.17455, 0.0138553
1774, 70.96779, 0.0140909
1775, 72.19852, 0.0138507
1776, 72.38613, 0.0138148
1777, 71.28092, 0.014029
1778, 71.64042, 0.0139586
1779, 71.49751, 0.0139865
1780, 73.02948, 0.0136931
1781, 71.78287, 0.0139309
1782, 71.41327, 0.014003
1783, 72.11469, 0.0138668
1784, 71.69281, 0.0139484
1785, 71.17387, 0.0140501
1786, 72.4538, 0.0138019
1787, 71.82515, 0.0139227
1788, 70.95419, 0.0140936
1789, 73.04442, 0.0136903
1790, 70.94563, 0.0140953
1791, 72.7998, 0.0137363
1792, 71.74888, 0.0139375
1793, 71.46124, 0.0139936
1794, 71.62656, 0.0139613
1795, 72.00305, 0.0138883
1796, 71.13691, 0.0140574
1797, 72.32697, 0.0138261
1798, 71.45103, 0.0139956
1799, 72.84011, 0.0137287
1800, 71.13641, 0.0140575
1801, 72.09389, 0.0138708
1802, 71.23725, 0.0140376
1803, 72.37775, 0.0138164
1804, 71.99424, 0.01389
1805, 71.25958, 0.0140332
1806, 72.09129, 0.0138713
1807, 71.63067, 0.0139605
1808, 71.59837, 0.0139668
1809, 70.86319, 0.0141117
1810, 73.68708, 0.0135709
1811, 71.79885, 0.0139278
1812, 71.79318, 0.0139289
1813, 72.20686, 0.0138491
1814, 71.44235, 0.0139973
1815, 71.70412, 0.0139462
1816, 72.24702, 0.0138414
1817, 70.25777, 0.0142333
1818, 72.42284, 0.0138078
1819, 72.56631, 0.0137805
1820, 71.39899, 0.0140058
1821, 72.34738, 0.0138222
1822, 71.98854, 0.0138911
1823, 71.88091, 0.0139119
1824, 71.07371, 0.0140699
1825, 72.1199, 0.0138658
1826, 71.7391, 0.0139394
1827, 71.86903, 0.0139142
1828, 72.08454, 0.0138726
1829, 69.70924, 0.0143453
1830, 73.79311, 0.0135514
1831, 71.26416, 0.0140323
1832, 72.81889, 0.0137327
1833, 69.11041, 0.0144696
1834, 74.78648, 0.0133714
1835, 71.6317, 0.0139603
1836, 71.75763, 0.0139358
1837, 72.35785, 0.0138202
1838, 71.23624, 0.0140378
1839, 70.54525, 0.0141753
1840, 72.87514, 0.0137221
1841, 72.63641, 0.0137672
1842, 70.96326, 0.0140918
1843, 72.71934, 0.0137515
1844, 71.90882, 0.0139065
1845, 71.45358, 0.0139951
1846, 72.46324, 0.0138001
1847, 71.45613, 0.0139946
1848, 71.753, 0.0139367
1849, 71.57069, 0.0139722
1850, 71.13995, 0.0140568
1851, 70.98995, 0.0140865
1852, 73.42953, 0.0136185
1853, 71.70824, 0.0139454
1854, 71.73395, 0.0139404
1855, 72.05338, 0.0138786
1856, 71.70721, 0.0139456
1857, 71.16982, 0.0140509
1858, 72.53262, 0.0137869
1859, 71.50211, 0.0139856
1860, 72.14903, 0.0138602
1861, 71.63991, 0.0139587
1862, 71.33533, 0.0140183
1863, 72.21155, 0.0138482
1864, 72.40081, 0.013812
1865, 70.4985, 0.0141847
1866, 72.97459, 0.0137034
1867, 72.11937, 0.0138659
1868, 71.36027, 0.0140134
1869, 71.27025, 0.0140311
1870, 72.83003, 0.0137306
1871, 71.58298, 0.0139698
1872, 71.30786, 0.0140237
1873, 71.69076, 0.0139488
1874, 71.67226, 0.0139524
1875, 72.52578, 0.0137882
1876, 70.91142, 0.0141021
1877, 73.43977, 0.0136166
1878, 71.31802, 0.0140217
1879, 72.14903, 0.0138602
1880, 71.25552, 0.014034
1881, 71.19668, 0.0140456
1882, 72.88843, 0.0137196
1883, 70.82554, 0.0141192
1884, 71.82154, 0.0139234
1885, 72.15788, 0.0138585
1886, 71.56454, 0.0139734
1887, 72.0991, 0.0138698
1888, 72.65858, 0.013763
1889, 71.47401, 0.0139911
1890, 71.74528, 0.0139382
1891, 72.18027, 0.0138542
1892, 71.82618, 0.0139225
1893, 71.56352, 0.0139736
1894, 71.96523, 0.0138956
1895, 70.26469, 0.0142319
1896, 73.41119, 0.0136219
1897, 71.62554, 0.0139615
1898, 72.15893, 0.0138583
1899, 71.37402, 0.0140107
1900, 72.55736, 0.0137822
1901, 71.68459, 0.01395
1902, 70.85516, 0.0141133
1903, 72.33953, 0.0138237
1904, 72.11677, 0.0138664
1905, 70.00105, 0.0142855
1906, 72.78233, 0.0137396
1907, 71.68407, 0.0139501
1908, 72.62798, 0.0137688
1909, 71.95073, 0.0138984
1910, 71.46992, 0.0139919
1911, 71.83546, 0.0139207
1912, 71.99217, 0.0138904
1913, 71.78596, 0.0139303
1914, 71.35365, 0.0140147
1915, 72.53946, 0.0137856
1916, 71.96419, 0.0138958
1917, 70.81049, 0.0141222
1918, 73.13951, 0.0136725
1919, 71.73087, 0.013941
1920, 71.48116, 0.0139897
1921, 71.93934, 0.0139006
1922, 71.4352, 0.0139987
1923, 72.01965, 0.0138851
1924, 71.98129, 0.0138925
1925, 71.67791, 0.0139513
1926, 71.94245, 0.0139
1927, 72.41025, 0.0138102
1928, 69.64225, 0.0143591
1929, 73.28692, 0.013645
1930, 72.13394, 0.0138631
1931, 71.91296, 0.0139057
1932, 71.77926, 0.0139316
1933, 69.87388, 0.0143115
1934, 73.69414, 0.0135696
1935, 72.15632, 0.0138588
1936, 71.83443, 0.0139209
1937, 71.50928, 0.0139842
1938, 72.00409, 0.0138881
1939, 71.27431, 0.0140303
1940, 71.61579, 0.0139634
1941, 72.41707, 0.0138089
1942, 71.62503, 0.0139616
1943, 71.99683, 0.0138895
1944, 70.94865, 0.0140947
1945, 59.64167, 0.0167668
1946, 54.09909, 0.0184846
1947, 152.0889, 0.0065751
1948, 73.41335, 0.0136215
1949, 71.7355, 0.0139401
1950, 70.44784, 0.0141949
1951, 73.1208, 0.013676
1952, 71.58094, 0.0139702
1953, 72.31495, 0.0138284
1954, 71.56813, 0.0139727
1955, 71.78545, 0.0139304
1956, 71.64761, 0.0139572
1957, 72.21886, 0.0138468
1958, 71.88142, 0.0139118
1959, 71.43317, 0.0139991
1960, 71.36384, 0.0140127
1961, 71.40868, 0.0140039
1962, 73.14112, 0.0136722
1963, 71.26314, 0.0140325
1964, 71.72263, 0.0139426
1965, 71.60759, 0.013965
1966, 70.52833, 0.0141787
1967, 73.81327, 0.0135477
1968, 70.51938, 0.0141805
1969, 72.19852, 0.0138507
1970, 72.21729, 0.0138471
1971, 72.95914, 0.0137063
1972, 70.83607, 0.0141171
1973, 72.63325, 0.0137678
1974, 71.72058, 0.013943
1975, 71.82515, 0.0139227
1976, 71.97403, 0.0138939
1977, 71.57121, 0.0139721
1978, 71.02979, 0.0140786
1979, 72.95862, 0.0137064
1980, 71.3104, 0.0140232
1981, 72.38718, 0.0138146
1982, 71.58862, 0.0139687
1983, 70.8672, 0.0141109
1984, 72.74314, 0.013747
1985, 71.63786, 0.0139591
1986, 72.00772, 0.0138874
1987, 71.96833, 0.013895
1988, 71.54713, 0.0139768
1989, 71.12224, 0.0140603
1990, 72.45642, 0.0138014
1991, 72.22407, 0.0138458
1992, 71.06765, 0.0140711
1993, 72.57316, 0.0137792
1994, 70.46819, 0.0141908
1995, 73.08553, 0.0136826
1996, 71.77051, 0.0139333
1997, 72.23555, 0.0138436
1998, 71.13489, 0.0140578
1999, 72.60266, 0.0137736
2000, 71.08281, 0.0140681
2001, 72.64854, 0.0137649
2002, 70.78293, 0.0141277
2003, 72.26948, 0.0138371
2004, 72.5642, 0.0137809
2005, 70.85265, 0.0141138
2006, 72.65805, 0.0137631
2007, 71.53946, 0.0139783
2008, 72.17715, 0.0138548
2009, 71.85405, 0.0139171
2010, 71.75712, 0.0139359
2011, 71.45358, 0.0139951
2012, 71.57172, 0.013972
2013, 71.00558, 0.0140834
2014, 71.99787, 0.0138893
2015, 73.29981, 0.0136426
2016, 71.36027, 0.0140134
2017, 72.02224, 0.0138846
2018, 71.63631, 0.0139594
2019, 71.20326, 0.0140443
2020, 71.96989, 0.0138947
2021, 72.25486, 0.0138399
2022, 71.1987, 0.0140452
2023, 72.95223, 0.0137076
2024, 71.37606, 0.0140103
2025, 72.42546, 0.0138073
2026, 71.01113, 0.0140823
2027, 72.21103, 0.0138483
2028, 72.32959, 0.0138256
2029, 71.69076, 0.0139488
2030, 71.42245, 0.0140012
2031, 71.79369, 0.0139288
2032, 71.75042, 0.0139372
2033, 72.31233, 0.0138289
2034, 71.50774, 0.0139845
2035, 72.31442, 0.0138285
2036, 71.63888, 0.0139589
2037, 71.04694, 0.0140752
2038, 71.36689, 0.0140121
2039, 73.03855, 0.0136914
2040, 71.68048, 0.0139508
2041, 71.51081, 0.0139839
2042, 71.74425, 0.0139384
2043, 71.8716, 0.0139137
2044, 72.3589, 0.01382
2045, 71.34907, 0.0140156
2046, 71.88194, 0.0139117
2047, 72.28358, 0.0138344
2048, 71.02071, 0.0140804
2049, 70.90639, 0.0141031
2050, 72.76431, 0.013743
2051, 72.00928, 0.0138871
2052, 71.91089, 0.0139061
2053, 72.14122, 0.0138617
2054, 71.70515, 0.013946
2055, 70.99046, 0.0140864
2056, 71.91606, 0.0139051
2057, 73.08926, 0.0136819
2058, 71.68099, 0.0139507
2059, 72.47164, 0.0137985
2060, 70.48607, 0.0141872
2061, 72.77544, 0.0137409
2062, 71.58247, 0.0139699
2063, 71.98854, 0.0138911
2064, 71.74888, 0.0139375
2065, 71.53741, 0.0139787
2066, 71.51337, 0.0139834
2067, 72.38928, 0.0138142
2068, 71.98335, 0.0138921
2069, 72.06947, 0.0138755
2070, 71.56557, 0.0139732
2071, 70.11885, 0.0142615
2072, 73.57756, 0.0135911
2073, 71.67226, 0.0139524
2074, 71.42245, 0.0140012
2075, 72.28671, 0.0138338
2076, 71.59837, 0.0139668
2077, 71.38371, 0.0140088
2078, 72.21207, 0.0138481
2079, 71.37402, 0.0140107
2080, 72.78444, 0.0137392
2081, 71.59273, 0.0139679
2082, 70.36456, 0.0142117
2083, 73.54131, 0.0135978
2084, 71.71749, 0.0139436
2085, 71.96368, 0.0138959
2086, 72.05493, 0.0138783
2087, 71.74271, 0.0139387
2088, 71.42194, 0.0140013
2089, 71.7494, 0.0139374
2090, 71.97247, 0.0138942
2091, 72.15476, 0.0138591
2092, 71.85715, 0.0139165
2093, 71.12679, 0.0140594
2094, 72.49844, 0.0137934
2095, 71.61528, 0.0139635
2096, 71.76227, 0.0139349
2097, 72.07415, 0.0138746
2098, 71.02222, 0.0140801
2099, 71.83134, 0.0139215
2100, 72.05389, 0.0138785
2101, 72.2319, 0.0138443
2102, 71.37708, 0.0140101
2103, 72.05026, 0.0138792
2104, 71.34449, 0.0140165
2105, 71.55788, 0.0139747
2106, 71.66815, 0.0139532
2107, 72.86452, 0.0137241
2108, 71.76845, 0.0139337
2109, 71.89435, 0.0139093
2110, 69.1965, 0.0144516
2111, 74.16252, 0.0134839
2112, 72.67178, 0.0137605
2113, 71.47095, 0.0139917
2114, 71.77669, 0.0139321
2115, 71.43163, 0.0139994
2116, 72.63377, 0.0137677
2117, 71.09039, 0.0140666
2118, 72.39033, 0.013814
2119, 72.0965, 0.0138703
2120, 71.36994, 0.0140115
2121, 72.20216, 0.01385
2122, 71.15361, 0.0140541
2123, 71.40358, 0.0140049
2124, 72.90702, 0.0137161
2125, 71.1916, 0.0140466
2126, 71.01415, 0.0140817
2127, 73.44301, 0.013616
2128, 71.14906, 0.014055
2129, 71.13185, 0.0140584
2130, 72.18445, 0.0138534
2131, 72.81306, 0.0137338
2132, 71.04341, 0.0140759
2133, 72.53946, 0.0137856
2134, 71.32668, 0.01402
2135, 71.93779, 0.0139009
2136, 71.93003, 0.0139024
2137, 71.34907, 0.0140156
2138, 72.34529, 0.0138226
2139, 71.76896, 0.0139336
2140, 71.83443, 0.0139209
2141, 71.45971, 0.0139939
2142, 71.97559, 0.0138936
2143, 72.73045, 0.0137494
2144, 71.49189, 0.0139876
2145, 71.88091, 0.0139119
2146, 71.67688, 0.0139515
2147, 70.56615, 0.0141711
2148, 72.88152, 0.0137209
2149, 72.2794, 0.0138352
2150, 71.26466, 0.0140322
2151, 72.24807, 0.0138412
2152, 71.55533, 0.0139752
2153, 71.91089, 0.0139061
2154, 72.12509, 0.0138648
2155, 72.02172, 0.0138847
2156, 71.35518, 0.0140144
2157, 71.80503, 0.0139266
2158, 70.68936, 0.0141464
2159, 71.79266, 0.013929
2160, 73.50617, 0.0136043
2161, 71.53075, 0.01398
2162, 71.25552, 0.014034
2163, 72.22668, 0.0138453
2164, 71.91917, 0.0139045
2165, 70.87373, 0.0141096
2166, 72.97832, 0.0137027
2167, 71.39236, 0.0140071
2168, 72.28933, 0.0138333
2169, 71.95539, 0.0138975
2170, 70.89634, 0.0141051
2171, 71.62554, 0.0139615
2172, 72.90543, 0.0137164
2173, 70.68187, 0.0141479
2174, 73.11865, 0.0136764
2175, 71.6887, 0.0139492
2176, 71.71955, 0.0139432
2177, 71.94245, 0.0139
2178, 71.90675, 0.0139069
2179, 71.36842, 0.0140118
2180, 72.3411, 0.0138234
2181, 70.77391, 0.0141295
2182, 71.72572, 0.013942
2183, 70.66888, 0.0141505
2184, 74.5212, 0.013419
2185, 70.96426, 0.0140916
2186, 72.2747, 0.0138361
2187, 71.5415, 0.0139779
2188, 72.01653, 0.0138857
2189, 71.64658, 0.0139574
2190, 72.04871, 0.0138795
2191, 72.11053, 0.0138676
2192, 70.3047, 0.0142238
2193, 73.01775, 0.0136953
2194, 71.50826, 0.0139844
2195, 72.41969, 0.0138084
2196, 72.06895, 0.0138756
2197, 71.36282, 0.0140129
2198, 71.93831, 0.0139008
2199, 72.25747, 0.0138394
2200, 71.34652, 0.0140161
2201, 71.8773, 0.0139126
2202, 72.16048, 0.013858
2203, 70.88026, 0.0141083
2204, 72.03469, 0.0138822
2205, 71.33075, 0.0140192
2206, 72.90543, 0.0137164
2207, 71.47043, 0.0139918
2208, 72.62534, 0.0137693
2209, 71.08078, 0.0140685
2210, 71.8138, 0.0139249
2211, 71.9052, 0.0139072
2212, 71.12072, 0.0140606
2213, 72.55894, 0.0137819
2214, 70.94966, 0.0140945
2215, 72.5858, 0.0137768
2216, 71.92072, 0.0139042
2217, 71.97817, 0.0138931
2218, 71.50007, 0.013986
2219, 72.02431, 0.0138842
2220, 71.86438, 0.0139151
2221, 71.68304, 0.0139503
2222, 71.47656, 0.0139906
2223, 72.08142, 0.0138732
2224, 72.12145, 0.0138655
2225, 70.03341, 0.0142789
2226, 74.0313, 0.0135078
2227, 71.09797, 0.0140651
2228, 72.0965, 0.0138703
2229, 72.09286, 0.013871
2230, 71.85043, 0.0139178
2231, 71.29414, 0.0140264
2232, 72.49792, 0.0137935
2233, 71.52666, 0.0139808
2234, 71.73138, 0.0139409
2235, 71.5456, 0.0139771
2236, 71.27025, 0.0140311
2237, 72.94159, 0.0137096
2238, 71.49956, 0.0139861
2239, 71.86128, 0.0139157
2240, 71.75094, 0.0139371
2241, 71.93572, 0.0139013
2242, 71.70515, 0.013946
2243, 72.03937, 0.0138813
2244, 71.58247, 0.0139699
2245, 71.84785, 0.0139183
2246, 71.05099, 0.0140744
2247, 71.39695, 0.0140062
2248, 73.24773, 0.0136523
2249, 72.16726, 0.0138567
2250, 71.48065, 0.0139898
2251, 72.15424, 0.0138592
2252, 71.90003, 0.0139082
2253, 71.48831, 0.0139883
2254, 71.2672, 0.0140317
2255, 72.63272, 0.0137679
2256, 71.84063, 0.0139197
2257, 70.13705, 0.0142578
2258, 70.84762, 0.0141148
2259, 75.08522, 0.0133182
2260, 71.84837, 0.0139182
2261, 70.0545, 0.0142746
2262, 72.6248, 0.0137694
2263, 72.82101, 0.0137323
2264, 71.22558, 0.0140399
2265, 71.96056, 0.0138965
2266, 71.32515, 0.0140203
2267, 72.43752, 0.013805
2268, 71.78699, 0.0139301
2269, 70.52634, 0.0141791
2270, 72.92191, 0.0137133
2271, 72.21312, 0.0138479
2272, 71.286, 0.014028
2273, 72.06013, 0.0138773
2274, 71.42857, 0.014
2275, 71.64555, 0.0139576
2276, 71.95694, 0.0138972
2277, 71.80503, 0.0139266
2278, 72.27366, 0.0138363
2279, 71.16222, 0.0140524
2280, 72.19226, 0.0138519
2281, 71.75815, 0.0139357
2282, 72.06429, 0.0138765
2283, 72.3411, 0.0138234
2284, 71.19262, 0.0140464
2285, 72.87939, 0.0137213
2286, 71.01819, 0.0140809
2287, 72.3898, 0.0138141
2288, 71.57478, 0.0139714
2289, 71.65685, 0.0139554
2290, 71.56762, 0.0139728
2291, 71.78133, 0.0139312
2292, 71.54048, 0.0139781
2293, 72.94904, 0.0137082
2294, 71.34856, 0.0140157
2295, 72.25851, 0.0138392
2296, 71.00961, 0.0140826
2297, 72.4092, 0.0138104
2298, 71.47043, 0.0139918
2299, 71.72263, 0.0139426
2300, 71.39594, 0.0140064
2301, 72.66175, 0.0137624
2302, 70.47366, 0.0141897
2303, 73.36327, 0.0136308
2304, 71.45358, 0.0139951
2305, 71.94555, 0.0138994
2306, 71.83753, 0.0139203
2307, 71.98129, 0.0138925
2308, 71.44286, 0.0139972
2309, 72.54367, 0.0137848
2310, 68.93176, 0.0145071
2311, 75.23605, 0.0132915
2312, 71.30176, 0.0140249
2313, 71.23827, 0.0140374
2314, 72.02328, 0.0138844
2315, 72.28254, 0.0138346
2316, 71.39594, 0.0140064
2317, 72.52894, 0.0137876
2318, 71.72212, 0.0139427
2319, 71.68459, 0.01395
2320, 68.50206, 0.0145981
2321, 75.77997, 0.0131961
2322, 71.44031, 0.0139977
2323, 72.46535, 0.0137997
2324, 70.74688, 0.0141349
2325, 71.80658, 0.0139263
2326, 72.40134, 0.0138119
2327, 71.92899, 0.0139026
2328, 71.13387, 0.014058
2329, 36.03487, 0.0277509
2330, 70.50396, 0.0141836
2331, 72.57632, 0.0137786
2332, 72.90543, 0.0137164
2333, 71.39236, 0.0140071
2334, 71.68304, 0.0139503
2335, 70.54575, 0.0141752
2336, 73.74741, 0.0135598
2337, 71.80607, 0.0139264
2338, 71.58094, 0.0139702
2339, 71.99424, 0.01389
2340, 71.53946, 0.0139783
2341, 72.3186, 0.0138277
2342, 71.73756, 0.0139397
2343, 71.72109, 0.0139429
2344, 71.80452, 0.0139267
2345, 70.72936, 0.0141384
2346, 72.2486, 0.0138411
2347, 72.59528, 0.013775
2348, 71.72932, 0.0139413
2349, 71.66148, 0.0139545
2350, 71.01517, 0.0140815
2351, 72.56683, 0.0137804
2352, 72.06168, 0.013877
2353, 70.48905, 0.0141866
2354, 72.98098, 0.0137022
2355, 72.16517, 0.0138571
2356, 70.71036, 0.0141422
2357, 72.53683, 0.0137861
2358, 71.70824, 0.0139454
2359, 71.07927, 0.0140688
2360, 72.63694, 0.0137671
2361, 71.58453, 0.0139695
2362, 71.58657, 0.0139691
2363, 72.7532, 0.0137451
2364, 71.44592, 0.0139966
2365, 72.10481, 0.0138687
2366, 72.20737, 0.013849
2367, 70.43593, 0.0141973
2368, 72.56315, 0.0137811
2369, 72.03832, 0.0138815
2370, 71.57274, 0.0139718
2371, 72.46745, 0.0137993
2372, 70.9955, 0.0140854
2373, 71.88245, 0.0139116
2374, 72.7532, 0.0137451
2375, 71.58196, 0.01397
2376, 71.63477, 0.0139597
2377, 71.61528, 0.0139635
2378, 71.31498, 0.0140223
2379, 72.58053, 0.0137778
2380, 70.81251, 0.0141218
2381, 72.4454, 0.0138035
2382, 72.2079, 0.0138489
2383, 70.59704, 0.0141649
2384, 72.21259, 0.013848
2385, 72.54156, 0.0137852
2386, 71.06412, 0.0140718
2387, 72.6591, 0.0137629
2388, 71.40307, 0.014005
2389, 71.40613, 0.0140044
2390, 73.02042, 0.0136948
2391, 71.57427, 0.0139715
2392, 72.10013, 0.0138696
2393, 70.60102, 0.0141641
2394, 73.45973, 0.0136129
2395, 70.92853, 0.0140987
2396, 72.3139, 0.0138286
2397, 71.96316, 0.013896
2398, 71.71903, 0.0139433
2399, 71.06715, 0.0140712
2400, 72.21103, 0.0138483
2401, 71.8205, 0.0139236
2402, 72.73309, 0.0137489
2403, 71.04594, 0.0140754
2404, 71.97559, 0.0138936
2405, 70.80097, 0.0141241
2406, 73.09514, 0.0136808
2407, 71.76227, 0.0139349
2408, 71.94607, 0.0138993
2409, 71.38116, 0.0140093
2410, 71.66969, 0.0139529
2411, 71.43877, 0.013998
2412, 72.42546, 0.0138073
2413, 71.85198, 0.0139175
2414, 71.95383, 0.0138978
2415, 70.62646, 0.014159
2416, 73.03802, 0.0136915
2417, 71.08281, 0.0140681
2418, 72.5542, 0.0137828
2419, 71.77463, 0.0139325
2420, 71.61887, 0.0139628
2421, 71.91813, 0.0139047
2422, 71.21391, 0.0140422
2423, 72.84011, 0.0137287
2424, 71.45971, 0.0139939
2425, 71.4352, 0.0139987
2426, 72.58263, 0.0137774
2427, 71.92641, 0.0139031
2428, 70.91897, 0.0141006
2429, 72.44802, 0.013803
2430, 71.49751, 0.0139865
2431, 72.48215, 0.0137965
2432, 71.44286, 0.0139972
2433, 71.06462, 0.0140717
2434, 72.05598, 0.0138781
2435, 71.94193, 0.0139001
2436, 72.17976, 0.0138543
2437, 72.2298, 0.0138447
2438, 71.9875, 0.0138913
2439, 70.31409, 0.0142219
2440, 73.05509, 0.0136883
2441, 71.34856, 0.0140157
2442, 72.02068, 0.0138849
2443, 72.1834, 0.0138536
2444, 70.40915, 0.0142027
2445, 73.11278, 0.0136775
2446, 71.76227, 0.0139349
2447, 71.27177, 0.0140308
2448, 72.0861, 0.0138723
2449, 72.16882, 0.0138564
2450, 72.02691, 0.0138837
2451, 71.86541, 0.0139149
2452, 72.10481, 0.0138687
2453, 71.56506, 0.0139733
2454, 70.86419, 0.0141115
2455, 71.94814, 0.0138989
2456, 72.68762, 0.0137575
2457, 71.8138, 0.0139249
2458, 71.67791, 0.0139513
2459, 71.73602, 0.01394
2460, 71.06512, 0.0140716
2461, 72.76167, 0.0137435
2462, 71.49292, 0.0139874
2463, 71.98077, 0.0138926
2464, 71.33176, 0.014019
2465, 72.27314, 0.0138364
2466, 71.08634, 0.0140674
2467, 72.9501, 0.013708
2468, 71.80452, 0.0139267
2469, 71.06563, 0.0140715
2470, 72.54104, 0.0137853
2471, 71.81999, 0.0139237
2472, 71.8365, 0.0139205
2473, 71.08685, 0.0140673
2474, 72.28933, 0.0138333
2475, 72.02068, 0.0138849
2476, 72.43752, 0.013805
2477, 70.63194, 0.0141579
2478, 72.27104, 0.0138368
2479, 72.31651, 0.0138281
2480, 71.78648, 0.0139302
2481, 71.43214, 0.0139993
2482, 71.83546, 0.0139207
2483, 72.02068, 0.0138849
2484, 71.56454, 0.0139734
2485, 72.08974, 0.0138716
2486, 71.40358, 0.0140049
2487, 72.28306, 0.0138345
2488, 71.13185, 0.0140584
2489, 72.70612, 0.013754
2490, 71.604, 0.0139657
2491, 71.91917, 0.0139045
2492, 72.11002, 0.0138677
2493, 71.36179, 0.0140131
2494, 71.944, 0.0138997
2495, 71.32871, 0.0140196
2496, 71.43214, 0.0139993
2497, 71.425, 0.0140007
2498, 71.96212, 0.0138962
2499, 72.40448, 0.0138113
2500, 72.25277, 0.0138403
2501, 72.0155, 0.0138859
2502, 71.6702, 0.0139528
2503, 72.06324, 0.0138767
2504, 71.83495, 0.0139208
2505, 71.89796, 0.0139086
2506, 71.59785, 0.0139669
2507, 71.72263, 0.0139426
2508, 70.19563, 0.0142459
2509, 74.31298, 0.0134566
2510, 71.07624, 0.0140694
2511, 72.01498, 0.013886
2512, 71.87574, 0.0139129
2513, 71.45664, 0.0139945
2514, 72.29351, 0.0138325
2515, 71.84785, 0.0139183
2516, 71.20732, 0.0140435
2517, 72.13706, 0.0138625
2518, 71.52666, 0.0139808
2519, 71.72675, 0.0139418
2520, 72.29142, 0.0138329
2521, 70.63993, 0.0141563
2522, 72.41969, 0.0138084
2523, 72.48531, 0.0137959
2524, 71.78957, 0.0139296
2525, 71.72212, 0.0139427
2526, 71.99217, 0.0138904
2527, 71.87264, 0.0139135
2528, 72.03313, 0.0138825
2529, 71.74374, 0.0139385
2530, 71.04443, 0.0140757
2531, 72.98151, 0.0137021
2532, 71.01012, 0.0140825
2533, 72.48688, 0.0137956
2534, 71.70155, 0.0139467
2535, 71.67791, 0.0139513
2536, 72.03262, 0.0138826
2537, 71.71132, 0.0139448
2538, 71.5149, 0.0139831
2539, 71.56198, 0.0139739
2540, 72.06065, 0.0138772
2541, 71.8716, 0.0139137
2542, 72.06688, 0.013876
2543, 70.46075, 0.0141923
2544, 73.27672, 0.0136469
2545, 71.24435, 0.0140362
2546, 71.92175, 0.013904
2547, 72.11833, 0.0138661
2548, 71.55072, 0.0139761
2549, 71.61118, 0.0139643
2550, 72.13394, 0.0138631
2551, 70.00694, 0.0142843
2552, 73.80019, 0.0135501
2553, 58.98835, 0.0169525
2554, 54.83718, 0.0182358
2555, 157.0672, 0.0063667
2556, 70.7684, 0.0141306
2557, 72.14122, 0.0138617
2558, 71.95642, 0.0138973
2559, 71.56659, 0.013973
2560, 72.11002, 0.0138677
2561, 71.24841, 0.0140354
2562, 72.1459, 0.0138608
2563, 71.7566, 0.013936
2564, 71.69692, 0.0139476
2565, 71.02273, 0.01408
2566, 72.75478, 0.0137448
2567, 71.91451, 0.0139054
2568, 71.5917, 0.0139681
2569, 72.09077, 0.0138714
2570, 71.60041, 0.0139664
2571, 72.45117, 0.0138024
2572, 71.16222, 0.0140524
2573, 70.0388, 0.0142778
2574, 73.21609, 0.0136582
2575, 72.25956, 0.013839
2576, 71.92175, 0.013904
2577, 72.15528, 0.013859
2578, 71.61579, 0.0139634
2579, 71.51183, 0.0139837
2580, 72.10949, 0.0138678
2581, 71.31294, 0.0140227
2582, 72.80405, 0.0137355
2583, 70.76941, 0.0141304
2584, 71.73344, 0.0139405
2585, 72.92616, 0.0137125
2586, 71.88504, 0.0139111
2587, 71.07169, 0.0140703
2588, 72.66861, 0.0137611
2589, 71.39594, 0.0140064
2590, 72.44854, 0.0138029
2591, 71.45613, 0.0139946
2592, 72.07623, 0.0138742
2593, 71.29007, 0.0140272
2594, 71.76227, 0.0139349
2595, 72.39819, 0.0138125
2596, 71.86903, 0.0139142
2597, 71.54356, 0.0139775
2598, 71.2799, 0.0140292
2599, 72.12041, 0.0138657
2600, 72.198, 0.0138508
2601, 71.50365, 0.0139853
2602, 71.49036, 0.0139879
2603, 71.96108, 0.0138964
2604, 72.36937, 0.013818
2605, 71.60297, 0.0139659
2606, 71.6199, 0.0139626
2607, 71.78802, 0.0139299
2608, 72.3809, 0.0138158
2609, 70.41163, 0.0142022
2610, 72.7442, 0.0137468
2611, 71.29668, 0.0140259
2612, 73.22681, 0.0136562
2613, 70.33684, 0.0142173
2614, 73.32669, 0.0136376
2615, 71.5958, 0.0139673
2616, 72.08974, 0.0138716
2617, 70.36753, 0.0142111
2618, 73.32292, 0.0136383
2619, 71.74167, 0.0139389
2620, 70.82805, 0.0141187
2621, 72.69238, 0.0137566
2622, 72.03988, 0.0138812
2623, 71.49087, 0.0139878
2624, 70.9245, 0.0140995
2625, 72.65171, 0.0137643
2626, 69.43721, 0.0144015
2627, 74.75629, 0.0133768
2628, 71.47248, 0.0139914
2629, 71.71646, 0.0139438
2630, 72.33378, 0.0138248
2631, 70.72736, 0.0141388
2632, 72.45432, 0.0138018
2633, 71.96626, 0.0138954
2634, 72.01653, 0.0138857
2635, 70.87072, 0.0141102
2636, 72.46114, 0.0138005
2637, 71.79885, 0.0139278
2638, 72.33221, 0.0138251
2639, 70.73837, 0.0141366
2640, 72.66597, 0.0137616
2641, 71.77721, 0.013932
2642, 70.80499, 0.0141233
2643, 72.66544, 0.0137617
2644, 72.23033, 0.0138446
2645, 71.18603, 0.0140477
2646, 72.55209, 0.0137832
2647, 71.81226, 0.0139252
2648, 72.48478, 0.013796
2649, 71.49854, 0.0139863
2650, 71.55379, 0.0139755
2651, 71.91917, 0.0139045
2652, 71.81895, 0.0139239
2653, 70.27703, 0.0142294
2654, 73.27886, 0.0136465
2655, 71.90726, 0.0139068
2656, 71.09039, 0.0140666
2657, 71.52309, 0.0139815
2658, 72.79822, 0.0137366
2659, 71.58043, 0.0139703
2660, 72.29037, 0.0138331
2661, 71.74374, 0.0139385
2662, 71.2134, 0.0140423
2663, 72.12614, 0.0138646
2664, 71.20529, 0.0140439
2665, 71.77926, 0.0139316
2666, 72.49844, 0.0137934
2667, 72.06272, 0.0138768
2668, 71.97247, 0.0138942
2669, 70.70936, 0.0141424
2670, 72.96554, 0.0137051
2671, 71.74116, 0.013939
2672, 71.86231, 0.0139155
2673, 71.41582, 0.0140025
2674, 71.94918, 0.0138987
2675, 71.53895, 0.0139784
2676, 72.18966, 0.0138524
2677, 71.42041, 0.0140016
2678, 71.87729, 0.0139126
2679, 71.77978, 0.0139315
2680, 71.77875, 0.0139317
2681, 72.18445, 0.0138534
2682, 72.30187, 0.0138309
2683, 71.81689, 0.0139243
2684, 71.96886, 0.0138949
2685, 70.89232, 0.0141059
2686, 71.63324, 0.01396
2687, 72.37723, 0.0138165
2688, 71.48116, 0.0139897
2689, 72.11781, 0.0138662
2690, 71.43725, 0.0139983
2691, 72.67125, 0.0137606
2692, 71.38523, 0.0140085
2693, 71.61734, 0.0139631
2694, 71.53485, 0.0139792
2695, 72.61954, 0.0137704
2696, 71.55737, 0.0139748
2697, 70.83909, 0.0141165
2698, 73.05402, 0.0136885
2699, 71.60964, 0.0139646
2700, 71.83186, 0.0139214
2701, 71.31142, 0.014023
2702, 72.51526, 0.0137902
2703, 72.2606, 0.0138388
2704, 71.49087, 0.0139878
2705, 71.71492, 0.0139441
2706, 71.70309, 0.0139464
2707, 72.16673, 0.0138568
2708, 71.04997, 0.0140746
2709, 72.25799, 0.0138393
2710, 72.10065, 0.0138695
2711, 71.13135, 0.0140585
2712, 71.53281, 0.0139796
2713, 72.9911, 0.0137003
2714, 71.83392, 0.013921
2715, 71.25349, 0.0140344
2716, 72.50738, 0.0137917
2717, 71.25146, 0.0140348
2718, 71.12477, 0.0140598
2719, 71.81019, 0.0139256
2720, 72.70771, 0.0137537
2721, 72.00979, 0.013887
2722, 70.77341, 0.0141296
2723, 72.62798, 0.0137688
2724, 72.28933, 0.0138333
2725, 71.80349, 0.0139269
2726, 71.35976, 0.0140135
2727, 72.13446, 0.013863
2728, 71.89848, 0.0139085
2729, 71.61221, 0.0139641
2730, 71.35416, 0.0140146
2731, 71.55225, 0.0139758
2732, 73.30411, 0.0136418
2733, 71.27533, 0.0140301
2734, 71.75712, 0.0139359
2735, 71.69846, 0.0139473
2736, 72.30135, 0.013831
2737, 71.10252, 0.0140642
2738, 71.38217, 0.0140091
2739, 72.51158, 0.0137909
2740, 71.973, 0.0138941
2741, 70.22718, 0.0142395
2742, 73.30089, 0.0136424
2743, 72.12457, 0.0138649
2744, 70.55968, 0.0141724
2745, 72.85709, 0.0137255
2746, 71.71594, 0.0139439
2747, 71.84012, 0.0139198
2748, 72.00305, 0.0138883
2749, 71.50519, 0.013985
2750, 71.97041, 0.0138946
2751, 72.60951, 0.0137723
2752, 70.17642, 0.0142498
2753, 71.49189, 0.0139876
2754, 73.76971, 0.0135557
2755, 71.90623, 0.013907
2756, 71.33176, 0.014019
2757, 72.19226, 0.0138519
2758, 71.90054, 0.0139081
2759, 71.34347, 0.0140167
2760, 72.07519, 0.0138744
2761, 71.88245, 0.0139116
2762, 71.5753, 0.0139713
2763, 70.46223, 0.014192
2764, 72.59949, 0.0137742
2765, 72.68868, 0.0137573
2766, 71.10302, 0.0140641
2767, 72.02172, 0.0138847
2768, 72.09857, 0.0138699
2769, 71.43571, 0.0139986
2770, 71.82308, 0.0139231
2771, 71.69076, 0.0139488
2772, 72.15215, 0.0138596
2773, 71.06765, 0.0140711
2774, 71.17641, 0.0140496
2775, 73.76046, 0.0135574
2776, 72.09597, 0.0138704
2777, 71.04846, 0.0140749
2778, 72.21938, 0.0138467
2779, 71.87264, 0.0139135
2780, 71.5835, 0.0139697
2781, 71.79885, 0.0139278
2782, 72.40815, 0.0138106
2783, 70.97937, 0.0140886
2784, 72.50212, 0.0137927
2785, 71.09139, 0.0140664
2786, 70.82554, 0.0141192
2787, 74.06145, 0.0135023
2788, 71.81174, 0.0139253
2789, 71.35009, 0.0140154
2790, 71.88866, 0.0139104
2791, 71.90262, 0.0139077
2792, 71.47963, 0.01399
2793, 72.10326, 0.013869
2794, 71.7391, 0.0139394
2795, 71.98388, 0.013892
2796, 69.80511, 0.0143256
2797, 73.66754, 0.0135745
2798, 71.29668, 0.0140259
2799, 72.46009, 0.0138007
2800, 71.36944, 0.0140116
2801, 71.18958, 0.014047
2802, 72.60319, 0.0137735
2803, 72.01187, 0.0138866
2804, 71.79936, 0.0139277
2805, 71.47605, 0.0139907
2806, 70.34624, 0.0142154
2807, 72.53052, 0.0137873
2808, 73.50023, 0.0136054
2809, 71.84888, 0.0139181
2810, 71.2982, 0.0140256
2811, 72.3961, 0.0138129
2812, 71.83856, 0.0139201
2813, 71.78184, 0.0139311
2814, 71.17387, 0.0140501
2815, 71.53895, 0.0139784
2816, 72.5642, 0.0137809
2817, 72.35104, 0.0138215
2818, 70.56615, 0.0141711
2819, 72.86452, 0.0137241
2820, 72.09234, 0.0138711
2821, 71.86334, 0.0139153
2822, 71.19414, 0.0140461
2823, 72.31233, 0.0138289
2824, 71.77978, 0.0139315
2825, 71.45511, 0.0139948
2826, 70.34575, 0.0142155
2827, 72.55894, 0.0137819
2828, 72.63008, 0.0137684
2829, 71.15614, 0.0140536
2830, 72.54893, 0.0137838
2831, 72.03469, 0.0138822
2832, 72.16309, 0.0138575
2833, 71.4781, 0.0139903
2834, 71.45971, 0.0139939
2835, 72.08922, 0.0138717
2836, 72.31704, 0.013828
2837, 70.87222, 0.0141099
2838, 72.41811, 0.0138087
2839, 72.28724, 0.0138337
2840, 70.97635, 0.0140892
2841, 72.12302, 0.0138652
2842, 72.38561, 0.0138149
2843, 71.73447, 0.0139403
2844, 71.77308, 0.0139328
2845, 71.51081, 0.0139839
2846, 72.1506, 0.0138599
2847, 70.68436, 0.0141474
2848, 73.22789, 0.013656
2849, 71.17134, 0.0140506
2850, 72.198, 0.0138508
2851, 71.04897, 0.0140748
2852, 72.82473, 0.0137316
2853, 71.88659, 0.0139108
2854, 71.79163, 0.0139292
2855, 71.52922, 0.0139803
2856, 72.38561, 0.0138149
2857, 71.10959, 0.0140628
2858, 73.09567, 0.0136807
2859, 71.72212, 0.0139427
2860, 71.9052, 0.0139072
2861, 71.45511, 0.0139948
2862, 71.25298, 0.0140345
2863, 73.00282, 0.0136981
2864, 71.67945, 0.013951
2865, 71.9616, 0.0138963
2866, 71.83805, 0.0139202
2867, 71.27075, 0.014031
2868, 71.58094, 0.0139702
2869, 73.02628, 0.0136937
2870, 71.21239, 0.0140425
2871, 72.12717, 0.0138644
2872, 72.01447, 0.0138861
2873, 70.97433, 0.0140896
2874, 72.75532, 0.0137447
2875, 71.60093, 0.0139663
2876, 70.46918, 0.0141906
2877, 73.12935, 0.0136744
2878, 72.51685, 0.0137899
2879, 71.23573, 0.0140379
2880, 72.32593, 0.0138263
2881, 71.68562, 0.0139498
2882, 70.46075, 0.0141923
2883, 71.87057, 0.0139139
2884, 72.49792, 0.0137935
2885, 73.0631, 0.0136868
2886, 71.89021, 0.0139101
2887, 71.4924, 0.0139875
2888, 72.09286, 0.013871
2889, 71.66558, 0.0139537
2890, 71.62656, 0.0139613
2891, 72.38352, 0.0138153
2892, 71.39491, 0.0140066
2893, 72.18132, 0.013854
2894, 71.35518, 0.0140144
2895, 71.78957, 0.0139296
2896, 72.24755, 0.0138413
2897, 70.91947, 0.0141005
2898, 72.39819, 0.0138125
2899, 72.18913, 0.0138525
2900, 71.45971, 0.0139939
2901, 71.20326, 0.0140443
2902, 73.29713, 0.0136431
2903, 71.63477, 0.0139597
2904, 71.67842, 0.0139512
2905, 71.22862, 0.0140393
2906, 71.59682, 0.0139671
2907, 71.86593, 0.0139148
2908, 72.53104, 0.0137872
2909, 71.41735, 0.0140022
2910, 71.804, 0.0139268
2911, 69.83875, 0.0143187
2912, 73.18876, 0.0136633
2913, 72.9991, 0.0136988
2914, 71.82463, 0.0139228
2915, 72.12926, 0.013864
2916, 70.90539, 0.0141033
2917, 71.22406, 0.0140402
2918, 73.03962, 0.0136912
2919, 70.94966, 0.0140945
2920, 71.97559, 0.0138936
2921, 72.07156, 0.0138751
2922, 70.88931, 0.0141065
2923, 72.88683, 0.0137199
2924, 71.17995, 0.0140489
2925, 72.28045, 0.013835
2926, 71.92226, 0.0139039
2927, 71.67072, 0.0139527
2928, 71.25349, 0.0140344
2929, 72.10689, 0.0138683
2930, 72.16673, 0.0138568
2931, 71.1526, 0.0140543
2932, 72.71616, 0.0137521
2933, 71.75969, 0.0139354
2934, 70.60402, 0.0141635
2935, 73.17751, 0.0136654
2936, 71.7494, 0.0139374
2937, 71.35772, 0.0140139
2938, 72.1459, 0.0138608
2939, 70.57014, 0.0141703
2940, 72.72198, 0.013751
2941, 71.60964, 0.0139646
2942, 71.9352, 0.0139014
2943, 70.21979, 0.014241
2944, 73.46027, 0.0136128
2945, 72.17246, 0.0138557
2946, 72.07259, 0.0138749
2947, 71.8071, 0.0139262
2948, 71.30481, 0.0140243
2949, 72.15736, 0.0138586
2950, 71.48627, 0.0139887
2951, 72.49634, 0.0137938
2952, 71.72675, 0.0139418
2953, 71.57581, 0.0139712
2954, 71.27177, 0.0140308
2955, 72.4349, 0.0138055
2956, 72.18027, 0.0138542
2957, 71.04997, 0.0140746
2958, 72.31808, 0.0138278
2959, 71.91709, 0.0139049
2960, 71.05704, 0.0140732
2961, 71.12679, 0.0140594
2962, 72.96554, 0.0137051
2963, 72.03158, 0.0138828
2964, 71.81535, 0.0139246
2965, 71.5794, 0.0139705
2966, 70.73286, 0.0141377
2967, 72.65277, 0.0137641
2968, 72.71616, 0.0137521
2969, 71.55994, 0.0139743
2970, 71.6887, 0.0139492
2971, 71.83805, 0.0139202
2972, 71.24587, 0.0140359
2973, 72.07363, 0.0138747
2974, 72.10949, 0.0138678
2975, 72.01342, 0.0138863
2976, 71.07977, 0.0140687
2977, 70.77992, 0.0141283
2978, 70.40518, 0.0142035
2979, 70.60701, 0.0141629
2980, 29.58711, 0.0337985
2981, 36.27039, 0.0275707
2982, 111.1198, 0.0089993
2983, 75.26266, 0.0132868
2984, 75.7266, 0.0132054
2985, 69.78513, 0.0143297
2986, 73.86834, 0.0135376
2987, 71.11364, 0.014062
2988, 70.52484, 0.0141794
2989, 69.33659, 0.0144224
2990, 75.35511, 0.0132705
2991, 70.57014, 0.0141703
2992, 70.85967, 0.0141124
2993, 72.55683, 0.0137823
2994, 71.57838, 0.0139707
2995, 72.31547, 0.0138283
2996, 69.02789, 0.0144869
2997, 76.77779, 0.0130246
2998, 71.6887, 0.0139492
2999, 71.80658, 0.0139263
3000, 71.83443, 0.0139209
3001, 70.99147, 0.0140862
3002, 72.84011, 0.0137287
3003, 71.17944, 0.014049
3004, 69.63934, 0.0143597
3005, 74.04501, 0.0135053
3006, 70.26074, 0.0142327
3007, 75.82536, 0.0131882
3008, 70.17889, 0.0142493
3009, 71.89279, 0.0139096
3010, 72.20061, 0.0138503
3011, 71.65172, 0.0139564
3012, 71.86024, 0.0139159
3013, 71.33634, 0.0140181
3014, 71.72881, 0.0139414
3015, 71.65377, 0.013956
3016, 72.27157, 0.0138367
3017, 70.05647, 0.0142742
3018, 74.88337, 0.0133541
3019, 71.10909, 0.0140629
3020, 70.50694, 0.014183
3021, 69.31255, 0.0144274
3022, 74.59235, 0.0134062
3023, 72.99963, 0.0136987
3024, 71.55533, 0.0139752
3025, 71.17793, 0.0140493
3026, 71.79369, 0.0139288
3027, 73.3595, 0.0136315
3028, 70.77792, 0.0141287
3029, 72.71035, 0.0137532
3030, 68.36532, 0.0146273
3031, 66.69601, 0.0149934
3032, 77.03923, 0.0129804
3033, 73.97708, 0.0135177
3034, 76.81258, 0.0130187
3035, 67.95694, 0.0147152
3036, 75.2944, 0.0132812
3037, 68.84682, 0.014525
3038, 71.75506, 0.0139363
3039, 72.79928, 0.0137364
3040, 71.5057, 0.0139849
3041, 74.61906, 0.0134014
3042, 72.55473, 0.0137827
3043, 42.86124, 0.0233311
3044, 131.3111, 0.0076155
3045, 88.12592, 0.0113474
3046, 74.82566, 0.0133644
3047, 70.90942, 0.0141025
3048, 70.01086, 0.0142835
3049, 72.39767, 0.0138126
3050, 73.75937, 0.0135576
3051, 21.8551, 0.0457559
