Frame, FPS, Frame Time
1, 50, 0.02
2, 50, 0.02
3, 3, 0.3333333
4, 5.261604, 0.1900561
5, 30.28275, 0.0330221
6, 63.27472, 0.0158041
7, 70.79947, 0.0141244
8, 73.04495, 0.0136902
9, 71.20631, 0.0140437
10, 73.05402, 0.0136885
11, 71.61938, 0.0139627
12, 71.12376, 0.01406
13, 71.89951, 0.0139083
14, 69.08892, 0.0144741
15, 75.16988, 0.0133032
16, 72.26321, 0.0138383
17, 71.53485, 0.0139792
18, 71.50058, 0.0139859
19, 71.14703, 0.0140554
20, 73.36649, 0.0136302
21, 72.16986, 0.0138562
22, 71.65531, 0.0139557
23, 71.69281, 0.0139484
24, 23.77788, 0.0420559
25, 73.35088, 0.0136331
26, 71.88091, 0.0139119
27, 71.76072, 0.0139352
28, 70.52484, 0.0141794
29, 72.67706, 0.0137595
30, 72.21207, 0.0138481
31, 69.89146, 0.0143079
32, 73.75011, 0.0135593
33, 71.65993, 0.0139548
34, 72.05598, 0.0138781
35, 69.49078, 0.0143904
36, 73.46783, 0.0136114
37, 71.28701, 0.0140278
38, 72.97353, 0.0137036
39, 35.79969, 0.0279332
40, 71.5062, 0.0139848
41, 72.52052, 0.0137892
42, 72.38404, 0.0138152
43, 71.81999, 0.0139237
44, 71.45306, 0.0139952
45, 71.16576, 0.0140517
46, 71.57325, 0.0139717
47, 72.71511, 0.0137523
48, 54.07919, 0.0184914
49, 69.79341, 0.014328
50, 12.75242, 0.0784165
51, 56.36979, 0.01774
52, 21.12004, 0.0473484
53, 76.79902, 0.013021
54, 69.65147, 0.0143572
55, 74.80887, 0.0133674
56, 72.88683, 0.0137199
57, 71.34093, 0.0140172
58, 72.77332, 0.0137413
59, 72.54209, 0.0137851
60, 71.254, 0.0140343
61, 73.20055, 0.0136611
62, 71.73241, 0.0139407
63, 70.79446, 0.0141254
64, 72.01394, 0.0138862
65, 73.96121, 0.0135206
66, 71.48729, 0.0139885
67, 71.31498, 0.0140223
68, 72.64749, 0.0137651
69, 71.23268, 0.0140385
70, 72.83798, 0.0137291
71, 71.25197, 0.0140347
72, 67.64161, 0.0147838
73, 76.29685, 0.0131067
74, 70.06187, 0.0142731
75, 36.62923, 0.0273006
76, 71.39491, 0.0140066
77, 70.75088, 0.0141341
78, 72.39871, 0.0138124
79, 71.88608, 0.0139109
80, 72.11053, 0.0138676
81, 71.5149, 0.0139831
82, 71.08078, 0.0140685
83, 71.33125, 0.0140191
84, 71.47503, 0.0139909
85, 72.37514, 0.0138169
86, 72.36361, 0.0138191
87, 70.95923, 0.0140926
88, 71.64094, 0.0139585
89, 70.6554, 0.0141532
90, 72.52736, 0.0137879
91, 71.80091, 0.0139274
92, 71.69795, 0.0139474
93, 71.58606, 0.0139692
94, 71.53895, 0.0139784
95, 69.34909, 0.0144198
96, 74.74792, 0.0133783
97, 71.94865, 0.0138988
98, 71.49292, 0.0139874
99, 71.58965, 0.0139685
100, 71.78751, 0.01393
101, 71.27888, 0.0140294
102, 71.62656, 0.0139613
103, 72.54683, 0.0137842
104, 35.74186, 0.0279784
105, 71.10757, 0.0140632
106, 72.76167, 0.0137435
107, 71.64658, 0.0139574
108, 72.11209, 0.0138673
109, 70.93959, 0.0140965
110, 71.94555, 0.0138994
111, 71.98595, 0.0138916
112, 71.40002, 0.0140056
113, 72.45642, 0.0138014
114, 71.43469, 0.0139988
115, 71.44439, 0.0139969
116, 71.68356, 0.0139502
117, 71.75609, 0.0139361
118, 72.46849, 0.0137991
119, 71.65069, 0.0139566
120, 35.8953, 0.0278588
121, 71.40613, 0.0140044
122, 71.62965, 0.0139607
123, 71.34347, 0.0140167
124, 72.20998, 0.0138485
125, 70.09526, 0.0142663
126, 72.06792, 0.0138758
127, 72.75955, 0.0137439
128, 72.37095, 0.0138177
129, 71.66301, 0.0139542
130, 71.9958, 0.0138897
131, 70.78043, 0.0141282
132, 72.7765, 0.0137407
133, 71.28295, 0.0140286
134, 71.67226, 0.0139524
135, 71.54099, 0.013978
136, 71.60759, 0.013965
137, 71.84166, 0.0139195
138, 72.63536, 0.0137674
139, 5.112432, 0.1956016
140, 28.91385, 0.0345855
141, 32.20114, 0.0310548
142, 29.37807, 0.034039
143, 89.53033, 0.0111694
144, 71.95539, 0.0138975
145, 71.58555, 0.0139693
146, 71.26263, 0.0140326
147, 32.07534, 0.0311766
148, 95.62424, 0.0104576
149, 70.98441, 0.0140876
150, 73.19144, 0.0136628
151, 71.17083, 0.0140507
152, 71.86645, 0.0139147
153, 71.70103, 0.0139468
154, 70.6095, 0.0141624
155, 72.96128, 0.0137059
156, 70.8667, 0.014111
157, 30.53295, 0.0327515
158, 113.1631, 0.0088368
159, 69.96089, 0.0142937
160, 73.84489, 0.0135419
161, 71.1982, 0.0140453
162, 71.90468, 0.0139073
163, 71.6435, 0.013958
164, 71.75815, 0.0139357
165, 71.25146, 0.0140348
166, 69.21421, 0.0144479
167, 75.48708, 0.0132473
168, 70.42253, 0.0142
169, 73.09567, 0.0136807
170, 71.63529, 0.0139596
171, 71.4781, 0.0139903
172, 71.44031, 0.0139977
173, 70.90489, 0.0141034
174, 72.67548, 0.0137598
175, 71.26365, 0.0140324
176, 71.90262, 0.0139077
177, 68.29621, 0.0146421
178, 75.6424, 0.0132201
179, 70.90187, 0.014104
180, 73.17162, 0.0136665
181, 71.89796, 0.0139086
182, 71.70206, 0.0139466
183, 70.51093, 0.0141822
184, 72.90489, 0.0137165
185, 72.68551, 0.0137579
186, 70.80147, 0.014124
187, 72.58527, 0.0137769
188, 70.51093, 0.0141822
189, 72.82526, 0.0137315
190, 71.83546, 0.0139207
191, 72.2486, 0.0138411
192, 71.39746, 0.0140061
193, 71.74785, 0.0139377
194, 71.6815, 0.0139506
195, 71.52922, 0.0139803
196, 71.34703, 0.014016
197, 72.78603, 0.0137389
198, 71.38421, 0.0140087
199, 71.10352, 0.014064
200, 71.48474, 0.013989
201, 72.33012, 0.0138255
202, 72.50423, 0.0137923
203, 71.43929, 0.0139979
204, 71.81947, 0.0139238
205, 71.63837, 0.013959
206, 71.41429, 0.0140028
207, 71.373, 0.0140109
208, 72.17924, 0.0138544
209, 71.93313, 0.0139018
210, 69.79877, 0.0143269
211, 74.11086, 0.0134933
212, 71.45766, 0.0139943
213, 72.2079, 0.0138489
214, 70.96275, 0.0140919
215, 72.32541, 0.0138264
216, 71.70464, 0.0139461
217, 71.96989, 0.0138947
218, 69.94817, 0.0142963
219, 73.45703, 0.0136134
220, 71.58247, 0.0139699
221, 71.22253, 0.0140405
222, 72.6248, 0.0137694
223, 71.57787, 0.0139708
224, 71.9958, 0.0138897
225, 71.87419, 0.0139132
226, 70.65939, 0.0141524
227, 72.28881, 0.0138334
228, 72.46482, 0.0137998
229, 71.53127, 0.0139799
230, 71.72932, 0.0139413
231, 71.85302, 0.0139173
232, 70.67638, 0.014149
233, 73.18555, 0.0136639
234, 71.67482, 0.0139519
235, 71.64864, 0.013957
236, 71.97041, 0.0138946
237, 71.74785, 0.0139377
238, 69.08034, 0.0144759
239, 73.73978, 0.0135612
240, 72.37461, 0.013817
241, 72.06376, 0.0138766
242, 71.42398, 0.0140009
243, 71.18704, 0.0140475
244, 71.07421, 0.0140698
245, 72.81942, 0.0137326
246, 72.0622, 0.0138769
247, 71.51286, 0.0139835
248, 72.22146, 0.0138463
249, 70.85666, 0.014113
250, 71.08533, 0.0140676
251, 73.48348, 0.0136085
252, 71.71594, 0.0139439
253, 71.97144, 0.0138944
254, 70.18529, 0.014248
255, 72.89533, 0.0137183
256, 71.46175, 0.0139935
257, 72.32227, 0.013827
258, 71.85043, 0.0139178
259, 71.46481, 0.0139929
260, 72.20321, 0.0138498
261, 72.05078, 0.0138791
262, 69.77978, 0.0143308
263, 74.11964, 0.0134917
264, 71.89331, 0.0139095
265, 70.56366, 0.0141716
266, 72.62058, 0.0137702
267, 72.11625, 0.0138665
268, 71.04341, 0.0140759
269, 71.00256, 0.014084
270, 73.60897, 0.0135853
271, 71.55533, 0.0139752
272, 71.54765, 0.0139767
273, 71.81277, 0.0139251
274, 70.85967, 0.0141124
275, 72.93041, 0.0137117
276, 70.68936, 0.0141464
277, 72.6459, 0.0137654
278, 71.9787, 0.013893
279, 71.92847, 0.0139027
280, 72.0321, 0.0138827
281, 71.93779, 0.0139009
282, 71.94711, 0.0138991
283, 71.34042, 0.0140173
284, 72.00979, 0.013887
285, 71.33583, 0.0140182
286, 71.04392, 0.0140758
287, 72.39243, 0.0138136
288, 71.88504, 0.0139111
289, 72.44277, 0.013804
290, 71.68099, 0.0139507
291, 72.01342, 0.0138863
292, 71.47196, 0.0139915
293, 71.96004, 0.0138966
294, 71.22507, 0.01404
295, 72.24493, 0.0138418
296, 71.60503, 0.0139655
297, 72.3186, 0.0138277
298, 68.55325, 0.0145872
299, 75.53897, 0.0132382
300, 72.40343, 0.0138115
301, 71.70412, 0.0139462
302, 71.03837, 0.0140769
303, 72.34686, 0.0138223
304, 71.73035, 0.0139411
305, 71.58965, 0.0139685
306, 71.85508, 0.0139169
307, 71.14653, 0.0140555
308, 71.88763, 0.0139106
309, 72.29247, 0.0138327
310, 70.73186, 0.0141379
311, 73.43492, 0.0136175
312, 71.73138, 0.0139409
313, 71.52513, 0.0139811
314, 71.84579, 0.0139187
315, 71.95901, 0.0138968
316, 71.55379, 0.0139755
317, 71.72778, 0.0139416
318, 70.3804, 0.0142085
319, 73.62794, 0.0135818
320, 71.02575, 0.0140794
321, 71.84682, 0.0139185
322, 68.96314, 0.0145005
323, 75.56923, 0.0132329
324, 71.1273, 0.0140593
325, 72.57579, 0.0137787
326, 71.27787, 0.0140296
327, 70.84712, 0.0141149
328, 71.82102, 0.0139235
329, 73.70663, 0.0135673
330, 70.6105, 0.0141622
331, 72.15945, 0.0138582
332, 72.27522, 0.013836
333, 71.9295, 0.0139025
334, 69.18596, 0.0144538
335, 71.72572, 0.013942
336, 74.87888, 0.0133549
337, 72.45326, 0.013802
338, 70.82554, 0.0141192
339, 71.71235, 0.0139446
340, 72.52683, 0.013788
341, 71.5917, 0.0139681
342, 70.15575, 0.014254
343, 73.80509, 0.0135492
344, 71.77669, 0.0139321
345, 71.48576, 0.0139888
346, 70.34278, 0.0142161
347, 72.58474, 0.013777
348, 73.06577, 0.0136863
349, 57.75839, 0.0173135
350, 93.59528, 0.0106843
351, 72.21729, 0.0138471
352, 71.69384, 0.0139482
353, 70.13557, 0.0142581
354, 72.29717, 0.0138318
355, 72.7622, 0.0137434
356, 72.05961, 0.0138774
357, 71.71646, 0.0139438
358, 69.82314, 0.0143219
359, 73.10636, 0.0136787
360, 72.95329, 0.0137074
361, 71.38879, 0.0140078
362, 71.84785, 0.0139183
363, 72.10378, 0.0138689
364, 69.76225, 0.0143344
365, 71.41429, 0.0140028
366, 74.27544, 0.0134634
367, 72.01861, 0.0138853
368, 71.23928, 0.0140372
369, 70.73236, 0.0141378
370, 72.03677, 0.0138818
371, 72.17872, 0.0138545
372, 72.6496, 0.0137647
373, 71.68459, 0.01395
374, 72.02639, 0.0138838
375, 71.13589, 0.0140576
376, 72.6834, 0.0137583
377, 70.50943, 0.0141825
378, 72.89905, 0.0137176
379, 71.34347, 0.0140167
380, 70.70235, 0.0141438
381, 73.69794, 0.0135689
382, 71.00861, 0.0140828
383, 71.57325, 0.0139717
384, 72.49213, 0.0137946
385, 72.50948, 0.0137913
386, 71.14653, 0.0140555
387, 72.54051, 0.0137854
388, 71.184, 0.0140481
389, 70.68587, 0.0141471
390, 73.03642, 0.0136918
391, 71.59016, 0.0139684
392, 72.0674, 0.0138759
393, 72.5463, 0.0137843
394, 71.04846, 0.0140749
395, 71.42959, 0.0139998
396, 72.63377, 0.0137677
397, 70.78143, 0.014128
398, 73.17216, 0.0136664
399, 71.88453, 0.0139112
400, 71.22761, 0.0140395
401, 71.61324, 0.0139639
402, 71.6081, 0.0139649
403, 70.58358, 0.0141676
404, 72.97992, 0.0137024
405, 70.70586, 0.0141431
406, 72.3186, 0.0138277
407, 69.53329, 0.0143816
408, 74.83574, 0.0133626
409, 71.76639, 0.0139341
410, 71.99372, 0.0138901
411, 72.19852, 0.0138507
412, 70.79345, 0.0141256
413, 70.44238, 0.014196
414, 74.34834, 0.0134502
415, 71.90726, 0.0139068
416, 71.9233, 0.0139037
417, 71.81947, 0.0139238
418, 70.80298, 0.0141237
419, 69.93594, 0.0142988
420, 75.19928, 0.013298
421, 71.30176, 0.0140249
422, 72.54262, 0.013785
423, 71.8071, 0.0139262
424, 71.48014, 0.0139899
425, 71.48729, 0.0139885
426, 72.18445, 0.0138534
427, 71.23725, 0.0140376
428, 72.77914, 0.0137402
429, 70.94362, 0.0140957
430, 71.70927, 0.0139452
431, 70.91293, 0.0141018
432, 73.64041, 0.0135795
433, 71.5584, 0.0139746
434, 71.78287, 0.0139309
435, 72.22355, 0.0138459
436, 71.44337, 0.0139971
437, 71.73859, 0.0139395
438, 72.1199, 0.0138658
439, 71.72623, 0.0139419
440, 71.07725, 0.0140692
441, 71.63991, 0.0139587
442, 72.676, 0.0137597
443, 71.20326, 0.0140443
444, 71.46073, 0.0139937
445, 73.36488, 0.0136305
446, 71.1192, 0.0140609
447, 70.92702, 0.014099
448, 72.56578, 0.0137806
449, 71.60503, 0.0139655
450, 71.76021, 0.0139353
451, 71.71183, 0.0139447
452, 71.21188, 0.0140426
453, 72.48163, 0.0137966
454, 70.55569, 0.0141732
455, 73.03535, 0.013692
456, 71.77154, 0.0139331
457, 71.87419, 0.0139132
458, 71.42398, 0.0140009
459, 72.15945, 0.0138582
460, 71.55891, 0.0139745
461, 71.7355, 0.0139401
462, 71.83753, 0.0139203
463, 71.41174, 0.0140033
464, 71.76381, 0.0139346
465, 72.40868, 0.0138105
466, 71.60041, 0.0139664
467, 71.83546, 0.0139207
468, 71.7566, 0.013936
469, 72.50212, 0.0137927
470, 71.58043, 0.0139703
471, 71.67893, 0.0139511
472, 72.08922, 0.0138717
473, 71.91296, 0.0139057
474, 68.22399, 0.0146576
475, 75.88981, 0.013177
476, 71.79782, 0.013928
477, 71.50519, 0.013985
478, 71.8205, 0.0139236
479, 72.14903, 0.0138602
480, 71.0081, 0.0140829
481, 71.7067, 0.0139457
482, 72.60899, 0.0137724
483, 71.21645, 0.0140417
484, 72.37461, 0.013817
485, 71.02475, 0.0140796
486, 72.11521, 0.0138667
487, 72.21468, 0.0138476
488, 72.27522, 0.013836
489, 71.64248, 0.0139582
490, 71.32413, 0.0140205
491, 71.83959, 0.0139199
492, 71.49342, 0.0139873
493, 71.48831, 0.0139883
494, 72.16361, 0.0138574
495, 72.39767, 0.0138126
496, 70.43295, 0.0141979
497, 73.53698, 0.0135986
498, 71.26974, 0.0140312
499, 71.70927, 0.0139452
500, 71.96004, 0.0138966
501, 71.93882, 0.0139007
502, 71.74991, 0.0139373
503, 71.80297, 0.013927
504, 70.87675, 0.014109
505, 73.28692, 0.013645
506, 71.92226, 0.0139039
507, 70.70885, 0.0141425
508, 71.87988, 0.0139121
509, 72.53893, 0.0137857
510, 70.89986, 0.0141044
511, 73.02415, 0.0136941
512, 71.20123, 0.0140447
513, 72.58105, 0.0137777
514, 71.79163, 0.0139292
515, 71.86903, 0.0139142
516, 69.60202, 0.0143674
517, 74.34171, 0.0134514
518, 71.20428, 0.0140441
519, 72.37147, 0.0138176
520, 72.14227, 0.0138615
521, 71.46635, 0.0139926
522, 71.14653, 0.0140555
523, 71.7906, 0.0139294
524, 72.44802, 0.013803
525, 71.37148, 0.0140112
526, 72.20895, 0.0138487
527, 71.88349, 0.0139114
528, 70.98794, 0.0140869
529, 72.26373, 0.0138382
530, 72.45484, 0.0138017
531, 71.78905, 0.0139297
532, 71.60861, 0.0139648
533, 71.44847, 0.0139961
534, 70.39676, 0.0142052
535, 73.71315, 0.0135661
536, 70.75238, 0.0141338
537, 72.70084, 0.013755
538, 71.53075, 0.01398
539, 72.19956, 0.0138505
540, 70.20697, 0.0142436
541, 73.55807, 0.0135947
542, 71.61015, 0.0139645
543, 71.93831, 0.0139008
544, 71.79008, 0.0139295
545, 71.30786, 0.0140237
546, 70.60202, 0.0141639
547, 73.72456, 0.013564
548, 72.58263, 0.0137774
549, 71.02171, 0.0140802
550, 71.73602, 0.01394
551, 71.15564, 0.0140537
552, 72.57684, 0.0137785
553, 71.82102, 0.0139235
554, 72.39033, 0.013814
555, 71.35722, 0.014014
556, 72.21259, 0.013848
557, 71.93934, 0.0139006
558, 71.48729, 0.0139885
559, 72.01965, 0.0138851
560, 71.87988, 0.0139121
561, 71.46941, 0.013992
562, 71.35823, 0.0140138
563, 71.91968, 0.0139044
564, 72.12093, 0.0138656
565, 70.88479, 0.0141074
566, 73.28638, 0.0136451
567, 71.54457, 0.0139773
568, 71.40409, 0.0140048
569, 72.11833, 0.0138661
570, 71.425, 0.0140007
571, 70.61648, 0.014161
572, 73.34389, 0.0136344
573, 71.05099, 0.0140744
574, 72.26321, 0.0138383
575, 71.48321, 0.0139893
576, 72.12614, 0.0138646
577, 72.5463, 0.0137843
578, 71.02273, 0.01408
579, 72.52789, 0.0137878
580, 71.58606, 0.0139692
581, 71.31193, 0.0140229
582, 72.56947, 0.0137799
583, 71.63426, 0.0139598
584, 71.31142, 0.014023
585, 72.0887, 0.0138718
586, 72.11157, 0.0138674
587, 72.17351, 0.0138555
588, 71.3455, 0.0140163
589, 72.49949, 0.0137932
590, 71.62605, 0.0139614
591, 71.81123, 0.0139254
592, 71.47095, 0.0139917
593, 72.38037, 0.0138159
594, 71.18907, 0.0140471
595, 70.3918, 0.0142062
596, 73.60193, 0.0135866
597, 72.07778, 0.0138739
598, 71.0414, 0.0140763
599, 72.48058, 0.0137968
600, 70.91293, 0.0141018
601, 72.95223, 0.0137076
602, 71.25095, 0.0140349
603, 72.02068, 0.0138849
604, 71.42092, 0.0140015
605, 71.50007, 0.013986
606, 71.53536, 0.0139791
607, 72.9384, 0.0137102
608, 71.15766, 0.0140533
609, 72.1709, 0.013856
610, 71.85353, 0.0139172
611, 71.34296, 0.0140168
612, 72.61057, 0.0137721
613, 70.77091, 0.0141301
614, 71.11516, 0.0140617
615, 73.82961, 0.0135447
616, 72.02328, 0.0138844
617, 70.91645, 0.0141011
618, 72.12509, 0.0138648
619, 72.04871, 0.0138795
620, 71.74991, 0.0139373
621, 72.0835, 0.0138728
622, 70.90539, 0.0141033
623, 72.98631, 0.0137012
624, 71.62605, 0.0139614
625, 69.93594, 0.0142988
626, 72.75267, 0.0137452
627, 72.81147, 0.0137341
628, 71.5958, 0.0139673
629, 72.42651, 0.0138071
630, 71.76484, 0.0139344
631, 71.82928, 0.0139219
632, 71.78184, 0.0139311
633, 71.63529, 0.0139596
634, 71.92072, 0.0139042
635, 70.67738, 0.0141488
636, 73.11705, 0.0136767
637, 69.99811, 0.0142861
638, 72.12249, 0.0138653
639, 71.83031, 0.0139217
640, 71.23218, 0.0140386
641, 72.59159, 0.0137757
642, 72.53262, 0.0137869
643, 70.65191, 0.0141539
644, 72.14695, 0.0138606
645, 72.20425, 0.0138496
646, 72.00928, 0.0138871
647, 71.78082, 0.0139313
648, 72.00461, 0.013888
649, 70.51391, 0.0141816
650, 72.14955, 0.0138601
651, 72.92616, 0.0137125
652, 71.95539, 0.0138975
653, 72.18237, 0.0138538
654, 71.61938, 0.0139627
655, 71.45869, 0.0139941
656, 71.84425, 0.013919
657, 73.19572, 0.013662
658, 71.20428, 0.0140441
659, 71.53127, 0.0139799
660, 72.05961, 0.0138774
661, 69.50816, 0.0143868
662, 74.48013, 0.0134264
663, 72.31651, 0.0138281
664, 71.51388, 0.0139833
665, 72.01134, 0.0138867
666, 70.83558, 0.0141172
667, 71.36282, 0.0140129
668, 72.85603, 0.0137257
669, 72.72092, 0.0137512
670, 71.14146, 0.0140565
671, 71.95229, 0.0138981
672, 70.71436, 0.0141414
673, 72.10326, 0.013869
674, 72.51369, 0.0137905
675, 71.88194, 0.0139117
676, 71.40103, 0.0140054
677, 72.10117, 0.0138694
678, 70.75739, 0.0141328
679, 71.81638, 0.0139244
680, 72.78603, 0.0137389
681, 71.60503, 0.0139655
682, 70.89283, 0.0141058
683, 72.48951, 0.0137951
684, 72.31233, 0.0138289
685, 70.55022, 0.0141743
686, 73.14272, 0.0136719
687, 72.19331, 0.0138517
688, 71.19211, 0.0140465
689, 71.77, 0.0139334
690, 72.25069, 0.0138407
691, 70.99348, 0.0140858
692, 71.76845, 0.0139337
693, 73.16734, 0.0136673
694, 70.95117, 0.0140942
695, 72.52578, 0.0137882
696, 71.47452, 0.013991
697, 71.5999, 0.0139665
698, 70.43742, 0.014197
699, 74.01102, 0.0135115
700, 71.3455, 0.0140163
701, 71.98854, 0.0138911
702, 72.16517, 0.0138571
703, 70.63693, 0.0141569
704, 73.25793, 0.0136504
705, 70.92802, 0.0140988
706, 47.70196, 0.0209635
707, 148.1899, 0.0067481
708, 71.71132, 0.0139448
709, 71.17894, 0.0140491
710, 72.70982, 0.0137533
711, 72.2272, 0.0138452
712, 71.30735, 0.0140238
713, 71.92382, 0.0139036
714, 71.8004, 0.0139275
715, 71.06058, 0.0140725
716, 71.9787, 0.013893
717, 72.47847, 0.0137972
718, 71.04796, 0.014075
719, 72.42493, 0.0138074
720, 71.66815, 0.0139532
721, 72.22198, 0.0138462
722, 71.70412, 0.0139462
723, 71.99476, 0.0138899
724, 71.73087, 0.013941
725, 71.46788, 0.0139923
726, 70.67387, 0.0141495
727, 71.09089, 0.0140665
728, 73.6209, 0.0135831
729, 72.6285, 0.0137687
730, 70.93305, 0.0140978
731, 72.74632, 0.0137464
732, 71.52411, 0.0139813
733, 71.67945, 0.013951
734, 71.8959, 0.013909
735, 72.21833, 0.0138469
736, 71.65069, 0.0139566
737, 71.05755, 0.0140731
738, 70.62546, 0.0141592
739, 73.72891, 0.0135632
740, 71.72417, 0.0139423
741, 72.12405, 0.013865
742, 71.90313, 0.0139076
743, 71.79266, 0.013929
744, 71.89021, 0.0139101
745, 71.58247, 0.0139699
746, 71.77102, 0.0139332
747, 72.18184, 0.0138539
748, 71.9202, 0.0139043
749, 70.57412, 0.0141695
750, 73.01402, 0.013696
751, 71.71492, 0.0139441
752, 71.55123, 0.013976
753, 72.01913, 0.0138852
754, 71.83495, 0.0139208
755, 71.84785, 0.0139183
756, 71.0722, 0.0140702
757, 72.71406, 0.0137525
758, 70.72186, 0.0141399
759, 72.69396, 0.0137563
760, 71.18299, 0.0140483
761, 72.78339, 0.0137394
762, 71.57274, 0.0139718
763, 71.6815, 0.0139506
764, 72.09441, 0.0138707
765, 71.7, 0.013947
766, 71.93986, 0.0139005
767, 71.65685, 0.0139554
768, 72.0238, 0.0138843
769, 71.78493, 0.0139305
770, 71.77566, 0.0139323
771, 71.21899, 0.0140412
772, 72.50843, 0.0137915
773, 71.75094, 0.0139371
774, 71.52411, 0.0139813
775, 71.97921, 0.0138929
776, 72.09753, 0.0138701
777, 71.71286, 0.0139445
778, 71.69898, 0.0139472
779, 70.57312, 0.0141697
780, 73.17698, 0.0136655
781, 71.82876, 0.013922
782, 69.96383, 0.0142931
783, 73.70827, 0.013567
784, 71.93623, 0.0139012
785, 72.23972, 0.0138428
786, 71.37249, 0.014011
787, 71.77102, 0.0139332
788, 71.28295, 0.0140286
789, 72.59001, 0.013776
790, 71.24841, 0.0140354
791, 72.198, 0.0138508
792, 71.58043, 0.0139703
793, 71.52564, 0.013981
794, 71.81329, 0.013925
795, 72.42178, 0.013808
796, 72.13966, 0.013862
797, 70.50396, 0.0141836
798, 72.61532, 0.0137712
799, 72.41129, 0.01381
800, 71.33176, 0.014019
801, 69.82704, 0.0143211
802, 73.18822, 0.0136634
803, 73.17858, 0.0136652
804, 70.94815, 0.0140948
805, 72.59528, 0.013775
806, 69.98734, 0.0142883
807, 74.13503, 0.0134889
808, 71.65172, 0.0139564
809, 23.7502, 0.0421049
810, 70.42651, 0.0141992
811, 74.09713, 0.0134958
812, 72.17299, 0.0138556
813, 69.66699, 0.014354
814, 64.3828, 0.0155321
815, 71.80452, 0.0139267
816, 84.12339, 0.0118873
817, 72.77544, 0.0137409
818, 71.90623, 0.013907
819, 71.37351, 0.0140108
820, 71.74425, 0.0139384
821, 71.86593, 0.0139148
822, 70.73136, 0.014138
823, 73.52941, 0.0136
824, 70.73337, 0.0141376
825, 72.67864, 0.0137592
826, 71.95953, 0.0138967
827, 71.31752, 0.0140218
828, 70.48656, 0.0141871
829, 73.37833, 0.013628
830, 71.95746, 0.0138971
831, 71.61938, 0.0139627
832, 71.71543, 0.013944
833, 71.96004, 0.0138966
834, 68.90517, 0.0145127
835, 73.73707, 0.0135617
836, 73.8487, 0.0135412
837, 71.45818, 0.0139942
838, 71.30023, 0.0140252
839, 72.22877, 0.0138449
840, 71.38676, 0.0140082
841, 72.32227, 0.013827
842, 71.86024, 0.0139159
843, 71.84837, 0.0139182
844, 71.26263, 0.0140326
845, 71.89693, 0.0139088
846, 69.6025, 0.0143673
847, 74.58957, 0.0134067
848, 72.19852, 0.0138507
849, 71.33685, 0.014018
850, 72.00772, 0.0138874
851, 71.41786, 0.0140021
852, 71.33634, 0.0140181
853, 71.89072, 0.01391
854, 72.15215, 0.0138596
855, 72.41916, 0.0138085
856, 72.00461, 0.013888
857, 70.85213, 0.0141139
858, 71.48525, 0.0139889
859, 72.73257, 0.013749
860, 72.12041, 0.0138657
861, 71.78699, 0.0139301
862, 71.58298, 0.0139698
863, 71.36282, 0.0140129
864, 72.20425, 0.0138496
865, 72.03521, 0.0138821
866, 72.0015, 0.0138886
867, 70.44784, 0.0141949
868, 71.53946, 0.0139783
869, 72.70929, 0.0137534
870, 70.63344, 0.0141576
871, 73.59326, 0.0135882
872, 70.94463, 0.0140955
873, 71.87264, 0.0139135
874, 72.28828, 0.0138335
875, 72.00824, 0.0138873
876, 71.60964, 0.0139646
877, 72.03158, 0.0138828
878, 71.71081, 0.0139449
879, 69.58555, 0.0143708
880, 74.63076, 0.0133993
881, 70.44437, 0.0141956
882, 71.02626, 0.0140793
883, 74.92713, 0.0133463
884, 72.1657, 0.013857
885, 71.11314, 0.0140621
886, 71.97351, 0.013894
887, 72.11625, 0.0138665
888, 71.30836, 0.0140236
889, 71.34347, 0.0140167
890, 71.74271, 0.0139387
891, 72.23399, 0.0138439
892, 70.46819, 0.0141908
893, 73.47485, 0.0136101
894, 71.88711, 0.0139107
895, 72.0321, 0.0138827
896, 71.8004, 0.0139275
897, 70.94714, 0.014095
898, 72.60107, 0.0137739
899, 71.35569, 0.0140143
900, 71.84888, 0.0139181
901, 70.96326, 0.0140918
902, 72.198, 0.0138508
903, 72.54051, 0.0137854
904, 72.02535, 0.013884
905, 71.59016, 0.0139684
906, 71.68407, 0.0139501
907, 72.20321, 0.0138498
908, 71.5794, 0.0139705
909, 72.00357, 0.0138882
910, 71.19363, 0.0140462
911, 72.26896, 0.0138372
912, 69.82752, 0.014321
913, 74.14328, 0.0134874
914, 71.48422, 0.0139891
915, 72.44854, 0.0138029
916, 71.75145, 0.013937
917, 71.71955, 0.0139432
918, 71.6923, 0.0139485
919, 70.83708, 0.0141169
920, 72.45432, 0.0138018
921, 71.94762, 0.013899
922, 71.4781, 0.0139903
923, 71.74116, 0.013939
924, 72.30553, 0.0138302
925, 71.79575, 0.0139284
926, 71.41582, 0.0140025
927, 72.72251, 0.0137509
928, 71.84063, 0.0139197
929, 71.4352, 0.0139987
930, 71.96678, 0.0138953
931, 71.69281, 0.0139484
932, 71.83083, 0.0139216
933, 72.16413, 0.0138573
934, 70.91897, 0.0141006
935, 72.57632, 0.0137786
936, 71.86128, 0.0139157
937, 71.00003, 0.0140845
938, 71.82102, 0.0139235
939, 73.02841, 0.0136933
940, 71.74579, 0.0139381
941, 70.7644, 0.0141314
942, 72.56999, 0.0137798
943, 71.11516, 0.0140617
944, 33.78812, 0.0295962
945, 30.70593, 0.032567
946, 112.9063, 0.0088569
947, 80.21304, 0.0124668
948, 72.67918, 0.0137591
949, 71.81226, 0.0139252
950, 70.97736, 0.014089
951, 72.80829, 0.0137347
952, 71.6815, 0.0139506
953, 70.90187, 0.014104
954, 71.16526, 0.0140518
955, 31.83, 0.0314169
956, 99.59862, 0.0100403
957, 71.7633, 0.0139347
958, 71.09594, 0.0140655
959, 72.11729, 0.0138663
960, 71.44797, 0.0139962
961, 72.63905, 0.0137667
962, 71.57377, 0.0139716
963, 71.39899, 0.0140058
964, 69.54248, 0.0143797
965, 31.21976, 0.032031
966, 109.8032, 0.0091072
967, 71.06967, 0.0140707
968, 72.07103, 0.0138752
969, 70.42056, 0.0142004
970, 73.04816, 0.0136896
971, 72.72727, 0.01375
972, 71.01062, 0.0140824
973, 72.04871, 0.0138795
974, 69.34091, 0.0144215
975, 27.56514, 0.0362777
976, 127.9574, 0.0078151
977, 92.32928, 0.0108308
978, 70.57611, 0.0141691
979, 72.71934, 0.0137515
980, 71.49292, 0.0139874
981, 72.14903, 0.0138602
982, 71.49649, 0.0139867
983, 71.4643, 0.013993
984, 70.83909, 0.0141165
985, 31.10584, 0.0321483
986, 106.7373, 0.0093688
987, 69.97803, 0.0142902
988, 72.56052, 0.0137816
989, 72.82048, 0.0137324
990, 71.96212, 0.0138962
991, 71.31651, 0.014022
992, 72.23399, 0.0138439
993, 71.58043, 0.0139703
994, 71.1101, 0.0140627
995, 26.32874, 0.0379813
996, 56.75949, 0.0176182
997, 72.22355, 0.0138459
998, 71.56147, 0.013974
999, 71.88297, 0.0139115
1000, 71.52666, 0.0139808
1001, 70.74137, 0.014136
1002, 72.61057, 0.0137721
1003, 70.75037, 0.0141342
1004, 31.62576, 0.0316198
1005, 102.8785, 0.0097202
1006, 70.62147, 0.01416
1007, 72.80246, 0.0137358
1008, 71.57632, 0.0139711
1009, 71.9352, 0.0139014
1010, 71.66866, 0.0139531
1011, 71.93986, 0.0139005
1012, 71.47912, 0.0139901
1013, 71.37708, 0.0140101
1014, 31.53917, 0.0317066
1015, 101.1491, 0.0098864
1016, 71.60861, 0.0139648
1017, 70.70386, 0.0141435
1018, 72.82579, 0.0137314
1019, 71.85095, 0.0139177
1020, 71.8525, 0.0139174
1021, 71.9352, 0.0139014
1022, 71.3511, 0.0140152
1023, 70.7659, 0.0141311
1024, 31.34757, 0.0319004
1025, 106.3343, 0.0094043
1026, 70.94412, 0.0140956
1027, 71.96886, 0.0138949
1028, 71.39746, 0.0140061
1029, 72.51579, 0.0137901
1030, 71.36791, 0.0140119
1031, 72.23502, 0.0138437
1032, 71.62349, 0.0139619
1033, 69.98096, 0.0142896
1034, 31.87637, 0.0313712
1035, 100.5723, 0.0099431
1036, 71.83495, 0.0139208
1037, 71.62144, 0.0139623
1038, 71.37453, 0.0140106
1039, 72.23607, 0.0138435
1040, 69.32841, 0.0144241
1041, 73.08018, 0.0136836
1042, 72.63219, 0.013768
1043, 71.49393, 0.0139872
1044, 30.136, 0.0331829
1045, 120.0913, 0.008327
1046, 71.91399, 0.0139055
1047, 71.63067, 0.0139605
1048, 71.64452, 0.0139578
1049, 71.75042, 0.0139372
1050, 71.16171, 0.0140525
1051, 73.093, 0.0136812
1052, 71.84992, 0.0139179
1053, 69.71896, 0.0143433
1054, 31.45713, 0.0317893
1055, 38.64137, 0.025879
1056, 93.32188, 0.0107156
1057, 70.07463, 0.0142705
1058, 72.32122, 0.0138272
1059, 71.23521, 0.014038
1060, 72.13029, 0.0138638
1061, 71.16982, 0.0140509
1062, 71.09241, 0.0140662
1063, 31.77811, 0.0314682
1064, 95.54018, 0.0104668
1065, 70.64841, 0.0141546
1066, 72.60107, 0.0137739
1067, 72.11261, 0.0138672
1068, 71.52001, 0.0139821
1069, 71.15361, 0.0140541
1070, 72.23138, 0.0138444
1071, 71.22102, 0.0140408
1072, 69.71216, 0.0143447
1073, 29.87554, 0.0334722
1074, 102.2756, 0.0097775
1075, 83.55545, 0.0119681
1076, 71.39491, 0.0140066
1077, 72.11313, 0.0138671
1078, 72.00772, 0.0138874
1079, 72.01342, 0.0138863
1080, 71.58913, 0.0139686
1081, 72.1506, 0.0138599
1082, 70.16116, 0.0142529
1083, 27.90716, 0.0358331
1084, 154.8971, 0.0064559
1085, 76.18409, 0.0131261
1086, 72.92031, 0.0137136
1087, 71.16931, 0.014051
1088, 71.34093, 0.0140172
1089, 72.09338, 0.0138709
1090, 71.67893, 0.0139511
1091, 71.49087, 0.0139878
1092, 70.85766, 0.0141128
1093, 28.64279, 0.0349128
1094, 150.3714, 0.0066502
1095, 72.81995, 0.0137325
1096, 71.65891, 0.013955
1097, 71.7803, 0.0139314
1098, 71.57325, 0.0139717
1099, 71.76536, 0.0139343
1100, 70.29284, 0.0142262
1101, 73.70881, 0.0135669
1102, 69.4001, 0.0144092
1103, 30.29871, 0.0330047
1104, 118.534, 0.0084364
1105, 71.64864, 0.013957
1106, 71.97092, 0.0138945
1107, 72.30762, 0.0138298
1108, 71.64555, 0.0139576
1109, 71.76587, 0.0139342
1110, 70.68436, 0.0141474
1111, 73.01189, 0.0136964
1112, 71.58298, 0.0139698
1113, 30.70942, 0.0325633
1114, 110.4728, 0.009052
1115, 70.2879, 0.0142272
1116, 73.03962, 0.0136912
1117, 71.57991, 0.0139704
1118, 71.2271, 0.0140396
1119, 72.51053, 0.0137911
1120, 72.0238, 0.0138843
1121, 71.4046, 0.0140047
1122, 71.63426, 0.0139598
1123, 31.31311, 0.0319355
1124, 102.4118, 0.0097645
1125, 72.4307, 0.0138063
1126, 69.58216, 0.0143715
1127, 73.86452, 0.0135383
1128, 72.09181, 0.0138712
1129, 71.83598, 0.0139206
1130, 71.78236, 0.013931
1131, 71.425, 0.0140007
1132, 70.51788, 0.0141808
1133, 31.86225, 0.0313851
1134, 99.27529, 0.010073
1135, 71.87471, 0.0139131
1136, 70.61948, 0.0141604
1137, 72.65224, 0.0137642
1138, 72.07259, 0.0138749
1139, 71.70103, 0.0139468
1140, 71.55482, 0.0139753
1141, 71.57684, 0.013971
1142, 69.70244, 0.0143467
1143, 29.27778, 0.0341556
1144, 115.793, 0.0086361
1145, 80.99068, 0.0123471
1146, 70.97786, 0.0140889
1147, 72.90968, 0.0137156
1148, 69.77199, 0.0143324
1149, 73.59652, 0.0135876
1150, 71.99683, 0.0138895
1151, 72.03313, 0.0138825
1152, 70.12328, 0.0142606
1153, 30.65106, 0.0326253
1154, 113.3299, 0.0088238
1155, 71.53844, 0.0139785
1156, 71.4735, 0.0139912
1157, 71.90262, 0.0139077
1158, 71.87833, 0.0139124
1159, 70.02948, 0.0142797
1160, 73.73218, 0.0135626
1161, 71.97351, 0.013894
1162, 70.81, 0.0141223
1163, 32.00287, 0.0312472
1164, 97.32455, 0.0102749
1165, 71.76587, 0.0139342
1166, 71.66866, 0.0139531
1167, 71.70721, 0.0139456
1168, 71.05957, 0.0140727
1169, 72.78444, 0.0137392
1170, 70.4399, 0.0141965
1171, 72.96554, 0.0137051
1172, 70.74837, 0.0141346
1173, 30.93543, 0.0323254
1174, 110.5718, 0.0090439
1175, 70.55171, 0.014174
1176, 72.63061, 0.0137683
1177, 71.5103, 0.013984
1178, 71.53127, 0.0139799
1179, 72.33901, 0.0138238
1180, 71.2982, 0.0140256
1181, 70.21535, 0.0142419
1182, 70.74387, 0.0141355
1183, 32.69373, 0.0305869
1184, 95.96008, 0.010421
1185, 71.01062, 0.0140824
1186, 72.01861, 0.0138853
1187, 71.87367, 0.0139133
1188, 71.82308, 0.0139231
1189, 71.48525, 0.0139889
1190, 71.8267, 0.0139224
1191, 71.96523, 0.0138956
1192, 69.26119, 0.0144381
1193, 31.66882, 0.0315768
1194, 105.0178, 0.0095222
1195, 70.94111, 0.0140962
1196, 71.8494, 0.013918
1197, 71.77721, 0.013932
1198, 71.7391, 0.0139394
1199, 71.98854, 0.0138911
1200, 72.13498, 0.0138629
1201, 70.61748, 0.0141608
1202, 72.27522, 0.013836
1203, 29.87884, 0.0334685
1204, 122.974, 0.0081318
1205, 71.47401, 0.0139911
1206, 72.17924, 0.0138544
1207, 68.84018, 0.0145264
1208, 75.27287, 0.013285
1209, 71.99268, 0.0138903
1210, 71.97921, 0.0138929
1211, 71.08735, 0.0140672
1212, 71.29311, 0.0140266
1213, 30.12593, 0.033194
1214, 117.6554, 0.0084994
1215, 72.32541, 0.0138264
1216, 71.83598, 0.0139206
1217, 71.75454, 0.0139364
1218, 71.68202, 0.0139505
1219, 71.79008, 0.0139295
1220, 71.37096, 0.0140113
1221, 71.884, 0.0139113
1222, 71.48321, 0.0139893
1223, 31.30851, 0.0319402
1224, 96.09194, 0.0104067
1225, 74.30028, 0.0134589
1226, 72.60899, 0.0137724
1227, 71.83546, 0.0139207
1228, 71.69898, 0.0139472
1229, 71.64658, 0.0139574
1230, 72.33064, 0.0138254
1231, 70.71086, 0.0141421
1232, 70.28938, 0.0142269
1233, 27.39651, 0.036501
1234, 128.5661, 0.0077781
1235, 92.80656, 0.0107751
1236, 72.4071, 0.0138108
1237, 72.71616, 0.0137521
1238, 71.68716, 0.0139495
1239, 71.19566, 0.0140458
1240, 71.73138, 0.0139409
1241, 72.28671, 0.0138338
1242, 69.71507, 0.0143441
1243, 32.40892, 0.0308557
1244, 94.96767, 0.0105299
1245, 71.07977, 0.0140687
1246, 58.42248, 0.0171167
1247, 71.64709, 0.0139573
1248, 61.26625, 0.0163222
1249, 119.3916, 0.0083758
1250, 72.69027, 0.013757
1251, 71.43877, 0.013998
1252, 71.50365, 0.0139853
1253, 27.86796, 0.0358835
1254, 161.4283, 0.0061947
1255, 74.80663, 0.0133678
1256, 71.36638, 0.0140122
1257, 70.7659, 0.0141311
1258, 70.94966, 0.0140945
1259, 73.95465, 0.0135218
1260, 72.01238, 0.0138865
1261, 71.76433, 0.0139345
1262, 70.70436, 0.0141434
1263, 31.74543, 0.0315006
1264, 98.94622, 0.0101065
1265, 71.56301, 0.0139737
1266, 69.87632, 0.014311
1267, 73.57323, 0.0135919
1268, 71.41531, 0.0140026
1269, 71.0919, 0.0140663
1270, 73.02202, 0.0136945
1271, 72.68287, 0.0137584
1272, 70.46968, 0.0141905
1273, 31.91747, 0.0313308
1274, 96.72583, 0.0103385
1275, 71.46686, 0.0139925
1276, 72.6438, 0.0137658
1277, 71.38013, 0.0140095
1278, 72.2841, 0.0138343
1279, 71.01869, 0.0140808
1280, 71.19566, 0.0140458
1281, 73.36757, 0.01363
1282, 70.85063, 0.0141142
1283, 31.46306, 0.0317833
1284, 101.007, 0.0099003
1285, 71.64555, 0.0139576
1286, 72.12562, 0.0138647
1287, 71.32108, 0.0140211
1288, 71.84734, 0.0139184
1289, 71.43265, 0.0139992
1290, 70.83909, 0.0141165
1291, 71.73293, 0.0139406
1292, 70.72836, 0.0141386
1293, 28.71369, 0.0348266
1294, 108.1397, 0.0092473
1295, 90.63061, 0.0110338
1296, 71.29514, 0.0140262
1297, 72.61954, 0.0137704
1298, 72.07207, 0.013875
1299, 71.7144, 0.0139442
1300, 71.92434, 0.0139035
1301, 71.24791, 0.0140355
1302, 68.62852, 0.0145712
1303, 27.40642, 0.0364878
1304, 53.90313, 0.0185518
1305, 72.45064, 0.0138025
1306, 71.5456, 0.0139771
1307, 71.67431, 0.013952
1308, 72.20061, 0.0138503
1309, 71.74528, 0.0139382
1310, 71.66866, 0.0139531
1311, 71.21442, 0.0140421
1312, 31.41167, 0.0318353
1313, 101.8102, 0.0098222
1314, 71.53025, 0.0139801
1315, 72.28515, 0.0138341
1316, 72.01031, 0.0138869
1317, 71.36078, 0.0140133
1318, 71.67431, 0.013952
1319, 72.33796, 0.013824
1320, 71.40613, 0.0140044
1321, 70.40469, 0.0142036
1322, 30.11604, 0.0332049
1323, 124.3085, 0.0080445
1324, 71.33329, 0.0140187
1325, 71.5876, 0.0139689
1326, 71.51541, 0.013983
1327, 72.08194, 0.0138731
1328, 71.51234, 0.0139836
1329, 71.91606, 0.0139051
1330, 71.44031, 0.0139977
1331, 70.88579, 0.0141072
1332, 30.50055, 0.0327863
1333, 114.2022, 0.0087564
1334, 72.10845, 0.013868
1335, 71.04543, 0.0140755
1336, 72.80511, 0.0137353
1337, 71.73087, 0.013941
1338, 71.6625, 0.0139543
1339, 71.70103, 0.0139468
1340, 71.60195, 0.0139661
1341, 70.67787, 0.0141487
1342, 30.6723, 0.0326027
1343, 113.1145, 0.0088406
1344, 71.59426, 0.0139676
1345, 71.98958, 0.0138909
1346, 71.39899, 0.0140058
1347, 72.0861, 0.0138723
1348, 71.77, 0.0139334
1349, 71.48933, 0.0139881
1350, 71.1683, 0.0140512
1351, 68.71058, 0.0145538
1352, 30.74416, 0.0325265
1353, 117.0111, 0.0085462
1354, 72.30449, 0.0138304
1355, 72.70506, 0.0137542
1356, 71.50058, 0.0139859
1357, 71.93572, 0.0139013
1358, 71.97507, 0.0138937
1359, 71.72675, 0.0139418
1360, 71.68819, 0.0139493
1361, 70.71585, 0.0141411
1362, 31.5553, 0.0316904
1363, 102.4359, 0.0097622
1364, 71.05149, 0.0140743
1365, 71.90106, 0.013908
1366, 71.71543, 0.013944
1367, 71.72417, 0.0139423
1368, 71.01768, 0.014081
1369, 72.52526, 0.0137883
1370, 72.54051, 0.0137854
1371, 69.90465, 0.0143052
1372, 30.75797, 0.0325119
1373, 112.026, 0.0089265
1374, 71.36282, 0.0140129
1375, 72.32018, 0.0138274
1376, 71.95383, 0.0138978
1377, 71.78236, 0.013931
1378, 69.36497, 0.0144165
1379, 74.25504, 0.0134671
1380, 72.55578, 0.0137825
1381, 70.80849, 0.0141226
1382, 31.67343, 0.0315722
1383, 95.61784, 0.0104583
1384, 72.84541, 0.0137277
1385, 71.13438, 0.0140579
1386, 71.69846, 0.0139473
1387, 71.45154, 0.0139955
1388, 73.20751, 0.0136598
1389, 70.22176, 0.0142406
1390, 72.74579, 0.0137465
1391, 70.75037, 0.0141342
1392, 30.08143, 0.0332431
1393, 100.7557, 0.009925
1394, 83.0482, 0.0120412
1395, 72.04455, 0.0138803
1396, 71.45869, 0.0139941
1397, 72.21051, 0.0138484
1398, 71.76639, 0.0139341
1399, 71.26619, 0.0140319
1400, 71.87574, 0.0139129
1401, 71.7, 0.013947
1402, 30.73934, 0.0325316
1403, 108.9835, 0.0091757
1404, 71.34499, 0.0140164
1405, 72.01083, 0.0138868
1406, 72.22511, 0.0138456
1407, 72.27261, 0.0138365
1408, 71.64761, 0.0139572
1409, 71.05199, 0.0140742
1410, 71.81586, 0.0139245
1411, 71.21899, 0.0140412
1412, 31.57074, 0.0316749
1413, 102.2945, 0.0097757
1414, 71.00861, 0.0140828
1415, 72.63061, 0.0137683
1416, 70.3502, 0.0142146
1417, 73.42467, 0.0136194
1418, 71.71286, 0.0139445
1419, 71.49036, 0.0139879
1420, 71.58453, 0.0139695
1421, 70.6599, 0.0141523
1422, 30.62309, 0.0326551
1423, 115.5922, 0.0086511
1424, 70.5154, 0.0141813
1425, 71.94452, 0.0138996
1426, 71.80503, 0.0139266
1427, 71.6081, 0.0139649
1428, 72.41969, 0.0138084
1429, 70.72486, 0.0141393
1430, 72.71775, 0.0137518
1431, 70.7669, 0.0141309
1432, 31.21819, 0.0320326
1433, 105.6502, 0.0094652
1434, 70.96477, 0.0140915
1435, 72.51579, 0.0137901
1436, 71.76278, 0.0139348
1437, 71.08028, 0.0140686
1438, 71.5999, 0.0139665
1439, 73.08339, 0.013683
1440, 71.15969, 0.0140529
1441, 67.9274, 0.0147216
1442, 30.04519, 0.0332832
1443, 106.8194, 0.0093616
1444, 82.49668, 0.0121217
1445, 71.73653, 0.0139399
1446, 71.56454, 0.0139734
1447, 71.82463, 0.0139228
1448, 72.14122, 0.0138617
1449, 71.40919, 0.0140038
1450, 71.67893, 0.0139511
1451, 70.23952, 0.014237
1452, 31.37609, 0.0318714
1453, 104.8977, 0.0095331
1454, 70.9698, 0.0140905
1455, 72.63219, 0.013768
1456, 71.35823, 0.0140138
1457, 72.54736, 0.0137841
1458, 70.97433, 0.0140896
1459, 71.92641, 0.0139031
1460, 71.20174, 0.0140446
1461, 72.52316, 0.0137887
1462, 30.67513, 0.0325997
1463, 111.8756, 0.0089385
1464, 70.87825, 0.0141087
1465, 71.11314, 0.0140621
1466, 72.22198, 0.0138462
1467, 72.45326, 0.013802
1468, 71.10858, 0.014063
1469, 70.47217, 0.01419
1470, 73.49537, 0.0136063
1471, 71.33889, 0.0140176
1472, 31.30537, 0.0319434
1473, 103.9242, 0.0096224
1474, 71.27431, 0.0140303
1475, 71.71029, 0.013945
1476, 70.74187, 0.0141359
1477, 73.65397, 0.013577
1478, 71.56403, 0.0139735
1479, 71.69846, 0.0139473
1480, 71.99787, 0.0138893
1481, 71.10808, 0.0140631
1482, 31.95623, 0.0312928
1483, 95.7121, 0.010448
1484, 72.47795, 0.0137973
1485, 71.47912, 0.0139901
1486, 71.77824, 0.0139318
1487, 72.40868, 0.0138105
1488, 71.73087, 0.013941
1489, 71.17539, 0.0140498
1490, 72.90755, 0.013716
1491, 71.00105, 0.0140843
1492, 28.87361, 0.0346337
1493, 78.00981, 0.0128189
1494, 117.5019, 0.0085105
1495, 73.07751, 0.0136841
1496, 72.39819, 0.0138125
1497, 72.35157, 0.0138214
1498, 71.93054, 0.0139023
1499, 71.32159, 0.014021
1500, 71.67123, 0.0139526
1501, 71.27533, 0.0140301
1502, 31.9827, 0.0312669
1503, 94.74632, 0.0105545
1504, 72.78497, 0.0137391
1505, 71.71903, 0.0139433
1506, 71.66609, 0.0139536
1507, 71.80865, 0.0139259
1508, 71.9673, 0.0138952
1509, 72.40815, 0.0138106
1510, 70.47614, 0.0141892
1511, 72.40395, 0.0138114
1512, 29.16838, 0.0342837
1513, 136.9488, 0.007302
1514, 71.97455, 0.0138938
1515, 71.20123, 0.0140447
1516, 71.41123, 0.0140034
1517, 72.67548, 0.0137598
1518, 71.62452, 0.0139617
1519, 72.55946, 0.0137818
1520, 71.96004, 0.0138966
1521, 70.22571, 0.0142398
1522, 29.85306, 0.0334974
1523, 127.9918, 0.007813
1524, 71.41225, 0.0140032
1525, 71.74579, 0.0139381
1526, 70.81551, 0.0141212
1527, 71.82979, 0.0139218
1528, 72.73151, 0.0137492
1529, 71.84166, 0.0139195
1530, 71.0919, 0.0140663
1531, 71.48729, 0.0139885
1532, 31.18801, 0.0320636
1533, 106.4713, 0.0093922
1534, 70.57063, 0.0141702
1535, 72.47952, 0.013797
1536, 71.84579, 0.0139187
1537, 70.74337, 0.0141356
1538, 72.67178, 0.0137605
1539, 71.76896, 0.0139336
1540, 71.42398, 0.0140009
1541, 71.67072, 0.0139527
1542, 31.79114, 0.0314553
1543, 98.38162, 0.0101645
1544, 71.80813, 0.013926
1545, 71.47707, 0.0139905
1546, 71.3944, 0.0140067
1547, 72.41811, 0.0138087
1548, 70.56964, 0.0141704
1549, 72.99004, 0.0137005
1550, 72.27314, 0.0138364
1551, 71.07371, 0.0140699
1552, 31.08245, 0.0321725
1553, 104.9715, 0.0095264
1554, 71.56454, 0.0139734
1555, 72.03988, 0.0138812
1556, 72.0378, 0.0138816
1557, 72.00668, 0.0138876
1558, 71.77, 0.0139334
1559, 70.61997, 0.0141603
1560, 73.60572, 0.0135859
1561, 70.70686, 0.0141429
1562, 72.78339, 0.0137394
1563, 70.96175, 0.0140921
1564, 72.27261, 0.0138365
1565, 71.48627, 0.0139887
1566, 72.43858, 0.0138048
1567, 70.96225, 0.014092
1568, 72.54946, 0.0137837
1569, 66.37022, 0.015067
1570, 77.9873, 0.0128226
1571, 71.58298, 0.0139698
1572, 71.95746, 0.0138971
1573, 72.77173, 0.0137416
1574, 71.0919, 0.0140663
1575, 71.92641, 0.0139031
1576, 72.39137, 0.0138138
1577, 70.40121, 0.0142043
1578, 73.00549, 0.0136976
1579, 72.12562, 0.0138647
1580, 71.47248, 0.0139914
1581, 71.88504, 0.0139111
1582, 71.62298, 0.013962
1583, 70.54475, 0.0141754
1584, 73.67948, 0.0135723
1585, 70.58209, 0.0141679
1586, 71.67637, 0.0139516
1587, 71.06866, 0.0140709
1588, 72.56262, 0.0137812
1589, 68.62334, 0.0145723
1590, 75.61265, 0.0132253
1591, 71.17742, 0.0140494
1592, 72.67442, 0.01376
1593, 71.5753, 0.0139713
1594, 70.0653, 0.0142724
1595, 29.91603, 0.0334269
1596, 102.7908, 0.0097285
1597, 82.8775, 0.012066
1598, 71.81999, 0.0139237
1599, 71.75042, 0.0139372
1600, 71.12578, 0.0140596
1601, 72.95702, 0.0137067
1602, 72.01187, 0.0138866
1603, 71.40511, 0.0140046
1604, 70.70985, 0.0141423
1605, 31.80338, 0.0314432
1606, 96.8148, 0.010329
1607, 71.29871, 0.0140255
1608, 72.52316, 0.0137887
1609, 72.59317, 0.0137754
1610, 72.01601, 0.0138858
1611, 71.91141, 0.013906
1612, 70.81751, 0.0141208
1613, 72.43437, 0.0138056
1614, 70.23064, 0.0142388
1615, 31.36536, 0.0318823
1616, 104.7867, 0.0095432
1617, 72.15632, 0.0138588
1618, 71.51183, 0.0139837
1619, 71.58094, 0.0139702
1620, 72.40972, 0.0138103
1621, 71.55482, 0.0139753
1622, 71.56301, 0.0139737
1623, 71.75609, 0.0139361
1624, 70.4985, 0.0141847
1625, 31.02632, 0.0322307
1626, 107.9774, 0.0092612
1627, 71.63631, 0.0139594
1628, 70.93859, 0.0140967
1629, 72.54788, 0.013784
1630, 72.16726, 0.0138567
1631, 72.04455, 0.0138803
1632, 71.8556, 0.0139168
1633, 71.20782, 0.0140434
1634, 70.24642, 0.0142356
1635, 32.29953, 0.0309602
1636, 95.50459, 0.0104707
1637, 72.08142, 0.0138732
1638, 71.27583, 0.01403
1639, 70.87222, 0.0141099
1640, 72.85815, 0.0137253
1641, 71.21899, 0.0140412
1642, 72.17142, 0.0138559
1643, 72.00409, 0.0138881
1644, 69.08128, 0.0144757
1645, 30.42455, 0.0328682
1646, 98.84842, 0.0101165
1647, 83.65611, 0.0119537
1648, 71.66917, 0.013953
1649, 71.29108, 0.014027
1650, 71.48831, 0.0139883
1651, 72.26373, 0.0138382
1652, 72.18497, 0.0138533
1653, 71.33634, 0.0140181
1654, 70.98592, 0.0140873
1655, 30.90216, 0.0323602
1656, 108.9159, 0.0091814
1657, 71.46737, 0.0139924
1658, 72.08662, 0.0138722
1659, 72.04092, 0.013881
1660, 71.81792, 0.0139241
1661, 71.1688, 0.0140511
1662, 71.73293, 0.0139406
1663, 72.49739, 0.0137936
1664, 70.43196, 0.0141981
1665, 31.31949, 0.031929
1666, 105.2554, 0.0095007
1667, 70.85164, 0.014114
1668, 72.98098, 0.0137022
1669, 71.39288, 0.014007
1670, 72.43333, 0.0138058
1671, 71.55328, 0.0139756
1672, 71.64606, 0.0139575
1673, 72.34738, 0.0138222
1674, 71.15969, 0.0140529
1675, 31.47059, 0.0317757
1676, 101.5858, 0.0098439
1677, 71.13641, 0.0140575
1678, 72.38509, 0.013815
1679, 71.83495, 0.0139208
1680, 72.07623, 0.0138742
1681, 71.87678, 0.0139127
1682, 71.68613, 0.0139497
1683, 70.14197, 0.0142568
1684, 71.52001, 0.0139821
1685, 31.48238, 0.0317638
1686, 104.8427, 0.0095381
1687, 71.3623, 0.014013
1688, 71.41837, 0.014002
1689, 72.28306, 0.0138345
1690, 72.25851, 0.0138392
1691, 71.13539, 0.0140577
1692, 71.78339, 0.0139308
1693, 71.36638, 0.0140122
1694, 70.70436, 0.0141434
1695, 31.66601, 0.0315796
1696, 103.5132, 0.0096606
1697, 71.01415, 0.0140817
1698, 71.73705, 0.0139398
1699, 71.64761, 0.0139572
1700, 72.76325, 0.0137432
1701, 71.76021, 0.0139353
1702, 71.00458, 0.0140836
1703, 72.79027, 0.0137381
1704, 70.95772, 0.0140929
1705, 29.47661, 0.0339252
1706, 133.8258, 0.0074724
1707, 71.00003, 0.0140845
1708, 71.57223, 0.0139719
1709, 71.05957, 0.0140727
1710, 71.48576, 0.0139888
1711, 73.47701, 0.0136097
1712, 69.28854, 0.0144324
1713, 73.28638, 0.0136451
1714, 69.20033, 0.0144508
1715, 29.27024, 0.0341644
1716, 112.0762, 0.0089225
1717, 83.81738, 0.0119307
1718, 71.47095, 0.0139917
1719, 70.57661, 0.014169
1720, 73.01189, 0.0136964
1721, 69.38903, 0.0144115
1722, 73.31701, 0.0136394
1723, 72.39662, 0.0138128
1724, 72.0648, 0.0138764
1725, 28.55984, 0.0350142
1726, 143.2234, 0.0069821
1727, 73.14915, 0.0136707
1728, 71.48525, 0.0139889
1729, 72.09805, 0.01387
1730, 71.21645, 0.0140417
1731, 73.55212, 0.0135958
1732, 70.56864, 0.0141706
1733, 72.79874, 0.0137365
1734, 70.27555, 0.0142297
1735, 30.68275, 0.0325916
1736, 115.3083, 0.0086724
1737, 70.13606, 0.014258
1738, 72.713, 0.0137527
1739, 72.11521, 0.0138667
1740, 71.75763, 0.0139358
1741, 70.80398, 0.0141235
1742, 72.68234, 0.0137585
1743, 71.38166, 0.0140092
1744, 71.53793, 0.0139786
1745, 28.91661, 0.0345822
1746, 142.0737, 0.0070386
1747, 71.55891, 0.0139745
1748, 71.61836, 0.0139629
1749, 71.91709, 0.0139049
1750, 71.92796, 0.0139028
1751, 71.13893, 0.014057
1752, 72.5058, 0.013792
1753, 71.50877, 0.0139843
1754, 68.58523, 0.0145804
1755, 25.41761, 0.0393428
1756, 42.74691, 0.0233935
1757, 124.4323, 0.0080365
1758, 84.55873, 0.0118261
1759, 72.00305, 0.0138883
1760, 71.12477, 0.0140598
1761, 72.20581, 0.0138493
1762, 71.18857, 0.0140472
1763, 70.40369, 0.0142038
1764, 31.95828, 0.0312908
1765, 98.12195, 0.0101914
1766, 71.45511, 0.0139948
1767, 71.78082, 0.0139313
1768, 71.6666, 0.0139535
1769, 71.94814, 0.0138989
1770, 71.61528, 0.0139635
1771, 71.74425, 0.0139384
1772, 72.21833, 0.0138469
1773, 71.23015, 0.014039
1774, 31.12782, 0.0321256
1775, 104.7943, 0.0095425
1776, 71.47248, 0.0139914
1777, 71.88453, 0.0139112
1778, 71.65582, 0.0139556
1779, 71.20326, 0.0140443
1780, 72.63008, 0.0137684
1781, 72.1558, 0.0138589
1782, 71.61324, 0.0139639
1783, 70.79846, 0.0141246
1784, 31.47019, 0.0317761
1785, 102.7675, 0.0097307
1786, 71.27126, 0.0140309
1787, 70.96074, 0.0140923
1788, 73.27296, 0.0136476
1789, 71.64555, 0.0139576
1790, 71.70824, 0.0139454
1791, 71.83289, 0.0139212
1792, 70.97585, 0.0140893
1793, 72.22146, 0.0138463
1794, 30.33014, 0.0329705
1795, 115.1304, 0.0086858
1796, 71.78545, 0.0139304
1797, 71.33889, 0.0140176
1798, 72.10013, 0.0138696
1799, 71.91037, 0.0139062
1800, 72.20113, 0.0138502
1801, 71.61734, 0.0139631
1802, 71.77721, 0.013932
1803, 69.57635, 0.0143727
1804, 30.33079, 0.0329698
1805, 122.9906, 0.0081307
1806, 70.97031, 0.0140904
1807, 71.82876, 0.013922
1808, 70.14541, 0.0142561
1809, 73.18394, 0.0136642
1810, 71.69127, 0.0139487
1811, 72.83958, 0.0137288
1812, 71.79163, 0.0139292
1813, 69.22188, 0.0144463
1814, 29.25431, 0.034183
1815, 144.0403, 0.0069425
1816, 70.80699, 0.0141229
1817, 72.00824, 0.0138873
1818, 70.73686, 0.0141369
1819, 72.57368, 0.0137791
1820, 72.18861, 0.0138526
1821, 72.17976, 0.0138543
1822, 71.53383, 0.0139794
1823, 68.57817, 0.0145819
1824, 31.03104, 0.0322258
1825, 112.2826, 0.0089061
1826, 72.08974, 0.0138716
1827, 71.87109, 0.0139138
1828, 71.6815, 0.0139506
1829, 71.86283, 0.0139154
1830, 71.71697, 0.0139437
1831, 71.82257, 0.0139232
1832, 70.50396, 0.0141836
1833, 70.20993, 0.014243
1834, 29.88393, 0.0334628
1835, 94.05125, 0.0106325
1836, 91.47122, 0.0109324
1837, 71.99476, 0.0138899
1838, 71.32006, 0.0140213
1839, 71.49956, 0.0139861
1840, 71.86024, 0.0139159
1841, 72.17455, 0.0138553
1842, 72.05545, 0.0138782
1843, 70.81401, 0.0141215
1844, 31.94184, 0.0313069
1845, 97.47919, 0.0102586
1846, 70.60452, 0.0141634
1847, 72.97086, 0.0137041
1848, 71.9528, 0.013898
1849, 71.20377, 0.0140442
1850, 72.29456, 0.0138323
1851, 71.97092, 0.0138945
1852, 71.25908, 0.0140333
1853, 71.08129, 0.0140684
1854, 32.16975, 0.0310851
1855, 96.4097, 0.0103724
1856, 70.87926, 0.0141085
1857, 70.36703, 0.0142112
1858, 72.96873, 0.0137045
1859, 72.71669, 0.013752
1860, 71.57325, 0.0139717
1861, 71.71852, 0.0139434
1862, 71.91451, 0.0139054
1863, 70.43791, 0.0141969
1864, 32.17959, 0.0310756
1865, 96.39669, 0.0103738
1866, 70.95067, 0.0140943
1867, 72.63536, 0.0137674
1868, 70.53181, 0.014178
1869, 72.96075, 0.013706
1870, 72.51158, 0.0137909
1871, 71.28701, 0.0140278
1872, 71.48627, 0.0139887
1873, 71.19921, 0.0140451
1874, 31.8782, 0.0313694
1875, 97.39279, 0.0102677
1876, 72.06324, 0.0138767
1877, 71.7973, 0.0139281
1878, 72.01965, 0.0138851
1879, 69.60395, 0.014367
1880, 74.08669, 0.0134977
1881, 71.75866, 0.0139356
1882, 71.57787, 0.0139708
1883, 71.18654, 0.0140476
1884, 31.84703, 0.0314001
1885, 97.56669, 0.0102494
1886, 71.36027, 0.0140134
1887, 71.53075, 0.01398
1888, 71.56557, 0.0139732
1889, 72.10117, 0.0138694
1890, 69.71994, 0.0143431
1891, 74.38982, 0.0134427
1892, 70.84662, 0.014115
1893, 70.80197, 0.0141239
1894, 28.60919, 0.0349538
1895, 115.1066, 0.0086876
1896, 88.0871, 0.0113524
1897, 71.72006, 0.0139431
1898, 71.41276, 0.0140031
1899, 71.40766, 0.0140041
1900, 72.20008, 0.0138504
1901, 70.29778, 0.0142252
1902, 73.1636, 0.013668
1903, 69.78806, 0.0143291
1904, 32.46511, 0.0308023
1905, 95.56026, 0.0104646
1906, 71.52615, 0.0139809
1907, 71.75248, 0.0139368
1908, 72.14799, 0.0138604
1909, 71.81019, 0.0139256
1910, 71.26923, 0.0140313
1911, 72.65224, 0.0137642
1912, 69.08367, 0.0144752
1913, 74.25449, 0.0134672
1914, 31.85921, 0.0313881
1915, 98.00751, 0.0102033
1916, 71.41633, 0.0140024
1917, 71.55276, 0.0139757
1918, 71.29871, 0.0140255
1919, 72.43909, 0.0138047
1920, 72.09181, 0.0138712
1921, 71.18552, 0.0140478
1922, 72.20477, 0.0138495
1923, 69.43143, 0.0144027
1924, 32.28296, 0.0309761
1925, 97.81577, 0.0102233
1926, 71.56915, 0.0139725
1927, 71.63477, 0.0139597
1928, 70.64991, 0.0141543
1929, 70.96074, 0.0140923
1930, 72.9134, 0.0137149
1931, 71.90417, 0.0139074
1932, 72.82155, 0.0137322
1933, 70.00595, 0.0142845
1934, 29.92292, 0.0334192
1935, 120.719, 0.0082837
1936, 73.35519, 0.0136323
1937, 70.43642, 0.0141972
1938, 73.17645, 0.0136656
1939, 72.22616, 0.0138454
1940, 71.50877, 0.0139843
1941, 71.54713, 0.0139768
1942, 71.82773, 0.0139222
1943, 69.18979, 0.014453
1944, 30.27422, 0.0330314
1945, 123.7532, 0.0080806
1946, 71.34143, 0.0140171
1947, 72.26217, 0.0138385
1948, 72.10273, 0.0138691
1949, 71.67585, 0.0139517
1950, 71.87729, 0.0139126
1951, 71.38116, 0.0140093
1952, 71.61477, 0.0139636
1953, 70.73737, 0.0141368
1954, 31.38387, 0.0318635
1955, 101.3757, 0.0098643
1956, 71.38574, 0.0140084
1957, 73.62144, 0.013583
1958, 71.61324, 0.0139639
1959, 71.57632, 0.0139711
1960, 71.88453, 0.0139112
1961, 71.84425, 0.013919
1962, 71.55686, 0.0139749
1963, 71.21696, 0.0140416
1964, 31.79448, 0.031452
1965, 97.40703, 0.0102662
1966, 71.13287, 0.0140582
1967, 73.29014, 0.0136444
1968, 71.97144, 0.0138944
1969, 72.29089, 0.013833
1970, 70.73737, 0.0141368
1971, 73.01402, 0.013696
1972, 71.16323, 0.0140522
1973, 70.97131, 0.0140902
1974, 31.58061, 0.031665
1975, 99.96301, 0.0100037
1976, 72.86081, 0.0137248
1977, 70.91142, 0.0141021
1978, 72.05856, 0.0138776
1979, 72.49686, 0.0137937
1980, 71.72263, 0.0139426
1981, 71.96626, 0.0138954
1982, 71.88142, 0.0139118
1983, 70.82203, 0.0141199
1984, 71.31955, 0.0140214
1985, 72.88046, 0.0137211
1986, 71.51643, 0.0139828
1987, 72.34425, 0.0138228
1988, 72.34529, 0.0138226
1989, 70.65141, 0.014154
1990, 71.59016, 0.0139684
1991, 72.97299, 0.0137037
1992, 71.86231, 0.0139155
1993, 71.79369, 0.0139288
1994, 70.73337, 0.0141376
1995, 72.8778, 0.0137216
1996, 70.60851, 0.0141626
1997, 72.29195, 0.0138328
1998, 71.71646, 0.0139438
1999, 71.7, 0.013947
2000, 71.36384, 0.0140127
2001, 71.70824, 0.0139454
2002, 70.7679, 0.0141307
2003, 73.51049, 0.0136035
2004, 71.82928, 0.0139219
2005, 68.12082, 0.0146798
2006, 29.40969, 0.0340024
2007, 112.3659, 0.0088995
2008, 84.43664, 0.0118432
2009, 72.23138, 0.0138444
2010, 71.56762, 0.0139728
2011, 71.57427, 0.0139715
2012, 58.11689, 0.0172067
2013, 60.51657, 0.0165244
2014, 125.8083, 0.0079486
2015, 70.64043, 0.0141562
2016, 30.00624, 0.0333264
2017, 123.4126, 0.0081029
2018, 70.48209, 0.014188
2019, 72.41392, 0.0138095
2020, 72.04144, 0.0138809
2021, 71.23928, 0.0140372
2022, 71.92485, 0.0139034
2023, 71.66969, 0.0139529
2024, 71.40307, 0.014005
2025, 71.43929, 0.0139979
2026, 30.81873, 0.0324478
2027, 111.5474, 0.0089648
2028, 71.08836, 0.014067
2029, 71.36536, 0.0140124
2030, 71.99424, 0.01389
2031, 72.10221, 0.0138692
2032, 71.51643, 0.0139828
2033, 72.01706, 0.0138856
2034, 71.42857, 0.014
2035, 69.4348, 0.014402
2036, 31.83416, 0.0314128
2037, 103.6355, 0.0096492
2038, 70.30322, 0.0142241
2039, 72.73309, 0.0137489
2040, 71.71286, 0.0139445
2041, 71.71543, 0.013944
2042, 71.67945, 0.013951
2043, 71.97973, 0.0138928
2044, 71.98284, 0.0138922
2045, 70.72936, 0.0141384
2046, 30.59648, 0.0326835
2047, 112.7218, 0.0088714
2048, 71.7463, 0.013938
2049, 71.79936, 0.0139277
2050, 71.65274, 0.0139562
2051, 71.96574, 0.0138955
2052, 71.34143, 0.0140171
2053, 71.30481, 0.0140243
2054, 73.46891, 0.0136112
2055, 70.68436, 0.0141474
2056, 31.42233, 0.0318245
2057, 103.4779, 0.0096639
2058, 70.61648, 0.014161
2059, 72.22407, 0.0138458
2060, 71.61067, 0.0139644
2061, 71.44592, 0.0139966
2062, 72.44697, 0.0138032
2063, 72.13966, 0.013862
2064, 70.59704, 0.0141649
2065, 70.37447, 0.0142097
2066, 28.62303, 0.0349369
2067, 121.6945, 0.0082173
2068, 82.65693, 0.0120982
2069, 70.88328, 0.0141077
2070, 72.6132, 0.0137716
2071, 71.9818, 0.0138924
2072, 71.92641, 0.0139031
2073, 71.83959, 0.0139199
2074, 70.39973, 0.0142046
2075, 72.3207, 0.0138273
2076, 31.96716, 0.0312821
2077, 96.84104, 0.0103262
2078, 71.84631, 0.0139186
2079, 70.31409, 0.0142219
2080, 73.3918, 0.0136255
2081, 72.16361, 0.0138574
2082, 71.52974, 0.0139802
2083, 71.43571, 0.0139986
2084, 71.85715, 0.0139165
2085, 70.71185, 0.0141419
2086, 31.04057, 0.0322159
2087, 107.9552, 0.0092631
2088, 70.41262, 0.014202
2089, 72.61268, 0.0137717
2090, 71.49189, 0.0139876
2091, 72.39452, 0.0138132
2092, 72.27679, 0.0138357
2093, 71.80503, 0.0139266
2094, 71.56403, 0.0139735
2095, 71.05856, 0.0140729
2096, 31.45673, 0.0317897
2097, 100.1111, 0.0099889
2098, 73.1069, 0.0136786
2099, 71.82102, 0.0139235
2100, 71.24181, 0.0140367
2101, 71.70412, 0.0139462
2102, 72.13029, 0.0138638
2103, 72.43909, 0.0138047
2104, 72.01447, 0.0138861
2105, 70.45429, 0.0141936
2106, 31.59109, 0.0316545
2107, 101.2054, 0.0098809
2108, 71.13691, 0.0140574
2109, 71.93313, 0.0139018
2110, 72.23555, 0.0138436
2111, 72.05856, 0.0138776
2112, 70.31063, 0.0142226
2113, 72.75743, 0.0137443
2114, 72.40448, 0.0138113
2115, 71.08685, 0.0140673
2116, 31.86022, 0.0313871
2117, 94.31293, 0.010603
2118, 73.65452, 0.0135769
2119, 72.76802, 0.0137423
2120, 71.1106, 0.0140626
2121, 72.16413, 0.0138573
2122, 71.51234, 0.0139836
2123, 70.47117, 0.0141902
2124, 73.31969, 0.0136389
2125, 71.02424, 0.0140797
2126, 29.5837, 0.0338024
2127, 127.5445, 0.0078404
2128, 70.9069, 0.014103
2129, 72.74791, 0.0137461
2130, 72.13602, 0.0138627
2131, 71.30277, 0.0140247
2132, 71.66506, 0.0139538
2133, 71.52309, 0.0139815
2134, 70.83457, 0.0141174
2135, 72.80034, 0.0137362
2136, 31.21352, 0.0320374
2137, 105.668, 0.0094636
2138, 69.78611, 0.0143295
2139, 72.31129, 0.0138291
2140, 73.2794, 0.0136464
2141, 71.69538, 0.0139479
2142, 71.55379, 0.0139755
2143, 71.3781, 0.0140099
2144, 70.79195, 0.0141259
2145, 71.5415, 0.0139779
2146, 29.61112, 0.0337711
2147, 130.2966, 0.0076748
2148, 71.48321, 0.0139893
2149, 72.46535, 0.0137997
2150, 70.31459, 0.0142218
2151, 72.3589, 0.01382
2152, 72.43385, 0.0138057
2153, 71.70618, 0.0139458
2154, 72.32384, 0.0138267
2155, 70.05598, 0.0142743
2156, 29.50557, 0.0338919
2157, 135.4115, 0.0073849
2158, 71.47912, 0.0139901
2159, 71.91864, 0.0139046
2160, 71.34347, 0.0140167
2161, 71.82928, 0.0139219
2162, 71.02273, 0.01408
2163, 72.58158, 0.0137776
2164, 72.02172, 0.0138847
2165, 70.05303, 0.0142749
2166, 32.05005, 0.0312012
2167, 97.95662, 0.0102086
2168, 71.804, 0.0139268
2169, 71.52103, 0.0139819
2170, 71.4827, 0.0139894
2171, 72.27888, 0.0138353
2172, 71.5794, 0.0139705
2173, 71.48014, 0.0139899
2174, 72.48215, 0.0137965
2175, 70.79395, 0.0141255
2176, 72.86505, 0.013724
2177, 69.54296, 0.0143796
2178, 72.48951, 0.0137951
2179, 72.22563, 0.0138455
2180, 72.16726, 0.0138567
2181, 71.58913, 0.0139686
2182, 71.67277, 0.0139523
2183, 72.17976, 0.0138543
2184, 71.5584, 0.0139746
2185, 70.68387, 0.0141475
2186, 71.02777, 0.014079
2187, 29.55074, 0.0338401
2188, 110.6501, 0.0090375
2189, 80.80873, 0.0123749
2190, 72.19904, 0.0138506
2191, 72.21572, 0.0138474
2192, 71.43929, 0.0139979
2193, 72.24129, 0.0138425
2194, 71.0076, 0.014083
2195, 73.03428, 0.0136922
2196, 70.54873, 0.0141746
2197, 32.06074, 0.0311908
2198, 96.19176, 0.0103959
2199, 71.26212, 0.0140327
2200, 72.2486, 0.0138411
2201, 71.9021, 0.0139078
2202, 70.95067, 0.0140943
2203, 72.37408, 0.0138171
2204, 72.25381, 0.0138401
2205, 71.59273, 0.0139679
2206, 71.02777, 0.014079
2207, 32.00297, 0.0312471
2208, 97.33686, 0.0102736
2209, 71.14855, 0.0140551
2210, 71.41327, 0.014003
2211, 72.57316, 0.0137792
2212, 71.0197, 0.0140806
2213, 72.70876, 0.0137535
2214, 70.3923, 0.0142061
2215, 73.69957, 0.0135686
2216, 70.87273, 0.0141098
2217, 31.79216, 0.0314543
2218, 98.04498, 0.0101994
2219, 71.74579, 0.0139381
2220, 71.45613, 0.0139946
2221, 72.60583, 0.013773
2222, 71.51643, 0.0139828
2223, 71.62503, 0.0139616
2224, 72.25538, 0.0138398
2225, 72.23607, 0.0138435
2226, 70.18874, 0.0142473
2227, 31.52297, 0.0317229
2228, 101.6343, 0.0098392
2229, 70.30223, 0.0142243
2230, 73.69088, 0.0135702
2231, 71.30582, 0.0140241
2232, 72.52105, 0.0137891
2233, 71.74734, 0.0139378
2234, 69.59814, 0.0143682
2235, 73.96832, 0.0135193
2236, 71.45562, 0.0139947
2237, 31.51224, 0.0317337
2238, 99.87216, 0.0100128
2239, 69.85582, 0.0143152
2240, 74.20324, 0.0134765
2241, 71.94607, 0.0138993
2242, 71.30836, 0.0140236
2243, 72.19018, 0.0138523
2244, 71.34245, 0.0140169
2245, 71.28143, 0.0140289
2246, 71.80091, 0.0139274
2247, 30.71093, 0.0325617
2248, 112.4278, 0.0088946
2249, 71.15766, 0.0140533
2250, 71.37402, 0.0140107
2251, 71.97403, 0.0138939
2252, 72.05441, 0.0138784
2253, 71.1187, 0.014061
2254, 71.47401, 0.0139911
2255, 72.17611, 0.013855
2256, 69.35583, 0.0144184
2257, 29.42821, 0.033981
2258, 112.9446, 0.0088539
2259, 82.06475, 0.0121855
2260, 71.55379, 0.0139755
2261, 70.12721, 0.0142598
2262, 73.9306, 0.0135262
2263, 71.41429, 0.0140028
2264, 71.96004, 0.0138966
2265, 72.14278, 0.0138614
2266, 71.08735, 0.0140672
2267, 31.62145, 0.0316241
2268, 100.2788, 0.0099722
2269, 71.49598, 0.0139868
2270, 72.08402, 0.0138727
2271, 71.82721, 0.0139223
2272, 71.06866, 0.0140709
2273, 72.01965, 0.0138851
2274, 72.53946, 0.0137856
2275, 67.69427, 0.0147723
2276, 35.75975, 0.0279644
2277, 31.47049, 0.0317758
2278, 114.0615, 0.0087672
2279, 70.69436, 0.0141454
2280, 71.77824, 0.0139318
2281, 71.60452, 0.0139656
2282, 70.31212, 0.0142223
2283, 59.40888, 0.0168325
2284, 57.92837, 0.0172627
2285, 130.2932, 0.007675
2286, 72.21625, 0.0138473
2287, 30.8621, 0.0324022
2288, 110.7187, 0.0090319
2289, 71.48678, 0.0139886
2290, 71.41786, 0.0140021
2291, 71.67072, 0.0139527
2292, 71.87936, 0.0139122
2293, 71.75454, 0.0139364
2294, 71.03837, 0.0140769
2295, 73.06416, 0.0136866
2296, 70.32645, 0.0142194
2297, 31.70396, 0.0315418
2298, 99.86518, 0.0100135
2299, 71.54048, 0.0139781
2300, 72.29665, 0.0138319
2301, 71.87264, 0.0139135
2302, 71.60861, 0.0139648
2303, 71.23421, 0.0140382
2304, 72.27679, 0.0138357
2305, 72.45117, 0.0138024
2306, 70.93356, 0.0140977
2307, 31.06372, 0.0321919
2308, 106.3807, 0.0094002
2309, 70.41064, 0.0142024
2310, 71.97092, 0.0138945
2311, 71.95901, 0.0138968
2312, 72.80617, 0.0137351
2313, 70.7669, 0.0141309
2314, 72.09077, 0.0138714
2315, 72.24755, 0.0138413
2316, 71.5584, 0.0139746
2317, 30.11177, 0.0332096
2318, 120.2718, 0.0083145
2319, 71.12628, 0.0140595
2320, 70.42998, 0.0141985
2321, 73.49374, 0.0136066
2322, 71.8716, 0.0139137
2323, 71.81792, 0.0139241
2324, 71.21746, 0.0140415
2325, 71.65993, 0.0139548
2326, 71.50058, 0.0139859
2327, 31.09308, 0.0321615
2328, 105.9737, 0.0094363
2329, 71.07927, 0.0140688
2330, 72.28881, 0.0138334
2331, 72.11365, 0.013867
2332, 71.80091, 0.0139274
2333, 72.1558, 0.0138589
2334, 71.3781, 0.0140099
2335, 71.63375, 0.0139599
2336, 70.61698, 0.0141609
2337, 32.00164, 0.0312484
2338, 96.05225, 0.010411
2339, 72.33482, 0.0138246
2340, 72.07883, 0.0138737
2341, 71.79214, 0.0139291
2342, 71.65172, 0.0139564
2343, 71.48065, 0.0139898
2344, 72.25329, 0.0138402
2345, 72.26008, 0.0138389
2346, 71.01062, 0.0140824
2347, 31.50033, 0.0317457
2348, 97.6429, 0.0102414
2349, 74.14162, 0.0134877
2350, 71.20935, 0.0140431
2351, 72.04559, 0.0138801
2352, 71.67482, 0.0139519
2353, 71.73962, 0.0139393
2354, 71.99839, 0.0138892
2355, 71.17134, 0.0140506
2356, 70.35812, 0.014213
2357, 30.48623, 0.0328017
2358, 115.1, 0.0086881
2359, 72.03521, 0.0138821
2360, 71.85818, 0.0139163
2361, 72.33796, 0.013824
2362, 71.38166, 0.0140092
2363, 72.56473, 0.0137808
2364, 70.95218, 0.014094
2365, 72.4622, 0.0138003
2366, 70.79295, 0.0141257
2367, 29.72334, 0.0336436
2368, 126.9906, 0.0078746
2369, 71.91554, 0.0139052
2370, 71.73087, 0.013941
2371, 71.98595, 0.0138916
2372, 71.6435, 0.013958
2373, 72.38666, 0.0138147
2374, 71.7736, 0.0139327
2375, 72.10793, 0.0138681
2376, 69.65778, 0.0143559
2377, 30.25435, 0.0330531
2378, 121.8086, 0.0082096
2379, 71.06512, 0.0140716
2380, 71.61836, 0.0139629
2381, 70.67738, 0.0141488
2382, 73.55483, 0.0135953
2383, 71.65479, 0.0139558
2384, 71.85818, 0.0139163
2385, 71.07825, 0.014069
2386, 70.98341, 0.0140878
2387, 73.46621, 0.0136117
2388, 71.74888, 0.0139375
2389, 71.6394, 0.0139588
2390, 72.04767, 0.0138797
2391, 71.70772, 0.0139455
2392, 71.99372, 0.0138901
2393, 70.58607, 0.0141671
2394, 72.9927, 0.0137
2395, 72.30867, 0.0138296
2396, 70.25531, 0.0142338
2397, 72.82791, 0.013731
2398, 72.52105, 0.0137891
2399, 71.0722, 0.0140702
2400, 71.9559, 0.0138974
2401, 72.24651, 0.0138415
2402, 71.56813, 0.0139727
2403, 71.73241, 0.0139407
2404, 70.74087, 0.0141361
2405, 68.35316, 0.0146299
2406, 77.22961, 0.0129484
2407, 72.48058, 0.0137968
2408, 70.48806, 0.0141868
2409, 73.02628, 0.0136937
2410, 71.68202, 0.0139505
2411, 70.52385, 0.0141796
2412, 73.13791, 0.0136728
2413, 71.71697, 0.0139437
2414, 71.95125, 0.0138983
2415, 71.06159, 0.0140723
2416, 71.76793, 0.0139338
2417, 70.94714, 0.014095
2418, 73.6377, 0.01358
2419, 69.84069, 0.0143183
2420, 73.71043, 0.0135666
2421, 71.4781, 0.0139903
2422, 71.92692, 0.013903
2423, 71.43469, 0.0139988
2424, 72.53893, 0.0137857
2425, 70.92903, 0.0140986
2426, 72.64644, 0.0137653
2427, 71.95798, 0.013897
2428, 71.70567, 0.0139459
2429, 70.64542, 0.0141552
2430, 72.42546, 0.0138073
2431, 72.56315, 0.0137811
2432, 71.64094, 0.0139585
2433, 71.78493, 0.0139305
2434, 71.69795, 0.0139474
2435, 71.02122, 0.0140803
2436, 72.65805, 0.0137631
2437, 72.08298, 0.0138729
2438, 70.78544, 0.0141272
2439, 73.04442, 0.0136903
2440, 71.86283, 0.0139154
2441, 70.43394, 0.0141977
2442, 73.22145, 0.0136572
2443, 71.75609, 0.0139361
2444, 71.64915, 0.0139569
2445, 71.72932, 0.0139413
2446, 71.30786, 0.0140237
2447, 72.24233, 0.0138423
2448, 71.39033, 0.0140075
2449, 72.67336, 0.0137602
2450, 71.01365, 0.0140818
2451, 73.12881, 0.0136745
2452, 70.90841, 0.0141027
2453, 72.25851, 0.0138392
2454, 71.67329, 0.0139522
2455, 71.93054, 0.0139023
2456, 71.91606, 0.0139051
2457, 71.57632, 0.0139711
2458, 71.20681, 0.0140436
2459, 72.41077, 0.0138101
2460, 72.35523, 0.0138207
2461, 71.91451, 0.0139054
2462, 71.49496, 0.013987
2463, 71.14501, 0.0140558
2464, 72.40815, 0.0138106
2465, 71.56762, 0.0139728
2466, 71.91141, 0.013906
2467, 72.15267, 0.0138595
2468, 71.30074, 0.0140251
2469, 71.79524, 0.0139285
2470, 72.37775, 0.0138164
2471, 71.72417, 0.0139423
2472, 71.5835, 0.0139697
2473, 71.4398, 0.0139978
2474, 72.03728, 0.0138817
2475, 72.22459, 0.0138457
2476, 72.1199, 0.0138658
2477, 71.30379, 0.0140245
2478, 72.01447, 0.0138861
2479, 71.28905, 0.0140274
2480, 72.55157, 0.0137833
2481, 71.50672, 0.0139847
2482, 71.84734, 0.0139184
2483, 71.70927, 0.0139452
2484, 72.04455, 0.0138803
2485, 70.67537, 0.0141492
2486, 73.30196, 0.0136422
2487, 71.59273, 0.0139679
2488, 71.42194, 0.0140013
2489, 72.30553, 0.0138302
2490, 71.8649, 0.013915
2491, 71.7391, 0.0139394
2492, 71.38982, 0.0140076
2493, 71.74013, 0.0139392
2494, 72.02795, 0.0138835
2495, 71.97973, 0.0138928
2496, 70.59554, 0.0141652
2497, 72.42651, 0.0138071
2498, 72.08765, 0.013872
2499, 72.65752, 0.0137632
2500, 71.33176, 0.014019
2501, 71.98335, 0.0138921
2502, 71.55533, 0.0139752
2503, 71.99424, 0.01389
2504, 71.54919, 0.0139764
2505, 71.89072, 0.01391
2506, 72.06947, 0.0138755
2507, 70.73136, 0.014138
2508, 71.80297, 0.013927
2509, 72.73627, 0.0137483
2510, 72.14695, 0.0138606
2511, 71.80246, 0.0139271
2512, 71.98802, 0.0138912
2513, 71.42092, 0.0140015
2514, 71.61221, 0.0139641
2515, 71.6702, 0.0139528
2516, 72.44487, 0.0138036
2517, 71.83083, 0.0139216
2518, 69.97655, 0.0142905
2519, 73.42198, 0.0136199
2520, 71.70515, 0.013946
2521, 72.1709, 0.013856
2522, 72.05961, 0.0138774
2523, 71.67175, 0.0139525
2524, 72.07935, 0.0138736
2525, 71.44184, 0.0139974
2526, 71.07725, 0.0140692
2527, 72.67178, 0.0137605
2528, 70.16116, 0.0142529
2529, 72.98737, 0.013701
2530, 72.10689, 0.0138683
2531, 72.24807, 0.0138412
2532, 71.16678, 0.0140515
2533, 72.31651, 0.0138281
2534, 71.65172, 0.0139564
2535, 72.16465, 0.0138572
2536, 71.93831, 0.0139008
2537, 70.94865, 0.0140947
2538, 72.18288, 0.0138537
2539, 70.84561, 0.0141152
2540, 72.93626, 0.0137106
2541, 71.84373, 0.0139191
2542, 72.15372, 0.0138593
2543, 71.6887, 0.0139492
2544, 71.18603, 0.0140477
2545, 71.4781, 0.0139903
2546, 73.04602, 0.01369
2547, 71.75969, 0.0139354
2548, 71.69487, 0.013948
2549, 71.96108, 0.0138964
2550, 70.60501, 0.0141633
2551, 72.76749, 0.0137424
2552, 72.47585, 0.0137977
2553, 71.64555, 0.0139576
2554, 71.61272, 0.013964
2555, 71.7494, 0.0139374
2556, 71.25603, 0.0140339
2557, 72.92085, 0.0137135
2558, 71.77205, 0.013933
2559, 71.4924, 0.0139875
2560, 71.99632, 0.0138896
2561, 70.99097, 0.0140863
2562, 71.18501, 0.0140479
2563, 72.93201, 0.0137114
2564, 72.01394, 0.0138862
2565, 71.40868, 0.0140039
2566, 72.64486, 0.0137656
2567, 71.6081, 0.0139649
2568, 71.39899, 0.0140058
2569, 72.31599, 0.0138282
2570, 71.94762, 0.013899
2571, 70.67987, 0.0141483
2572, 72.35995, 0.0138198
2573, 71.78133, 0.0139312
2574, 71.91399, 0.0139055
2575, 72.51106, 0.013791
2576, 71.6512, 0.0139565
2577, 72.12354, 0.0138651
2578, 71.78905, 0.0139297
2579, 71.75815, 0.0139357
2580, 71.34856, 0.0140157
2581, 72.14747, 0.0138605
2582, 71.38879, 0.0140078
2583, 72.35523, 0.0138207
2584, 71.29159, 0.0140269
2585, 71.6625, 0.0139543
2586, 71.01163, 0.0140822
2587, 72.81731, 0.013733
2588, 72.3568, 0.0138204
2589, 71.46022, 0.0139938
2590, 71.53997, 0.0139782
2591, 71.49036, 0.0139879
2592, 72.54104, 0.0137853
2593, 70.5164, 0.0141811
2594, 73.43923, 0.0136167
2595, 70.49751, 0.0141849
2596, 73.47377, 0.0136103
2597, 71.71852, 0.0139434
2598, 71.20631, 0.0140437
2599, 71.53075, 0.01398
2600, 71.86438, 0.0139151
2601, 72.84117, 0.0137285
2602, 71.99372, 0.0138901
2603, 72.12354, 0.0138651
2604, 69.11996, 0.0144676
2605, 74.53675, 0.0134162
2606, 70.73087, 0.0141381
2607, 73.21073, 0.0136592
2608, 71.80142, 0.0139273
2609, 71.54765, 0.0139767
2610, 70.63993, 0.0141563
2611, 72.89533, 0.0137183
2612, 71.9958, 0.0138897
2613, 71.05502, 0.0140736
2614, 72.27104, 0.0138368
2615, 72.32697, 0.0138261
2616, 71.00407, 0.0140837
2617, 70.66988, 0.0141503
2618, 72.66966, 0.0137609
2619, 72.34529, 0.0138226
2620, 72.67812, 0.0137593
2621, 71.42653, 0.0140004
2622, 71.38727, 0.0140081
2623, 72.41235, 0.0138098
2624, 70.77842, 0.0141286
2625, 72.30397, 0.0138305
2626, 72.36623, 0.0138186
2627, 71.8525, 0.0139174
2628, 71.0919, 0.0140663
2629, 72.06895, 0.0138756
2630, 71.7669, 0.013934
2631, 72.17506, 0.0138552
2632, 59.02491, 0.016942
2633, 63.71415, 0.0156951
2634, 107.6403, 0.0092902
2635, 72.34947, 0.0138218
2636, 71.7566, 0.013936
2637, 71.8716, 0.0139137
2638, 71.86334, 0.0139153
2639, 71.24994, 0.0140351
2640, 72.15476, 0.0138591
2641, 71.67842, 0.0139512
2642, 72.59739, 0.0137746
2643, 71.48321, 0.0139893
2644, 70.43295, 0.0141979
2645, 72.97406, 0.0137035
2646, 72.41077, 0.0138101
2647, 71.86903, 0.0139142
2648, 71.93158, 0.0139021
2649, 71.41633, 0.0140024
2650, 71.31599, 0.0140221
2651, 72.13758, 0.0138624
2652, 72.27627, 0.0138358
2653, 71.62965, 0.0139607
2654, 70.88579, 0.0141072
2655, 73.1909, 0.0136629
2656, 71.50672, 0.0139847
2657, 71.67072, 0.0139527
2658, 72.04299, 0.0138806
2659, 71.89124, 0.0139099
2660, 71.32057, 0.0140212
2661, 71.55123, 0.013976
2662, 72.24911, 0.013841
2663, 72.12717, 0.0138644
2664, 72.01653, 0.0138857
2665, 71.101, 0.0140645
2666, 72.6702, 0.0137608
2667, 71.71029, 0.013945
2668, 71.3939, 0.0140068
2669, 71.81999, 0.0139237
2670, 72.29089, 0.013833
2671, 71.50365, 0.0139853
2672, 70.51291, 0.0141818
2673, 73.22466, 0.0136566
2674, 71.62862, 0.0139609
2675, 72.00357, 0.0138882
2676, 71.65069, 0.0139566
2677, 71.60195, 0.0139661
2678, 72.42388, 0.0138076
2679, 71.77772, 0.0139319
2680, 71.62656, 0.0139613
2681, 71.96989, 0.0138947
2682, 71.20782, 0.0140434
2683, 71.10858, 0.014063
2684, 72.46745, 0.0137993
2685, 73.06096, 0.0136872
2686, 71.3282, 0.0140197
2687, 72.32803, 0.0138259
2688, 71.3343, 0.0140185
2689, 71.09847, 0.014065
2690, 72.16882, 0.0138564
2691, 71.57581, 0.0139712
2692, 72.55051, 0.0137835
2693, 70.2637, 0.0142321
2694, 72.60741, 0.0137727
2695, 71.44337, 0.0139971
2696, 72.62428, 0.0137695
2697, 72.41654, 0.013809
2698, 71.8236, 0.013923
2699, 71.09139, 0.0140664
2700, 72.32174, 0.0138271
2701, 69.02789, 0.0144869
2702, 74.16527, 0.0134834
2703, 72.22563, 0.0138455
2704, 72.45012, 0.0138026
2705, 70.7654, 0.0141312
2706, 72.63113, 0.0137682
2707, 70.70186, 0.0141439
2708, 73.00602, 0.0136975
2709, 71.77514, 0.0139324
2710, 72.14747, 0.0138605
2711, 71.19566, 0.0140458
2712, 71.90365, 0.0139075
2713, 71.57632, 0.0139711
2714, 72.56999, 0.0137798
2715, 71.1015, 0.0140644
2716, 71.73344, 0.0139405
2717, 72.70665, 0.0137539
2718, 71.69795, 0.0139474
2719, 69.94915, 0.0142961
2720, 73.02789, 0.0136934
2721, 72.57895, 0.0137781
2722, 71.26669, 0.0140318
2723, 72.06065, 0.0138772
2724, 71.96471, 0.0138957
2725, 71.01315, 0.0140819
2726, 72.85497, 0.0137259
2727, 71.42398, 0.0140009
2728, 72.30344, 0.0138306
2729, 71.37606, 0.0140103
2730, 71.24943, 0.0140352
2731, 71.42041, 0.0140016
2732, 72.89852, 0.0137177
2733, 72.26687, 0.0138376
2734, 71.04543, 0.0140755
2735, 35.87676, 0.0278732
2736, 71.0308, 0.0140784
2737, 70.63893, 0.0141565
2738, 65.13131, 0.0153536
2739, 73.10476, 0.013679
2740, 81.89941, 0.0122101
2741, 71.91761, 0.0139048
2742, 70.70736, 0.0141428
2743, 72.86187, 0.0137246
2744, 72.02847, 0.0138834
2745, 72.09129, 0.0138713
2746, 71.39695, 0.0140062
2747, 71.94711, 0.0138991
2748, 69.14338, 0.0144627
2749, 75.10835, 0.0133141
2750, 71.38065, 0.0140094
2751, 71.86696, 0.0139146
2752, 71.11617, 0.0140615
2753, 72.33169, 0.0138252
2754, 70.79044, 0.0141262
2755, 72.86028, 0.0137249
2756, 71.92589, 0.0139032
2757, 71.55431, 0.0139754
2758, 71.62144, 0.0139623
2759, 71.71132, 0.0139448
2760, 72.07986, 0.0138735
2761, 72.15215, 0.0138596
2762, 71.56198, 0.0139739
2763, 72.37095, 0.0138177
2764, 71.55533, 0.0139752
2765, 72.05234, 0.0138788
2766, 70.01428, 0.0142828
2767, 73.55429, 0.0135954
2768, 71.69538, 0.0139479
2769, 71.5917, 0.0139681
2770, 70.60402, 0.0141635
2771, 72.41077, 0.0138101
2772, 72.6628, 0.0137622
2773, 72.27679, 0.0138357
2774, 71.49854, 0.0139863
2775, 71.69384, 0.0139482
2776, 72.05182, 0.0138789
2777, 71.71338, 0.0139444
2778, 69.92763, 0.0143005
2779, 74.06804, 0.0135011
2780, 71.868, 0.0139144
2781, 70.62097, 0.0141601
2782, 71.76948, 0.0139335
2783, 73.05189, 0.0136889
2784, 71.67893, 0.0139511
2785, 72.437, 0.0138051
2786, 71.28295, 0.0140286
2787, 71.75609, 0.0139361
2788, 71.49802, 0.0139864
2789, 71.64452, 0.0139578
2790, 70.87725, 0.0141089
2791, 73.13631, 0.0136731
2792, 26.93124, 0.0371316
2793, 53.30576, 0.0187597
2794, 72.92882, 0.013712
2795, 71.67842, 0.0139512
2796, 71.59837, 0.0139668
2797, 71.32515, 0.0140203
2798, 22.68376, 0.0440844
