Frame, FPS, Frame Time
1, 50, 0.02
2, 50, 0.02
3, 3, 0.3333333
4, 6.038432, 0.1656059
5, 46.86519, 0.0213378
6, 95.8194, 0.0104363
7, 70.77742, 0.0141288
8, 73.38965, 0.0136259
9, 71.56506, 0.0139733
10, 73.00389, 0.0136979
11, 69.4401, 0.0144009
12, 73.23486, 0.0136547
13, 72.23607, 0.0138435
14, 72.47164, 0.0137985
15, 71.56711, 0.0139729
16, 71.67842, 0.0139512
17, 72.06947, 0.0138755
18, 72.56894, 0.01378
19, 70.93054, 0.0140983
20, 72.3364, 0.0138243
21, 70.97182, 0.0140901
22, 71.67482, 0.0139519
23, 72.77861, 0.0137403
24, 72.00047, 0.0138888
25, 71.40205, 0.0140052
26, 71.71338, 0.0139444
27, 71.77154, 0.0139331
28, 71.66712, 0.0139534
29, 72.36361, 0.0138191
30, 23.84529, 0.041937
31, 72.41496, 0.0138093
32, 70.88227, 0.0141079
33, 72.50948, 0.0137913
34, 71.40511, 0.0140046
35, 71.44541, 0.0139967
36, 71.62195, 0.0139622
37, 72.66597, 0.0137616
38, 71.73035, 0.0139411
39, 72.4811, 0.0137967
40, 71.73498, 0.0139402
41, 71.40052, 0.0140055
42, 72.15945, 0.0138582
43, 71.17843, 0.0140492
44, 71.89279, 0.0139096
45, 72.25329, 0.0138402
46, 71.20073, 0.0140448
47, 32.29192, 0.0309675
48, 71.53536, 0.0139791
49, 71.87678, 0.0139127
50, 49.6406, 0.0201448
51, 37.12435, 0.0269365
52, 73.41605, 0.013621
53, 12.70333, 0.0787195
54, 65.60732, 0.0152422
55, 77.69947, 0.0128701
56, 69.60444, 0.0143669
57, 69.00121, 0.0144925
58, 69.13477, 0.0144645
59, 67.63978, 0.0147842
60, 23.62218, 0.0423331
61, 71.60093, 0.0139663
62, 70.17692, 0.0142497
63, 69.50912, 0.0143866
64, 70.06776, 0.0142719
65, 72.70982, 0.0137533
66, 71.78391, 0.0139307
67, 72.57579, 0.0137787
68, 70.77541, 0.0141292
69, 70.79546, 0.0141252
70, 71.53178, 0.0139798
71, 71.31802, 0.0140217
72, 71.81174, 0.0139253
73, 71.43827, 0.0139981
74, 71.51439, 0.0139832
75, 72.10949, 0.0138678
76, 71.40613, 0.0140044
77, 72.08818, 0.0138719
78, 70.49353, 0.0141857
79, 71.91554, 0.0139052
80, 70.93809, 0.0140968
81, 74.25283, 0.0134675
82, 70.27407, 0.01423
83, 71.88866, 0.0139104
84, 35.37469, 0.0282688
85, 72.62112, 0.0137701
86, 71.18654, 0.0140476
87, 72.50948, 0.0137913
88, 71.84734, 0.0139184
89, 71.28701, 0.0140278
90, 72.05182, 0.0138789
91, 71.31905, 0.0140215
92, 70.17741, 0.0142496
93, 77.00067, 0.0129869
94, 71.34245, 0.0140169
95, 71.37453, 0.0140106
96, 71.91141, 0.013906
97, 69.99664, 0.0142864
98, 73.44247, 0.0136161
99, 71.49905, 0.0139862
100, 71.37351, 0.0140108
101, 71.35162, 0.0140151
102, 71.82102, 0.0139235
103, 71.66096, 0.0139546
104, 72.54051, 0.0137854
105, 71.69846, 0.0139473
106, 71.29718, 0.0140258
107, 71.39645, 0.0140063
108, 72.00047, 0.0138888
109, 72.16882, 0.0138564
110, 71.4097, 0.0140037
111, 71.72417, 0.0139423
112, 71.66148, 0.0139545
113, 35.90007, 0.0278551
114, 71.17286, 0.0140503
115, 72.01809, 0.0138854
116, 71.72572, 0.013942
117, 71.79163, 0.0139292
118, 70.62646, 0.014159
119, 72.72516, 0.0137504
120, 72.46429, 0.0137999
121, 71.62965, 0.0139607
122, 71.65326, 0.0139561
123, 71.16728, 0.0140514
124, 72.06065, 0.0138772
125, 72.17038, 0.0138561
126, 71.34245, 0.0140169
127, 71.73962, 0.0139393
128, 72.33901, 0.0138238
129, 35.93813, 0.0278256
130, 71.20834, 0.0140433
131, 72.43858, 0.0138048
132, 70.89433, 0.0141055
133, 72.2747, 0.0138361
134, 70.94362, 0.0140957
135, 70.22225, 0.0142405
136, 74.92208, 0.0133472
137, 71.49905, 0.0139862
138, 71.12477, 0.0140598
139, 72.59054, 0.0137759
140, 71.95901, 0.0138968
141, 71.82308, 0.0139231
142, 70.62546, 0.0141592
143, 72.55051, 0.0137835
144, 72.29089, 0.013833
145, 70.6549, 0.0141533
146, 72.40972, 0.0138103
147, 4.824895, 0.2072584
148, 44.98021, 0.022232
149, 48.30941, 0.0206999
150, 79.39722, 0.0125949
151, 72.57316, 0.0137792
152, 70.12131, 0.014261
153, 72.97246, 0.0137038
154, 70.79996, 0.0141243
155, 71.98854, 0.0138911
156, 71.42551, 0.0140006
157, 71.30074, 0.0140251
158, 71.44439, 0.0139969
159, 71.18046, 0.0140488
160, 73.12721, 0.0136748
161, 70.39378, 0.0142058
162, 71.83495, 0.0139208
163, 72.44382, 0.0138038
164, 71.63324, 0.01396
165, 71.66866, 0.0139531
166, 71.85043, 0.0139178
167, 71.60759, 0.013965
168, 71.30227, 0.0140248
169, 71.71029, 0.013945
170, 72.36623, 0.0138186
171, 70.62895, 0.0141585
172, 72.09961, 0.0138697
173, 72.0155, 0.0138859
174, 71.93882, 0.0139007
175, 71.60708, 0.0139651
176, 71.06613, 0.0140714
177, 72.43385, 0.0138057
178, 71.62349, 0.0139619
179, 70.75088, 0.0141341
180, 72.26478, 0.013838
181, 71.93779, 0.0139009
182, 71.23065, 0.0140389
183, 72.15007, 0.01386
184, 69.92225, 0.0143016
185, 73.7012, 0.0135683
186, 72.05701, 0.0138779
187, 71.87109, 0.0139138
188, 71.40868, 0.0140039
189, 71.58708, 0.013969
190, 71.31447, 0.0140224
191, 72.36152, 0.0138195
192, 71.59273, 0.0139679
193, 71.73447, 0.0139403
194, 71.71697, 0.0139437
195, 71.43775, 0.0139982
196, 72.63958, 0.0137666
197, 71.34347, 0.0140167
198, 72.22042, 0.0138465
199, 71.39746, 0.0140061
200, 72.05598, 0.0138781
201, 71.13893, 0.014057
202, 71.88091, 0.0139119
203, 72.20216, 0.01385
204, 72.10117, 0.0138694
205, 71.28803, 0.0140276
206, 71.78957, 0.0139296
207, 72.10585, 0.0138685
208, 71.78699, 0.0139301
209, 70.85063, 0.0141142
210, 72.05078, 0.0138791
211, 71.69692, 0.0139476
212, 71.64709, 0.0139573
213, 71.90313, 0.0139076
214, 71.36842, 0.0140118
215, 72.99377, 0.0136998
216, 68.74506, 0.0145465
217, 74.41418, 0.0134383
218, 72.4412, 0.0138043
219, 71.57018, 0.0139723
220, 71.51183, 0.0139837
221, 71.54304, 0.0139776
222, 71.49393, 0.0139872
223, 71.54099, 0.013978
224, 72.52841, 0.0137877
225, 71.74013, 0.0139392
226, 71.66404, 0.013954
227, 71.17134, 0.0140506
228, 72.4811, 0.0137967
229, 71.19617, 0.0140457
230, 72.30867, 0.0138296
231, 71.92589, 0.0139032
232, 71.67329, 0.0139522
233, 71.74528, 0.0139382
234, 71.18147, 0.0140486
235, 71.07977, 0.0140687
236, 73.06737, 0.013686
237, 71.13539, 0.0140577
238, 72.39294, 0.0138135
239, 72.24964, 0.0138409
240, 71.48321, 0.0139893
241, 69.85094, 0.0143162
242, 73.59326, 0.0135882
243, 72.02587, 0.0138839
244, 71.25095, 0.0140349
245, 71.54304, 0.0139776
246, 71.40664, 0.0140043
247, 71.58965, 0.0139685
248, 71.63119, 0.0139604
249, 71.82412, 0.0139229
250, 71.9585, 0.0138969
251, 72.12457, 0.0138649
252, 71.71903, 0.0139433
253, 70.80298, 0.0141237
254, 72.80563, 0.0137352
255, 70.9688, 0.0140907
256, 72.50685, 0.0137918
257, 71.84425, 0.013919
258, 72.09857, 0.0138699
259, 71.02777, 0.014079
260, 72.29665, 0.0138319
261, 71.60349, 0.0139658
262, 71.52615, 0.0139809
263, 72.28933, 0.0138333
264, 71.09291, 0.0140661
265, 72.06065, 0.0138772
266, 72.02483, 0.0138841
267, 71.55379, 0.0139755
268, 70.60601, 0.0141631
269, 71.67739, 0.0139514
270, 72.48583, 0.0137958
271, 72.7532, 0.0137451
272, 71.75557, 0.0139362
273, 72.07259, 0.0138749
274, 71.66506, 0.0139538
275, 71.71749, 0.0139436
276, 71.4352, 0.0139987
277, 72.16882, 0.0138564
278, 71.32668, 0.01402
279, 71.72058, 0.013943
280, 71.60452, 0.0139656
281, 71.65069, 0.0139566
282, 72.25956, 0.013839
283, 71.60913, 0.0139647
284, 71.67072, 0.0139527
285, 71.81947, 0.0139238
286, 71.5195, 0.0139822
287, 71.58708, 0.013969
288, 72.00047, 0.0138888
289, 71.10454, 0.0140638
290, 72.5442, 0.0137847
291, 71.34143, 0.0140171
292, 71.425, 0.0140007
293, 72.18132, 0.013854
294, 71.97921, 0.0138929
295, 71.79988, 0.0139276
296, 71.74785, 0.0139377
297, 72.03521, 0.0138821
298, 71.93158, 0.0139021
299, 71.64094, 0.0139585
300, 71.23624, 0.0140378
301, 71.62195, 0.0139622
302, 71.07725, 0.0140692
303, 73.53806, 0.0135984
304, 71.94659, 0.0138992
305, 70.77943, 0.0141284
306, 72.29507, 0.0138322
307, 72.24755, 0.0138413
308, 71.06512, 0.0140716
309, 72.52263, 0.0137888
310, 71.19414, 0.0140461
311, 72.17038, 0.0138561
312, 70.3319, 0.0142183
313, 72.77173, 0.0137416
314, 72.30187, 0.0138309
315, 71.9958, 0.0138897
316, 71.68202, 0.0139505
317, 71.58913, 0.0139686
318, 72.50527, 0.0137921
319, 71.22609, 0.0140398
320, 71.71338, 0.0139444
321, 72.31808, 0.0138278
322, 71.62093, 0.0139624
323, 72.16882, 0.0138564
324, 69.78513, 0.0143297
325, 74.0061, 0.0135124
326, 71.22964, 0.0140391
327, 71.09241, 0.0140662
328, 73.31486, 0.0136398
329, 70.59206, 0.0141659
330, 70.60052, 0.0141642
331, 73.88034, 0.0135354
332, 71.29159, 0.0140269
333, 72.6797, 0.013759
334, 71.64042, 0.0139586
335, 70.83508, 0.0141173
336, 72.2486, 0.0138411
337, 71.83237, 0.0139213
338, 68.98074, 0.0144968
339, 75.59093, 0.0132291
340, 71.82979, 0.0139218
341, 71.6199, 0.0139626
342, 71.88142, 0.0139118
343, 71.59375, 0.0139677
344, 70.66638, 0.014151
345, 72.32854, 0.0138258
346, 72.66966, 0.0137609
347, 71.62759, 0.0139611
348, 72.09129, 0.0138713
349, 71.19009, 0.0140469
350, 71.66455, 0.0139539
351, 72.6533, 0.013764
352, 71.45461, 0.0139949
353, 71.8716, 0.0139137
354, 71.3455, 0.0140163
355, 71.6199, 0.0139626
356, 70.68487, 0.0141473
357, 74.09933, 0.0134954
358, 71.61324, 0.0139639
359, 71.77617, 0.0139322
360, 72.05182, 0.0138789
361, 71.23775, 0.0140375
362, 72.18497, 0.0138533
363, 71.56352, 0.0139736
364, 72.10429, 0.0138688
365, 71.26009, 0.0140331
366, 71.43827, 0.0139981
367, 72.90809, 0.0137159
368, 71.43061, 0.0139996
369, 71.36842, 0.0140118
370, 72.12093, 0.0138656
371, 71.89641, 0.0139089
372, 71.70052, 0.0139469
373, 70.45032, 0.0141944
374, 72.97192, 0.0137039
375, 70.42154, 0.0142002
376, 73.82035, 0.0135464
377, 70.2716, 0.0142305
378, 72.77014, 0.0137419
379, 72.58527, 0.0137769
380, 71.27686, 0.0140298
381, 71.36485, 0.0140125
382, 72.20164, 0.0138501
383, 71.94762, 0.013899
384, 71.73138, 0.0139409
385, 71.63683, 0.0139593
386, 72.02639, 0.0138838
387, 71.48933, 0.0139881
388, 72.27157, 0.0138367
389, 71.67329, 0.0139522
390, 72.10689, 0.0138683
391, 71.46839, 0.0139922
392, 71.83856, 0.0139201
393, 71.74064, 0.0139391
394, 72.44015, 0.0138045
395, 71.39186, 0.0140072
396, 71.59837, 0.0139668
397, 72.10378, 0.0138689
398, 71.87574, 0.0139129
399, 70.84009, 0.0141163
400, 72.62217, 0.0137699
401, 71.83031, 0.0139217
402, 72.0155, 0.0138859
403, 71.9932, 0.0138902
404, 71.62708, 0.0139612
405, 71.67739, 0.0139514
406, 72.14174, 0.0138616
407, 70.86017, 0.0141123
408, 72.30919, 0.0138295
409, 71.60452, 0.0139656
410, 69.93839, 0.0142983
411, 74.53342, 0.0134168
412, 71.66866, 0.0139531
413, 71.90572, 0.0139071
414, 71.81535, 0.0139246
415, 71.62708, 0.0139612
416, 71.50672, 0.0139847
417, 71.38421, 0.0140087
418, 72.22929, 0.0138448
419, 71.96989, 0.0138947
420, 71.22507, 0.01404
421, 71.89279, 0.0139096
422, 72.13394, 0.0138631
423, 71.89745, 0.0139087
424, 71.63273, 0.0139601
425, 71.85457, 0.013917
426, 71.14855, 0.0140551
427, 72.98737, 0.013701
428, 71.4827, 0.0139894
429, 71.59785, 0.0139669
430, 71.26669, 0.0140318
431, 71.88918, 0.0139103
432, 72.56789, 0.0137802
433, 71.25146, 0.0140348
434, 72.34058, 0.0138235
435, 71.72366, 0.0139424
436, 72.12405, 0.013865
437, 71.91296, 0.0139057
438, 72.07519, 0.0138744
439, 69.6214, 0.0143634
440, 73.04975, 0.0136893
441, 73.2429, 0.0136532
442, 72.00668, 0.0138876
443, 71.17641, 0.0140496
444, 72.14435, 0.0138611
445, 71.68973, 0.013949
446, 72.15632, 0.0138588
447, 71.4199, 0.0140017
448, 72.06947, 0.0138755
449, 71.40613, 0.0140044
450, 71.51183, 0.0139837
451, 72.14955, 0.0138601
452, 71.79111, 0.0139293
453, 71.99994, 0.0138889
454, 71.26416, 0.0140323
455, 72.27104, 0.0138368
456, 71.90158, 0.0139079
457, 71.25501, 0.0140341
458, 71.64709, 0.0139573
459, 71.76021, 0.0139353
460, 72.53789, 0.0137859
461, 71.85147, 0.0139176
462, 71.48729, 0.0139885
463, 71.43827, 0.0139981
464, 72.44907, 0.0138028
465, 70.83607, 0.0141171
466, 72.81518, 0.0137334
467, 71.97092, 0.0138945
468, 71.71955, 0.0139432
469, 71.66352, 0.0139541
470, 71.45256, 0.0139953
471, 72.12769, 0.0138643
472, 71.87885, 0.0139123
473, 71.21138, 0.0140427
474, 71.43827, 0.0139981
475, 72.52631, 0.0137881
476, 71.56608, 0.0139731
477, 71.08685, 0.0140673
478, 73.36865, 0.0136298
479, 71.16323, 0.0140522
480, 72.69502, 0.0137561
481, 71.64915, 0.0139569
482, 71.84682, 0.0139185
483, 71.56557, 0.0139732
484, 72.42126, 0.0138081
485, 71.56352, 0.0139736
486, 72.28619, 0.0138339
487, 71.1101, 0.0140627
488, 72.19434, 0.0138515
489, 69.67281, 0.0143528
490, 72.78815, 0.0137385
491, 73.4333, 0.0136178
492, 71.73859, 0.0139395
493, 70.67537, 0.0141492
494, 72.36204, 0.0138194
495, 71.17184, 0.0140505
496, 72.57737, 0.0137784
497, 72.02691, 0.0138837
498, 71.26568, 0.014032
499, 71.86231, 0.0139155
500, 72.04404, 0.0138804
501, 71.71646, 0.0139438
502, 71.56966, 0.0139724
503, 72.14955, 0.0138601
504, 70.30865, 0.014223
505, 72.7855, 0.013739
506, 72.55262, 0.0137831
507, 72.07831, 0.0138738
508, 71.70052, 0.0139469
509, 71.81792, 0.0139241
510, 71.80142, 0.0139273
511, 71.24232, 0.0140366
512, 72.50527, 0.0137921
513, 71.09695, 0.0140653
514, 72.17767, 0.0138547
515, 71.9673, 0.0138952
516, 71.31396, 0.0140225
517, 72.65646, 0.0137634
518, 71.74219, 0.0139388
519, 71.84631, 0.0139186
520, 71.16323, 0.0140522
521, 72.00928, 0.0138871
522, 72.36152, 0.0138195
523, 71.59426, 0.0139676
524, 71.75712, 0.0139359
525, 71.72417, 0.0139423
526, 70.73036, 0.0141382
527, 72.27, 0.013837
528, 72.50212, 0.0137927
529, 71.86231, 0.0139155
530, 71.70515, 0.013946
531, 71.54611, 0.013977
532, 72.26321, 0.0138383
533, 71.00407, 0.0140837
534, 71.49854, 0.0139863
535, 72.52052, 0.0137892
536, 70.55569, 0.0141732
537, 72.35995, 0.0138198
538, 73.1636, 0.013668
539, 71.88142, 0.0139118
540, 71.66404, 0.013954
541, 71.61221, 0.0139641
542, 71.46073, 0.0139937
543, 72.33901, 0.0138238
544, 71.56608, 0.0139731
545, 71.1278, 0.0140592
546, 72.69186, 0.0137567
547, 72.17038, 0.0138561
548, 71.44235, 0.0139973
549, 71.80916, 0.0139258
550, 71.82463, 0.0139228
551, 72.28671, 0.0138338
552, 71.38319, 0.0140089
553, 71.70309, 0.0139464
554, 72.37985, 0.013816
555, 71.41429, 0.0140028
556, 71.91348, 0.0139056
557, 71.9528, 0.013898
558, 72.08922, 0.0138717
559, 71.14552, 0.0140557
560, 71.67637, 0.0139516
561, 72.02276, 0.0138845
562, 71.97247, 0.0138942
563, 71.16374, 0.0140521
564, 72.52841, 0.0137877
565, 71.51337, 0.0139834
566, 72.08818, 0.0138719
567, 71.59426, 0.0139676
568, 71.26314, 0.0140325
569, 72.3207, 0.0138273
570, 71.48525, 0.0139889
571, 71.12173, 0.0140604
572, 73.40204, 0.0136236
573, 71.60195, 0.0139661
574, 71.01617, 0.0140813
575, 72.15267, 0.0138595
576, 72.38247, 0.0138155
577, 71.23319, 0.0140384
578, 70.81802, 0.0141207
579, 73.35842, 0.0136317
580, 71.22862, 0.0140393
581, 72.36623, 0.0138186
582, 72.11677, 0.0138664
583, 70.89685, 0.014105
584, 72.79928, 0.0137364
585, 71.35925, 0.0140136
586, 71.06967, 0.0140707
587, 73.19627, 0.0136619
588, 71.86128, 0.0139157
589, 71.5011, 0.0139858
590, 71.68304, 0.0139503
591, 72.33796, 0.013824
592, 70.08445, 0.0142685
593, 73.8367, 0.0135434
594, 71.43469, 0.0139988
595, 72.17663, 0.0138549
596, 71.49701, 0.0139866
597, 71.54662, 0.0139769
598, 71.50723, 0.0139846
599, 72.2298, 0.0138447
600, 71.96989, 0.0138947
601, 71.15665, 0.0140535
602, 72.08974, 0.0138716
603, 72.24337, 0.0138421
604, 70.59654, 0.014165
605, 72.68392, 0.0137582
606, 71.80761, 0.0139261
607, 71.9233, 0.0139037
608, 71.67277, 0.0139523
609, 71.73087, 0.013941
610, 71.80658, 0.0139263
611, 72.15893, 0.0138583
612, 71.63426, 0.0139598
613, 71.76845, 0.0139337
614, 72.14227, 0.0138615
615, 71.79318, 0.0139289
616, 71.6358, 0.0139595
617, 71.57735, 0.0139709
618, 72.58263, 0.0137774
619, 71.4398, 0.0139978
620, 71.7216, 0.0139428
621, 72.07935, 0.0138736
622, 71.73807, 0.0139396
623, 72.30397, 0.0138305
624, 71.47043, 0.0139918
625, 70.48707, 0.014187
626, 74.43024, 0.0134354
627, 71.10909, 0.0140629
628, 71.87781, 0.0139125
629, 72.23972, 0.0138428
630, 71.43571, 0.0139986
631, 72.10221, 0.0138692
632, 71.59375, 0.0139677
633, 71.60657, 0.0139652
634, 71.43163, 0.0139994
635, 72.32279, 0.0138269
636, 71.53844, 0.0139785
637, 72.06636, 0.0138761
638, 72.0404, 0.0138811
639, 71.60964, 0.0139646
640, 71.4097, 0.0140037
641, 71.95021, 0.0138985
642, 71.95073, 0.0138984
643, 71.78184, 0.0139311
644, 71.54407, 0.0139774
645, 72.16621, 0.0138569
646, 72.1907, 0.0138522
647, 71.29617, 0.014026
648, 71.2408, 0.0140369
649, 71.84063, 0.0139197
650, 72.08038, 0.0138734
651, 72.02172, 0.0138847
652, 71.57478, 0.0139714
653, 72.26112, 0.0138387
654, 72.07467, 0.0138745
655, 71.44643, 0.0139965
656, 71.2337, 0.0140383
657, 72.72886, 0.0137497
658, 71.71132, 0.0139448
659, 71.88142, 0.0139118
660, 72.10689, 0.0138683
661, 71.36129, 0.0140132
662, 72.22302, 0.013846
663, 71.75918, 0.0139355
664, 71.98388, 0.013892
665, 71.38829, 0.0140079
666, 72.32645, 0.0138262
667, 72.10533, 0.0138686
668, 71.66199, 0.0139544
669, 71.44184, 0.0139974
670, 69.73501, 0.01434
671, 74.66866, 0.0133925
672, 72.11105, 0.0138675
673, 70.68137, 0.014148
674, 72.30135, 0.013831
675, 71.93158, 0.0139021
676, 71.84631, 0.0139186
677, 71.4592, 0.013994
678, 71.50365, 0.0139853
679, 72.54736, 0.0137841
680, 71.94969, 0.0138986
681, 70.76289, 0.0141317
682, 72.56578, 0.0137806
683, 71.64966, 0.0139568
684, 72.10689, 0.0138683
685, 71.03988, 0.0140766
686, 72.05026, 0.0138792
687, 72.00928, 0.0138871
688, 71.39134, 0.0140073
689, 72.15684, 0.0138587
690, 72.15372, 0.0138593
691, 71.68459, 0.01395
692, 71.08785, 0.0140671
693, 72.23294, 0.0138441
694, 70.26271, 0.0142323
695, 74.3301, 0.0134535
696, 70.98794, 0.0140869
697, 71.03988, 0.0140766
698, 72.75478, 0.0137448
699, 71.95642, 0.0138973
700, 71.56864, 0.0139726
701, 72.00357, 0.0138882
702, 70.29037, 0.0142267
703, 71.08988, 0.0140667
704, 73.42953, 0.0136185
705, 72.4811, 0.0137967
706, 73.07751, 0.0136841
707, 71.5016, 0.0139857
708, 71.85405, 0.0139171
709, 71.50314, 0.0139854
710, 71.93779, 0.0139009
711, 71.1526, 0.0140543
712, 72.71141, 0.013753
713, 71.38523, 0.0140085
714, 70.17101, 0.0142509
715, 74.32071, 0.0134552
716, 71.40002, 0.0140056
717, 59.09223, 0.0169227
718, 57.50531, 0.0173897
719, 134.47, 0.0074366
720, 71.65891, 0.013955
721, 71.83186, 0.0139214
722, 71.64709, 0.0139573
723, 72.16621, 0.0138569
724, 71.05907, 0.0140728
725, 70.01331, 0.014283
726, 75.04184, 0.0133259
727, 71.13893, 0.014057
728, 71.93417, 0.0139016
729, 70.98542, 0.0140874
730, 72.54314, 0.0137849
731, 71.61375, 0.0139638
732, 72.23555, 0.0138436
733, 71.4352, 0.0139987
734, 72.41025, 0.0138102
735, 71.67482, 0.0139519
736, 71.89951, 0.0139083
737, 70.72986, 0.0141383
738, 73.31271, 0.0136402
739, 71.34703, 0.014016
740, 71.30074, 0.0140251
741, 72.2956, 0.0138321
742, 71.45306, 0.0139952
743, 71.85767, 0.0139164
744, 71.9901, 0.0138908
745, 71.38013, 0.0140095
746, 72.45799, 0.0138011
747, 71.47656, 0.0139906
748, 70.27555, 0.0142297
749, 72.95649, 0.0137068
750, 72.83427, 0.0137298
751, 71.61426, 0.0139637
752, 71.93262, 0.0139019
753, 71.70464, 0.0139461
754, 71.69538, 0.0139479
755, 71.75094, 0.0139371
756, 71.27583, 0.01403
757, 71.64094, 0.0139585
758, 72.21051, 0.0138484
759, 72.56262, 0.0137812
760, 70.80298, 0.0141237
761, 72.18079, 0.0138541
762, 72.64222, 0.0137661
763, 71.10909, 0.0140629
764, 72.29299, 0.0138326
765, 71.94038, 0.0139004
766, 71.66148, 0.0139545
767, 71.14805, 0.0140552
768, 72.92191, 0.0137133
769, 70.59355, 0.0141656
770, 72.59581, 0.0137749
771, 72.32593, 0.0138263
772, 71.57632, 0.0139711
773, 71.37759, 0.01401
774, 72.48373, 0.0137962
775, 70.90338, 0.0141037
776, 72.52158, 0.013789
777, 71.58144, 0.0139701
778, 71.97351, 0.013894
779, 70.93658, 0.0140971
780, 73.0679, 0.0136859
781, 71.03736, 0.0140771
782, 71.73087, 0.013941
783, 72.57104, 0.0137796
784, 71.32973, 0.0140194
785, 71.46328, 0.0139932
786, 72.60529, 0.0137731
787, 71.74374, 0.0139385
788, 71.95746, 0.0138971
789, 71.80607, 0.0139264
790, 71.70309, 0.0139464
791, 70.32596, 0.0142195
792, 72.62691, 0.013769
793, 72.77967, 0.0137401
794, 71.48116, 0.0139897
795, 72.15528, 0.013859
796, 72.19122, 0.0138521
797, 71.27482, 0.0140302
798, 71.73138, 0.0139409
799, 71.50263, 0.0139855
800, 72.49792, 0.0137935
801, 71.58247, 0.0139699
802, 72.22407, 0.0138458
803, 71.20276, 0.0140444
804, 72.42284, 0.0138078
805, 71.30023, 0.0140252
806, 71.95746, 0.0138971
807, 72.30762, 0.0138298
808, 72.04248, 0.0138807
809, 70.98844, 0.0140868
810, 72.28045, 0.013835
811, 71.78854, 0.0139298
812, 71.94245, 0.0139
813, 71.32719, 0.0140199
814, 72.46849, 0.0137991
815, 71.30328, 0.0140246
816, 71.92382, 0.0139036
817, 71.13235, 0.0140583
818, 72.49739, 0.0137936
819, 71.85405, 0.0139171
820, 71.68922, 0.0139491
821, 71.0727, 0.0140701
822, 72.75532, 0.0137447
823, 71.17691, 0.0140495
824, 72.27157, 0.0138367
825, 72.03937, 0.0138813
826, 71.77669, 0.0139321
827, 71.81999, 0.0139237
828, 71.54919, 0.0139764
829, 71.59221, 0.013968
830, 71.66301, 0.0139542
831, 72.55578, 0.0137825
832, 71.65685, 0.0139554
833, 71.99217, 0.0138904
834, 72.19486, 0.0138514
835, 70.95067, 0.0140943
836, 72.39924, 0.0138123
837, 71.86128, 0.0139157
838, 72.08402, 0.0138727
839, 71.03534, 0.0140775
840, 72.42021, 0.0138083
841, 71.70824, 0.0139454
842, 72.58, 0.0137779
843, 71.51234, 0.0139836
844, 71.85147, 0.0139176
845, 71.76587, 0.0139342
846, 70.64991, 0.0141543
847, 73.18073, 0.0136648
848, 72.00876, 0.0138872
849, 71.44745, 0.0139963
850, 71.70772, 0.0139455
851, 71.56301, 0.0139737
852, 72.45904, 0.0138009
853, 71.65788, 0.0139552
854, 71.40919, 0.0140038
855, 72.04455, 0.0138803
856, 71.868, 0.0139144
857, 70.93054, 0.0140983
858, 72.48636, 0.0137957
859, 72.28149, 0.0138348
860, 71.64864, 0.013957
861, 71.08028, 0.0140686
862, 72.16986, 0.0138562
863, 72.2674, 0.0138375
864, 70.86971, 0.0141104
865, 72.57052, 0.0137797
866, 71.70515, 0.013946
867, 72.07883, 0.0138737
868, 71.86593, 0.0139148
869, 71.25603, 0.0140339
870, 71.47707, 0.0139905
871, 72.78179, 0.0137397
872, 72.03469, 0.0138822
873, 71.52257, 0.0139816
874, 72.23085, 0.0138445
875, 71.88349, 0.0139114
876, 71.44133, 0.0139975
877, 71.59119, 0.0139682
878, 71.88969, 0.0139102
879, 72.47585, 0.0137977
880, 70.5547, 0.0141734
881, 73.41766, 0.0136207
882, 71.67637, 0.0139516
883, 71.79678, 0.0139282
884, 70.42353, 0.0141998
885, 73.03268, 0.0136925
886, 71.68562, 0.0139498
887, 71.66558, 0.0139537
888, 71.65942, 0.0139549
889, 71.91451, 0.0139054
890, 71.94918, 0.0138987
891, 70.95973, 0.0140925
892, 72.04767, 0.0138797
893, 72.10637, 0.0138684
894, 70.99248, 0.014086
895, 73.21073, 0.0136592
896, 72.06636, 0.0138761
897, 71.33075, 0.0140192
898, 71.62503, 0.0139616
899, 72.07623, 0.0138742
900, 71.65377, 0.013956
901, 71.70875, 0.0139453
902, 70.60851, 0.0141626
903, 73.76263, 0.013557
904, 72.13342, 0.0138632
905, 71.25908, 0.0140333
906, 35.17015, 0.0284332
907, 74.99512, 0.0133342
908, 70.51093, 0.0141822
909, 72.73362, 0.0137488
910, 66.61915, 0.0150107
911, 77.64156, 0.0128797
912, 71.91968, 0.0139044
913, 72.91287, 0.013715
914, 71.36587, 0.0140123
915, 69.50719, 0.014387
916, 64.5732, 0.0154863
917, 73.35143, 0.013633
918, 83.40353, 0.0119899
919, 71.62246, 0.0139621
920, 71.36179, 0.0140131
921, 70.50943, 0.0141825
922, 72.33587, 0.0138244
923, 71.41735, 0.0140022
924, 72.96181, 0.0137058
925, 71.87367, 0.0139133
926, 71.10454, 0.0140638
927, 72.25799, 0.0138393
928, 72.19122, 0.0138521
929, 70.69736, 0.0141448
930, 72.71406, 0.0137525
931, 72.50107, 0.0137929
932, 71.50672, 0.0139847
933, 71.24689, 0.0140357
934, 73.02468, 0.013694
935, 70.21732, 0.0142415
936, 72.3521, 0.0138213
937, 72.29717, 0.0138318
938, 72.16048, 0.013858
939, 72.25642, 0.0138396
940, 71.46686, 0.0139925
941, 69.64516, 0.0143585
942, 74.31905, 0.0134555
943, 71.86076, 0.0139158
944, 71.48372, 0.0139892
945, 70.90539, 0.0141033
946, 71.93054, 0.0139023
947, 72.13446, 0.013863
948, 72.60951, 0.0137723
949, 72.00513, 0.0138879
950, 70.27802, 0.0142292
951, 72.35262, 0.0138212
952, 71.4643, 0.013993
953, 72.35052, 0.0138216
954, 71.61272, 0.013964
955, 70.52385, 0.0141796
956, 72.10117, 0.0138694
957, 72.3432, 0.013823
958, 71.29972, 0.0140253
959, 73.46082, 0.0136127
960, 71.95332, 0.0138979
961, 71.9818, 0.0138924
962, 70.98895, 0.0140867
963, 72.9501, 0.013708
964, 71.43061, 0.0139996
965, 71.44541, 0.0139967
966, 70.99348, 0.0140858
967, 72.47217, 0.0137984
968, 71.60349, 0.0139658
969, 72.47375, 0.0137981
970, 71.06765, 0.0140711
971, 72.14383, 0.0138612
972, 71.92278, 0.0139038
973, 70.55918, 0.0141725
974, 71.90779, 0.0139067
975, 73.6898, 0.0135704
976, 71.58298, 0.0139698
977, 71.51234, 0.0139836
978, 70.28493, 0.0142278
979, 74.2589, 0.0134664
980, 70.76089, 0.0141321
981, 71.35569, 0.0140143
982, 72.89533, 0.0137183
983, 71.27229, 0.0140307
984, 71.80761, 0.0139261
985, 71.56147, 0.013974
986, 70.54027, 0.0141763
987, 73.99734, 0.013514
988, 70.61798, 0.0141607
989, 71.4398, 0.0139978
990, 72.56999, 0.0137798
991, 71.81895, 0.0139239
992, 70.57162, 0.01417
993, 71.11212, 0.0140623
994, 72.87355, 0.0137224
995, 72.45012, 0.0138026
996, 71.54304, 0.0139776
997, 72.72251, 0.0137509
998, 71.26517, 0.0140321
999, 71.29972, 0.0140253
1000, 71.81019, 0.0139256
1001, 71.90882, 0.0139065
1002, 72.76855, 0.0137422
1003, 70.75639, 0.014133
1004, 72.3809, 0.0138158
1005, 72.40134, 0.0138119
1006, 71.43367, 0.013999
1007, 72.20581, 0.0138493
1008, 70.34377, 0.0142159
1009, 71.66815, 0.0139532
1010, 73.5597, 0.0135944
1011, 70.46223, 0.014192
1012, 72.72092, 0.0137512
1013, 71.34296, 0.0140168
1014, 72.6496, 0.0137647
1015, 71.63888, 0.0139589
1016, 71.8556, 0.0139168
1017, 71.6923, 0.0139485
1018, 72.23763, 0.0138432
1019, 69.85972, 0.0143144
1020, 73.95848, 0.0135211
1021, 23.7755, 0.0420601
1022, 69.90465, 0.0143052
1023, 73.26329, 0.0136494
1024, 61.85133, 0.0161678
1025, 74.10152, 0.013495
1026, 84.16092, 0.011882
1027, 72.24181, 0.0138424
1028, 70.44982, 0.0141945
1029, 73.31055, 0.0136406
1030, 72.35785, 0.0138202
1031, 71.57889, 0.0139706
1032, 70.56167, 0.014172
1033, 73.43438, 0.0136176
1034, 71.17438, 0.01405
1035, 72.43542, 0.0138054
1036, 71.07371, 0.0140699
1037, 72.2152, 0.0138475
1038, 71.83546, 0.0139207
1039, 70.67437, 0.0141494
1040, 71.69538, 0.0139479
1041, 73.29444, 0.0136436
1042, 70.32794, 0.0142191
1043, 72.93786, 0.0137103
1044, 71.04796, 0.014075
1045, 72.0295, 0.0138832
1046, 72.58316, 0.0137773
1047, 72.0015, 0.0138886
1048, 71.29871, 0.0140255
1049, 71.52411, 0.0139813
1050, 73.2118, 0.013659
1051, 71.43214, 0.0139993
1052, 71.64812, 0.0139571
1053, 72.02898, 0.0138833
1054, 70.73337, 0.0141376
1055, 72.95969, 0.0137062
1056, 71.40307, 0.014005
1057, 71.52718, 0.0139807
1058, 72.20529, 0.0138494
1059, 72.00461, 0.013888
1060, 68.36391, 0.0146276
1061, 75.40057, 0.0132625
1062, 71.973, 0.0138941
1063, 72.21781, 0.013847
1064, 71.62554, 0.0139615
1065, 71.45766, 0.0139943
1066, 35.29242, 0.0283347
1067, 64.11572, 0.0155968
1068, 73.69251, 0.0135699
1069, 81.60001, 0.0122549
1070, 73.43492, 0.0136175
1071, 70.33338, 0.014218
1072, 73.61873, 0.0135835
1073, 71.17134, 0.0140506
1074, 71.75969, 0.0139354
1075, 71.72469, 0.0139422
1076, 72.0887, 0.0138718
1077, 70.92903, 0.0140986
1078, 71.93934, 0.0139006
1079, 72.76537, 0.0137428
1080, 71.64555, 0.0139576
1081, 71.02273, 0.01408
1082, 71.69898, 0.0139472
1083, 71.91813, 0.0139047
1084, 70.51739, 0.0141809
1085, 74.25063, 0.0134679
1086, 71.60144, 0.0139662
1087, 71.48219, 0.0139895
1088, 70.84962, 0.0141144
1089, 73.09087, 0.0136816
1090, 70.01478, 0.0142827
1091, 71.92847, 0.0139027
1092, 74.2082, 0.0134756
1093, 71.04694, 0.0140752
1094, 72.39137, 0.0138138
1095, 70.78694, 0.0141269
1096, 72.12614, 0.0138646
1097, 71.19211, 0.0140465
1098, 73.23861, 0.013654
1099, 70.69886, 0.0141445
1100, 73.20644, 0.01366
1101, 70.25876, 0.0142331
1102, 73.13684, 0.013673
1103, 72.08714, 0.0138721
1104, 71.59016, 0.0139684
1105, 71.29718, 0.0140258
1106, 72.30397, 0.0138305
1107, 69.94376, 0.0142972
1108, 73.61169, 0.0135848
1109, 71.99217, 0.0138904
1110, 71.36536, 0.0140124
1111, 72.54683, 0.0137842
1112, 70.87072, 0.0141102
1113, 71.96056, 0.0138965
1114, 71.94193, 0.0139001
1115, 71.26669, 0.0140318
1116, 72.46009, 0.0138007
1117, 72.28986, 0.0138332
1118, 71.12477, 0.0140598
1119, 72.06895, 0.0138756
1120, 71.62349, 0.0139619
1121, 72.18237, 0.0138538
1122, 72.04922, 0.0138794
1123, 71.53229, 0.0139797
1124, 70.74837, 0.0141346
1125, 72.67706, 0.0137595
1126, 72.21677, 0.0138472
1127, 72.42284, 0.0138078
1128, 70.81751, 0.0141208
1129, 72.55736, 0.0137822
1130, 71.47146, 0.0139916
1131, 71.53793, 0.0139786
1132, 71.00659, 0.0140832
1133, 71.39645, 0.0140063
1134, 73.37188, 0.0136292
1135, 72.21416, 0.0138477
1136, 70.87775, 0.0141088
1137, 71.06462, 0.0140717
1138, 73.65126, 0.0135775
1139, 71.87626, 0.0139128
1140, 71.84012, 0.0139198
1141, 71.56711, 0.0139729
1142, 71.66969, 0.0139529
1143, 71.48422, 0.0139891
1144, 71.93365, 0.0139017
1145, 69.89194, 0.0143078
1146, 73.59543, 0.0135878
1147, 71.07877, 0.0140689
1148, 73.03321, 0.0136924
1149, 70.01331, 0.014283
1150, 73.86561, 0.0135381
1151, 71.39084, 0.0140074
1152, 72.58738, 0.0137765
1153, 72.30292, 0.0138307
1154, 70.72286, 0.0141397
1155, 71.95642, 0.0138973
1156, 72.15372, 0.0138593
1157, 71.73087, 0.013941
1158, 71.7669, 0.013934
1159, 71.33634, 0.0140181
1160, 72.6723, 0.0137604
1161, 71.61477, 0.0139636
1162, 72.01394, 0.0138862
1163, 72.14851, 0.0138603
1164, 71.54304, 0.0139776
1165, 70.97182, 0.0140901
1166, 71.95953, 0.0138967
1167, 71.42398, 0.0140009
1168, 72.3207, 0.0138273
1169, 71.77, 0.0139334
1170, 71.48116, 0.0139897
1171, 72.75373, 0.013745
1172, 71.46379, 0.0139931
1173, 71.39288, 0.014007
1174, 72.51526, 0.0137902
1175, 71.47401, 0.0139911
1176, 71.51337, 0.0139834
1177, 72.24181, 0.0138424
1178, 71.79627, 0.0139283
1179, 71.79782, 0.013928
1180, 72.28149, 0.0138348
1181, 70.93104, 0.0140982
1182, 72.35314, 0.0138211
1183, 71.5456, 0.0139771
1184, 71.72881, 0.0139414
1185, 72.58896, 0.0137762
1186, 70.25926, 0.014233
1187, 72.96235, 0.0137057
1188, 72.1907, 0.0138522
1189, 72.17924, 0.0138544
1190, 71.54048, 0.0139781
1191, 71.75557, 0.0139362
1192, 69.40396, 0.0144084
1193, 74.92657, 0.0133464
1194, 71.84579, 0.0139187
1195, 71.97144, 0.0138944
1196, 70.1277, 0.0142597
1197, 72.96075, 0.013706
1198, 71.52411, 0.0139813
1199, 72.55315, 0.013783
1200, 71.67791, 0.0139513
1201, 72.20061, 0.0138503
1202, 70.80347, 0.0141236
1203, 70.68336, 0.0141476
1204, 71.06765, 0.0140711
1205, 74.0313, 0.0135078
1206, 72.61163, 0.0137719
1207, 71.9409, 0.0139003
1208, 71.63426, 0.0139598
1209, 71.67996, 0.0139509
1210, 71.48729, 0.0139885
1211, 72.06947, 0.0138755
1212, 71.62914, 0.0139608
1213, 72.42441, 0.0138075
1214, 71.13235, 0.0140583
1215, 70.53878, 0.0141766
1216, 72.52526, 0.0137883
1217, 73.18769, 0.0136635
1218, 72.17976, 0.0138543
1219, 71.70772, 0.0139455
1220, 71.67226, 0.0139524
1221, 71.34093, 0.0140172
1222, 69.9379, 0.0142984
1223, 74.48346, 0.0134258
1224, 71.92537, 0.0139033
1225, 71.04443, 0.0140757
1226, 71.20631, 0.0140437
1227, 71.99476, 0.0138899
1228, 71.85198, 0.0139175
1229, 73.55429, 0.0135954
1230, 71.13235, 0.0140583
1231, 71.63888, 0.0139589
1232, 70.33833, 0.014217
1233, 71.95332, 0.0138979
1234, 71.36638, 0.0140122
1235, 72.48163, 0.0137966
1236, 72.3961, 0.0138129
1237, 71.85973, 0.013916
1238, 71.37963, 0.0140096
1239, 71.63631, 0.0139594
1240, 72.20008, 0.0138504
1241, 72.2152, 0.0138475
1242, 69.59475, 0.0143689
1243, 64.60909, 0.0154777
1244, 72.89001, 0.0137193
1245, 82.15105, 0.0121727
1246, 72.27836, 0.0138354
1247, 71.51081, 0.0139839
1248, 72.65118, 0.0137644
1249, 70.71436, 0.0141414
1250, 72.51316, 0.0137906
1251, 72.50685, 0.0137918
1252, 71.10352, 0.014064
1253, 71.65479, 0.0139558
1254, 72.1709, 0.013856
1255, 72.61636, 0.013771
1256, 71.16425, 0.014052
1257, 71.30277, 0.0140247
1258, 71.72109, 0.0139429
1259, 72.76802, 0.0137423
1260, 57.39836, 0.0174221
1261, 60.74116, 0.0164633
1262, 128.3697, 0.00779
1263, 71.56454, 0.0139734
1264, 70.79596, 0.0141251
1265, 72.41287, 0.0138097
1266, 70.79145, 0.014126
1267, 72.16726, 0.0138567
1268, 71.09139, 0.0140664
1269, 72.86081, 0.0137248
1270, 71.89693, 0.0139088
1271, 72.38509, 0.013815
1272, 71.58453, 0.0139695
1273, 71.24943, 0.0140352
1274, 71.69281, 0.0139484
1275, 71.55328, 0.0139756
1276, 71.9932, 0.0138902
1277, 72.17403, 0.0138554
1278, 71.74734, 0.0139378
1279, 71.97714, 0.0138933
1280, 71.95694, 0.0138972
1281, 71.96937, 0.0138948
1282, 71.48116, 0.0139897
1283, 70.50198, 0.014184
1284, 72.16048, 0.013858
1285, 73.27833, 0.0136466
1286, 68.40086, 0.0146197
1287, 64.81931, 0.0154275
1288, 73.08926, 0.0136819
1289, 83.63302, 0.011957
1290, 71.50774, 0.0139845
1291, 71.09797, 0.0140651
1292, 72.34058, 0.0138235
1293, 71.91968, 0.0139044
1294, 71.28701, 0.0140278
1295, 72.5363, 0.0137862
1296, 71.37249, 0.014011
1297, 69.56957, 0.0143741
1298, 74.93668, 0.0133446
1299, 71.15108, 0.0140546
1300, 72.01083, 0.0138868
1301, 72.08558, 0.0138724
1302, 72.02328, 0.0138844
1303, 71.69178, 0.0139486
1304, 70.93255, 0.0140979
1305, 71.84373, 0.0139191
1306, 71.09241, 0.0140662
1307, 73.18555, 0.0136639
1308, 70.53977, 0.0141764
1309, 73.40042, 0.0136239
1310, 71.81432, 0.0139248
1311, 70.97887, 0.0140887
1312, 72.8014, 0.013736
1313, 70.02802, 0.01428
1314, 70.87473, 0.0141094
1315, 74.78145, 0.0133723
1316, 71.16627, 0.0140516
1317, 72.34163, 0.0138233
1318, 71.67072, 0.0139527
1319, 71.91348, 0.0139056
1320, 71.56966, 0.0139724
1321, 72.53893, 0.0137857
1322, 71.11162, 0.0140624
1323, 72.40343, 0.0138115
1324, 71.85302, 0.0139173
1325, 71.50672, 0.0139847
1326, 70.63194, 0.0141579
1327, 72.93999, 0.0137099
1328, 71.61375, 0.0139638
1329, 72.43018, 0.0138064
1330, 71.38013, 0.0140095
1331, 71.25603, 0.0140339
1332, 72.23659, 0.0138434
1333, 72.37985, 0.013816
1334, 70.49502, 0.0141854
1335, 73.40096, 0.0136238
1336, 68.05823, 0.0146933
1337, 76.09598, 0.0131413
1338, 71.83289, 0.0139212
1339, 72.12145, 0.0138655
1340, 72.05389, 0.0138785
1341, 70.69486, 0.0141453
1342, 72.66122, 0.0137625
1343, 72.01083, 0.0138868
1344, 71.40052, 0.0140055
1345, 71.56454, 0.0139734
1346, 72.06792, 0.0138758
1347, 71.67123, 0.0139526
1348, 71.93934, 0.0139006
1349, 69.96481, 0.0142929
1350, 73.9071, 0.0135305
1351, 72.23085, 0.0138445
1352, 71.29565, 0.0140261
1353, 71.52513, 0.0139811
1354, 72.37671, 0.0138166
1355, 71.07472, 0.0140697
1356, 72.28881, 0.0138334
1357, 23.95118, 0.0417516
1358, 71.68048, 0.0139508
1359, 71.25958, 0.0140332
1360, 72.75638, 0.0137445
1361, 71.50263, 0.0139855
1362, 72.43595, 0.0138053
1363, 71.43265, 0.0139992
1364, 71.84114, 0.0139196
1365, 70.25926, 0.014233
1366, 73.26276, 0.0136495
1367, 70.39725, 0.0142051
1368, 72.95808, 0.0137065
1369, 70.92048, 0.0141003
1370, 72.89639, 0.0137181
1371, 72.01965, 0.0138851
1372, 71.81432, 0.0139248
1373, 71.01264, 0.014082
1374, 71.9021, 0.0139078
1375, 73.06203, 0.013687
1376, 72.41339, 0.0138096
1377, 70.65839, 0.0141526
1378, 73.00016, 0.0136986
1379, 70.75138, 0.014134
1380, 71.8525, 0.0139174
1381, 70.22028, 0.0142409
1382, 74.38152, 0.0134442
1383, 71.08584, 0.0140675
1384, 72.55209, 0.0137832
1385, 71.72315, 0.0139425
1386, 71.62708, 0.0139612
1387, 71.93779, 0.0139009
1388, 71.80452, 0.0139267
1389, 71.37402, 0.0140107
1390, 71.70412, 0.0139462
1391, 71.76948, 0.0139335
1392, 70.50048, 0.0141843
1393, 73.97161, 0.0135187
1394, 71.11668, 0.0140614
1395, 71.45511, 0.0139948
1396, 73.10369, 0.0136792
1397, 71.20428, 0.0140441
1398, 72.02795, 0.0138835
1399, 71.10858, 0.014063
1400, 69.57587, 0.0143728
1401, 73.86069, 0.013539
1402, 73.524, 0.013601
1403, 70.93658, 0.0140971
1404, 72.46745, 0.0137993
1405, 71.47095, 0.0139917
1406, 72.25486, 0.0138399
1407, 71.49036, 0.0139879
1408, 71.88556, 0.013911
1409, 71.74167, 0.0139389
1410, 71.87574, 0.0139129
1411, 71.88297, 0.0139115
1412, 71.56813, 0.0139727
1413, 71.73138, 0.0139409
1414, 72.09026, 0.0138715
1415, 70.78493, 0.0141273
1416, 72.82366, 0.0137318
1417, 71.8071, 0.0139262
1418, 71.62656, 0.0139613
1419, 71.70412, 0.0139462
1420, 72.11729, 0.0138663
1421, 71.68407, 0.0139501
1422, 72.46902, 0.013799
1423, 71.55379, 0.0139755
1424, 71.42908, 0.0139999
1425, 70.79897, 0.0141245
1426, 73.5213, 0.0136015
1427, 71.61118, 0.0139643
1428, 72.07623, 0.0138742
1429, 71.39645, 0.0140063
1430, 71.97351, 0.013894
1431, 71.83083, 0.0139216
1432, 71.68304, 0.0139503
1433, 71.08887, 0.0140669
1434, 72.72092, 0.0137512
1435, 70.75238, 0.0141338
1436, 73.17966, 0.013665
1437, 71.36434, 0.0140126
1438, 71.72881, 0.0139414
1439, 72.25172, 0.0138405
1440, 71.83856, 0.0139201
1441, 71.39746, 0.0140061
1442, 72.16048, 0.013858
1443, 71.88091, 0.0139119
1444, 71.65172, 0.0139564
1445, 72.00357, 0.0138882
1446, 71.63067, 0.0139605
1447, 71.33278, 0.0140188
1448, 72.03469, 0.0138822
1449, 71.77669, 0.0139321
1450, 72.7532, 0.0137451
1451, 71.17489, 0.0140499
1452, 72.05441, 0.0138784
1453, 71.23521, 0.014038
1454, 72.47742, 0.0137974
1455, 71.55021, 0.0139762
1456, 70.96678, 0.0140911
1457, 72.87408, 0.0137223
1458, 71.69487, 0.013948
1459, 71.91141, 0.013906
1460, 71.31193, 0.0140229
1461, 72.33325, 0.0138249
1462, 72.15267, 0.0138595
1463, 71.70824, 0.0139454
1464, 71.66917, 0.013953
1465, 71.77772, 0.0139319
1466, 70.81, 0.0141223
1467, 72.72462, 0.0137505
1468, 72.11937, 0.0138659
1469, 71.81123, 0.0139254
1470, 71.08938, 0.0140668
1471, 72.14643, 0.0138607
1472, 71.94504, 0.0138995
1473, 72.04404, 0.0138804
1474, 71.52053, 0.013982
1475, 72.45747, 0.0138012
1476, 71.88659, 0.0139108
1477, 70.52584, 0.0141792
1478, 73.29444, 0.0136436
1479, 71.21899, 0.0140412
1480, 71.5369, 0.0139788
1481, 72.23868, 0.013843
1482, 71.6851, 0.0139499
1483, 71.98388, 0.013892
1484, 71.81895, 0.0139239
1485, 71.89693, 0.0139088
1486, 71.21037, 0.0140429
1487, 72.6496, 0.0137647
1488, 71.74425, 0.0139384
1489, 71.52769, 0.0139806
1490, 71.32719, 0.0140199
1491, 72.55841, 0.013782
1492, 71.56506, 0.0139733
1493, 71.59477, 0.0139675
1494, 72.12666, 0.0138645
1495, 71.26872, 0.0140314
1496, 72.20216, 0.01385
1497, 72.0887, 0.0138718
1498, 71.31091, 0.0140231
1499, 71.28752, 0.0140277
1500, 73.43114, 0.0136182
1501, 71.61324, 0.0139639
1502, 72.07415, 0.0138746
1503, 71.33787, 0.0140178
1504, 70.97937, 0.0140886
1505, 72.46377, 0.0138
1506, 72.35838, 0.0138201
1507, 71.48372, 0.0139892
1508, 71.93003, 0.0139024
1509, 71.68407, 0.0139501
1510, 71.54662, 0.0139769
1511, 72.34476, 0.0138227
1512, 72.05441, 0.0138784
1513, 71.64812, 0.0139571
1514, 71.91554, 0.0139052
1515, 71.02475, 0.0140796
1516, 71.83546, 0.0139207
1517, 72.71934, 0.0137515
1518, 71.80761, 0.0139261
1519, 71.67945, 0.013951
1520, 71.53587, 0.013979
1521, 71.63375, 0.0139599
1522, 70.93809, 0.0140968
1523, 73.33959, 0.0136352
1524, 71.78184, 0.0139311
1525, 71.81535, 0.0139246
1526, 71.49393, 0.0139872
1527, 72.17246, 0.0138557
1528, 70.80197, 0.0141239
1529, 72.64275, 0.013766
1530, 72.14799, 0.0138604
1531, 70.81049, 0.0141222
1532, 72.66808, 0.0137612
1533, 71.45461, 0.0139949
1534, 70.87022, 0.0141103
1535, 73.46459, 0.013612
1536, 71.7067, 0.0139457
1537, 71.42245, 0.0140012
1538, 71.59016, 0.0139684
1539, 72.52263, 0.0137888
1540, 71.83598, 0.0139206
1541, 71.8071, 0.0139262
1542, 71.27583, 0.01403
1543, 72.11417, 0.0138669
1544, 71.41479, 0.0140027
1545, 72.19904, 0.0138506
1546, 70.38139, 0.0142083
1547, 74.02856, 0.0135083
1548, 71.19009, 0.0140469
1549, 71.59939, 0.0139666
1550, 72.15684, 0.0138587
1551, 71.8556, 0.0139168
1552, 71.42603, 0.0140005
1553, 71.87212, 0.0139136
1554, 72.05856, 0.0138776
1555, 72.38456, 0.0138151
1556, 72.04767, 0.0138797
1557, 70.88428, 0.0141075
1558, 72.26164, 0.0138386
1559, 71.53536, 0.0139791
1560, 71.93623, 0.0139012
1561, 71.84425, 0.013919
1562, 71.9021, 0.0139078
1563, 71.76639, 0.0139341
1564, 71.40664, 0.0140043
1565, 72.37304, 0.0138173
1566, 69.6835, 0.0143506
1567, 74.85478, 0.0133592
1568, 71.04341, 0.0140759
1569, 71.93779, 0.0139009
1570, 71.81277, 0.0139251
1571, 71.96004, 0.0138966
1572, 71.6081, 0.0139649
1573, 71.76536, 0.0139343
1574, 72.09805, 0.01387
1575, 71.53895, 0.0139784
1576, 71.80503, 0.0139266
1577, 71.40103, 0.0140054
1578, 72.79398, 0.0137374
1579, 69.6437, 0.0143588
1580, 73.25202, 0.0136515
1581, 72.49844, 0.0137934
1582, 72.17142, 0.0138559
1583, 71.53127, 0.0139799
1584, 71.96937, 0.0138948
1585, 71.41582, 0.0140025
1586, 71.99476, 0.0138899
1587, 71.83908, 0.01392
1588, 71.14197, 0.0140564
1589, 71.86128, 0.0139157
1590, 72.94265, 0.0137094
1591, 71.51286, 0.0139835
1592, 70.924, 0.0140996
1593, 72.35733, 0.0138203
1594, 71.62811, 0.013961
1595, 71.80813, 0.013926
1596, 72.1381, 0.0138623
1597, 71.31396, 0.0140225
1598, 71.65377, 0.013956
1599, 71.93934, 0.0139006
1600, 71.62965, 0.0139607
1601, 73.1085, 0.0136783
1602, 71.54713, 0.0139768
1603, 71.02979, 0.0140786
1604, 72.69608, 0.0137559
1605, 71.78905, 0.0139297
1606, 71.99632, 0.0138896
1607, 71.49342, 0.0139873
1608, 72.17455, 0.0138553
1609, 71.52462, 0.0139812
1610, 71.56659, 0.013973
1611, 71.97662, 0.0138934
1612, 72.03573, 0.013882
1613, 71.62349, 0.0139619
1614, 71.18654, 0.0140476
1615, 70.97736, 0.014089
1616, 73.36542, 0.0136304
1617, 71.73962, 0.0139393
1618, 72.10013, 0.0138696
1619, 71.50774, 0.0139845
1620, 71.63067, 0.0139605
1621, 71.39033, 0.0140075
1622, 72.69291, 0.0137565
1623, 72.10585, 0.0138685
1624, 71.38116, 0.0140093
1625, 70.68687, 0.0141469
1626, 73.04975, 0.0136893
1627, 71.99061, 0.0138907
1628, 71.42092, 0.0140015
1629, 72.33691, 0.0138242
1630, 71.47656, 0.0139906
1631, 71.55431, 0.0139754
1632, 72.38509, 0.013815
1633, 71.101, 0.0140645
1634, 72.38823, 0.0138144
1635, 72.11781, 0.0138662
1636, 71.48576, 0.0139888
1637, 71.83495, 0.0139208
1638, 72.08922, 0.0138717
1639, 71.5282, 0.0139805
1640, 71.41479, 0.0140027
1641, 72.13966, 0.013862
1642, 72.18653, 0.013853
1643, 71.09089, 0.0140665
1644, 71.90106, 0.013908
1645, 72.69344, 0.0137564
1646, 71.90675, 0.0139069
1647, 70.93456, 0.0140975
1648, 72.42388, 0.0138076
1649, 71.62195, 0.0139622
1650, 72.18549, 0.0138532
1651, 71.144, 0.014056
1652, 72.32697, 0.0138261
1653, 71.77463, 0.0139325
1654, 70.17692, 0.0142497
1655, 73.77243, 0.0135552
1656, 71.31243, 0.0140228
1657, 72.55894, 0.0137819
1658, 71.47043, 0.0139918
1659, 71.86954, 0.0139141
1660, 72.16205, 0.0138577
1661, 70.60751, 0.0141628
1662, 73.06577, 0.0136863
1663, 71.48883, 0.0139882
1664, 71.83908, 0.01392
1665, 71.38065, 0.0140094
1666, 72.1558, 0.0138589
1667, 71.1982, 0.0140453
1668, 72.41339, 0.0138096
1669, 71.55584, 0.0139751
1670, 71.94504, 0.0138995
1671, 72.43437, 0.0138056
1672, 71.90262, 0.0139077
1673, 70.9829, 0.0140879
1674, 71.16576, 0.0140517
1675, 72.77173, 0.0137416
1676, 72.05026, 0.0138792
1677, 72.05598, 0.0138781
1678, 70.09526, 0.0142663
1679, 72.68076, 0.0137588
1680, 72.45957, 0.0138008
1681, 71.94555, 0.0138994
1682, 72.26164, 0.0138386
1683, 71.77978, 0.0139315
1684, 71.50519, 0.013985
1685, 70.65839, 0.0141526
1686, 72.62058, 0.0137702
1687, 72.76167, 0.0137435
1688, 71.0414, 0.0140763
1689, 71.8649, 0.013915
1690, 72.10221, 0.0138692
1691, 71.28905, 0.0140274
1692, 72.33587, 0.0138244
1693, 71.78391, 0.0139307
1694, 71.95487, 0.0138976
1695, 71.62041, 0.0139625
1696, 70.75339, 0.0141336
1697, 73.0663, 0.0136862
1698, 72.19174, 0.013852
1699, 71.68048, 0.0139508
1700, 71.53793, 0.0139786
1701, 70.87072, 0.0141102
1702, 72.4328, 0.0138059
1703, 70.19268, 0.0142465
1704, 74.36603, 0.013447
1705, 71.35518, 0.0140144
1706, 71.55584, 0.0139751
1707, 72.32697, 0.0138261
1708, 72.1355, 0.0138628
1709, 70.78193, 0.0141279
1710, 73.25041, 0.0136518
1711, 71.12578, 0.0140596
1712, 72.02016, 0.013885
1713, 71.26974, 0.0140312
1714, 72.30292, 0.0138307
1715, 71.08685, 0.0140673
1716, 72.6908, 0.0137569
1717, 70.25037, 0.0142348
1718, 73.38696, 0.0136264
1719, 71.63375, 0.0139599
1720, 71.47605, 0.0139907
1721, 71.98906, 0.013891
1722, 72.15007, 0.01386
1723, 71.70206, 0.0139466
1724, 71.61836, 0.0139629
1725, 71.92589, 0.0139032
1726, 72.17819, 0.0138546
1727, 71.21442, 0.0140421
1728, 71.04089, 0.0140764
1729, 72.96128, 0.0137059
1730, 72.05961, 0.0138774
1731, 71.56454, 0.0139734
1732, 72.01498, 0.013886
1733, 71.28448, 0.0140283
1734, 72.34738, 0.0138222
1735, 71.66352, 0.0139541
1736, 71.61426, 0.0139637
1737, 72.15788, 0.0138585
1738, 71.43112, 0.0139995
1739, 72.52736, 0.0137879
1740, 71.94452, 0.0138996
1741, 70.59505, 0.0141653
1742, 72.81731, 0.013733
1743, 71.69949, 0.0139471
1744, 71.43725, 0.0139983
1745, 71.6702, 0.0139528
1746, 71.89848, 0.0139085
1747, 72.51421, 0.0137904
1748, 71.64812, 0.0139571
1749, 71.50058, 0.0139859
1750, 72.67283, 0.0137603
1751, 71.29769, 0.0140257
1752, 72.02691, 0.0138837
1753, 70.93909, 0.0140966
1754, 72.27574, 0.0138359
1755, 72.11729, 0.0138663
1756, 71.45511, 0.0139948
1757, 71.80658, 0.0139263
1758, 72.04922, 0.0138794
1759, 70.17937, 0.0142492
1760, 73.86779, 0.0135377
1761, 71.26974, 0.0140312
1762, 72.31233, 0.0138289
1763, 71.87522, 0.013913
1764, 71.88763, 0.0139106
1765, 71.35314, 0.0140148
1766, 72.09077, 0.0138714
1767, 71.88866, 0.0139104
1768, 70.82354, 0.0141196
1769, 72.22094, 0.0138464
1770, 72.36623, 0.0138186
1771, 72.39819, 0.0138125
1772, 71.46481, 0.0139929
1773, 71.78082, 0.0139313
1774, 71.93054, 0.0139023
1775, 71.61067, 0.0139644
1776, 71.46175, 0.0139935
1777, 72.52367, 0.0137886
1778, 72.10429, 0.0138688
1779, 71.19312, 0.0140463
1780, 71.67945, 0.013951
1781, 72.22094, 0.0138464
1782, 71.77463, 0.0139325
1783, 71.90572, 0.0139071
1784, 72.06532, 0.0138763
1785, 71.30786, 0.0140237
1786, 72.19434, 0.0138515
1787, 71.61836, 0.0139629
1788, 72.04922, 0.0138794
1789, 71.65942, 0.0139549
1790, 70.62296, 0.0141597
1791, 73.28316, 0.0136457
1792, 71.63119, 0.0139604
1793, 72.0809, 0.0138733
1794, 71.67637, 0.0139516
1795, 71.61221, 0.0139641
1796, 72.03365, 0.0138824
1797, 71.61067, 0.0139644
1798, 70.48209, 0.014188
1799, 73.69849, 0.0135688
1800, 71.71594, 0.0139439
1801, 69.75641, 0.0143356
1802, 74.72446, 0.0133825
1803, 71.28143, 0.0140289
1804, 71.88866, 0.0139104
1805, 71.90003, 0.0139082
1806, 71.38625, 0.0140083
1807, 72.19018, 0.0138523
1808, 71.87885, 0.0139123
1809, 71.17235, 0.0140504
1810, 72.22668, 0.0138453
1811, 71.39542, 0.0140065
1812, 71.87678, 0.0139127
1813, 72.30815, 0.0138297
1814, 72.17246, 0.0138557
1815, 71.57632, 0.0139711
1816, 71.99943, 0.013889
1817, 71.0732, 0.01407
1818, 71.35314, 0.0140148
1819, 72.55262, 0.0137831
1820, 71.25248, 0.0140346
1821, 70.84511, 0.0141153
1822, 72.58474, 0.013777
1823, 72.42336, 0.0138077
1824, 71.46022, 0.0139938
1825, 72.11053, 0.0138676
1826, 72.20164, 0.0138501
1827, 72.29456, 0.0138323
1828, 71.82308, 0.0139231
1829, 71.61324, 0.0139639
1830, 71.97817, 0.0138931
1831, 71.68253, 0.0139504
1832, 71.23827, 0.0140374
1833, 72.07467, 0.0138745
1834, 71.8959, 0.013909
1835, 71.88556, 0.013911
1836, 71.37453, 0.0140106
1837, 72.25329, 0.0138402
1838, 72.17663, 0.0138549
1839, 71.73293, 0.0139406
1840, 71.75609, 0.0139361
1841, 71.67791, 0.0139513
1842, 71.33685, 0.014018
1843, 72.55894, 0.0137819
1844, 72.17351, 0.0138555
1845, 70.98441, 0.0140876
1846, 72.39137, 0.0138138
1847, 71.48883, 0.0139882
1848, 71.81947, 0.0139238
1849, 71.99839, 0.0138892
1850, 71.95953, 0.0138967
1851, 71.14045, 0.0140567
1852, 72.2439, 0.013842
1853, 70.811, 0.0141221
1854, 72.32803, 0.0138259
1855, 73.11973, 0.0136762
1856, 71.69692, 0.0139476
1857, 71.67175, 0.0139525
1858, 71.72572, 0.013942
1859, 71.95901, 0.0138968
1860, 71.0197, 0.0140806
1861, 72.57632, 0.0137786
1862, 71.34602, 0.0140162
1863, 71.83134, 0.0139215
1864, 59.48946, 0.0168097
1865, 56.47484, 0.017707
1866, 140.3351, 0.0071258
1867, 70.85314, 0.0141137
1868, 72.83215, 0.0137302
1869, 70.70186, 0.0141439
1870, 72.30344, 0.0138306
1871, 72.55841, 0.013782
1872, 71.15311, 0.0140542
1873, 71.92589, 0.0139032
1874, 71.77669, 0.0139321
1875, 71.2799, 0.0140292
1876, 72.55367, 0.0137829
1877, 71.60349, 0.0139658
1878, 70.52534, 0.0141793
1879, 73.64475, 0.0135787
1880, 72.05856, 0.0138776
1881, 71.14248, 0.0140563
1882, 72.07259, 0.0138749
1883, 71.93727, 0.013901
1884, 71.11516, 0.0140617
1885, 71.21949, 0.0140411
1886, 73.43816, 0.0136169
1887, 71.4592, 0.013994
1888, 71.77308, 0.0139328
1889, 71.41582, 0.0140025
1890, 72.59054, 0.0137759
1891, 71.63477, 0.0139597
1892, 71.71081, 0.0139449
1893, 71.75454, 0.0139364
1894, 71.55891, 0.0139745
1895, 72.394, 0.0138133
1896, 71.54713, 0.0139768
1897, 70.84411, 0.0141155
1898, 73.22359, 0.0136568
1899, 23.82155, 0.0419788
1900, 72.53789, 0.0137859
1901, 72.10689, 0.0138683
1902, 71.45818, 0.0139942
1903, 71.97714, 0.0138933
1904, 71.93417, 0.0139016
1905, 71.37351, 0.0140108
1906, 72.27992, 0.0138351
1907, 71.75609, 0.0139361
1908, 72.14851, 0.0138603
1909, 71.32616, 0.0140201
1910, 71.8716, 0.0139137
1911, 71.92278, 0.0139038
1912, 71.90882, 0.0139065
1913, 71.69589, 0.0139478
1914, 71.87781, 0.0139125
1915, 71.57018, 0.0139723
1916, 72.62322, 0.0137697
1917, 71.65839, 0.0139551
1918, 72.02795, 0.0138835
1919, 71.58555, 0.0139693
1920, 71.51132, 0.0139838
1921, 71.24385, 0.0140363
1922, 72.54209, 0.0137851
1923, 71.68562, 0.0139498
1924, 71.84631, 0.0139186
1925, 72.01134, 0.0138867
1926, 71.00507, 0.0140835
1927, 72.76379, 0.0137431
1928, 71.46175, 0.0139935
1929, 72.14695, 0.0138606
1930, 71.97041, 0.0138946
1931, 71.82515, 0.0139227
1932, 70.78593, 0.0141271
1933, 72.70084, 0.013755
1934, 71.68304, 0.0139503
1935, 71.78493, 0.0139305
1936, 71.37759, 0.01401
1937, 71.94969, 0.0138986
1938, 71.72778, 0.0139416
1939, 72.25747, 0.0138394
1940, 71.68562, 0.0139498
1941, 72.32593, 0.0138263
1942, 71.21544, 0.0140419
1943, 71.72932, 0.0139413
1944, 72.61848, 0.0137706
1945, 71.53485, 0.0139792
1946, 71.66866, 0.0139531
1947, 71.16019, 0.0140528
1948, 73.14219, 0.013672
1949, 71.23471, 0.0140381
1950, 72.31547, 0.0138283
1951, 71.60144, 0.0139662
1952, 71.46686, 0.0139925
1953, 71.91917, 0.0139045
1954, 71.47298, 0.0139913
1955, 72.07207, 0.013875
1956, 72.16361, 0.0138574
1957, 72.12354, 0.0138651
1958, 70.25037, 0.0142348
1959, 73.31862, 0.0136391
1960, 71.69538, 0.0139479
1961, 71.67534, 0.0139518
1962, 71.55635, 0.013975
1963, 72.02276, 0.0138845
1964, 71.96523, 0.0138956
1965, 71.37504, 0.0140105
1966, 72.42966, 0.0138065
1967, 70.79696, 0.0141249
1968, 72.37566, 0.0138168
1969, 72.66702, 0.0137614
1970, 71.59888, 0.0139667
1971, 71.71132, 0.0139448
1972, 71.89124, 0.0139099
1973, 71.36587, 0.0140123
1974, 72.37618, 0.0138167
1975, 71.05907, 0.0140728
1976, 71.08179, 0.0140683
1977, 73.44085, 0.0136164
1978, 71.56454, 0.0139734
1979, 70.99248, 0.014086
1980, 73.17377, 0.0136661
1981, 71.48065, 0.0139898
1982, 71.40409, 0.0140048
1983, 72.24598, 0.0138416
1984, 71.74374, 0.0139385
1985, 71.89331, 0.0139095
1986, 72.31024, 0.0138293
1987, 71.19414, 0.0140461
1988, 71.54253, 0.0139777
1989, 71.30481, 0.0140243
1990, 72.89373, 0.0137186
1991, 71.10049, 0.0140646
1992, 72.81731, 0.013733
1993, 71.76278, 0.0139348
1994, 71.58247, 0.0139699
1995, 71.78236, 0.013931
1996, 72.34372, 0.0138229
1997, 71.20073, 0.0140448
1998, 71.42755, 0.0140002
1999, 71.90934, 0.0139064
2000, 71.06007, 0.0140726
2001, 72.81995, 0.0137325
2002, 72.10378, 0.0138689
2003, 71.30277, 0.0140247
2004, 72.47585, 0.0137977
2005, 71.8205, 0.0139236
2006, 72.00565, 0.0138878
2007, 61.21749, 0.0163352
2008, 88.44157, 0.0113069
2009, 70.27505, 0.0142298
2010, 63.55138, 0.0157353
2011, 73.26383, 0.0136493
2012, 79.64891, 0.0125551
2013, 74.32347, 0.0134547
2014, 71.51694, 0.0139827
2015, 71.22304, 0.0140404
2016, 72.77596, 0.0137408
2017, 71.11364, 0.014062
2018, 71.36179, 0.0140131
2019, 72.21103, 0.0138483
2020, 71.51694, 0.0139827
2021, 71.28397, 0.0140284
2022, 72.14383, 0.0138612
2023, 72.72251, 0.0137509
2024, 71.01415, 0.0140817
2025, 70.10754, 0.0142638
2026, 73.38426, 0.0136269
2027, 71.64145, 0.0139584
2028, 72.67653, 0.0137596
2029, 71.78957, 0.0139296
2030, 71.7669, 0.013934
2031, 70.61798, 0.0141607
2032, 72.01965, 0.0138851
2033, 73.06203, 0.013687
2034, 71.77205, 0.013933
2035, 71.70824, 0.0139454
2036, 71.51234, 0.0139836
2037, 72.1459, 0.0138608
2038, 71.78905, 0.0139297
2039, 71.25704, 0.0140337
2040, 71.88918, 0.0139103
2041, 71.76484, 0.0139344
2042, 71.54816, 0.0139766
2043, 71.81483, 0.0139247
2044, 71.84373, 0.0139191
2045, 72.5079, 0.0137916
2046, 70.89484, 0.0141054
2047, 71.75197, 0.0139369
2048, 72.74896, 0.0137459
2049, 72.53893, 0.0137857
2050, 71.55788, 0.0139747
2051, 70.95067, 0.0140943
2052, 72.58263, 0.0137774
2053, 70.87373, 0.0141096
2054, 72.51631, 0.01379
2055, 72.21938, 0.0138467
2056, 71.73962, 0.0139393
2057, 72.12926, 0.013864
2058, 71.28854, 0.0140275
2059, 71.88814, 0.0139105
2060, 71.59375, 0.0139677
2061, 72.24233, 0.0138423
2062, 71.44337, 0.0139971
2063, 71.02475, 0.0140796
2064, 72.88789, 0.0137197
2065, 71.56403, 0.0139735
2066, 72.08506, 0.0138725
2067, 71.6625, 0.0139543
2068, 72.05026, 0.0138792
2069, 71.02122, 0.0140803
2070, 72.25747, 0.0138394
2071, 72.08974, 0.0138716
2072, 70.23656, 0.0142376
2073, 73.81926, 0.0135466
2074, 70.0084, 0.014284
2075, 73.43546, 0.0136174
2076, 72.0887, 0.0138718
2077, 71.80555, 0.0139265
2078, 71.93779, 0.0139009
2079, 71.44389, 0.013997
2080, 71.27025, 0.0140311
2081, 72.03469, 0.0138822
2082, 72.40186, 0.0138118
2083, 71.3511, 0.0140152
2084, 71.97714, 0.0138933
2085, 72.06065, 0.0138772
2086, 71.26872, 0.0140314
2087, 71.90934, 0.0139064
2088, 72.59792, 0.0137745
2089, 71.24537, 0.014036
2090, 72.27679, 0.0138357
2091, 71.20022, 0.0140449
2092, 72.47007, 0.0137988
2093, 71.38013, 0.0140095
2094, 71.72726, 0.0139417
2095, 70.93054, 0.0140983
2096, 73.33529, 0.013636
2097, 71.38065, 0.0140094
2098, 71.84012, 0.0139198
2099, 71.8138, 0.0139249
2100, 71.6358, 0.0139595
2101, 72.25642, 0.0138396
2102, 71.86076, 0.0139158
2103, 71.73653, 0.0139399
2104, 71.12628, 0.0140595
2105, 72.62322, 0.0137697
2106, 70.94664, 0.0140951
2107, 71.94141, 0.0139002
2108, 72.33744, 0.0138241
2109, 72.02172, 0.0138847
2110, 71.60708, 0.0139651
2111, 71.79266, 0.013929
2112, 71.58862, 0.0139687
2113, 72.03832, 0.0138815
2114, 71.75352, 0.0139366
2115, 71.28803, 0.0140276
2116, 70.85917, 0.0141125
2117, 72.80882, 0.0137346
2118, 72.63588, 0.0137673
2119, 70.94815, 0.0140948
2120, 72.50948, 0.0137913
2121, 72.10221, 0.0138692
2122, 71.51388, 0.0139833
2123, 71.66969, 0.0139529
2124, 71.98284, 0.0138922
2125, 72.17663, 0.0138549
2126, 71.83443, 0.0139209
2127, 70.76089, 0.0141321
2128, 71.73602, 0.01394
2129, 73.25954, 0.0136501
2130, 70.85063, 0.0141142
2131, 72.52158, 0.013789
2132, 71.36027, 0.0140134
2133, 71.973, 0.0138941
2134, 72.05856, 0.0138776
2135, 71.83134, 0.0139215
2136, 71.38523, 0.0140085
2137, 72.35576, 0.0138206
2138, 70.92098, 0.0141002
2139, 72.6248, 0.0137694
2140, 71.80607, 0.0139264
2141, 71.32108, 0.0140211
2142, 72.17246, 0.0138557
2143, 71.83753, 0.0139203
2144, 71.93882, 0.0139007
2145, 72.03365, 0.0138824
2146, 71.81329, 0.013925
2147, 71.74528, 0.0139382
2148, 71.58862, 0.0139687
2149, 71.53997, 0.0139782
2150, 71.8205, 0.0139236
2151, 72.50475, 0.0137922
2152, 71.5369, 0.0139788
2153, 72.06168, 0.013877
2154, 70.44437, 0.0141956
2155, 70.90589, 0.0141032
2156, 74.33508, 0.0134526
2157, 71.40511, 0.0140046
2158, 71.97092, 0.0138945
2159, 19.34056, 0.0517048
2160, 54.75882, 0.0182619
2161, 73.57648, 0.0135913
2162, 71.85767, 0.0139164
2163, 70.37843, 0.0142089
2164, 72.71564, 0.0137522
2165, 71.47298, 0.0139913
2166, 21.96151, 0.0455342
