Frame, FPS, Frame Time
1, 50, 0.02
2, 50, 0.02
3, 3, 0.3333333
4, 4.832029, 0.2069524
5, 24.68124, 0.0405166
6, 213.5657, 0.0046824
7, 59.56423, 0.0167886
8, 90.3424, 0.011069
9, 72.33849, 0.0138239
10, 71.74374, 0.0139385
11, 71.67431, 0.013952
12, 72.57526, 0.0137788
13, 71.87678, 0.0139127
14, 70.14886, 0.0142554
15, 73.38857, 0.0136261
16, 71.04594, 0.0140754
17, 72.61584, 0.0137711
18, 71.02525, 0.0140795
19, 71.32719, 0.0140199
20, 73.65994, 0.0135759
21, 71.47554, 0.0139908
22, 71.66199, 0.0139544
23, 23.89127, 0.0418563
24, 72.6797, 0.013759
25, 71.14197, 0.0140564
26, 72.05182, 0.0138789
27, 71.69384, 0.0139482
28, 72.21781, 0.013847
29, 70.85967, 0.0141124
30, 72.98045, 0.0137023
31, 71.58657, 0.0139691
32, 71.61528, 0.0139635
33, 72.10949, 0.0138678
34, 71.14501, 0.0140558
35, 72.02639, 0.0138838
36, 72.54525, 0.0137845
37, 71.48065, 0.0139898
38, 71.75403, 0.0139365
39, 35.84936, 0.0278945
40, 71.13033, 0.0140587
41, 73.10423, 0.0136791
42, 71.69281, 0.0139484
43, 71.12477, 0.0140598
44, 70.95772, 0.0140929
45, 72.65699, 0.0137633
46, 71.41429, 0.0140028
47, 54.98524, 0.0181867
48, 66.64845, 0.0150041
49, 14.70218, 0.0680171
50, 67.07313, 0.0149091
51, 76.12667, 0.013136
52, 69.3794, 0.0144135
53, 21.03452, 0.0475409
54, 81.52683, 0.0122659
55, 85.37741, 0.0117127
56, 72.11729, 0.0138663
57, 69.68787, 0.0143497
58, 71.55072, 0.0139761
59, 70.46571, 0.0141913
60, 70.36753, 0.0142111
61, 70.15919, 0.0142533
62, 71.63529, 0.0139596
63, 71.62811, 0.013961
64, 71.62144, 0.0139623
65, 71.24791, 0.0140355
66, 70.69686, 0.0141449
67, 71.29261, 0.0140267
68, 71.21442, 0.0140421
69, 72.38876, 0.0138143
70, 71.50877, 0.0139843
71, 70.01183, 0.0142833
72, 73.41012, 0.0136221
73, 71.37963, 0.0140096
74, 70.5348, 0.0141774
75, 72.99856, 0.0136989
76, 71.54202, 0.0139778
77, 36.19936, 0.0276248
78, 71.53485, 0.0139792
79, 71.02222, 0.0140801
80, 71.57991, 0.0139704
81, 70.76239, 0.0141318
82, 73.35842, 0.0136317
83, 71.52871, 0.0139804
84, 71.69178, 0.0139486
85, 70.49203, 0.014186
86, 72.16621, 0.0138569
87, 71.84321, 0.0139192
88, 71.19009, 0.0140469
89, 72.41916, 0.0138085
90, 71.76124, 0.0139351
91, 70.91394, 0.0141016
92, 71.68613, 0.0139497
93, 71.97766, 0.0138932
94, 72.00565, 0.0138878
95, 71.71235, 0.0139446
96, 71.7216, 0.0139428
97, 70.6539, 0.0141535
98, 72.52578, 0.0137882
99, 72.39137, 0.0138138
100, 71.90675, 0.0139069
101, 72.32279, 0.0138269
102, 70.63344, 0.0141576
103, 72.08247, 0.013873
104, 72.05338, 0.0138786
105, 33.37728, 0.0299605
106, 89.22357, 0.0112078
107, 70.01086, 0.0142835
108, 72.66544, 0.0137617
109, 71.58043, 0.0139703
110, 72.23972, 0.0138428
111, 71.02424, 0.0140797
112, 71.7463, 0.013938
113, 70.13803, 0.0142576
114, 72.86346, 0.0137243
115, 71.72675, 0.0139418
116, 71.22964, 0.0140391
117, 71.01869, 0.0140808
118, 72.24755, 0.0138413
119, 72.37408, 0.0138171
120, 71.46941, 0.013992
121, 71.54304, 0.0139776
122, 36.14859, 0.0276636
123, 70.09772, 0.0142658
124, 71.86851, 0.0139143
125, 72.4622, 0.0138003
126, 70.25037, 0.0142348
127, 73.7561, 0.0135582
128, 70.90137, 0.0141041
129, 72.3809, 0.0138158
130, 71.94348, 0.0138998
131, 71.76639, 0.0139341
132, 71.21696, 0.0140416
133, 72.36571, 0.0138187
134, 70.64292, 0.0141557
135, 72.56104, 0.0137815
136, 70.65839, 0.0141526
137, 73.57378, 0.0135918
138, 71.46073, 0.0139937
139, 72.13758, 0.0138624
140, 71.45715, 0.0139944
141, 72.32645, 0.0138262
142, 5.463579, 0.1830302
143, 30.32932, 0.0329714
144, 34.263, 0.029186
145, 42.27275, 0.0236559
146, 111.4305, 0.0089742
147, 70.47514, 0.0141894
148, 70.47763, 0.0141889
149, 72.51579, 0.0137901
150, 69.1128, 0.0144691
151, 30.71244, 0.0325601
152, 112.7726, 0.0088674
153, 71.50467, 0.0139851
154, 71.76948, 0.0139335
155, 71.09645, 0.0140654
156, 71.97403, 0.0138939
157, 71.74888, 0.0139375
158, 70.04174, 0.0142772
159, 73.3025, 0.0136421
160, 70.68137, 0.014148
161, 31.08496, 0.0321699
162, 106.7316, 0.0093693
163, 70.72636, 0.014139
164, 72.7442, 0.0137468
165, 72.07311, 0.0138748
166, 71.67482, 0.0139519
167, 71.7494, 0.0139374
168, 71.45154, 0.0139955
169, 70.22077, 0.0142408
170, 72.86665, 0.0137237
171, 72.99377, 0.0136998
172, 71.80142, 0.0139273
173, 71.13084, 0.0140586
174, 72.08714, 0.0138721
175, 71.2982, 0.0140256
176, 72.0321, 0.0138827
177, 71.90779, 0.0139067
178, 72.13394, 0.0138631
179, 71.87109, 0.0139138
180, 70.93708, 0.014097
181, 71.09342, 0.014066
182, 73.72402, 0.0135641
183, 71.78905, 0.0139297
184, 70.91495, 0.0141014
185, 72.12457, 0.0138649
186, 71.84166, 0.0139195
187, 70.19465, 0.0142461
188, 73.40527, 0.013623
189, 72.23033, 0.0138446
190, 71.81999, 0.0139237
191, 71.59631, 0.0139672
192, 70.47763, 0.0141889
193, 71.94452, 0.0138996
194, 72.58685, 0.0137766
195, 72.27418, 0.0138362
196, 71.00911, 0.0140827
197, 72.4092, 0.0138104
198, 71.19464, 0.014046
199, 71.04745, 0.0140751
200, 73.76644, 0.0135563
201, 71.33024, 0.0140193
202, 71.84114, 0.0139196
203, 71.02727, 0.0140791
204, 72.61954, 0.0137704
205, 69.72868, 0.0143413
206, 73.6415, 0.0135793
207, 71.76742, 0.0139339
208, 71.68202, 0.0139505
209, 72.60371, 0.0137734
210, 71.54713, 0.0139768
211, 71.77154, 0.0139331
212, 71.48474, 0.013989
213, 72.5858, 0.0137768
214, 70.91595, 0.0141012
215, 72.41969, 0.0138084
216, 71.65479, 0.0139558
217, 68.72285, 0.0145512
218, 75.95667, 0.0131654
219, 71.43367, 0.013999
220, 71.9761, 0.0138935
221, 71.15766, 0.0140533
222, 71.9083, 0.0139066
223, 72.17663, 0.0138549
224, 71.24486, 0.0140361
225, 71.53383, 0.0139794
226, 72.00201, 0.0138885
227, 71.87264, 0.0139135
228, 70.63693, 0.0141569
229, 70.80398, 0.0141235
230, 73.41335, 0.0136215
231, 72.00513, 0.0138879
232, 72.02016, 0.013885
233, 71.804, 0.0139268
234, 71.71903, 0.0139433
235, 72.31547, 0.0138283
236, 70.67787, 0.0141487
237, 71.21696, 0.0140416
238, 72.81253, 0.0137339
239, 72.83958, 0.0137288
240, 71.71594, 0.0139439
241, 70.15476, 0.0142542
242, 72.93574, 0.0137107
243, 72.2272, 0.0138452
244, 71.79988, 0.0139276
245, 72.03988, 0.0138812
246, 71.23116, 0.0140388
247, 71.75248, 0.0139368
248, 72.50738, 0.0137917
249, 71.88194, 0.0139117
250, 71.52666, 0.0139808
251, 72.15945, 0.0138582
252, 71.67791, 0.0139513
253, 69.71994, 0.0143431
254, 73.0898, 0.0136818
255, 72.4706, 0.0137987
256, 72.34425, 0.0138228
257, 69.93839, 0.0142983
258, 72.50685, 0.0137918
259, 72.83958, 0.0137288
260, 71.13589, 0.0140576
261, 71.15412, 0.014054
262, 72.93786, 0.0137103
263, 72.18237, 0.0138538
264, 71.67996, 0.0139509
265, 70.57362, 0.0141696
266, 72.23294, 0.0138441
267, 72.42231, 0.0138079
268, 70.55122, 0.0141741
269, 72.31181, 0.013829
270, 72.63799, 0.0137669
271, 71.81586, 0.0139245
272, 71.20884, 0.0140432
273, 71.91193, 0.0139059
274, 72.11105, 0.0138675
275, 71.75197, 0.0139369
276, 71.61579, 0.0139634
277, 70.39577, 0.0142054
278, 73.03855, 0.0136914
279, 72.30919, 0.0138295
280, 71.21239, 0.0140425
281, 72.46324, 0.0138001
282, 71.87057, 0.0139139
283, 71.96886, 0.0138949
284, 71.34194, 0.014017
285, 71.60195, 0.0139661
286, 70.94362, 0.0140957
287, 71.77205, 0.013933
288, 72.25642, 0.0138396
289, 72.28568, 0.013834
290, 71.15209, 0.0140544
291, 72.46429, 0.0137999
292, 72.16517, 0.0138571
293, 72.46377, 0.0138
294, 71.3674, 0.014012
295, 72.07571, 0.0138743
296, 69.87974, 0.0143103
297, 72.32959, 0.0138256
298, 73.27833, 0.0136466
299, 71.5835, 0.0139697
300, 71.3343, 0.0140185
301, 70.33585, 0.0142175
302, 71.34907, 0.0140156
303, 73.72891, 0.0135632
304, 72.43858, 0.0138048
305, 71.24435, 0.0140362
306, 71.20225, 0.0140445
307, 71.75352, 0.0139366
308, 70.91042, 0.0141023
309, 72.91872, 0.0137139
310, 72.4874, 0.0137955
311, 71.30786, 0.0140237
312, 71.84992, 0.0139179
313, 69.12379, 0.0144668
314, 72.14174, 0.0138616
315, 74.99456, 0.0133343
316, 72.14071, 0.0138618
317, 70.78744, 0.0141268
318, 73.0679, 0.0136859
319, 71.63375, 0.0139599
320, 70.63893, 0.0141565
321, 71.96782, 0.0138951
322, 73.02841, 0.0136933
323, 72.31181, 0.013829
324, 70.98844, 0.0140868
325, 71.53638, 0.0139789
326, 71.63734, 0.0139592
327, 71.19059, 0.0140468
328, 73.48079, 0.013609
329, 71.75197, 0.0139369
330, 55.71, 0.0179501
331, 86.68591, 0.0115359
332, 73.04762, 0.0136897
333, 72.96075, 0.013706
334, 73.39611, 0.0136247
335, 72.07259, 0.0138749
336, 72.9927, 0.0137
337, 72.02328, 0.0138844
338, 72.96873, 0.0137045
339, 71.20377, 0.0140442
340, 72.93893, 0.0137101
341, 73.12453, 0.0136753
342, 58.57167, 0.0170731
343, 91.39431, 0.0109416
344, 72.9682, 0.0137046
345, 70.40073, 0.0142044
346, 72.86824, 0.0137234
347, 72.02431, 0.0138842
348, 73.01455, 0.0136959
349, 71.48014, 0.0139899
350, 71.48933, 0.0139881
351, 72.17819, 0.0138546
352, 72.75797, 0.0137442
353, 71.37351, 0.0140108
354, 71.74476, 0.0139383
355, 71.85664, 0.0139166
356, 71.53485, 0.0139792
357, 70.91293, 0.0141018
358, 72.6834, 0.0137583
359, 72.28254, 0.0138346
360, 71.61785, 0.013963
361, 71.57325, 0.0139717
362, 71.32973, 0.0140194
363, 72.86452, 0.0137241
364, 70.83607, 0.0141171
365, 71.98077, 0.0138926
366, 72.33691, 0.0138242
367, 71.70412, 0.0139462
368, 71.15918, 0.014053
369, 72.18237, 0.0138538
370, 72.3961, 0.0138129
371, 71.84373, 0.0139191
372, 71.92796, 0.0139028
373, 71.22406, 0.0140402
374, 71.98906, 0.013891
375, 71.66096, 0.0139546
376, 71.97507, 0.0138937
377, 71.97714, 0.0138933
378, 70.97534, 0.0140894
379, 71.96782, 0.0138951
380, 71.75042, 0.0139372
381, 72.17506, 0.0138552
382, 68.77579, 0.01454
383, 73.55104, 0.013596
384, 73.10209, 0.0136795
385, 68.33822, 0.0146331
386, 76.22823, 0.0131185
387, 72.26896, 0.0138372
388, 70.51739, 0.0141809
389, 72.81624, 0.0137332
390, 71.25045, 0.014035
391, 72.60319, 0.0137735
392, 71.49854, 0.0139863
393, 72.13498, 0.0138629
394, 71.47707, 0.0139905
395, 71.73138, 0.0139409
396, 71.68304, 0.0139503
397, 71.79988, 0.0139276
398, 71.08735, 0.0140672
399, 71.93934, 0.0139006
400, 72.96554, 0.0137051
401, 71.04291, 0.014076
402, 72.41707, 0.0138089
403, 71.48729, 0.0139885
404, 72.44329, 0.0138039
405, 71.22304, 0.0140404
406, 70.80298, 0.0141237
407, 73.66211, 0.0135755
408, 70.811, 0.0141221
409, 72.28881, 0.0138334
410, 71.12527, 0.0140597
411, 71.63529, 0.0139596
412, 72.02847, 0.0138834
413, 72.81624, 0.0137332
414, 71.07371, 0.0140699
415, 72.33221, 0.0138251
416, 71.59426, 0.0139676
417, 70.88528, 0.0141073
418, 71.2794, 0.0140293
419, 73.04175, 0.0136908
420, 71.94038, 0.0139004
421, 71.55994, 0.0139743
422, 71.65736, 0.0139553
423, 70.53678, 0.014177
424, 73.70718, 0.0135672
425, 71.55276, 0.0139757
426, 71.67226, 0.0139524
427, 71.91864, 0.0139046
428, 70.59903, 0.0141645
429, 71.91968, 0.0139044
430, 73.13737, 0.0136729
431, 72.20529, 0.0138494
432, 71.63631, 0.0139594
433, 71.49751, 0.0139865
434, 68.48611, 0.0146015
435, 75.38181, 0.0132658
436, 72.59844, 0.0137744
437, 71.73962, 0.0139393
438, 70.51987, 0.0141804
439, 72.96288, 0.0137056
440, 71.51746, 0.0139826
441, 71.2058, 0.0140438
442, 72.59265, 0.0137755
443, 72.02328, 0.0138844
444, 71.44541, 0.0139967
445, 71.20022, 0.0140449
446, 72.47532, 0.0137978
447, 71.35263, 0.0140149
448, 72.46114, 0.0138005
449, 71.88349, 0.0139114
450, 71.90882, 0.0139065
451, 71.80607, 0.0139264
452, 71.27482, 0.0140302
453, 71.15057, 0.0140547
454, 70.61498, 0.0141613
455, 73.94864, 0.0135229
456, 71.23978, 0.0140371
457, 71.60964, 0.0139646
458, 71.40256, 0.0140051
459, 72.35366, 0.013821
460, 73.02841, 0.0136933
461, 71.73447, 0.0139403
462, 71.21493, 0.014042
463, 71.7633, 0.0139347
464, 72.17976, 0.0138543
465, 71.32311, 0.0140207
466, 70.92198, 0.0141
467, 72.7241, 0.0137506
468, 72.2841, 0.0138343
469, 72.19852, 0.0138507
470, 71.27837, 0.0140295
471, 71.14248, 0.0140563
472, 72.83109, 0.0137304
473, 71.94296, 0.0138999
474, 71.51132, 0.0139838
475, 72.07156, 0.0138751
476, 71.98958, 0.0138909
477, 70.75238, 0.0141338
478, 71.68407, 0.0139501
479, 73.27886, 0.0136465
480, 71.78802, 0.0139299
481, 71.63324, 0.01396
482, 70.9819, 0.0140881
483, 72.35262, 0.0138212
484, 71.95694, 0.0138972
485, 71.96523, 0.0138956
486, 71.05452, 0.0140737
487, 71.7973, 0.0139281
488, 72.17455, 0.0138553
489, 71.30836, 0.0140236
490, 72.437, 0.0138051
491, 71.64606, 0.0139575
492, 71.56198, 0.0139739
493, 72.00876, 0.0138872
494, 72.01031, 0.0138869
495, 71.49496, 0.013987
496, 71.26923, 0.0140313
497, 72.11729, 0.0138663
498, 71.89331, 0.0139095
499, 72.41654, 0.013809
500, 70.76891, 0.0141305
501, 72.87514, 0.0137221
502, 71.72932, 0.0139413
503, 71.30735, 0.0140238
504, 72.45694, 0.0138013
505, 71.71955, 0.0139432
506, 69.88364, 0.0143095
507, 73.94426, 0.0135237
508, 72.14747, 0.0138605
509, 71.63683, 0.0139593
510, 34.62856, 0.0288779
511, 29.28292, 0.0341496
512, 122.0226, 0.0081952
513, 79.73019, 0.0125423
514, 73.22038, 0.0136574
515, 71.03837, 0.0140769
516, 72.53841, 0.0137858
517, 71.66866, 0.0139531
518, 72.11937, 0.0138659
519, 71.39594, 0.0140064
520, 70.88026, 0.0141083
521, 31.81228, 0.0314344
522, 98.68162, 0.0101336
523, 71.33482, 0.0140184
524, 72.14851, 0.0138603
525, 72.11729, 0.0138663
526, 71.804, 0.0139268
527, 71.63529, 0.0139596
528, 71.12122, 0.0140605
529, 72.46482, 0.0137998
530, 70.75838, 0.0141326
531, 30.78856, 0.0324796
532, 111.1815, 0.0089943
533, 71.41786, 0.0140021
534, 71.10707, 0.0140633
535, 72.57632, 0.0137786
536, 70.93658, 0.0140971
537, 72.07623, 0.0138742
538, 71.58144, 0.0139701
539, 71.93468, 0.0139015
540, 69.21038, 0.0144487
541, 29.36883, 0.0340497
542, 142.7205, 0.0070067
543, 71.19566, 0.0140458
544, 72.01601, 0.0138858
545, 70.16608, 0.0142519
546, 73.04709, 0.0136898
547, 70.96175, 0.0140921
548, 73.29605, 0.0136433
549, 68.60546, 0.0145761
550, 73.66699, 0.0135746
551, 30.55497, 0.0327279
552, 117.8759, 0.0084835
553, 71.37148, 0.0140112
554, 71.69898, 0.0139472
555, 71.286, 0.014028
556, 71.53844, 0.0139785
557, 72.38404, 0.0138152
558, 71.4398, 0.0139978
559, 70.80598, 0.0141231
560, 72.07467, 0.0138745
561, 30.12302, 0.0331972
562, 91.99548, 0.0108701
563, 25.65385, 0.0389805
564, 67.60091, 0.0147927
565, 75.57151, 0.0132325
566, 72.72727, 0.01375
567, 71.28956, 0.0140273
568, 69.2703, 0.0144362
569, 29.89903, 0.0334459
570, 42.35619, 0.0236093
571, 82.04253, 0.0121888
572, 71.12527, 0.0140597
573, 71.56762, 0.0139728
574, 71.32973, 0.0140194
575, 68.74648, 0.0145462
576, 73.62578, 0.0135822
577, 70.9693, 0.0140906
578, 30.03896, 0.0332901
579, 105.6145, 0.0094684
580, 81.03005, 0.0123411
581, 71.53485, 0.0139792
582, 73.31862, 0.0136391
583, 70.9069, 0.014103
584, 72.07259, 0.0138749
585, 71.42704, 0.0140003
586, 72.38613, 0.0138148
587, 70.92802, 0.0140988
588, 30.77813, 0.0324906
589, 110.584, 0.0090429
590, 69.61559, 0.0143646
591, 72.91925, 0.0137138
592, 72.80193, 0.0137359
593, 70.79996, 0.0141243
594, 71.75969, 0.0139354
595, 72.87036, 0.013723
596, 71.97351, 0.013894
597, 70.10263, 0.0142648
598, 32.17918, 0.031076
599, 97.20345, 0.0102877
600, 70.91142, 0.0141021
601, 71.76124, 0.0139351
602, 71.30176, 0.0140249
603, 72.07935, 0.0138736
604, 72.54736, 0.0137841
605, 71.56301, 0.0139737
606, 59.0277, 0.0169412
607, 83.96799, 0.0119093
608, 32.63122, 0.0306455
609, 99.6125, 0.0100389
610, 71.7942, 0.0139287
611, 71.74374, 0.0139385
612, 71.3221, 0.0140209
613, 72.01913, 0.0138852
614, 71.96626, 0.0138954
615, 72.20477, 0.0138495
616, 71.35162, 0.0140151
617, 71.36536, 0.0140124
618, 31.4689, 0.0317774
619, 100.1061, 0.0099894
620, 72.38509, 0.013815
621, 71.48167, 0.0139896
622, 71.30989, 0.0140233
623, 72.82101, 0.0137323
624, 71.67072, 0.0139527
625, 72.32697, 0.0138261
626, 71.61887, 0.0139628
627, 69.74668, 0.0143376
628, 31.43063, 0.0318161
629, 102.2014, 0.0097846
630, 72.60846, 0.0137725
631, 72.32227, 0.013827
632, 70.84962, 0.0141144
633, 72.39819, 0.0138125
634, 71.82412, 0.0139229
635, 72.11521, 0.0138667
636, 71.61324, 0.0139639
637, 70.62047, 0.0141602
638, 31.14799, 0.0321048
639, 106.9256, 0.0093523
640, 71.26872, 0.0140314
641, 71.97662, 0.0138934
642, 71.90262, 0.0139077
643, 71.71132, 0.0139448
644, 71.5195, 0.0139822
645, 72.50527, 0.0137921
646, 71.37911, 0.0140097
647, 70.97635, 0.0140892
648, 31.71512, 0.0315307
649, 100.9958, 0.0099014
650, 70.92048, 0.0141003
651, 71.75094, 0.0139371
652, 71.11668, 0.0140614
653, 73.1636, 0.013668
654, 70.17544, 0.01425
655, 73.26383, 0.0136493
656, 71.6081, 0.0139649
657, 70.13803, 0.0142576
658, 30.90034, 0.0323621
659, 111.8368, 0.0089416
660, 71.82308, 0.0139231
661, 71.56096, 0.0139741
662, 71.60913, 0.0139647
663, 72.09234, 0.0138711
664, 71.60964, 0.0139646
665, 72.19226, 0.0138519
666, 71.42755, 0.0140002
667, 70.79846, 0.0141246
668, 72.71828, 0.0137517
669, 71.71029, 0.013945
670, 72.54578, 0.0137844
671, 71.78905, 0.0139297
672, 71.76845, 0.0139337
673, 71.45511, 0.0139948
674, 71.79163, 0.0139292
675, 70.09821, 0.0142657
676, 73.05135, 0.013689
677, 71.48781, 0.0139884
678, 69.59087, 0.0143697
679, 29.58571, 0.0338001
680, 107.1432, 0.0093333
681, 84.27369, 0.0118661
682, 71.26872, 0.0140314
683, 71.98232, 0.0138923
684, 71.96316, 0.013896
685, 71.89382, 0.0139094
686, 70.93104, 0.0140982
687, 71.59119, 0.0139682
688, 72.28201, 0.0138347
689, 30.19242, 0.0331209
690, 119.4972, 0.0083684
691, 69.89048, 0.0143081
692, 73.18662, 0.0136637
693, 71.48831, 0.0139883
694, 72.41602, 0.0138091
695, 71.20326, 0.0140443
696, 72.186, 0.0138531
697, 70.6569, 0.0141529
698, 73.06737, 0.013686
699, 29.84442, 0.0335071
700, 123.4751, 0.0080988
701, 70.94463, 0.0140955
702, 70.90539, 0.0141033
703, 72.41077, 0.0138101
704, 72.46797, 0.0137992
705, 70.67437, 0.0141494
706, 72.62217, 0.0137699
707, 72.12978, 0.0138639
708, 69.28662, 0.0144328
709, 31.07279, 0.0321825
710, 111.591, 0.0089613
711, 70.73087, 0.0141381
712, 72.36466, 0.0138189
713, 70.87875, 0.0141086
714, 71.90003, 0.0139082
715, 70.82454, 0.0141194
716, 73.7953, 0.013551
717, 71.09797, 0.0140651
718, 71.92899, 0.0139026
719, 30.23514, 0.0330741
720, 118.054, 0.0084707
721, 71.21797, 0.0140414
722, 71.70721, 0.0139456
723, 71.44286, 0.0139972
724, 71.45869, 0.0139941
725, 71.38829, 0.0140079
726, 73.30411, 0.0136418
727, 70.85816, 0.0141127
728, 71.90882, 0.0139065
729, 30.74898, 0.0325214
730, 110.4082, 0.0090573
731, 71.70618, 0.0139458
732, 71.62093, 0.0139624
733, 71.83031, 0.0139217
734, 71.63119, 0.0139604
735, 70.4032, 0.0142039
736, 73.62035, 0.0135832
737, 72.45222, 0.0138022
738, 70.1218, 0.0142609
739, 32.09377, 0.0311587
740, 96.02458, 0.010414
741, 71.82618, 0.0139225
742, 72.1709, 0.013856
743, 70.61449, 0.0141614
744, 72.91819, 0.013714
745, 71.04493, 0.0140756
746, 70.29827, 0.0142251
747, 72.76431, 0.013743
748, 72.27627, 0.0138358
749, 26.97869, 0.0370663
750, 149.488, 0.0066895
751, 87.16192, 0.0114729
752, 73.13898, 0.0136726
753, 71.03837, 0.0140769
754, 71.45971, 0.0139939
755, 72.00253, 0.0138884
756, 71.41684, 0.0140023
757, 70.52385, 0.0141796
758, 72.02068, 0.0138849
759, 29.6198, 0.0337612
760, 132.6718, 0.0075374
761, 69.95453, 0.014295
762, 71.84992, 0.0139179
763, 71.49547, 0.0139869
764, 71.62246, 0.0139621
765, 71.15816, 0.0140532
766, 72.60319, 0.0137735
767, 71.46584, 0.0139927
768, 69.63352, 0.0143609
769, 29.55292, 0.0338376
770, 110.5388, 0.0090466
771, 80.88129, 0.0123638
772, 71.87729, 0.0139126
773, 72.09857, 0.0138699
774, 70.84612, 0.0141151
775, 73.16841, 0.0136671
776, 71.00306, 0.0140839
777, 72.2079, 0.0138489
778, 70.40221, 0.0142041
779, 31.74442, 0.0315016
780, 100.1793, 0.0099821
781, 71.45409, 0.013995
782, 72.14071, 0.0138618
783, 71.53127, 0.0139799
784, 71.15564, 0.0140537
785, 72.48373, 0.0137962
786, 71.80658, 0.0139263
787, 71.96937, 0.0138948
788, 71.18806, 0.0140473
789, 31.8143, 0.0314324
790, 98.24437, 0.0101787
791, 71.75763, 0.0139358
792, 71.10252, 0.0140642
793, 72.30135, 0.013831
794, 70.76239, 0.0141318
795, 72.9501, 0.013708
796, 72.39662, 0.0138128
797, 71.78391, 0.0139307
798, 70.60352, 0.0141636
799, 31.32508, 0.0319233
800, 103.6033, 0.0096522
801, 71.16779, 0.0140513
802, 72.5321, 0.013787
803, 71.38676, 0.0140082
804, 71.57274, 0.0139718
805, 72.80988, 0.0137344
806, 71.03231, 0.0140781
807, 71.66969, 0.0139529
808, 71.78957, 0.0139296
809, 31.33529, 0.0319129
810, 102.0169, 0.0098023
811, 70.91796, 0.0141008
812, 73.39611, 0.0136247
813, 71.60452, 0.0139656
814, 72.23033, 0.0138446
815, 71.10656, 0.0140634
816, 72.3788, 0.0138162
817, 71.66609, 0.0139536
818, 70.36109, 0.0142124
819, 29.61384, 0.033768
820, 129.6916, 0.0077106
821, 71.27888, 0.0140294
822, 72.65858, 0.013763
823, 71.5369, 0.0139788
824, 71.46175, 0.0139935
825, 72.82897, 0.0137308
826, 71.45715, 0.0139944
827, 71.87057, 0.0139139
828, 71.30277, 0.0140247
829, 30.56328, 0.032719
830, 109.8358, 0.0091045
831, 72.92403, 0.0137129
832, 71.90158, 0.0139079
833, 71.86851, 0.0139143
834, 70.87122, 0.0141101
835, 72.4328, 0.0138059
836, 72.11105, 0.0138675
837, 72.19747, 0.0138509
838, 70.70235, 0.0141438
839, 29.8454, 0.033506
840, 126.167, 0.007926
841, 71.34805, 0.0140158
842, 71.144, 0.014056
843, 72.2225, 0.0138461
844, 71.56454, 0.0139734
845, 71.65377, 0.013956
846, 72.48163, 0.0137966
847, 71.57325, 0.0139717
848, 70.29877, 0.014225
849, 30.72197, 0.03255
850, 109.9469, 0.0090953
851, 72.76325, 0.0137432
852, 71.62811, 0.013961
853, 71.79369, 0.0139288
854, 71.28905, 0.0140274
855, 72.53893, 0.0137857
856, 71.04341, 0.0140759
857, 72.58896, 0.0137762
858, 71.23167, 0.0140387
859, 24.96193, 0.040061
860, 45.90652, 0.0217834
861, 126.815, 0.0078855
862, 73.28531, 0.0136453
863, 71.76587, 0.0139342
864, 71.89382, 0.0139094
865, 71.9202, 0.0139043
866, 69.07365, 0.0144773
867, 74.59736, 0.0134053
868, 72.36728, 0.0138184
869, 71.38319, 0.0140089
870, 72.35262, 0.0138212
871, 71.53741, 0.0139787
872, 69.57006, 0.014374
873, 74.13778, 0.0134884
874, 71.43469, 0.0139988
875, 72.13081, 0.0138637
876, 70.88981, 0.0141064
877, 69.61316, 0.0143651
878, 70.8115, 0.014122
879, 29.71609, 0.0336518
880, 112.1743, 0.0089147
881, 81.38683, 0.012287
882, 71.55994, 0.0139743
883, 69.58313, 0.0143713
884, 73.31754, 0.0136393
885, 72.35366, 0.013821
886, 71.41531, 0.0140026
887, 73.01988, 0.0136949
888, 70.77541, 0.0141292
889, 31.79033, 0.0314561
890, 98.46009, 0.0101564
891, 72.12145, 0.0138655
892, 71.7973, 0.0139281
893, 71.55737, 0.0139748
894, 69.14768, 0.0144618
895, 74.30801, 0.0134575
896, 72.86665, 0.0137237
897, 71.39746, 0.0140061
898, 70.99147, 0.0140862
899, 31.70638, 0.0315394
900, 100.01, 0.009999
901, 71.23421, 0.0140382
902, 71.64401, 0.0139579
903, 71.94296, 0.0138999
904, 71.28295, 0.0140286
905, 69.58507, 0.0143709
906, 75.33241, 0.0132745
907, 72.18184, 0.0138539
908, 70.53429, 0.0141775
909, 26.39909, 0.0378801
910, 166.4808, 0.0060067
911, 90.06413, 0.0111032
912, 71.89486, 0.0139092
913, 71.47861, 0.0139902
914, 70.27061, 0.0142307
915, 70.5791, 0.0141685
916, 71.99061, 0.0138907
917, 73.59922, 0.0135871
918, 70.40667, 0.0142032
919, 31.61926, 0.0316263
920, 98.84743, 0.0101166
921, 72.42703, 0.013807
922, 71.33889, 0.0140176
923, 71.4735, 0.0139912
924, 71.87988, 0.0139121
925, 71.79988, 0.0139276
926, 72.02691, 0.0138837
927, 70.4136, 0.0142018
928, 71.56249, 0.0139738
929, 30.40595, 0.0328883
930, 115.2153, 0.0086794
931, 71.48678, 0.0139886
932, 71.25501, 0.0140341
933, 71.44082, 0.0139976
934, 72.80935, 0.0137345
935, 72.00876, 0.0138872
936, 71.24283, 0.0140365
937, 71.9673, 0.0138952
938, 68.4894, 0.0146008
939, 28.39006, 0.0352236
940, 120.9848, 0.0082655
941, 88.83361, 0.011257
942, 72.06688, 0.013876
943, 71.94348, 0.0138998
944, 71.39594, 0.0140064
945, 71.85198, 0.0139175
946, 72.01498, 0.013886
947, 71.64915, 0.0139569
948, 70.57014, 0.0141703
949, 31.06555, 0.03219
950, 108.2778, 0.0092355
951, 71.02879, 0.0140788
952, 71.76021, 0.0139353
953, 71.32616, 0.0140201
954, 71.97921, 0.0138929
955, 71.01718, 0.0140811
956, 71.66712, 0.0139534
957, 72.3788, 0.0138162
958, 70.30519, 0.0142237
959, 27.44064, 0.0364423
960, 141.2469, 0.0070798
961, 88.26904, 0.011329
962, 71.75248, 0.0139368
963, 71.88245, 0.0139116
964, 71.28397, 0.0140284
965, 71.604, 0.0139657
966, 71.15816, 0.0140532
967, 72.1558, 0.0138589
968, 71.22811, 0.0140394
969, 28.37483, 0.0352425
970, 129.0889, 0.0077466
971, 80.3129, 0.0124513
972, 72.50843, 0.0137915
973, 70.77943, 0.0141284
974, 71.4735, 0.0139912
975, 72.55315, 0.013783
976, 71.36485, 0.0140125
977, 71.21645, 0.0140417
978, 71.81895, 0.0139239
979, 31.6609, 0.0315847
980, 99.6135, 0.0100388
981, 70.12131, 0.014261
982, 71.79833, 0.0139279
983, 72.28306, 0.0138345
984, 72.49581, 0.0137939
985, 71.79163, 0.0139292
986, 71.50672, 0.0139847
987, 71.62965, 0.0139607
988, 69.9242, 0.0143012
989, 29.70444, 0.033665
990, 132.4416, 0.0075505
991, 71.02273, 0.01408
992, 70.75138, 0.014134
993, 70.75639, 0.014133
994, 74.22913, 0.0134718
995, 71.94038, 0.0139004
996, 71.79575, 0.0139284
997, 70.26913, 0.014231
998, 72.51474, 0.0137903
999, 30.45967, 0.0328303
1000, 115.0298, 0.0086934
1001, 71.60554, 0.0139654
1002, 71.61579, 0.0139634
1003, 70.65191, 0.0141539
1004, 71.08634, 0.0140674
1005, 73.75393, 0.0135586
1006, 71.82154, 0.0139234
1007, 72.05598, 0.0138781
1008, 70.84561, 0.0141152
1009, 31.2672, 0.0319824
1010, 103.5433, 0.0096578
1011, 72.17299, 0.0138556
1012, 71.6317, 0.0139603
1013, 71.95694, 0.0138972
1014, 70.54674, 0.014175
1015, 72.01653, 0.0138857
1016, 72.61584, 0.0137711
1017, 71.38523, 0.0140085
1018, 69.79682, 0.0143273
1019, 28.09612, 0.0355921
1020, 123.0118, 0.0081293
1021, 88.46191, 0.0113043
1022, 71.54457, 0.0139773
1023, 71.70103, 0.0139468
1024, 71.51643, 0.0139828
1025, 70.35367, 0.0142139
1026, 72.22094, 0.0138464
1027, 73.93223, 0.0135259
1028, 70.86569, 0.0141112
1029, 30.65886, 0.032617
1030, 111.5673, 0.0089632
1031, 69.99223, 0.0142873
1032, 72.5442, 0.0137847
1033, 72.52316, 0.0137887
1034, 70.96577, 0.0140913
1035, 72.22198, 0.0138462
1036, 71.05351, 0.0140739
1037, 72.54841, 0.0137839
1038, 71.67585, 0.0139517
1039, 30.72357, 0.0325483
1040, 111.7156, 0.0089513
1041, 71.07118, 0.0140704
1042, 68.88001, 0.014518
1043, 74.86431, 0.0133575
1044, 71.58453, 0.0139695
1045, 72.37933, 0.0138161
1046, 71.77205, 0.013933
1047, 71.48985, 0.013988
1048, 70.56366, 0.0141716
1049, 32.0328, 0.031218
1050, 97.37668, 0.0102694
1051, 71.74734, 0.0139378
1052, 70.99197, 0.0140861
1053, 71.41174, 0.0140033
1054, 71.44184, 0.0139974
1055, 73.62632, 0.0135821
1056, 71.62914, 0.0139608
1057, 71.82773, 0.0139222
1058, 70.70186, 0.0141439
1059, 30.62131, 0.032657
1060, 113.4675, 0.0088131
1061, 70.85967, 0.0141124
1062, 71.86231, 0.0139155
1063, 71.42041, 0.0140016
1064, 71.87885, 0.0139123
1065, 72.39243, 0.0138136
1066, 71.98388, 0.013892
1067, 71.97507, 0.0138937
1068, 69.46616, 0.0143955
1069, 29.70109, 0.0336688
1070, 106.6178, 0.0093793
1071, 81.58138, 0.0122577
1072, 71.8004, 0.0139275
1073, 70.83708, 0.0141169
1074, 73.09514, 0.0136808
1075, 71.93882, 0.0139007
1076, 71.84476, 0.0139189
1077, 72.20947, 0.0138486
1078, 70.72786, 0.0141387
1079, 30.3835, 0.0329126
1080, 115.3429, 0.0086698
1081, 71.07573, 0.0140695
1082, 72.62639, 0.0137691
1083, 70.73186, 0.0141379
1084, 72.20269, 0.0138499
1085, 72.28568, 0.013834
1086, 71.91813, 0.0139047
1087, 71.47656, 0.0139906
1088, 71.49547, 0.0139869
1089, 31.84855, 0.0313986
1090, 97.68582, 0.0102369
1091, 71.77978, 0.0139315
1092, 71.84063, 0.0139197
1093, 69.58894, 0.0143701
1094, 73.74957, 0.0135594
1095, 72.14747, 0.0138605
1096, 71.84785, 0.0139183
1097, 71.04947, 0.0140747
1098, 71.15969, 0.0140529
1099, 31.94827, 0.0313006
1100, 98.00558, 0.0102035
1101, 71.94038, 0.0139004
1102, 71.55584, 0.0139751
1103, 70.67287, 0.0141497
1104, 73.0695, 0.0136856
1105, 72.1834, 0.0138536
1106, 71.51848, 0.0139824
1107, 72.10065, 0.0138695
1108, 70.7649, 0.0141313
1109, 31.32204, 0.0319264
1110, 102.521, 0.0097541
1111, 58.41906, 0.0171177
1112, 63.78324, 0.0156781
1113, 111.6857, 0.0089537
1114, 70.61399, 0.0141615
1115, 73.33045, 0.0136369
1116, 72.07675, 0.0138741
1117, 71.71903, 0.0139433
1118, 71.40511, 0.0140046
1119, 31.86408, 0.0313833
1120, 97.91443, 0.010213
1121, 71.25501, 0.0140341
1122, 71.70824, 0.0139454
1123, 71.95021, 0.0138985
1124, 72.00928, 0.0138871
1125, 71.44695, 0.0139964
1126, 72.40448, 0.0138113
1127, 71.28905, 0.0140274
1128, 71.25552, 0.014034
1129, 31.67504, 0.0315706
1130, 97.52102, 0.0102542
1131, 73.29014, 0.0136444
1132, 72.59844, 0.0137744
1133, 70.8883, 0.0141067
1134, 72.05856, 0.0138776
1135, 71.79833, 0.0139279
1136, 70.8662, 0.0141111
1137, 73.09834, 0.0136802
1138, 70.88126, 0.0141081
1139, 32.19119, 0.0310644
1140, 89.95314, 0.0111169
1141, 74.29475, 0.0134599
1142, 72.57895, 0.0137781
1143, 71.18248, 0.0140484
1144, 71.84888, 0.0139181
1145, 71.98335, 0.0138921
1146, 71.72623, 0.0139419
1147, 71.06967, 0.0140707
1148, 72.32122, 0.0138272
1149, 30.46505, 0.0328245
1150, 114.9386, 0.0087003
1151, 71.04392, 0.0140758
1152, 71.17691, 0.0140495
1153, 72.29351, 0.0138325
1154, 71.32871, 0.0140196
1155, 72.52683, 0.013788
1156, 71.63837, 0.013959
1157, 72.01861, 0.0138853
1158, 69.5449, 0.0143792
1159, 31.97851, 0.031271
1160, 101.35, 0.0098668
1161, 68.36205, 0.014628
1162, 74.66196, 0.0133937
1163, 71.74888, 0.0139375
1164, 71.90003, 0.0139082
1165, 71.52411, 0.0139813
1166, 71.45052, 0.0139957
1167, 70.43642, 0.0141972
1168, 70.50844, 0.0141827
1169, 27.2733, 0.0366659
1170, 48.48156, 0.0206264
1171, 85.04414, 0.0117586
1172, 72.33901, 0.0138238
1173, 71.21138, 0.0140427
1174, 72.1506, 0.0138599
1175, 71.87264, 0.0139135
1176, 72.13498, 0.0138629
1177, 70.63843, 0.0141566
1178, 29.42795, 0.0339813
1179, 134.0626, 0.0074592
1180, 71.11414, 0.0140619
1181, 71.75712, 0.0139359
1182, 72.13862, 0.0138622
1183, 71.42194, 0.0140013
1184, 71.84166, 0.0139195
1185, 72.45694, 0.0138013
1186, 72.08818, 0.0138719
1187, 71.08836, 0.014067
1188, 30.25361, 0.0330539
1189, 116.9632, 0.0085497
1190, 71.23268, 0.0140385
1191, 71.93365, 0.0139017
1192, 71.53844, 0.0139785
1193, 71.18704, 0.0140475
1194, 72.71775, 0.0137518
1195, 72.02535, 0.013884
1196, 71.77926, 0.0139316
1197, 70.6599, 0.0141523
1198, 30.97279, 0.0322864
1199, 96.1178, 0.0104039
1200, 75.00468, 0.0133325
1201, 69.96089, 0.0142937
1202, 78.99144, 0.0126596
1203, 70.3804, 0.0142085
1204, 72.42651, 0.0138071
1205, 71.57581, 0.0139712
1206, 71.84321, 0.0139192
1207, 70.26617, 0.0142316
1208, 31.81117, 0.0314355
1209, 99.23096, 0.0100775
1210, 70.31705, 0.0142213
1211, 72.84595, 0.0137276
1212, 70.24593, 0.0142357
1213, 73.2429, 0.0136532
1214, 72.47585, 0.0137977
1215, 71.75454, 0.0139364
1216, 71.10959, 0.0140628
1217, 69.45795, 0.0143972
1218, 29.9001, 0.0334447
1219, 106.6917, 0.0093728
1220, 79.9022, 0.0125153
1221, 71.98335, 0.0138921
1222, 72.94318, 0.0137093
1223, 72.12302, 0.0138652
1224, 71.57735, 0.0139709
1225, 71.82928, 0.0139219
1226, 70.87473, 0.0141094
1227, 71.28803, 0.0140276
1228, 31.88013, 0.0313675
1229, 98.91001, 0.0101102
1230, 71.25755, 0.0140336
1231, 71.36791, 0.0140119
1232, 72.80299, 0.0137357
1233, 71.82205, 0.0139233
1234, 71.54099, 0.013978
1235, 71.81071, 0.0139255
1236, 71.93106, 0.0139022
1237, 70.81551, 0.0141212
1238, 31.33392, 0.0319143
1239, 102.7295, 0.0097343
1240, 72.30344, 0.0138306
1241, 71.54867, 0.0139765
1242, 72.06168, 0.013877
1243, 71.50672, 0.0139847
1244, 72.2439, 0.013842
1245, 71.30328, 0.0140246
1246, 71.70978, 0.0139451
1247, 71.16222, 0.0140524
1248, 31.44595, 0.0318006
1249, 101.1695, 0.0098844
1250, 72.23241, 0.0138442
1251, 72.12509, 0.0138648
1252, 72.394, 0.0138133
1253, 70.84561, 0.0141152
1254, 72.12509, 0.0138648
1255, 72.18237, 0.0138538
1256, 70.84109, 0.0141161
1257, 72.12302, 0.0138652
1258, 31.55579, 0.0316899
1259, 98.08153, 0.0101956
1260, 73.00069, 0.0136985
1261, 70.63045, 0.0141582
1262, 73.3988, 0.0136242
1263, 71.50365, 0.0139853
1264, 72.12562, 0.0138647
1265, 71.15311, 0.0140542
1266, 72.01134, 0.0138867
1267, 70.72786, 0.0141387
1268, 30.21586, 0.0330952
1269, 121.0273, 0.0082626
1270, 71.19515, 0.0140459
1271, 71.57427, 0.0139715
1272, 71.56864, 0.0139726
1273, 72.52631, 0.0137881
1274, 71.91037, 0.0139062
1275, 71.78751, 0.01393
1276, 71.82721, 0.0139223
1277, 70.52734, 0.0141789
1278, 30.04383, 0.0332847
1279, 121.6471, 0.0082205
1280, 71.78493, 0.0139305
1281, 71.6394, 0.0139588
1282, 71.82257, 0.0139232
1283, 70.23064, 0.0142388
1284, 73.26115, 0.0136498
1285, 72.03988, 0.0138812
1286, 70.55321, 0.0141737
1287, 71.7566, 0.013936
1288, 28.0902, 0.0355996
1289, 173.9221, 0.0057497
1290, 71.22203, 0.0140406
1291, 72.16882, 0.0138564
1292, 71.32769, 0.0140198
1293, 71.89124, 0.0139099
1294, 71.15057, 0.0140547
1295, 72.24337, 0.0138421
1296, 72.53577, 0.0137863
1297, 70.6589, 0.0141525
1298, 72.92776, 0.0137122
1299, 71.51694, 0.0139827
1300, 70.58658, 0.014167
1301, 72.6908, 0.0137569
1302, 72.32488, 0.0138265
1303, 71.67945, 0.013951
1304, 72.04507, 0.0138802
1305, 70.83408, 0.0141175
1306, 72.68604, 0.0137578
1307, 71.76021, 0.0139353
1308, 71.46175, 0.0139935
1309, 71.37249, 0.014011
1310, 71.75197, 0.0139369
1311, 72.02587, 0.0138839
1312, 71.31498, 0.0140223
1313, 71.50723, 0.0139846
1314, 71.45409, 0.013995
1315, 73.39826, 0.0136243
1316, 71.65736, 0.0139553
1317, 71.41684, 0.0140023
1318, 71.71903, 0.0139433
1319, 69.37074, 0.0144153
1320, 29.72934, 0.0336368
1321, 106.4577, 0.0093934
1322, 82.85622, 0.0120691
1323, 69.19218, 0.0144525
1324, 75.09312, 0.0133168
1325, 72.23346, 0.013844
1326, 72.1881, 0.0138527
1327, 71.74888, 0.0139375
1328, 72.00928, 0.0138871
1329, 70.74938, 0.0141344
1330, 30.96387, 0.0322957
1331, 107.9634, 0.0092624
1332, 71.6317, 0.0139603
1333, 72.08662, 0.0138722
1334, 71.42092, 0.0140015
1335, 71.7494, 0.0139374
1336, 72.47585, 0.0137977
1337, 71.33736, 0.0140179
1338, 71.40562, 0.0140045
1339, 71.05048, 0.0140745
1340, 31.42213, 0.0318247
1341, 104.7669, 0.009545
1342, 70.98945, 0.0140866
1343, 71.9932, 0.0138902
1344, 71.71594, 0.0139439
1345, 71.79318, 0.0139289
1346, 71.59016, 0.0139684
1347, 72.29142, 0.0138329
1348, 71.36689, 0.0140121
1349, 69.89341, 0.0143075
1350, 31.52704, 0.0317188
1351, 104.0951, 0.0096066
1352, 72.00513, 0.0138879
1353, 71.69743, 0.0139475
1354, 71.50417, 0.0139852
1355, 71.57684, 0.013971
1356, 71.91813, 0.0139047
1357, 71.06866, 0.0140709
1358, 71.1911, 0.0140467
1359, 72.68604, 0.0137578
1360, 31.65669, 0.0315889
1361, 99.60953, 0.0100392
1362, 71.73859, 0.0139395
1363, 70.63494, 0.0141573
1364, 70.8662, 0.0141111
1365, 73.58569, 0.0135896
1366, 72.01083, 0.0138868
1367, 71.38676, 0.0140082
1368, 71.69024, 0.0139489
1369, 69.38132, 0.0144131
1370, 24.33037, 0.0411009
1371, 43.34972, 0.0230682
1372, 152.2024, 0.0065702
1373, 85.14189, 0.0117451
1374, 68.23097, 0.0146561
1375, 74.78089, 0.0133724
1376, 71.8365, 0.0139205
1377, 72.00928, 0.0138871
1378, 70.43692, 0.0141971
1379, 30.9587, 0.0323011
1380, 108.9669, 0.0091771
1381, 69.7389, 0.0143392
1382, 72.18497, 0.0138533
1383, 70.61, 0.0141623
1384, 72.50896, 0.0137914
1385, 72.17403, 0.0138554
1386, 70.36555, 0.0142115
1387, 73.40042, 0.0136239
1388, 71.15513, 0.0140538
1389, 28.708, 0.0348335
1390, 149.1958, 0.0067026
1391, 70.94262, 0.0140959
1392, 71.60503, 0.0139655
1393, 72.33273, 0.013825
1394, 70.42899, 0.0141987
1395, 71.81689, 0.0139243
1396, 74.09328, 0.0134965
1397, 71.5917, 0.0139681
1398, 70.46819, 0.0141908
1399, 31.90159, 0.0313464
1400, 98.23761, 0.0101794
1401, 71.65633, 0.0139555
1402, 71.9761, 0.0138935
1403, 70.71886, 0.0141405
1404, 73.16039, 0.0136686
1405, 70.84511, 0.0141153
1406, 72.85178, 0.0137265
1407, 71.07573, 0.0140695
1408, 71.34907, 0.0140156
1409, 31.69673, 0.031549
1410, 98.8406, 0.0101173
1411, 72.12822, 0.0138642
1412, 69.6025, 0.0143673
1413, 73.86288, 0.0135386
1414, 72.60741, 0.0137727
1415, 71.57787, 0.0139708
1416, 70.67188, 0.0141499
1417, 72.68921, 0.0137572
1418, 71.19668, 0.0140456
1419, 31.12811, 0.0321253
1420, 105.5598, 0.0094733
1421, 71.0308, 0.0140784
1422, 71.98077, 0.0138926
1423, 72.6459, 0.0137654
1424, 71.37911, 0.0140097
1425, 71.76278, 0.0139348
1426, 71.79833, 0.0139279
1427, 71.64401, 0.0139579
1428, 71.46788, 0.0139923
1429, 31.73918, 0.0315068
1430, 99.37296, 0.0100631
1431, 70.96628, 0.0140912
1432, 72.49319, 0.0137944
1433, 72.10221, 0.0138692
1434, 71.99061, 0.0138907
1435, 71.34042, 0.0140173
1436, 71.09139, 0.0140664
1437, 72.88311, 0.0137206
1438, 69.45023, 0.0143988
1439, 31.19697, 0.0320544
1440, 108.4446, 0.0092213
1441, 70.9557, 0.0140933
1442, 71.2337, 0.0140383
1443, 71.84579, 0.0139187
1444, 73.08446, 0.0136828
1445, 72.1506, 0.0138599
1446, 70.90942, 0.0141025
1447, 72.00409, 0.0138881
1448, 71.32769, 0.0140198
1449, 30.7896, 0.0324785
1450, 110.4277, 0.0090557
1451, 71.15057, 0.0140547
1452, 72.24233, 0.0138423
1453, 71.50058, 0.0139859
1454, 71.53638, 0.0139789
1455, 72.17194, 0.0138558
1456, 72.01498, 0.013886
1457, 70.84762, 0.0141148
1458, 72.1532, 0.0138594
1459, 72.62691, 0.013769
1460, 69.6665, 0.0143541
1461, 72.62058, 0.0137702
1462, 72.04974, 0.0138793
1463, 72.03106, 0.0138829
1464, 71.53281, 0.0139796
1465, 71.82825, 0.0139221
1466, 71.72984, 0.0139412
1467, 72.65488, 0.0137637
1468, 71.60861, 0.0139648
1469, 69.71653, 0.0143438
1470, 29.55843, 0.0338313
1471, 105.4085, 0.0094869
1472, 85.38397, 0.0117118
1473, 72.01342, 0.0138863
1474, 71.60503, 0.0139655
1475, 70.81953, 0.0141204
1476, 72.59106, 0.0137758
1477, 71.94452, 0.0138996
1478, 71.8236, 0.013923
1479, 70.21239, 0.0142425
1480, 30.629, 0.0326488
1481, 114.2218, 0.0087549
1482, 71.50826, 0.0139844
1483, 71.8525, 0.0139174
1484, 71.67072, 0.0139527
1485, 71.88039, 0.013912
1486, 71.77257, 0.0139329
1487, 72.00357, 0.0138882
1488, 70.82153, 0.01412
1489, 70.79546, 0.0141252
1490, 31.93317, 0.0313154
1491, 101.4868, 0.0098535
1492, 70.77541, 0.0141292
1493, 71.42603, 0.0140005
1494, 71.83598, 0.0139206
1495, 72.30344, 0.0138306
1496, 70.90942, 0.0141025
1497, 72.63852, 0.0137668
1498, 71.59888, 0.0139667
1499, 70.29284, 0.0142262
1500, 30.59461, 0.0326855
1501, 115.8239, 0.0086338
1502, 70.93406, 0.0140976
1503, 72.06116, 0.0138771
1504, 71.65531, 0.0139557
1505, 72.00409, 0.0138881
1506, 71.77308, 0.0139328
1507, 71.09139, 0.0140664
1508, 72.42021, 0.0138083
1509, 69.56377, 0.0143753
1510, 28.30359, 0.0353312
1511, 124.4586, 0.0080348
1512, 85.8045, 0.0116544
1513, 70.27703, 0.0142294
1514, 71.74271, 0.0139387
1515, 73.03428, 0.0136922
1516, 71.02525, 0.0140795
1517, 72.80563, 0.0137352
1518, 71.87626, 0.0139128
1519, 70.70836, 0.0141426
1520, 31.42372, 0.0318231
1521, 102.9273, 0.0097156
1522, 71.08584, 0.0140675
1523, 72.42074, 0.0138082
1524, 71.79111, 0.0139293
1525, 71.92123, 0.0139041
1526, 70.17297, 0.0142505
1527, 72.66861, 0.0137611
1528, 72.32018, 0.0138274
1529, 71.41888, 0.0140019
1530, 32.27066, 0.0309879
1531, 93.77872, 0.0106634
1532, 71.03837, 0.0140769
1533, 72.77279, 0.0137414
1534, 72.10065, 0.0138695
1535, 69.95355, 0.0142952
1536, 73.95684, 0.0135214
1537, 71.69076, 0.0139488
1538, 70.7644, 0.0141314
1539, 72.25069, 0.0138407
1540, 31.59807, 0.0316475
1541, 99.83428, 0.0100166
1542, 71.5456, 0.0139771
1543, 70.84612, 0.0141151
1544, 73.17216, 0.0136664
1545, 71.23116, 0.0140388
1546, 72.35523, 0.0138207
1547, 71.84166, 0.0139195
1548, 71.37759, 0.01401
1549, 70.97182, 0.0140901
1550, 30.63829, 0.0326389
1551, 110.9275, 0.0090149
1552, 72.45747, 0.0138012
1553, 71.45306, 0.0139952
1554, 71.41837, 0.014002
1555, 71.9352, 0.0139014
1556, 72.89745, 0.0137179
1557, 71.59426, 0.0139676
1558, 71.56147, 0.013974
1559, 71.60913, 0.0139647
1560, 28.0083, 0.0357037
1561, 167.4004, 0.0059737
1562, 72.16465, 0.0138572
1563, 69.58846, 0.0143702
1564, 72.12197, 0.0138654
1565, 71.68819, 0.0139493
1566, 73.87325, 0.0135367
1567, 72.34476, 0.0138227
1568, 71.48627, 0.0139887
1569, 71.13843, 0.0140571
1570, 30.73821, 0.0325328
1571, 109.3781, 0.0091426
1572, 71.72932, 0.0139413
1573, 72.37461, 0.013817
1574, 71.62144, 0.0139623
1575, 71.85198, 0.0139175
1576, 71.01668, 0.0140812
1577, 72.26896, 0.0138372
1578, 72.09545, 0.0138705
1579, 70.5338, 0.0141776
1580, 31.3819, 0.0318655
1581, 100.1382, 0.0099862
1582, 73.79475, 0.0135511
1583, 71.97559, 0.0138936
1584, 71.41786, 0.0140021
1585, 72.02172, 0.0138847
1586, 71.7906, 0.0139294
1587, 70.82404, 0.0141195
1588, 72.08402, 0.0138727
1589, 72.1381, 0.0138623
1590, 71.90675, 0.0139069
1591, 71.95798, 0.013897
1592, 69.02359, 0.0144878
1593, 73.75011, 0.0135593
1594, 73.06523, 0.0136864
1595, 71.46073, 0.0139937
1596, 71.26212, 0.0140327
1597, 72.34372, 0.0138229
1598, 72.02224, 0.0138846
1599, 70.59455, 0.0141654
1600, 71.7144, 0.0139442
1601, 73.4209, 0.0136201
1602, 71.00507, 0.0140835
1603, 72.02743, 0.0138836
1604, 71.88711, 0.0139107
1605, 72.16726, 0.0138567
1606, 71.54611, 0.013977
1607, 72.29456, 0.0138323
1608, 70.72886, 0.0141385
1609, 72.79239, 0.0137377
1610, 71.43265, 0.0139992
1611, 71.87367, 0.0139133
1612, 72.15893, 0.0138583
1613, 72.46535, 0.0137997
1614, 72.00305, 0.0138883
1615, 71.44541, 0.0139967
1616, 71.15969, 0.0140529
1617, 72.34215, 0.0138232
1618, 71.13387, 0.014058
1619, 72.36047, 0.0138197
1620, 71.80091, 0.0139274
1621, 71.93882, 0.0139007
1622, 70.99248, 0.014086
1623, 71.14805, 0.0140552
1624, 73.42144, 0.01362
1625, 72.06947, 0.0138755
1626, 71.03988, 0.0140766
1627, 72.43018, 0.0138064
1628, 71.69898, 0.0139472
1629, 71.8004, 0.0139275
1630, 71.70515, 0.013946
1631, 71.70927, 0.0139452
1632, 70.8672, 0.0141109
1633, 71.99528, 0.0138898
1634, 72.87886, 0.0137214
1635, 72.06636, 0.0138761
1636, 71.80968, 0.0139257
1637, 72.02535, 0.013884
1638, 70.91696, 0.014101
1639, 72.02535, 0.013884
1640, 72.04767, 0.0138797
1641, 71.84166, 0.0139195
1642, 71.66096, 0.0139546
1643, 71.718, 0.0139435
1644, 70.55669, 0.014173
1645, 72.7241, 0.0137506
1646, 71.94245, 0.0139
1647, 71.24994, 0.0140351
1648, 72.17611, 0.013855
1649, 71.81999, 0.0139237
1650, 72.10013, 0.0138696
1651, 71.87006, 0.013914
1652, 69.00597, 0.0144915
1653, 73.86179, 0.0135388
1654, 72.80988, 0.0137344
1655, 69.37315, 0.0144148
1656, 29.05811, 0.0344138
1657, 117.5364, 0.008508
1658, 81.92356, 0.0122065
1659, 72.34686, 0.0138223
1660, 58.97478, 0.0169564
1661, 61.021, 0.0163878
1662, 118.3936, 0.0084464
1663, 71.37096, 0.0140113
1664, 72.2319, 0.0138443
1665, 69.1128, 0.0144691
1666, 31.94164, 0.0313071
1667, 101.5878, 0.0098437
1668, 70.99399, 0.0140857
1669, 72.30083, 0.0138311
1670, 69.55457, 0.0143772
1671, 72.95755, 0.0137066
1672, 72.00047, 0.0138888
1673, 72.52367, 0.0137886
1674, 70.90841, 0.0141027
1675, 72.12041, 0.0138657
1676, 30.3181, 0.0329836
1677, 116.5556, 0.0085796
1678, 71.0071, 0.0140831
1679, 72.53472, 0.0137865
1680, 71.59375, 0.0139677
1681, 71.56147, 0.013974
1682, 71.83083, 0.0139216
1683, 71.94814, 0.0138989
1684, 71.65069, 0.0139566
1685, 71.44745, 0.0139963
1686, 31.32331, 0.0319251
1687, 103.8379, 0.0096304
1688, 71.47912, 0.0139901
1689, 71.61118, 0.0139643
1690, 71.95798, 0.013897
1691, 71.87936, 0.0139122
1692, 71.32261, 0.0140208
1693, 71.5415, 0.0139779
1694, 72.36152, 0.0138195
1695, 71.67688, 0.0139515
1696, 31.4914, 0.0317547
1697, 99.23687, 0.0100769
1698, 71.40816, 0.014004
1699, 71.75352, 0.0139366
1700, 72.76643, 0.0137426
1701, 69.50478, 0.0143875
1702, 73.62035, 0.0135832
1703, 68.75924, 0.0145435
1704, 75.8852, 0.0131778
1705, 70.0285, 0.0142799
1706, 29.5949, 0.0337896
1707, 109.181, 0.0091591
1708, 80.66598, 0.0123968
1709, 72.48058, 0.0137968
1710, 71.0631, 0.014072
1711, 72.25956, 0.013839
1712, 71.70052, 0.0139469
1713, 71.82463, 0.0139228
1714, 70.37892, 0.0142088
1715, 72.81412, 0.0137336
1716, 32.09552, 0.031157
1717, 96.82792, 0.0103276
1718, 71.02626, 0.0140793
1719, 71.24486, 0.0140361
1720, 72.63958, 0.0137666
1721, 72.10378, 0.0138689
1722, 71.38116, 0.0140093
1723, 71.46175, 0.0139935
1724, 72.20581, 0.0138493
1725, 70.54624, 0.0141751
1726, 32.08717, 0.0311651
1727, 96.67159, 0.0103443
1728, 71.47146, 0.0139916
1729, 72.63272, 0.0137679
1730, 70.07954, 0.0142695
1731, 72.2439, 0.013842
1732, 73.67948, 0.0135723
1733, 71.45664, 0.0139945
1734, 71.31294, 0.0140227
1735, 71.63477, 0.0139597
1736, 31.18763, 0.032064
1737, 105.7843, 0.0094532
1738, 71.04796, 0.014075
1739, 71.79575, 0.0139284
1740, 71.5999, 0.0139665
1741, 70.27407, 0.01423
1742, 73.98256, 0.0135167
1743, 71.73447, 0.0139403
1744, 71.70206, 0.0139466
1745, 71.25704, 0.0140337
1746, 31.57891, 0.0316667
1747, 100.2175, 0.0099783
1748, 71.62195, 0.0139622
1749, 71.13387, 0.014058
1750, 72.81995, 0.0137325
1751, 71.66352, 0.0139541
1752, 70.64542, 0.0141552
1753, 72.77173, 0.0137416
1754, 70.88479, 0.0141074
1755, 72.6438, 0.0137658
1756, 31.59897, 0.0316466
1757, 98.38356, 0.0101643
1758, 72.41339, 0.0138096
1759, 72.92191, 0.0137133
1760, 70.83106, 0.0141181
1761, 72.04871, 0.0138795
1762, 71.64196, 0.0139583
1763, 70.25728, 0.0142334
1764, 73.39826, 0.0136243
1765, 71.17539, 0.0140498
1766, 31.21108, 0.0320399
1767, 105.1094, 0.0095139
1768, 71.31193, 0.0140229
1769, 72.27418, 0.0138362
1770, 71.09393, 0.0140659
1771, 71.69384, 0.0139482
1772, 71.46839, 0.0139922
1773, 72.83533, 0.0137296
1774, 69.89487, 0.0143072
1775, 72.6169, 0.0137709
1776, 31.86398, 0.0313834
1777, 98.07671, 0.0101961
1778, 72.24024, 0.0138427
1779, 72.08558, 0.0138724
1780, 70.89835, 0.0141047
1781, 72.66597, 0.0137616
1782, 71.55994, 0.0139743
1783, 71.39848, 0.0140059
1784, 71.2134, 0.0140423
1785, 68.53587, 0.0145909
1786, 30.09483, 0.0332283
1787, 104.5708, 0.0095629
1788, 83.54847, 0.0119691
1789, 71.38371, 0.0140088
1790, 71.46941, 0.013992
1791, 72.0295, 0.0138832
1792, 72.23659, 0.0138434
1793, 71.70721, 0.0139456
1794, 71.44847, 0.0139961
1795, 69.87437, 0.0143114
1796, 30.74804, 0.0325224
1797, 115.5548, 0.0086539
1798, 71.19414, 0.0140461
1799, 72.16257, 0.0138576
1800, 71.48525, 0.0139889
1801, 72.14539, 0.0138609
1802, 71.26365, 0.0140324
1803, 71.84373, 0.0139191
1804, 70.99953, 0.0140846
1805, 71.9761, 0.0138935
1806, 30.89872, 0.0323638
1807, 109.2586, 0.0091526
1808, 71.00155, 0.0140842
1809, 72.17246, 0.0138557
1810, 71.39645, 0.0140063
1811, 70.81751, 0.0141208
1812, 73.02575, 0.0136938
1813, 70.08838, 0.0142677
1814, 73.83234, 0.0135442
1815, 69.64128, 0.0143593
1816, 29.04756, 0.0344263
1817, 130.7138, 0.0076503
1818, 75.1665, 0.0133038
1819, 71.65531, 0.0139557
1820, 72.60899, 0.0137724
1821, 71.52462, 0.0139812
1822, 70.19859, 0.0142453
1823, 71.30634, 0.014024
1824, 74.39536, 0.0134417
1825, 71.03736, 0.0140771
1826, 31.31763, 0.0319309
1827, 105.5721, 0.0094722
1828, 68.88239, 0.0145175
1829, 73.35304, 0.0136327
1830, 72.01498, 0.013886
1831, 71.94245, 0.0139
1832, 70.28345, 0.0142281
1833, 72.74526, 0.0137466
1834, 72.49213, 0.0137946
1835, 69.43384, 0.0144022
1836, 28.99425, 0.0344896
1837, 121.4034, 0.008237
1838, 80.34, 0.0124471
1839, 70.82705, 0.0141189
1840, 71.5282, 0.0139805
1841, 72.51106, 0.013791
1842, 73.13631, 0.0136731
1843, 70.93003, 0.0140984
1844, 71.624, 0.0139618
1845, 71.33329, 0.0140187
1846, 30.47749, 0.0328111
1847, 115.2671, 0.0086755
1848, 70.60252, 0.0141638
1849, 72.53104, 0.0137872
1850, 70.83206, 0.0141179
1851, 71.23521, 0.014038
1852, 74.55843, 0.0134123
1853, 71.35976, 0.0140135
1854, 71.56198, 0.0139739
1855, 71.15311, 0.0140542
1856, 30.85972, 0.0324047
1857, 108.6579, 0.0092032
1858, 67.91125, 0.0147251
1859, 75.92496, 0.0131709
1860, 72.09805, 0.01387
1861, 70.97081, 0.0140903
1862, 69.7039, 0.0143464
1863, 74.86991, 0.0133565
1864, 72.21259, 0.013848
1865, 70.88931, 0.0141065
1866, 32.08677, 0.0311655
1867, 93.03191, 0.010749
1868, 73.95301, 0.0135221
1869, 71.26619, 0.0140319
1870, 69.81242, 0.0143241
1871, 74.13009, 0.0134898
1872, 71.41939, 0.0140018
1873, 70.67138, 0.01415
1874, 73.66591, 0.0135748
1875, 71.14703, 0.0140554
1876, 31.85099, 0.0313962
1877, 97.45164, 0.0102615
1878, 70.15132, 0.0142549
1879, 71.79678, 0.0139282
1880, 73.71641, 0.0135655
1881, 71.56762, 0.0139728
1882, 71.33838, 0.0140177
1883, 71.87109, 0.0139138
1884, 71.44184, 0.0139974
1885, 71.79627, 0.0139283
1886, 31.03258, 0.0322242
1887, 106.5008, 0.0093896
1888, 71.7067, 0.0139457
1889, 71.86593, 0.0139148
1890, 71.83392, 0.013921
1891, 72.17455, 0.0138553
1892, 71.50417, 0.0139852
1893, 72.10065, 0.0138695
1894, 71.16019, 0.0140528
1895, 70.16707, 0.0142517
1896, 32.19233, 0.0310633
1897, 97.71255, 0.0102341
1898, 71.04089, 0.0140764
1899, 72.40081, 0.013812
1900, 70.90841, 0.0141027
1901, 72.6227, 0.0137698
1902, 71.63273, 0.0139601
1903, 71.78905, 0.0139297
1904, 71.29311, 0.0140266
1905, 71.41531, 0.0140026
1906, 29.90923, 0.0334345
1907, 125.285, 0.0079818
1908, 71.55635, 0.013975
1909, 71.58453, 0.0139695
1910, 71.74322, 0.0139386
1911, 71.61734, 0.0139631
1912, 71.68562, 0.0139498
1913, 72.1657, 0.013857
1914, 72.13186, 0.0138635
1915, 70.80849, 0.0141226
1916, 31.03653, 0.0322201
1917, 106.3106, 0.0094064
1918, 71.7669, 0.013934
1919, 72.22355, 0.0138459
1920, 71.60297, 0.0139659
1921, 72.16882, 0.0138564
1922, 71.79988, 0.0139276
1923, 51.52143, 0.0194094
1924, 78.18364, 0.0127904
1925, 76.10929, 0.013139
1926, 28.94423, 0.0345492
1927, 103.4972, 0.0096621
1928, 61.25462, 0.0163253
1929, 68.2198, 0.0146585
1930, 67.85136, 0.0147381
1931, 67.80396, 0.0147484
1932, 71.20935, 0.0140431
1933, 69.12617, 0.0144663
1934, 69.6471, 0.0143581
1935, 69.23099, 0.0144444
1936, 28.93066, 0.0345654
1937, 108.3424, 0.00923
1938, 82.03647, 0.0121897
1939, 71.39084, 0.0140074
1940, 71.04745, 0.0140751
1941, 71.30836, 0.0140236
1942, 71.35874, 0.0140137
1943, 71.65479, 0.0139558
1944, 70.72036, 0.0141402
1945, 71.47196, 0.0139915
1946, 31.74543, 0.0315006
1947, 97.60383, 0.0102455
1948, 71.49036, 0.0139879
1949, 71.14096, 0.0140566
1950, 72.20737, 0.013849
1951, 71.92692, 0.013903
1952, 71.5195, 0.0139822
1953, 71.85612, 0.0139167
1954, 69.2492, 0.0144406
1955, 73.81054, 0.0135482
1956, 31.63446, 0.0316111
1957, 99.53616, 0.0100466
1958, 71.55379, 0.0139755
1959, 71.86593, 0.0139148
1960, 71.21087, 0.0140428
1961, 71.95798, 0.013897
1962, 72.09026, 0.0138715
1963, 71.78854, 0.0139298
1964, 71.85043, 0.0139178
1965, 70.82103, 0.0141201
1966, 31.25713, 0.0319927
1967, 105.2299, 0.009503
1968, 71.60503, 0.0139655
1969, 71.81329, 0.013925
1970, 71.45971, 0.0139939
1971, 70.29037, 0.0142267
1972, 73.48727, 0.0136078
1973, 71.92796, 0.0139028
1974, 70.6589, 0.0141525
1975, 72.01913, 0.0138852
1976, 31.45742, 0.031789
1977, 102.2683, 0.0097782
1978, 72.06688, 0.013876
1979, 71.67842, 0.0139512
1980, 71.18755, 0.0140474
1981, 72.21729, 0.0138471
1982, 71.64658, 0.0139574
1983, 71.47401, 0.0139911
1984, 70.87373, 0.0141096
1985, 72.94691, 0.0137086
1986, 31.91208, 0.0313361
1987, 94.61812, 0.0105688
1988, 72.53157, 0.0137871
1989, 72.36047, 0.0138197
1990, 71.30176, 0.0140249
1991, 71.40715, 0.0140042
1992, 71.64452, 0.0139578
1993, 71.87574, 0.0139129
1994, 72.15163, 0.0138597
1995, 69.77199, 0.0143324
1996, 29.25961, 0.0341768
1997, 116.5773, 0.008578
1998, 78.34228, 0.0127645
1999, 73.46459, 0.013612
2000, 71.78545, 0.0139304
2001, 70.95168, 0.0140941
2002, 71.66352, 0.0139541
2003, 73.54726, 0.0135967
2004, 70.49303, 0.0141858
2005, 72.17976, 0.0138543
2006, 31.95623, 0.0312928
2007, 97.98541, 0.0102056
2008, 71.07927, 0.0140688
2009, 70.75438, 0.0141334
2010, 72.51631, 0.01379
2011, 71.22406, 0.0140402
2012, 72.68604, 0.0137578
2013, 71.58555, 0.0139693
2014, 72.13134, 0.0138636
2015, 69.97509, 0.0142908
2016, 31.009, 0.0322487
2017, 110.6427, 0.0090381
2018, 71.40919, 0.0140038
2019, 69.89292, 0.0143076
2020, 73.9738, 0.0135183
2021, 71.94659, 0.0138992
2022, 71.49496, 0.013987
2023, 71.34602, 0.0140162
2024, 71.74682, 0.0139379
2025, 70.27654, 0.0142295
2026, 29.72616, 0.0336404
2027, 130.0373, 0.0076901
2028, 70.10116, 0.0142651
2029, 73.24612, 0.0136526
2030, 71.29108, 0.014027
2031, 71.87419, 0.0139132
2032, 71.7633, 0.0139347
2033, 72.59001, 0.013776
2034, 71.6512, 0.0139565
2035, 71.21544, 0.0140419
2036, 28.97736, 0.0345097
2037, 142.1788, 0.0070334
2038, 72.38509, 0.013815
2039, 71.45664, 0.0139945
2040, 71.80503, 0.0139266
2041, 71.65274, 0.0139562
2042, 71.62914, 0.0139608
2043, 71.70309, 0.0139464
2044, 72.161, 0.0138579
2045, 71.02879, 0.0140788
2046, 31.60436, 0.0316412
2047, 97.77847, 0.0102272
2048, 72.84489, 0.0137278
2049, 72.41654, 0.013809
2050, 70.86921, 0.0141105
2051, 72.25851, 0.0138392
2052, 71.61118, 0.0139643
2053, 72.25069, 0.0138407
2054, 71.38829, 0.0140079
2055, 71.60195, 0.0139661
2056, 30.37455, 0.0329223
2057, 113.9562, 0.0087753
2058, 72.36728, 0.0138184
2059, 71.94296, 0.0138999
2060, 71.64196, 0.0139583
2061, 71.77721, 0.013932
2062, 71.66917, 0.013953
2063, 72.12978, 0.0138639
2064, 70.85013, 0.0141143
2065, 71.83701, 0.0139204
2066, 31.97534, 0.0312741
2067, 95.26169, 0.0104974
2068, 72.40762, 0.0138107
2069, 71.86903, 0.0139142
2070, 71.63426, 0.0139598
2071, 71.90365, 0.0139075
2072, 72.04352, 0.0138805
2073, 71.81586, 0.0139245
2074, 70.04174, 0.0142772
2075, 72.27209, 0.0138366
2076, 31.95123, 0.0312977
2077, 98.36517, 0.0101662
2078, 71.17438, 0.01405
2079, 71.88659, 0.0139108
2080, 71.54509, 0.0139772
2081, 72.18079, 0.0138541
2082, 72.2152, 0.0138475
2083, 71.55482, 0.0139753
2084, 72.03106, 0.0138829
2085, 70.93507, 0.0140974
2086, 30.26405, 0.0330425
2087, 118.6535, 0.0084279
2088, 70.66888, 0.0141505
2089, 71.86748, 0.0139145
2090, 71.73807, 0.0139396
2091, 71.82463, 0.0139228
2092, 71.40154, 0.0140053
2093, 71.4735, 0.0139912
2094, 71.51132, 0.0139838
2095, 69.16777, 0.0144576
2096, 28.44028, 0.0351614
2097, 127.4697, 0.007845
2098, 84.66898, 0.0118107
2099, 71.19211, 0.0140465
2100, 71.8959, 0.013909
2101, 70.95369, 0.0140937
2102, 72.59949, 0.0137742
2103, 71.26619, 0.0140319
2104, 71.13944, 0.0140569
2105, 71.89899, 0.0139084
2106, 30.54461, 0.032739
2107, 113.3736, 0.0088204
2108, 71.60349, 0.0139658
2109, 72.02535, 0.013884
2110, 72.21677, 0.0138472
2111, 71.63221, 0.0139602
2112, 71.48933, 0.0139881
2113, 71.718, 0.0139435
2114, 71.62298, 0.013962
2115, 71.17944, 0.014049
2116, 30.67419, 0.0326007
2117, 113.5744, 0.0088048
2118, 71.3455, 0.0140163
2119, 71.08432, 0.0140678
2120, 72.07156, 0.0138751
2121, 72.40868, 0.0138105
2122, 71.64709, 0.0139573
2123, 71.58298, 0.0139698
2124, 71.79627, 0.0139283
2125, 68.1812, 0.0146668
2126, 29.53887, 0.0338537
2127, 143.9802, 0.0069454
2128, 70.72286, 0.0141397
2129, 72.01083, 0.0138868
2130, 69.87437, 0.0143114
2131, 73.96614, 0.0135197
2132, 71.45869, 0.0139941
2133, 72.21259, 0.013848
2134, 71.68407, 0.0139501
2135, 71.15716, 0.0140534
2136, 30.52093, 0.0327644
2137, 115.3589, 0.0086686
2138, 71.00306, 0.0140839
2139, 71.80503, 0.0139266
2140, 71.4352, 0.0139987
2141, 71.00458, 0.0140836
2142, 72.67389, 0.0137601
2143, 71.59682, 0.0139671
2144, 70.55022, 0.0141743
2145, 70.48409, 0.0141876
2146, 28.29631, 0.0353403
2147, 107.1168, 0.0093356
2148, 101.5198, 0.0098503
2149, 71.21696, 0.0140416
2150, 71.04846, 0.0140749
2151, 70.53728, 0.0141769
2152, 71.94865, 0.0138988
2153, 72.89799, 0.0137178
2154, 71.28295, 0.0140286
2155, 71.15816, 0.0140532
2156, 30.54573, 0.0327378
2157, 111.2013, 0.0089927
2158, 72.41235, 0.0138098
2159, 71.93365, 0.0139017
2160, 71.42653, 0.0140004
2161, 71.31802, 0.0140217
2162, 72.16778, 0.0138566
2163, 70.28542, 0.0142277
2164, 72.94798, 0.0137084
2165, 71.86903, 0.0139142
2166, 31.62506, 0.0316205
2167, 100.2697, 0.0099731
2168, 70.2331, 0.0142383
2169, 71.9958, 0.0138897
2170, 71.78339, 0.0139308
2171, 71.12072, 0.0140606
2172, 73.86124, 0.0135389
2173, 71.35823, 0.0140138
2174, 71.20884, 0.0140432
2175, 70.88931, 0.0141065
2176, 30.70593, 0.032567
2177, 80.16739, 0.0124739
2178, 64.20876, 0.0155742
2179, 113.2875, 0.0088271
2180, 73.32507, 0.0136379
2181, 71.88659, 0.0139108
2182, 71.85302, 0.0139173
2183, 71.24334, 0.0140364
2184, 72.43595, 0.0138053
2185, 69.66408, 0.0143546
2186, 32.19554, 0.0310602
2187, 97.45924, 0.0102607
2188, 70.23409, 0.0142381
2189, 72.77967, 0.0137401
2190, 71.67945, 0.013951
2191, 70.59554, 0.0141652
2192, 73.24612, 0.0136526
2193, 71.83443, 0.0139209
2194, 71.81071, 0.0139255
2195, 70.96225, 0.014092
2196, 32.58847, 0.0306857
2197, 92.01409, 0.0108679
2198, 71.16931, 0.014051
2199, 72.24755, 0.0138413
2200, 71.4735, 0.0139912
2201, 71.07421, 0.0140698
2202, 72.26478, 0.013838
2203, 72.42598, 0.0138072
2204, 71.49547, 0.0139869
2205, 71.29921, 0.0140254
2206, 31.585, 0.0316606
2207, 99.58771, 0.0100414
2208, 72.09805, 0.01387
2209, 71.49956, 0.0139861
2210, 72.13862, 0.0138622
2211, 70.57861, 0.0141686
2212, 73.11759, 0.0136766
2213, 72.09389, 0.0138708
2214, 71.64094, 0.0139585
2215, 70.81, 0.0141223
2216, 31.15294, 0.0320997
2217, 105.8055, 0.0094513
2218, 71.0192, 0.0140807
2219, 71.18958, 0.014047
2220, 72.81147, 0.0137341
2221, 71.14653, 0.0140555
2222, 72.43804, 0.0138049
2223, 71.66148, 0.0139545
2224, 72.03988, 0.0138812
2225, 71.0419, 0.0140762
2226, 30.8327, 0.0324331
2227, 110.097, 0.0090829
2228, 70.8682, 0.0141107
2229, 72.41916, 0.0138085
2230, 71.8959, 0.013909
2231, 70.82203, 0.0141199
2232, 73.26168, 0.0136497
2233, 71.46686, 0.0139925
2234, 70.69836, 0.0141446
2235, 69.0541, 0.0144814
2236, 29.219, 0.0342243
2237, 147.18, 0.0067944
2238, 70.1587, 0.0142534
2239, 72.88895, 0.0137195
2240, 70.83257, 0.0141178
2241, 73.2488, 0.0136521
2242, 71.61631, 0.0139633
2243, 71.93882, 0.0139007
2244, 71.72315, 0.0139425
2245, 70.9693, 0.0140906
2246, 71.05048, 0.0140745
2247, 74.3699, 0.0134463
2248, 71.28092, 0.014029
2249, 72.33901, 0.0138238
2250, 71.45562, 0.0139947
2251, 71.95746, 0.0138971
2252, 71.20884, 0.0140432
2253, 72.63166, 0.0137681
2254, 71.78236, 0.013931
2255, 72.12926, 0.013864
2256, 71.09645, 0.0140654
2257, 71.87057, 0.0139139
2258, 71.2058, 0.0140438
2259, 72.77491, 0.013741
2260, 71.45869, 0.0139941
2261, 71.98388, 0.013892
2262, 71.98647, 0.0138915
2263, 71.82566, 0.0139226
2264, 71.53946, 0.0139783
2265, 71.67945, 0.013951
2266, 71.91761, 0.0139048
2267, 71.30074, 0.0140251
2268, 72.57579, 0.0137787
2269, 72.06376, 0.0138766
2270, 70.6549, 0.0141533
2271, 70.78443, 0.0141274
2272, 74.33673, 0.0134523
2273, 71.33176, 0.014019
2274, 72.39662, 0.0138128
2275, 71.59682, 0.0139671
2276, 70.48905, 0.0141866
2277, 73.14165, 0.0136721
2278, 71.15462, 0.0140539
2279, 71.87988, 0.0139121
2280, 72.67495, 0.0137599
2281, 71.43469, 0.0139988
2282, 70.51788, 0.0141808
2283, 73.55104, 0.013596
2284, 71.78802, 0.0139299
2285, 71.74322, 0.0139386
2286, 71.5415, 0.0139779
2287, 71.95798, 0.013897
2288, 71.32006, 0.0140213
2289, 71.5835, 0.0139697
2290, 72.97513, 0.0137033
2291, 70.65141, 0.014154
2292, 72.85125, 0.0137266
2293, 71.83495, 0.0139208
2294, 71.71594, 0.0139439
2295, 72.25486, 0.0138399
2296, 71.76845, 0.0139337
2297, 71.42551, 0.0140006
2298, 71.11162, 0.0140624
2299, 72.32854, 0.0138258
2300, 70.47861, 0.0141887
2301, 72.40501, 0.0138112
2302, 72.88736, 0.0137198
2303, 71.86541, 0.0139149
2304, 72.07363, 0.0138747
2305, 71.05502, 0.0140736
2306, 72.22146, 0.0138463
2307, 71.8716, 0.0139137
2308, 72.2956, 0.0138321
2309, 71.16931, 0.014051
2310, 72.27104, 0.0138368
2311, 71.0076, 0.014083
2312, 71.3781, 0.0140099
2313, 72.72939, 0.0137496
2314, 72.16621, 0.0138569
2315, 71.88866, 0.0139104
2316, 71.11768, 0.0140612
2317, 72.41444, 0.0138094
2318, 71.8365, 0.0139205
2319, 71.99683, 0.0138895
2320, 71.36893, 0.0140117
2321, 72.11209, 0.0138673
2322, 69.9986, 0.014286
2323, 73.92348, 0.0135275
2324, 71.37199, 0.0140111
2325, 72.02224, 0.0138846
2326, 71.9761, 0.0138935
2327, 71.68768, 0.0139494
2328, 71.49649, 0.0139867
2329, 71.82825, 0.0139221
2330, 72.19904, 0.0138506
2331, 71.7, 0.013947
2332, 71.15665, 0.0140535
2333, 72.42441, 0.0138075
2334, 71.67585, 0.0139517
2335, 72.15945, 0.0138582
2336, 71.91761, 0.0139048
2337, 71.99994, 0.0138889
2338, 71.85818, 0.0139163
2339, 71.46532, 0.0139928
2340, 71.90417, 0.0139074
2341, 71.16526, 0.0140518
2342, 72.40815, 0.0138106
2343, 72.23607, 0.0138435
2344, 71.08735, 0.0140672
2345, 72.41811, 0.0138087
2346, 72.00824, 0.0138873
2347, 71.29769, 0.0140257
2348, 72.3275, 0.013826
2349, 71.75403, 0.0139365
2350, 71.12325, 0.0140601
2351, 72.18393, 0.0138535
2352, 71.88814, 0.0139105
2353, 71.89538, 0.0139091
2354, 72.02068, 0.0138849
2355, 71.03887, 0.0140768
2356, 72.84223, 0.0137283
2357, 71.51899, 0.0139823
2358, 71.61118, 0.0139643
2359, 72.05026, 0.0138792
2360, 69.94083, 0.0142978
2361, 74.11855, 0.0134919
2362, 71.46124, 0.0139936
2363, 72.34476, 0.0138227
2364, 71.32719, 0.0140199
2365, 71.62605, 0.0139614
2366, 70.88177, 0.014108
2367, 70.98844, 0.0140868
2368, 72.36466, 0.0138189
2369, 73.22413, 0.0136567
2370, 71.58504, 0.0139694
2371, 71.89951, 0.0139083
2372, 72.41287, 0.0138097
2373, 71.30684, 0.0140239
2374, 70.8416, 0.014116
2375, 73.53806, 0.0135984
2376, 71.41837, 0.014002
2377, 71.0202, 0.0140805
2378, 72.54999, 0.0137836
2379, 71.66045, 0.0139547
2380, 70.78744, 0.0141268
2381, 73.06043, 0.0136873
2382, 71.53332, 0.0139795
2383, 71.70618, 0.0139458
2384, 71.91399, 0.0139055
2385, 71.89279, 0.0139096
2386, 72.11573, 0.0138666
2387, 70.71786, 0.0141407
2388, 71.85457, 0.013917
2389, 71.5236, 0.0139814
2390, 72.55841, 0.013782
2391, 71.69641, 0.0139477
2392, 72.26321, 0.0138383
2393, 72.29926, 0.0138314
2394, 71.70412, 0.0139462
2395, 71.6625, 0.0139543
2396, 71.94452, 0.0138996
2397, 71.04796, 0.014075
2398, 72.6871, 0.0137576
2399, 71.20022, 0.0140449
2400, 72.11469, 0.0138668
2401, 71.46992, 0.0139919
2402, 72.80352, 0.0137356
2403, 70.67487, 0.0141493
2404, 72.49739, 0.0137936
2405, 71.70721, 0.0139456
2406, 71.93986, 0.0139005
2407, 71.80761, 0.0139261
2408, 71.96574, 0.0138955
2409, 71.03887, 0.0140768
2410, 71.31345, 0.0140226
2411, 73.48402, 0.0136084
2412, 71.78648, 0.0139302
2413, 71.46788, 0.0139923
2414, 71.84269, 0.0139193
2415, 71.37096, 0.0140113
2416, 72.21833, 0.0138469
2417, 71.96212, 0.0138962
2418, 71.55686, 0.0139749
2419, 71.92226, 0.0139039
2420, 71.13843, 0.0140571
2421, 68.4772, 0.0146034
2422, 76.62717, 0.0130502
2423, 72.05389, 0.0138785
2424, 71.65633, 0.0139555
2425, 71.36333, 0.0140128
2426, 72.11781, 0.0138662
2427, 70.98794, 0.0140869
2428, 72.44015, 0.0138045
2429, 72.19226, 0.0138519
2430, 70.99751, 0.014085
2431, 71.66558, 0.0139537
2432, 69.09513, 0.0144728
2433, 71.11314, 0.0140621
2434, 73.23003, 0.0136556
2435, 69.53957, 0.0143803
2436, 73.75882, 0.0135577
2437, 71.06967, 0.0140707
2438, 71.94245, 0.0139
2439, 70.63245, 0.0141578
2440, 74.34557, 0.0134507
2441, 71.84269, 0.0139193
2442, 56.15864, 0.0178067
2443, 94.44209, 0.0105885
2444, 73.99514, 0.0135144
2445, 69.42902, 0.0144032
2446, 75.60808, 0.0132261
2447, 71.90985, 0.0139063
2448, 74.75349, 0.0133773
2449, 71.33939, 0.0140175
2450, 72.03054, 0.013883
2451, 70.97786, 0.0140889
2452, 71.83031, 0.0139217
2453, 72.9911, 0.0137003
2454, 70.66389, 0.0141515
2455, 69.61365, 0.014365
2456, 75.35341, 0.0132708
2457, 69.62867, 0.0143619
2458, 73.85797, 0.0135395
2459, 72.42388, 0.0138076
2460, 69.37748, 0.0144139
2461, 74.12404, 0.0134909
2462, 72.18079, 0.0138541
2463, 71.29871, 0.0140255
2464, 72.27731, 0.0138356
2465, 71.1688, 0.0140511
2466, 71.53127, 0.0139799
2467, 71.85147, 0.0139176
2468, 71.50467, 0.0139851
2469, 69.23626, 0.0144433
2470, 74.44464, 0.0134328
2471, 72.25121, 0.0138406
2472, 71.76587, 0.0139342
2473, 71.16931, 0.014051
2474, 72.80723, 0.0137349
2475, 71.70412, 0.0139462
2476, 71.53332, 0.0139795
2477, 72.3411, 0.0138234
2478, 71.90417, 0.0139074
2479, 41.6098, 0.0240328
2480, 54.82426, 0.0182401
2481, 73.42144, 0.01362
2482, 74.14877, 0.0134864
2483, 70.95067, 0.0140943
2484, 22.54939, 0.0443471
