Frame, FPS, Frame Time
1, 50, 0.02
2, 50, 0.02
3, 3, 0.3333333
4, 8.845862, 0.1130472
5, 101.1992, 0.0098815
6, 170.4332, 0.0058674
7, 186.2301, 0.0053697
8, 169.6669, 0.0058939
9, 186.4002, 0.0053648
10, 195.492, 0.0051153
11, 163.6045, 0.0061123
12, 155.8822, 0.0064151
13, 183.0429, 0.0054632
14, 163.3213, 0.0061229
15, 184.6893, 0.0054145
16, 201.187, 0.0049705
17, 152.1398, 0.0065729
18, 163.7358, 0.0061074
19, 175.5772, 0.0056955
20, 180.8057, 0.0055308
21, 174.1341, 0.0057427
22, 194.6927, 0.0051363
23, 170.3084, 0.0058717
24, 186.5811, 0.0053596
25, 169.8139, 0.0058888
26, 171.3708, 0.0058353
27, 201.5357, 0.0049619
28, 156.7718, 0.0063787
29, 181.4586, 0.0055109
30, 179.63, 0.005567
31, 190.8907, 0.0052386
32, 202.8356, 0.0049301
33, 173.3974, 0.0057671
34, 186.4663, 0.0053629
35, 198.2043, 0.0050453
36, 172.8668, 0.0057848
37, 187.3045, 0.0053389
38, 173.2232, 0.0057729
39, 173.1632, 0.0057749
40, 179.785, 0.0055622
41, 188.3275, 0.0053099
42, 174.6328, 0.0057263
43, 192.7302, 0.0051886
44, 181.5442, 0.0055083
45, 194.8292, 0.0051327
46, 182.4351, 0.0054814
47, 169.7706, 0.0058903
48, 190.7814, 0.0052416
49, 182.595, 0.0054766
50, 151.5243, 0.0065996
51, 181.1529, 0.0055202
52, 203.8861, 0.0049047
53, 171.9572, 0.0058154
54, 190.295, 0.005255
55, 183.6379, 0.0054455
56, 164.3439, 0.0060848
57, 162.6386, 0.0061486
58, 174.3649, 0.0057351
59, 192.6226, 0.0051915
60, 176.3482, 0.0056706
61, 181.5475, 0.0055082
62, 197.2815, 0.0050689
63, 184.1926, 0.0054291
64, 179.7236, 0.0055641
65, 178.3167, 0.005608
66, 172.3365, 0.0058026
67, 149.6267, 0.0066833
68, 153.6547, 0.0065081
69, 138.5118, 0.0072196
70, 17.37336, 0.0575594
71, 156.8578, 0.0063752
72, 162.2586, 0.006163
73, 147.6124, 0.0067745
74, 195.1067, 0.0051254
75, 167.3304, 0.0059762
76, 181.0217, 0.0055242
77, 177.7083, 0.0056272
78, 166.406, 0.0060094
79, 169.199, 0.0059102
80, 180.551, 0.0055386
81, 162.7604, 0.006144
82, 182.6284, 0.0054756
83, 190.6033, 0.0052465
84, 165.8677, 0.0060289
85, 170.6689, 0.0058593
86, 167.7852, 0.00596
87, 168.6511, 0.0059294
88, 193.6558, 0.0051638
89, 145.0326, 0.006895
90, 162.1245, 0.0061681
91, 197.9101, 0.0050528
92, 154.4044, 0.0064765
93, 176.2115, 0.005675
94, 173.9584, 0.0057485
95, 167.6418, 0.0059651
96, 170.1606, 0.0058768
97, 170.9285, 0.0058504
98, 175.248, 0.0057062
99, 194.1898, 0.0051496
100, 181.2021, 0.0055187
101, 171.8745, 0.0058182
102, 181.9571, 0.0054958
103, 176.4727, 0.0056666
104, 163.4601, 0.0061177
105, 179.3465, 0.0055758
106, 197.6988, 0.0050582
107, 163.4815, 0.0061169
108, 175.4232, 0.0057005
109, 180.0634, 0.0055536
110, 159.0002, 0.0062893
111, 32.47281, 0.030795
112, 159.7827, 0.0062585
113, 158.1978, 0.0063212
114, 170.2823, 0.0058726
115, 175.5556, 0.0056962
116, 172.9984, 0.0057804
117, 172.1822, 0.0058078
118, 175.6636, 0.0056927
119, 161.098, 0.0062074
120, 166.6722, 0.0059998
121, 189.9768, 0.0052638
122, 157.8208, 0.0063363
123, 163.9801, 0.0060983
124, 168.319, 0.0059411
125, 163.38, 0.0061207
126, 175.608, 0.0056945
127, 160.8131, 0.0062184
128, 173.3613, 0.0057683
129, 178.9357, 0.0055886
130, 176.5381, 0.0056645
131, 164.0635, 0.0060952
132, 166.4808, 0.0060067
133, 169.7188, 0.0058921
134, 171.0864, 0.005845
135, 169.1503, 0.0059119
136, 176.2829, 0.0056727
137, 166.1102, 0.0060201
138, 172.2267, 0.0058063
139, 197.0948, 0.0050737
140, 161.1188, 0.0062066
141, 178.2626, 0.0056097
142, 182.5584, 0.0054777
143, 157.124, 0.0063644
144, 190.4327, 0.0052512
145, 180.2354, 0.0055483
146, 176.3513, 0.0056705
147, 199.0208, 0.0050246
148, 217.3724, 0.0046004
149, 190.0165, 0.0052627
150, 183.9453, 0.0054364
151, 191.6737, 0.0052172
152, 146.3893, 0.0068311
153, 189.847, 0.0052674
154, 172.3722, 0.0058014
155, 177.9138, 0.0056207
156, 23.6561, 0.0422724
157, 154.1307, 0.006488
158, 166.135, 0.0060192
159, 168.6625, 0.005929
160, 177.3395, 0.0056389
161, 174.6267, 0.0057265
162, 163.0098, 0.0061346
163, 164.7094, 0.0060713
164, 167.1933, 0.0059811
165, 112.3709, 0.0088991
166, 186.9089, 0.0053502
167, 186.8845, 0.0053509
168, 157.0352, 0.006368
169, 160.2025, 0.0062421
170, 160.3284, 0.0062372
171, 160.9295, 0.0062139
172, 173.9857, 0.0057476
173, 167.0704, 0.0059855
174, 153.7515, 0.006504
175, 178.9549, 0.005588
176, 181.6596, 0.0055048
177, 178.8941, 0.0055899
178, 162.5514, 0.0061519
179, 172.0637, 0.0058118
180, 184.0739, 0.0054326
181, 180.0245, 0.0055548
182, 170.2968, 0.0058721
183, 202.544, 0.0049372
184, 186.4871, 0.0053623
185, 163.0683, 0.0061324
186, 154.9043, 0.0064556
187, 166.2787, 0.006014
188, 180.3622, 0.0055444
189, 165.2292, 0.0060522
190, 179.869, 0.0055596
191, 165.2292, 0.0060522
192, 179.6138, 0.0055675
193, 173.5147, 0.0057632
194, 166.251, 0.006015
195, 177.1919, 0.0056436
196, 172.5983, 0.0057938
197, 168.8847, 0.0059212
198, 182.2456, 0.0054871
199, 168.6397, 0.0059298
200, 177.1291, 0.0056456
201, 166.8029, 0.0059951
202, 171.8627, 0.0058186
203, 178.6161, 0.0055986
204, 179.1633, 0.0055815
205, 182.0631, 0.0054926
206, 175.8365, 0.0056871
207, 179.2211, 0.0055797
208, 184.5563, 0.0054184
209, 183.5334, 0.0054486
210, 176.5599, 0.0056638
211, 168.6597, 0.0059291
212, 168.4154, 0.0059377
213, 184.0638, 0.0054329
214, 172.3365, 0.0058026
215, 190.0888, 0.0052607
216, 39.19816, 0.0255114
217, 153.657, 0.006508
218, 180.8057, 0.0055308
219, 198.0865, 0.0050483
220, 176.168, 0.0056764
221, 212.5444, 0.0047049
222, 179.9014, 0.0055586
223, 176.2084, 0.0056751
224, 171.8183, 0.0058201
225, 167.8247, 0.0059586
226, 175.3033, 0.0057044
227, 161.2539, 0.0062014
228, 164.6606, 0.0060731
229, 184.5768, 0.0054178
230, 199.1794, 0.0050206
231, 116.3278, 0.0085964
232, 197.6402, 0.0050597
233, 202.1264, 0.0049474
234, 164.3412, 0.0060849
235, 204.0691, 0.0049003
236, 204.0816, 0.0049
237, 183.9588, 0.005436
238, 187.0872, 0.0053451
239, 178.7885, 0.0055932
240, 182.8688, 0.0054684
241, 187.301, 0.005339
242, 195.0116, 0.0051279
243, 170.9636, 0.0058492
244, 198.4166, 0.0050399
245, 189.2935, 0.0052828
246, 176.4664, 0.0056668
247, 204.6078, 0.0048874
248, 179.827, 0.0055609
249, 176.5318, 0.0056647
250, 179.1729, 0.0055812
251, 204.1025, 0.0048995
252, 193.0688, 0.0051795
253, 184.291, 0.0054262
254, 183.6008, 0.0054466
255, 194.579, 0.0051393
256, 170.6106, 0.0058613
257, 161.0462, 0.0062094
258, 180.6065, 0.0055369
259, 177.7209, 0.0056268
260, 162.3429, 0.0061598
261, 161.5822, 0.0061888
262, 183.881, 0.0054383
263, 172.292, 0.0058041
264, 184.5836, 0.0054176
265, 192.812, 0.0051864
266, 183.6075, 0.0054464
267, 164.5874, 0.0060758
268, 190.5379, 0.0052483
269, 188.5796, 0.0053028
270, 176.3762, 0.0056697
271, 139.8308, 0.0071515
272, 174.2707, 0.0057382
273, 156.2817, 0.0063987
274, 153.1206, 0.0065308
275, 161.0851, 0.0062079
276, 169.6151, 0.0058957
277, 169.2993, 0.0059067
278, 194.0617, 0.005153
279, 191.5232, 0.0052213
280, 212.9291, 0.0046964
281, 168.2199, 0.0059446
282, 187.294, 0.0053392
283, 205.1998, 0.0048733
284, 189.6058, 0.0052741
285, 192.7191, 0.0051889
286, 176.1525, 0.0056769
287, 178.8653, 0.0055908
288, 24.94948, 0.040081
289, 164.1228, 0.006093
290, 182.0665, 0.0054925
291, 181.9141, 0.0054971
292, 184.1214, 0.0054312
293, 197.7222, 0.0050576
294, 174.2069, 0.0057403
295, 179.7947, 0.0055619
296, 170.7709, 0.0058558
297, 174.8068, 0.0057206
298, 202.7945, 0.0049311
299, 184.7097, 0.0054139
300, 174.3983, 0.005734
301, 188.0159, 0.0053187
302, 196.4907, 0.0050893
303, 167.3752, 0.0059746
304, 192.378, 0.0051981
305, 184.9523, 0.0054068
306, 163.6956, 0.0061089
307, 176.6597, 0.0056606
308, 179.8852, 0.0055591
309, 177.0413, 0.0056484
310, 179.4591, 0.0055723
311, 173.9584, 0.0057485
312, 173.2622, 0.0057716
313, 176.2115, 0.005675
314, 179.7527, 0.0055632
315, 180.7272, 0.0055332
316, 184.7916, 0.0054115
317, 170.4332, 0.0058674
318, 157.2475, 0.0063594
319, 171.4736, 0.0058318
320, 169.3882, 0.0059036
321, 163.701, 0.0061087
322, 172.8369, 0.0057858
323, 175.3986, 0.0057013
324, 167.7486, 0.0059613
325, 21.99557, 0.0454637
326, 163.8941, 0.0061015
327, 114.6552, 0.0087218
328, 170.9986, 0.005848
329, 150.6886, 0.0066362
330, 156.294, 0.0063982
331, 158.0078, 0.0063288
332, 170.4855, 0.0058656
333, 163.6367, 0.0061111
334, 156.9169, 0.0063728
335, 164.5982, 0.0060754
336, 163.2573, 0.0061253
337, 149.4858, 0.0066896
338, 174.2889, 0.0057376
339, 218.7322, 0.0045718
340, 219.3175, 0.0045596
341, 237.4677, 0.0042111
342, 199.2151, 0.0050197
343, 218.4503, 0.0045777
344, 213.4335, 0.0046853
345, 198.7242, 0.0050321
346, 230.5741, 0.004337
347, 195.4385, 0.0051167
348, 205.863, 0.0048576
349, 186.8356, 0.0053523
350, 223.5036, 0.0044742
351, 196.8698, 0.0050795
352, 184.819, 0.0054107
353, 173.5087, 0.0057634
354, 197.1725, 0.0050717
355, 171.1127, 0.0058441
356, 203.434, 0.0049156
357, 194.7685, 0.0051343
358, 188.1963, 0.0053136
359, 202.663, 0.0049343
360, 206.3515, 0.0048461
361, 186.7484, 0.0053548
362, 188.6294, 0.0053014
363, 174.2646, 0.0057384
364, 178.9837, 0.0055871
365, 171.721, 0.0058234
366, 238.3449, 0.0041956
367, 178.9197, 0.0055891
368, 200.8193, 0.0049796
369, 198.4206, 0.0050398
370, 3.928122, 0.2545746
371, 65.85316, 0.0151853
372, 94.65305, 0.0105649
373, 173.8344, 0.0057526
374, 223.6086, 0.0044721
375, 189.5914, 0.0052745
376, 217.5095, 0.0045975
377, 211.5328, 0.0047274
378, 178.7182, 0.0055954
379, 198.7321, 0.0050319
380, 205.664, 0.0048623
381, 204.9768, 0.0048786
382, 166.4752, 0.0060069
383, 170.2649, 0.0058732
384, 210.0311, 0.0047612
385, 236.3675, 0.0042307
386, 224.6282, 0.0044518
387, 195.7484, 0.0051086
388, 209.5118, 0.004773
389, 205.4401, 0.0048676
390, 211.6357, 0.0047251
391, 188.0618, 0.0053174
392, 219.9542, 0.0045464
393, 199.2349, 0.0050192
394, 189.9552, 0.0052644
395, 196.2246, 0.0050962
396, 206.2494, 0.0048485
397, 206.2451, 0.0048486
398, 185.4944, 0.005391
399, 213.5292, 0.0046832
400, 218.8567, 0.0045692
401, 205.9944, 0.0048545
402, 210.8015, 0.0047438
403, 171.2299, 0.0058401
404, 188.8182, 0.0052961
405, 202.294, 0.0049433
406, 202.0692, 0.0049488
407, 179.743, 0.0055635
408, 182.6017, 0.0054764
409, 199.9001, 0.0050025
410, 181.4849, 0.0055101
411, 165.2073, 0.006053
412, 167.294, 0.0059775
413, 157.6665, 0.0063425
414, 131.4285, 0.0076087
415, 165.7358, 0.0060337
416, 182.0731, 0.0054923
417, 185.1269, 0.0054017
418, 222.0939, 0.0045026
419, 197.3905, 0.0050661
420, 210.3005, 0.0047551
421, 209.0957, 0.0047825
422, 220.9554, 0.0045258
423, 205.9647, 0.0048552
424, 203.7863, 0.0049071
425, 190.8142, 0.0052407
426, 163.404, 0.0061198
427, 169.6842, 0.0058933
428, 165.9806, 0.0060248
429, 146.0472, 0.0068471
430, 176.719, 0.0056587
431, 152.4297, 0.0065604
432, 159.3067, 0.0062772
433, 148.01, 0.0067563
434, 144.2668, 0.0069316
435, 143.3733, 0.0069748
436, 159.4693, 0.0062708
437, 163.7304, 0.0061076
438, 156.0354, 0.0064088
439, 188.1503, 0.0053149
440, 157.2673, 0.0063586
441, 180.737, 0.0055329
442, 171.0513, 0.0058462
443, 193.1024, 0.0051786
444, 218.0787, 0.0045855
445, 218.1739, 0.0045835
446, 231.2299, 0.0043247
447, 221.2145, 0.0045205
448, 224.8151, 0.0044481
449, 207.0479, 0.0048298
450, 187.1958, 0.005342
451, 201.678, 0.0049584
452, 215.8895, 0.004632
453, 187.1783, 0.0053425
454, 184.7712, 0.0054121
455, 196.4366, 0.0050907
456, 150.5004, 0.0066445
457, 161.8699, 0.0061778
458, 204.015, 0.0049016
459, 219.8237, 0.0045491
460, 232.8343, 0.0042949
461, 209.6129, 0.0047707
462, 219.6209, 0.0045533
463, 217.1411, 0.0046053
464, 189.0002, 0.005291
465, 200.3125, 0.0049922
466, 200.7952, 0.0049802
467, 206.4708, 0.0048433
468, 190.1828, 0.0052581
469, 182.3387, 0.0054843
470, 173.9342, 0.0057493
471, 187.2484, 0.0053405
472, 188.3629, 0.0053089
473, 197.7301, 0.0050574
474, 189.5016, 0.005277
475, 223.314, 0.004478
476, 174.0583, 0.0057452
477, 178.5491, 0.0056007
478, 190.0779, 0.005261
479, 210.926, 0.004741
480, 209.0257, 0.0047841
481, 190.0779, 0.005261
482, 203.5499, 0.0049128
483, 204.4028, 0.0048923
484, 235.7934, 0.004241
485, 210.1017, 0.0047596
486, 221.4594, 0.0045155
487, 235.5879, 0.0042447
488, 233.209, 0.004288
489, 230.4625, 0.0043391
490, 190.3457, 0.0052536
491, 206.3472, 0.0048462
492, 215.327, 0.0046441
493, 196.6259, 0.0050858
494, 207.3484, 0.0048228
495, 206.9708, 0.0048316
496, 217.4433, 0.0045989
497, 233.4921, 0.0042828
498, 228.3261, 0.0043797
499, 241.272, 0.0041447
500, 178.5714, 0.0056
501, 205.145, 0.0048746
502, 182.1991, 0.0054885
503, 206.5689, 0.004841
504, 225.4182, 0.0044362
505, 224.4619, 0.0044551
506, 217.0139, 0.004608
507, 208.2422, 0.0048021
508, 226.0347, 0.0044241
509, 201.6088, 0.0049601
510, 224.3058, 0.0044582
511, 198.665, 0.0050336
512, 178.5045, 0.0056021
513, 222.7023, 0.0044903
514, 217.5, 0.0045977
515, 179.4108, 0.0055738
516, 208.7944, 0.0047894
517, 192.6263, 0.0051914
518, 187.9134, 0.0053216
519, 192.5743, 0.0051928
520, 174.6359, 0.0057262
521, 164.6199, 0.0060746
522, 191.1936, 0.0052303
523, 173.1752, 0.0057745
524, 167.7093, 0.0059627
525, 162.0299, 0.0061717
526, 146.5781, 0.0068223
527, 159.9923, 0.0062503
528, 169.3136, 0.0059062
529, 143.9719, 0.0069458
530, 169.48, 0.0059004
531, 156.9391, 0.0063719
532, 156.0282, 0.0064091
533, 155.6566, 0.0064244
534, 143.6947, 0.0069592
535, 152.0288, 0.0065777
536, 133.8366, 0.0074718
537, 143.7153, 0.0069582
538, 143.6121, 0.0069632
539, 156.272, 0.0063991
540, 142.7389, 0.0070058
541, 128.6786, 0.0077713
542, 182.3453, 0.0054841
543, 146.2801, 0.0068362
544, 180.2549, 0.0055477
545, 168.8847, 0.0059212
546, 191.5122, 0.0052216
547, 167.5351, 0.0059689
548, 150.324, 0.0066523
549, 174.3497, 0.0057356
550, 152.8772, 0.0065412
551, 165.3193, 0.0060489
552, 169.2993, 0.0059067
553, 174.444, 0.0057325
554, 182.565, 0.0054775
555, 163.6876, 0.0061092
556, 185.2126, 0.0053992
557, 162.4801, 0.0061546
558, 160.7304, 0.0062216
559, 168.3615, 0.0059396
560, 178.4185, 0.0056048
561, 167.3472, 0.0059756
562, 186.9823, 0.0053481
563, 183.5502, 0.0054481
564, 194.0692, 0.0051528
565, 220.4537, 0.0045361
566, 211.833, 0.0047207
567, 179.4752, 0.0055718
568, 205.7486, 0.0048603
569, 206.4623, 0.0048435
570, 203.7241, 0.0049086
571, 228.8853, 0.004369
572, 222.4595, 0.0044952
573, 202.6835, 0.0049338
574, 176.2922, 0.0056724
575, 249.3392, 0.0040106
576, 207.6973, 0.0048147
577, 200.2243, 0.0049944
578, 217.9551, 0.0045881
579, 210.9571, 0.0047403
580, 209.2926, 0.004778
581, 188.6757, 0.0053001
582, 209.8416, 0.0047655
583, 215.8988, 0.0046318
584, 195.1981, 0.005123
585, 199.7643, 0.0050059
586, 222.2173, 0.0045001
587, 231.3208, 0.004323
588, 222.1136, 0.0045022
589, 215.0029, 0.0046511
590, 204.6999, 0.0048852
591, 210.1458, 0.0047586
592, 210.243, 0.0047564
593, 193.4386, 0.0051696
594, 167.9402, 0.0059545
595, 171.5619, 0.0058288
596, 182.8454, 0.0054691
597, 199.6207, 0.0050095
598, 187.3045, 0.0053389
599, 213.5611, 0.0046825
600, 200.8436, 0.004979
601, 176.0501, 0.0056802
602, 175.7284, 0.0056906
603, 204.8047, 0.0048827
604, 181.1397, 0.0055206
605, 218.3597, 0.0045796
606, 202.339, 0.0049422
607, 174.8221, 0.0057201
608, 189.7389, 0.0052704
609, 218.1406, 0.0045842
610, 181.3829, 0.0055132
611, 204.0025, 0.0049019
612, 212.2016, 0.0047125
613, 201.0656, 0.0049735
614, 183.0161, 0.005464
615, 214.5877, 0.0046601
616, 204.0192, 0.0049015
617, 197.1414, 0.0050725
618, 198.7755, 0.0050308
619, 204.2525, 0.0048959
620, 182.4784, 0.0054801
621, 204.96, 0.004879
622, 188.7006, 0.0052994
623, 201.1789, 0.0049707
624, 207.2238, 0.0048257
625, 192.931, 0.0051832
626, 233.4158, 0.0042842
627, 197.5036, 0.0050632
628, 220.6921, 0.0045312
629, 207.9045, 0.0048099
630, 244.457, 0.0040907
631, 194.3899, 0.0051443
632, 220.3031, 0.0045392
633, 224.3762, 0.0044568
634, 201.3409, 0.0049667
635, 221.2781, 0.0045192
636, 229.4947, 0.0043574
637, 207.1079, 0.0048284
638, 222.7916, 0.0044885
639, 228.9167, 0.0043684
640, 226.3416, 0.0044181
641, 165.766, 0.0060326
642, 195.2553, 0.0051215
643, 215.1, 0.004649
644, 243.4275, 0.004108
645, 225.3877, 0.0044368
646, 223.1296, 0.0044817
647, 232.1909, 0.0043068
648, 231.578, 0.0043182
649, 194.3635, 0.005145
650, 213.6341, 0.0046809
651, 236.748, 0.0042239
652, 188.886, 0.0052942
653, 237.1748, 0.0042163
654, 224.3561, 0.0044572
655, 219.106, 0.004564
656, 192.541, 0.0051937
657, 196.6994, 0.0050839
658, 184.5904, 0.0054174
659, 172.0371, 0.0058127
660, 190.0743, 0.0052611
661, 183.6918, 0.0054439
662, 168.9018, 0.0059206
663, 185.9462, 0.0053779
664, 172.0312, 0.0058129
665, 172.4346, 0.0057993
666, 160.3181, 0.0062376
667, 167.8585, 0.0059574
668, 167.8303, 0.0059584
669, 169.0103, 0.0059168
670, 166.1599, 0.0060183
671, 168.268, 0.0059429
672, 169.3767, 0.005904
673, 173.4696, 0.0057647
674, 186.4941, 0.0053621
675, 171.4061, 0.0058341
676, 159.0128, 0.0062888
677, 171.4472, 0.0058327
678, 202.2776, 0.0049437
679, 184.1248, 0.0054311
680, 164.4034, 0.0060826
681, 168.9332, 0.0059195
682, 166.4392, 0.0060082
683, 165.5958, 0.0060388
684, 175.0241, 0.0057135
685, 163.4307, 0.0061188
686, 177.8094, 0.005624
687, 165.7688, 0.0060325
688, 166.9143, 0.0059911
689, 187.4801, 0.0053339
690, 185.4875, 0.0053912
691, 191.795, 0.0052139
692, 225.2202, 0.0044401
693, 189.6058, 0.0052741
694, 148.509, 0.0067336
695, 178.0532, 0.0056163
696, 189.0574, 0.0052894
697, 165.3494, 0.0060478
698, 166.7584, 0.0059967
699, 179.4945, 0.0055712
700, 173.0613, 0.0057783
701, 180.3849, 0.0055437
702, 185.3946, 0.0053939
703, 169.8081, 0.005889
704, 173.913, 0.00575
705, 181.0315, 0.0055239
706, 176.6379, 0.0056613
707, 157.3316, 0.006356
708, 151.8857, 0.0065839
709, 144.6717, 0.0069122
710, 157.1067, 0.0063651
711, 153.4919, 0.006515
712, 159.8236, 0.0062569
713, 179.7882, 0.0055621
714, 156.6981, 0.0063817
715, 160.1589, 0.0062438
716, 173.6051, 0.0057602
717, 160.8208, 0.0062181
718, 168.8334, 0.005923
719, 167.2856, 0.0059778
720, 175.6389, 0.0056935
721, 168.0475, 0.0059507
722, 155.405, 0.0064348
723, 165.2701, 0.0060507
724, 174.3953, 0.0057341
725, 163.1561, 0.0061291
726, 173.8707, 0.0057514
727, 158.2103, 0.0063207
728, 179.4623, 0.0055722
729, 180.3849, 0.0055437
730, 160.6297, 0.0062255
731, 168.5545, 0.0059328
732, 161.7103, 0.0061839
733, 183.0898, 0.0054618
734, 166.7445, 0.0059972
735, 183.6952, 0.0054438
736, 194.8368, 0.0051325
737, 190.1936, 0.0052578
738, 171.4942, 0.0058311
739, 208.9427, 0.004786
740, 222.7767, 0.0044888
741, 151.9503, 0.0065811
742, 155.8263, 0.0064174
743, 147.4818, 0.0067805
744, 149.9363, 0.0066695
745, 153.8461, 0.0065
746, 234.6867, 0.004261
747, 216.1461, 0.0046265
748, 201.9794, 0.004951
749, 186.6055, 0.0053589
750, 214.5785, 0.0046603
751, 231.3904, 0.0043217
752, 200.2483, 0.0049938
753, 232.8668, 0.0042943
754, 242.2305, 0.0041283
755, 222.6676, 0.004491
756, 216.0574, 0.0046284
757, 235.6434, 0.0042437
758, 240.0672, 0.0041655
759, 177.3553, 0.0056384
760, 226.7831, 0.0044095
761, 219.5679, 0.0045544
762, 225.6012, 0.0044326
763, 212.7478, 0.0047004
764, 194.2125, 0.005149
765, 210.8237, 0.0047433
766, 198.2278, 0.0050447
767, 216.1741, 0.0046259
768, 212.3323, 0.0047096
769, 205.3472, 0.0048698
770, 201.349, 0.0049665
771, 219.1397, 0.0045633
772, 212.2376, 0.0047117
773, 229.2632, 0.0043618
774, 175.0608, 0.0057123
775, 203.4878, 0.0049143
776, 210.274, 0.0047557
777, 216.6988, 0.0046147
778, 193.36, 0.0051717
779, 218.2024, 0.0045829
780, 191.0694, 0.0052337
781, 200.7952, 0.0049802
782, 215.2992, 0.0046447
783, 223.0749, 0.0044828
784, 229.9908, 0.004348
785, 228.9902, 0.004367
786, 227.2262, 0.0044009
787, 218.7322, 0.0045718
788, 205.1871, 0.0048736
789, 235.8713, 0.0042396
790, 191.1388, 0.0052318
791, 202.5111, 0.004938
792, 218.112, 0.0045848
793, 189.4047, 0.0052797
794, 182.0698, 0.0054924
795, 199.8401, 0.005004
796, 217.2921, 0.0046021
797, 192.2005, 0.0052029
798, 183.2912, 0.0054558
799, 210.9037, 0.0047415
800, 204.8593, 0.0048814
801, 200.7508, 0.0049813
802, 204.8509, 0.0048816
803, 233.2634, 0.004287
804, 173.6744, 0.0057579
805, 208.6289, 0.0047932
806, 225.1086, 0.0044423
807, 182.0665, 0.0054925
808, 197.8435, 0.0050545
809, 217.8839, 0.0045896
810, 220.9896, 0.0045251
811, 211.1754, 0.0047354
812, 234.6757, 0.0042612
813, 230.6805, 0.004335
814, 209.987, 0.0047622
815, 221.2438, 0.0045199
816, 235.1005, 0.0042535
817, 227.3244, 0.004399
818, 223.6936, 0.0044704
819, 237.9536, 0.0042025
820, 230.2132, 0.0043438
821, 220.5412, 0.0045343
822, 228.8277, 0.0043701
823, 237.4564, 0.0042113
824, 223.1446, 0.0044814
825, 227.8787, 0.0043883
826, 229.0951, 0.004365
827, 247.1455, 0.0040462
828, 224.2203, 0.0044599
829, 219.4811, 0.0045562
830, 216.7881, 0.0046128
831, 195.6756, 0.0051105
832, 222.3013, 0.0044984
833, 216.1835, 0.0046257
834, 227.552, 0.0043946
835, 214.8643, 0.0046541
836, 228.3939, 0.0043784
837, 214.5692, 0.0046605
838, 192.812, 0.0051864
839, 236.4346, 0.0042295
840, 242.5007, 0.0041237
841, 208.5767, 0.0047944
842, 226.3109, 0.0044187
843, 241.8204, 0.0041353
844, 219.7657, 0.0045503
845, 186.2094, 0.0053703
846, 205.5794, 0.0048643
847, 221.43, 0.0045161
848, 215.225, 0.0046463
849, 224.7393, 0.0044496
850, 219.5245, 0.0045553
851, 199.2985, 0.0050176
852, 183.2207, 0.0054579
853, 205.9054, 0.0048566
854, 211.0016, 0.0047393
855, 172.6102, 0.0057934
856, 212.9835, 0.0046952
857, 238.903, 0.0041858
858, 175.9696, 0.0056828
859, 223.1296, 0.0044817
860, 237.1579, 0.0042166
861, 197.4256, 0.0050652
862, 226.3775, 0.0044174
863, 226.0091, 0.0044246
864, 212.2917, 0.0047105
865, 207.5033, 0.0048192
866, 231.5511, 0.0043187
867, 199.7403, 0.0050065
868, 227.8994, 0.0043879
869, 211.3986, 0.0047304
870, 220.4051, 0.0045371
871, 200.7669, 0.0049809
872, 220.1576, 0.0045422
873, 233.503, 0.0042826
874, 231.1337, 0.0043265
875, 195.3583, 0.0051188
876, 195.5493, 0.0051138
877, 201.3531, 0.0049664
878, 224.4165, 0.004456
879, 230.5741, 0.004337
880, 202.6548, 0.0049345
881, 220.8529, 0.0045279
882, 223.2841, 0.0044786
883, 216.5299, 0.0046183
884, 219.814, 0.0045493
885, 232.4338, 0.0043023
886, 174.8863, 0.005718
887, 181.0381, 0.0055237
888, 209.0957, 0.0047825
889, 234.9514, 0.0042562
890, 222.0397, 0.0045037
891, 217.5379, 0.0045969
892, 238.2938, 0.0041965
893, 223.9241, 0.0044658
894, 203.911, 0.0049041
895, 228.8539, 0.0043696
896, 234.8962, 0.0042572
897, 196.3556, 0.0050928
898, 219.8575, 0.0045484
899, 225.6878, 0.0044309
900, 227.3244, 0.004399
901, 204.1858, 0.0048975
902, 208.8249, 0.0047887
903, 234.6096, 0.0042624
904, 219.1493, 0.0045631
905, 210.9482, 0.0047405
906, 209.4197, 0.0047751
907, 239.8197, 0.0041698
908, 194.8672, 0.0051317
909, 216.2443, 0.0046244
910, 203.6204, 0.0049111
911, 204.2984, 0.0048948
912, 207.5076, 0.0048191
913, 204.8299, 0.0048821
914, 197.3399, 0.0050674
915, 203.5872, 0.0049119
916, 186.9753, 0.0053483
917, 200.8315, 0.0049793
918, 184.4236, 0.0054223
919, 204.1775, 0.0048977
920, 211.2423, 0.0047339
921, 209.4855, 0.0047736
922, 194.7799, 0.005134
923, 192.8715, 0.0051848
924, 185.6217, 0.0053873
925, 181.696, 0.0055037
926, 201.0212, 0.0049746
927, 200.048, 0.0049988
928, 199.8881, 0.0050028
929, 203.5168, 0.0049136
930, 189.1682, 0.0052863
931, 205.7021, 0.0048614
932, 185.7183, 0.0053845
933, 210.3979, 0.0047529
934, 184.2537, 0.0054273
935, 195.4346, 0.0051168
936, 184.5189, 0.0054195
937, 197.7731, 0.0050563
938, 205.9902, 0.0048546
939, 212.7117, 0.0047012
940, 228.8015, 0.0043706
941, 211.113, 0.0047368
942, 197.7809, 0.0050561
943, 204.1191, 0.0048991
944, 202.294, 0.0049433
945, 185.8943, 0.0053794
946, 211.9677, 0.0047177
947, 221.0629, 0.0045236
948, 225.7285, 0.0044301
949, 224.0093, 0.0044641
950, 214.0273, 0.0046723
951, 205.9732, 0.004855
952, 222.7767, 0.0044888
953, 198.0198, 0.00505
954, 202.8974, 0.0049286
955, 214.3071, 0.0046662
956, 201.8408, 0.0049544
957, 227.2469, 0.0044005
958, 229.5842, 0.0043557
959, 203.5872, 0.0049119
960, 215.9454, 0.0046308
961, 230.9469, 0.00433
962, 213.9587, 0.0046738
963, 217.7795, 0.0045918
964, 203.4547, 0.0049151
965, 199.8561, 0.0050036
966, 201.3247, 0.0049671
967, 207.1337, 0.0048278
968, 235.8157, 0.0042406
969, 235.6101, 0.0042443
970, 200.4731, 0.0049882
971, 224.487, 0.0044546
972, 222.3062, 0.0044983
973, 210.1503, 0.0047585
974, 190.4798, 0.0052499
975, 222.9605, 0.0044851
976, 206.9237, 0.0048327
977, 196.1361, 0.0050985
978, 237.2085, 0.0042157
979, 237.2873, 0.0042143
980, 205.5456, 0.0048651
981, 214.9706, 0.0046518
982, 232.6989, 0.0042974
983, 239.7219, 0.0041715
984, 203.8113, 0.0049065
985, 214.0319, 0.0046722
986, 222.2173, 0.0045001
987, 224.7141, 0.0044501
988, 203.0457, 0.004925
989, 173.6201, 0.0057597
990, 205.6513, 0.0048626
991, 210.6106, 0.0047481
992, 216.6659, 0.0046154
993, 220.9945, 0.004525
994, 171.4413, 0.0058329
995, 223.4238, 0.0044758
996, 219.1781, 0.0045625
997, 200.4169, 0.0049896
998, 230.4466, 0.0043394
999, 211.685, 0.004724
1000, 201.1465, 0.0049715
1001, 188.1538, 0.0053148
1002, 214.9474, 0.0046523
1003, 216.7834, 0.0046129
1004, 189.3939, 0.00528
1005, 180.3947, 0.0055434
1006, 185.6907, 0.0053853
1007, 175.3432, 0.0057031
1008, 194.7799, 0.005134
1009, 202.6014, 0.0049358
1010, 209.8592, 0.0047651
1011, 183.7087, 0.0054434
1012, 192.8529, 0.0051853
1013, 190.1177, 0.0052599
1014, 183.1234, 0.0054608
1015, 218.8854, 0.0045686
1016, 235.4492, 0.0042472
1017, 223.8589, 0.0044671
1018, 194.6245, 0.0051381
1019, 238.4359, 0.004194
1020, 226.9942, 0.0044054
1021, 189.2935, 0.0052828
1022, 170.9694, 0.005849
1023, 181.002, 0.0055248
1024, 214.9336, 0.0046526
1025, 209.1306, 0.0047817
1026, 236.0383, 0.0042366
1027, 221.8229, 0.0045081
1028, 233.8033, 0.0042771
1029, 232.7097, 0.0042972
1030, 212.3052, 0.0047102
1031, 231.4601, 0.0043204
1032, 215.3965, 0.0046426
1033, 226.5724, 0.0044136
1034, 196.7226, 0.0050833
1035, 212.6483, 0.0047026
1036, 214.8689, 0.004654
1037, 204.7167, 0.0048848
1038, 193.2479, 0.0051747
1039, 203.9193, 0.0049039
1040, 241.3477, 0.0041434
1041, 222.4645, 0.0044951
1042, 208.7378, 0.0047907
1043, 213.3743, 0.0046866
1044, 207.9824, 0.0048081
1045, 210.0752, 0.0047602
1046, 226.7728, 0.0044097
1047, 209.2619, 0.0047787
1048, 195.5799, 0.005113
1049, 239.4693, 0.0041759
1050, 197.8592, 0.0050541
1051, 203.6038, 0.0049115
1052, 219.901, 0.0045475
1053, 211.4567, 0.0047291
1054, 184.5938, 0.0054173
1055, 212.1791, 0.004713
1056, 218.1834, 0.0045833
1057, 225.3572, 0.0044374
1058, 191.0475, 0.0052343
1059, 180.3459, 0.0055449
1060, 177.0162, 0.0056492
1061, 211.8419, 0.0047205
1062, 227.1591, 0.0044022
1063, 214.5923, 0.00466
1064, 210.8593, 0.0047425
1065, 214.4818, 0.0046624
1066, 218.1025, 0.004585
1067, 197.3048, 0.0050683
1068, 226.5673, 0.0044137
1069, 237.7612, 0.0042059
1070, 234.6537, 0.0042616
1071, 186.3968, 0.0053649
1072, 218.5076, 0.0045765
1073, 215.6799, 0.0046365
1074, 193.491, 0.0051682
1075, 228.7492, 0.0043716
1076, 220.892, 0.0045271
1077, 213.6341, 0.0046809
1078, 221.4741, 0.0045152
1079, 232.997, 0.0042919
1080, 220.2692, 0.0045399
1081, 218.6605, 0.0045733
1082, 222.9406, 0.0044855
1083, 223.5236, 0.0044738
1084, 215.8941, 0.0046319
1085, 209.5031, 0.0047732
1086, 220.2449, 0.0045404
1087, 201.8001, 0.0049554
1088, 189.631, 0.0052734
1089, 205.5456, 0.0048651
1090, 204.746, 0.0048841
1091, 221.6902, 0.0045108
1092, 209.7667, 0.0047672
1093, 217.4433, 0.0045989
1094, 230.6805, 0.004335
1095, 219.2453, 0.0045611
1096, 230.1072, 0.0043458
1097, 199.6207, 0.0050095
1098, 224.1801, 0.0044607
1099, 223.6336, 0.0044716
1100, 197.527, 0.0050626
1101, 234.055, 0.0042725
1102, 213.4973, 0.0046839
1103, 217.5332, 0.004597
1104, 227.6193, 0.0043933
1105, 231.246, 0.0043244
1106, 220.2013, 0.0045413
1107, 196.7807, 0.0050818
1108, 240.1018, 0.0041649
1109, 225.2455, 0.0044396
1110, 225.0023, 0.0044444
1111, 193.1173, 0.0051782
1112, 221.6459, 0.0045117
1113, 224.2203, 0.0044599
1114, 210.9571, 0.0047403
1115, 215.5265, 0.0046398
1116, 234.1756, 0.0042703
1117, 167.8359, 0.0059582
1118, 168.5403, 0.0059333
1119, 207.6757, 0.0048152
1120, 229.0479, 0.0043659
1121, 204.3277, 0.0048941
1122, 230.8722, 0.0043314
1123, 183.4593, 0.0054508
1124, 206.8081, 0.0048354
1125, 238.3904, 0.0041948
1126, 223.9341, 0.0044656
1127, 194.4617, 0.0051424
1128, 217.0327, 0.0046076
1129, 214.491, 0.0046622
1130, 224.4316, 0.0044557
1131, 210.0134, 0.0047616
1132, 214.2888, 0.0046666
1133, 211.4701, 0.0047288
1134, 222.2716, 0.004499
1135, 219.4763, 0.0045563
1136, 205.0189, 0.0048776
1137, 226.7317, 0.0044105
1138, 201.0374, 0.0049742
1139, 203.9776, 0.0049025
1140, 213.9266, 0.0046745
1141, 202.0202, 0.00495
1142, 189.0002, 0.005291
1143, 180.0764, 0.0055532
1144, 202.5973, 0.0049359
1145, 199.4217, 0.0050145
1146, 222.4793, 0.0044948
1147, 239.3089, 0.0041787
1148, 215.1371, 0.0046482
1149, 167.8359, 0.0059582
1150, 217.7368, 0.0045927
1151, 216.6331, 0.0046161
1152, 182.3486, 0.005484
1153, 222.7618, 0.0044891
1154, 237.5071, 0.0042104
1155, 186.5358, 0.0053609
1156, 194.0843, 0.0051524
1157, 235.4548, 0.0042471
1158, 233.4158, 0.0042842
1159, 212.5082, 0.0047057
1160, 211.2602, 0.0047335
1161, 208.2162, 0.0048027
1162, 213.4289, 0.0046854
1163, 205.5076, 0.004866
1164, 206.5646, 0.0048411
1165, 184.5836, 0.0054176
1166, 157.7411, 0.0063395
1167, 197.5465, 0.0050621
1168, 237.3042, 0.004214
1169, 202.8603, 0.0049295
1170, 219.5968, 0.0045538
1171, 231.4118, 0.0043213
1172, 222.4744, 0.0044949
1173, 199.956, 0.0050011
1174, 183.6716, 0.0054445
1175, 217.9077, 0.0045891
1176, 202.3022, 0.0049431
1177, 214.56, 0.0046607
1178, 201.9468, 0.0049518
1179, 227.1024, 0.0044033
1180, 186.7623, 0.0053544
1181, 228.7701, 0.0043712
1182, 237.2254, 0.0042154
1183, 198.2947, 0.005043
1184, 219.9397, 0.0045467
1185, 232.2017, 0.0043066
1186, 211.7702, 0.0047221
1187, 196.3441, 0.0050931
1188, 242.4772, 0.0041241
1189, 225.8611, 0.0044275
1190, 216.5721, 0.0046174
1191, 217.0374, 0.0046075
1192, 221.6803, 0.004511
1193, 191.7509, 0.0052151
1194, 178.3867, 0.0056058
1195, 228.7544, 0.0043715
1196, 210.4421, 0.0047519
1197, 229.7319, 0.0043529
1198, 206.9365, 0.0048324
1199, 211.3271, 0.004732
1200, 215.5265, 0.0046398
1201, 216.38, 0.0046215
1202, 209.7535, 0.0047675
1203, 212.775, 0.0046998
1204, 232.0778, 0.0043089
1205, 196.4521, 0.0050903
1206, 203.5623, 0.0049125
1207, 217.5616, 0.0045964
1208, 219.814, 0.0045493
1209, 193.461, 0.005169
1210, 216.1274, 0.0046269
1211, 211.5283, 0.0047275
1212, 198.7202, 0.0050322
1213, 233.2362, 0.0042875
1214, 221.641, 0.0045118
1215, 222.3556, 0.0044973
1216, 226.4698, 0.0044156
1217, 227.2521, 0.0044004
1218, 223.9491, 0.0044653
1219, 179.414, 0.0055737
1220, 222.2173, 0.0045001
1221, 243.5994, 0.0041051
1222, 220.7213, 0.0045306
1223, 175.7964, 0.0056884
1224, 200.104, 0.0049974
1225, 191.5635, 0.0052202
1226, 173.6322, 0.0057593
1227, 214.0686, 0.0046714
1228, 202.955, 0.0049272
1229, 199.005, 0.005025
1230, 221.2096, 0.0045206
1231, 226.6597, 0.0044119
1232, 223.0848, 0.0044826
1233, 222.0988, 0.0045025
1234, 228.6394, 0.0043737
1235, 218.498, 0.0045767
1236, 221.8623, 0.0045073
1237, 218.6509, 0.0045735
1238, 195.599, 0.0051125
1239, 206.4878, 0.0048429
1240, 221.9953, 0.0045046
1241, 211.0061, 0.0047392
1242, 231.0002, 0.004329
1243, 202.4783, 0.0049388
1244, 195.4614, 0.0051161
1245, 207.2625, 0.0048248
1246, 213.5201, 0.0046834
1247, 221.6509, 0.0045116
1248, 227.78, 0.0043902
1249, 210.6727, 0.0047467
1250, 236.6752, 0.0042252
1251, 204.8677, 0.0048812
1252, 225.8407, 0.0044279
1253, 236.7536, 0.0042238
1254, 197.8122, 0.0050553
1255, 203.5706, 0.0049123
1256, 232.0832, 0.0043088
1257, 220.809, 0.0045288
1258, 188.3381, 0.0053096
1259, 225.0478, 0.0044435
1260, 233.9072, 0.0042752
1261, 209.7447, 0.0047677
1262, 204.311, 0.0048945
1263, 225.3826, 0.0044369
1264, 220.3808, 0.0045376
1265, 211.3986, 0.0047304
1266, 225.3318, 0.0044379
1267, 216.68, 0.0046151
1268, 232.3798, 0.0043033
1269, 220.658, 0.0045319
1270, 229.6844, 0.0043538
1271, 174.7549, 0.0057223
1272, 161.4023, 0.0061957
1273, 216.3566, 0.004622
1274, 218.6414, 0.0045737
1275, 221.1607, 0.0045216
1276, 215.3223, 0.0046442
1277, 212.3097, 0.0047101
1278, 183.4223, 0.0054519
1279, 222.5932, 0.0044925
1280, 201.0252, 0.0049745
1281, 239.0229, 0.0041837
1282, 224.2153, 0.00446
1283, 189.5735, 0.005275
1284, 219.1108, 0.0045639
1285, 221.6754, 0.0045111
1286, 188.2034, 0.0053134
1287, 209.5821, 0.0047714
1288, 235.8268, 0.0042404
1289, 221.3663, 0.0045174
1290, 211.2602, 0.0047335
1291, 243.8727, 0.0041005
1292, 216.2957, 0.0046233
1293, 180.8416, 0.0055297
1294, 202.9015, 0.0049285
1295, 203.3099, 0.0049186
1296, 192.0934, 0.0052058
1297, 196.4598, 0.0050901
1298, 227.4381, 0.0043968
1299, 222.7271, 0.0044898
1300, 189.3939, 0.00528
1301, 190.9126, 0.005238
1302, 225.6572, 0.0044315
1303, 214.3944, 0.0046643
1304, 197.1959, 0.0050711
1305, 236.0885, 0.0042357
1306, 239.4407, 0.0041764
1307, 223.9441, 0.0044654
1308, 192.0344, 0.0052074
1309, 217.2213, 0.0046036
1310, 214.8505, 0.0046544
1311, 202.4292, 0.00494
1312, 195.4805, 0.0051156
1313, 195.733, 0.005109
1314, 205.6767, 0.004862
1315, 191.8134, 0.0052134
1316, 223.3938, 0.0044764
1317, 197.0987, 0.0050736
1318, 224.9719, 0.004445
1319, 230.4413, 0.0043395
1320, 229.7636, 0.0043523
1321, 195.7522, 0.0051085
1322, 231.7443, 0.0043151
1323, 225.0276, 0.0044439
1324, 237.3493, 0.0042132
1325, 199.3461, 0.0050164
1326, 162.8214, 0.0061417
1327, 168.6796, 0.0059284
1328, 145.18, 0.006888
1329, 190.5161, 0.0052489
1330, 231.8464, 0.0043132
1331, 209.3101, 0.0047776
1332, 200.6018, 0.004985
1333, 207.3613, 0.0048225
1334, 196.4945, 0.0050892
1335, 229.7847, 0.0043519
1336, 220.2692, 0.0045399
1337, 160.7433, 0.0062211
1338, 197.4763, 0.0050639
1339, 219.7706, 0.0045502
1340, 211.6268, 0.0047253
1341, 181.8182, 0.0055
1342, 216.9433, 0.0046095
1343, 190.7123, 0.0052435
1344, 202.7822, 0.0049314
1345, 225.0782, 0.0044429
1346, 224.5829, 0.0044527
1347, 221.3859, 0.004517
1348, 226.1471, 0.0044219
1349, 201.8286, 0.0049547
1350, 227.7489, 0.0043908
1351, 232.7855, 0.0042958
1352, 211.8689, 0.0047199
1353, 231.0163, 0.0043287
1354, 206.586, 0.0048406
1355, 224.8707, 0.004447
1356, 216.4408, 0.0046202
1357, 203.7365, 0.0049083
1358, 182.3154, 0.005485
1359, 181.0479, 0.0055234
1360, 167.2605, 0.0059787
1361, 230.0543, 0.0043468
1362, 206.2834, 0.0048477
1363, 207.1809, 0.0048267
1364, 217.9314, 0.0045886
1365, 228.5767, 0.0043749
1366, 184.8736, 0.0054091
1367, 232.7801, 0.0042959
1368, 240.4251, 0.0041593
1369, 193.461, 0.005169
1370, 166.7973, 0.0059953
1371, 238.4415, 0.0041939
1372, 225.5097, 0.0044344
1373, 210.7259, 0.0047455
1374, 208.5419, 0.0047952
1375, 245.7848, 0.0040686
1376, 200.8315, 0.0049793
1377, 183.7188, 0.0054431
1378, 217.7037, 0.0045934
1379, 199.0842, 0.005023
1380, 206.4708, 0.0048433
1381, 239.7392, 0.0041712
1382, 234.0057, 0.0042734
1383, 200.2002, 0.004995
1384, 211.3361, 0.0047318
1385, 179.369, 0.0055751
1386, 156.3917, 0.0063942
1387, 194.871, 0.0051316
1388, 192.3484, 0.0051989
1389, 227.5468, 0.0043947
1390, 210.9126, 0.0047413
1391, 205.863, 0.0048576
1392, 206.1048, 0.0048519
1393, 205.2503, 0.0048721
1394, 201.5235, 0.0049622
1395, 216.4362, 0.0046203
1396, 219.4571, 0.0045567
1397, 224.1248, 0.0044618
1398, 186.6473, 0.0053577
1399, 179.7656, 0.0055628
1400, 231.6423, 0.004317
1401, 230.9789, 0.0043294
1402, 214.6475, 0.0046588
1403, 217.0563, 0.0046071
1404, 205.6132, 0.0048635
1405, 218.0882, 0.0045853
1406, 240.5407, 0.0041573
1407, 201.7797, 0.0049559
1408, 209.9914, 0.0047621
1409, 226.398, 0.004417
1410, 232.6989, 0.0042974
1411, 179.9759, 0.0055563
1412, 173.2652, 0.0057715
1413, 176.3202, 0.0056715
1414, 171.1743, 0.005842
1415, 204.5743, 0.0048882
1416, 195.8825, 0.0051051
1417, 198.8783, 0.0050282
1418, 177.1291, 0.0056456
1419, 224.5324, 0.0044537
1420, 198.7914, 0.0050304
1421, 232.3798, 0.0043033
1422, 246.3661, 0.004059
1423, 232.067, 0.0043091
1424, 187.9099, 0.0053217
1425, 209.7008, 0.0047687
1426, 217.6563, 0.0045944
1427, 226.0398, 0.004424
1428, 215.5637, 0.004639
1429, 227.723, 0.0043913
1430, 224.2454, 0.0044594
1431, 198.6295, 0.0050345
1432, 229.2842, 0.0043614
1433, 229.8851, 0.00435
1434, 223.8689, 0.0044669
1435, 218.6844, 0.0045728
1436, 223.8088, 0.0044681
1437, 219.6257, 0.0045532
1438, 220.4294, 0.0045366
1439, 218.0454, 0.0045862
1440, 222.2173, 0.0045001
1441, 176.9661, 0.0056508
1442, 173.0104, 0.00578
1443, 184.0604, 0.005433
1444, 226.6083, 0.0044129
1445, 195.6488, 0.0051112
1446, 217.4008, 0.0045998
1447, 212.7524, 0.0047003
1448, 233.623, 0.0042804
1449, 196.113, 0.0050991
1450, 211.9722, 0.0047176
1451, 236.3954, 0.0042302
1452, 183.53, 0.0054487
1453, 175.9293, 0.0056841
1454, 234.0879, 0.0042719
1455, 224.0093, 0.0044641
1456, 220.2595, 0.0045401
1457, 233.1057, 0.0042899
1458, 227.7386, 0.004391
1459, 212.3909, 0.0047083
1460, 229.6317, 0.0043548
1461, 228.7283, 0.004372
1462, 199.561, 0.005011
1463, 228.3418, 0.0043794
1464, 227.5831, 0.004394
1465, 239.0343, 0.0041835
1466, 179.5107, 0.0055707
1467, 174.7274, 0.0057232
1468, 187.7934, 0.005325
1469, 161.5613, 0.0061896
1470, 195.2401, 0.0051219
1471, 207.2968, 0.004824
1472, 234.1482, 0.0042708
1473, 206.744, 0.0048369
1474, 203.9692, 0.0049027
1475, 232.8506, 0.0042946
1476, 221.6066, 0.0045125
1477, 224.2354, 0.0044596
1478, 206.7184, 0.0048375
1479, 228.1803, 0.0043825
1480, 206.2664, 0.0048481
1481, 224.3661, 0.004457
1482, 240.3384, 0.0041608
1483, 203.463, 0.0049149
1484, 209.6568, 0.0047697
1485, 214.6752, 0.0046582
1486, 213.2651, 0.004689
1487, 214.9382, 0.0046525
1488, 218.0882, 0.0045853
1489, 241.0568, 0.0041484
1490, 190.6614, 0.0052449
1491, 168.8049, 0.005924
1492, 192.1747, 0.0052036
1493, 189.2112, 0.0052851
1494, 161.0695, 0.0062085
1495, 210.8859, 0.0047419
1496, 215.9641, 0.0046304
1497, 203.0745, 0.0049243
1498, 210.4997, 0.0047506
1499, 208.7639, 0.0047901
1500, 183.648, 0.0054452
1501, 215.8149, 0.0046336
1502, 223.3788, 0.0044767
1503, 187.4836, 0.0053338
1504, 203.3967, 0.0049165
1505, 209.9385, 0.0047633
1506, 198.8625, 0.0050286
1507, 195.2286, 0.0051222
1508, 241.6451, 0.0041383
1509, 222.9008, 0.0044863
1510, 228.6812, 0.0043729
1511, 193.4423, 0.0051695
1512, 220.9701, 0.0045255
1513, 227.3813, 0.0043979
1514, 231.6263, 0.0043173
1515, 233.7159, 0.0042787
1516, 197.3399, 0.0050674
1517, 240.4771, 0.0041584
1518, 193.3787, 0.0051712
1519, 208.1729, 0.0048037
1520, 159.4668, 0.0062709
1521, 157.3143, 0.0063567
1522, 163.4655, 0.0061175
1523, 187.73, 0.0053268
1524, 212.3909, 0.0047083
1525, 218.828, 0.0045698
1526, 229.2894, 0.0043613
1527, 223.3589, 0.0044771
1528, 189.6813, 0.005272
1529, 175.2081, 0.0057075
1530, 183.6143, 0.0054462
1531, 180.6326, 0.0055361
1532, 221.6361, 0.0045119
1533, 195.7713, 0.005108
1534, 121.061, 0.0082603
1535, 127.2184, 0.0078605
1536, 120.9877, 0.0082653
1537, 127.7204, 0.0078296
1538, 70.50148, 0.0141841
1539, 171.8656, 0.0058185
1540, 178.3962, 0.0056055
1541, 197.3438, 0.0050673
1542, 174.374, 0.0057348
1543, 185.0515, 0.0054039
1544, 191.2997, 0.0052274
1545, 182.7352, 0.0054724
1546, 211.8913, 0.0047194
1547, 214.1557, 0.0046695
1548, 227.433, 0.0043969
1549, 228.9167, 0.0043684
1550, 214.4772, 0.0046625
1551, 209.4987, 0.0047733
1552, 228.6498, 0.0043735
1553, 234.7583, 0.0042597
1554, 219.7947, 0.0045497
1555, 212.3323, 0.0047096
1556, 237.1073, 0.0042175
1557, 216.2162, 0.004625
1558, 180.822, 0.0055303
1559, 236.1721, 0.0042342
1560, 222.2123, 0.0045002
1561, 210.877, 0.0047421
1562, 171.9631, 0.0058152
1563, 187.7723, 0.0053256
1564, 162.364, 0.006159
1565, 227.6712, 0.0043923
1566, 225.9887, 0.004425
1567, 168.6284, 0.0059302
1568, 182.9994, 0.0054645
1569, 218.7561, 0.0045713
1570, 178.9229, 0.005589
1571, 180.724, 0.0055333
1572, 203.4464, 0.0049153
1573, 196.4058, 0.0050915
1574, 197.9884, 0.0050508
1575, 205.8376, 0.0048582
1576, 200.076, 0.0049981
1577, 196.3055, 0.0050941
1578, 221.882, 0.0045069
1579, 195.3659, 0.0051186
1580, 198.6255, 0.0050346
1581, 216.7975, 0.0046126
1582, 190.7378, 0.0052428
1583, 164.7555, 0.0060696
1584, 197.3749, 0.0050665
1585, 189.847, 0.0052674
1586, 173.3433, 0.0057689
1587, 183.4492, 0.0054511
1588, 169.8283, 0.0058883
1589, 201.1708, 0.0049709
1590, 180.4468, 0.0055418
1591, 222.8859, 0.0044866
1592, 207.3226, 0.0048234
1593, 208.7421, 0.0047906
1594, 206.3472, 0.0048462
1595, 225.5503, 0.0044336
1596, 224.6333, 0.0044517
1597, 209.2619, 0.0047787
1598, 240.6333, 0.0041557
1599, 214.9983, 0.0046512
1600, 221.5919, 0.0045128
1601, 213.8717, 0.0046757
1602, 206.898, 0.0048333
1603, 210.8593, 0.0047425
1604, 169.9784, 0.0058831
1605, 215.5405, 0.0046395
1606, 182.1062, 0.0054913
1607, 198.665, 0.0050336
1608, 228.5453, 0.0043755
1609, 213.9724, 0.0046735
1610, 224.487, 0.0044546
1611, 223.8589, 0.0044671
1612, 215.0121, 0.0046509
1613, 226.7111, 0.0044109
1614, 207.5464, 0.0048182
1615, 229.463, 0.004358
1616, 231.8088, 0.0043139
1617, 180.8351, 0.0055299
1618, 185.4737, 0.0053916
1619, 239.2287, 0.0041801
1620, 221.0531, 0.0045238
1621, 218.0359, 0.0045864
1622, 231.0056, 0.0043289
1623, 200.3606, 0.004991
1624, 212.0261, 0.0047164
1625, 189.136, 0.0052872
1626, 200.5817, 0.0049855
1627, 234.6537, 0.0042616
1628, 212.7162, 0.0047011
1629, 193.121, 0.0051781
1630, 202.5152, 0.0049379
1631, 168.7052, 0.0059275
1632, 175.374, 0.0057021
1633, 205.2882, 0.0048712
1634, 232.0509, 0.0043094
1635, 187.0208, 0.005347
1636, 224.5375, 0.0044536
1637, 236.5688, 0.0042271
1638, 226.6751, 0.0044116
1639, 222.732, 0.0044897
1640, 233.3722, 0.004285
1641, 212.2106, 0.0047123
1642, 207.9218, 0.0048095
1643, 215.5265, 0.0046398
1644, 213.9266, 0.0046745
1645, 219.6209, 0.0045533
1646, 212.4405, 0.0047072
1647, 222.2617, 0.0044992
1648, 226.7831, 0.0044095
1649, 215.7218, 0.0046356
1650, 233.3505, 0.0042854
1651, 210.358, 0.0047538
1652, 219.4474, 0.0045569
1653, 191.968, 0.0052092
1654, 217.2827, 0.0046023
1655, 202.5604, 0.0049368
1656, 238.3109, 0.0041962
1657, 226.6032, 0.004413
1658, 213.3561, 0.004687
1659, 220.0269, 0.0045449
1660, 217.3346, 0.0046012
1661, 215.1648, 0.0046476
1662, 188.6864, 0.0052998
1663, 227.5209, 0.0043952
1664, 204.9264, 0.0048798
1665, 221.2487, 0.0045198
1666, 221.3516, 0.0045177
1667, 213.106, 0.0046925
1668, 192.2818, 0.0052007
1669, 209.0913, 0.0047826
1670, 226.6135, 0.0044128
1671, 204.6161, 0.0048872
1672, 220.8188, 0.0045286
1673, 235.9604, 0.004238
1674, 209.9782, 0.0047624
1675, 181.4651, 0.0055107
1676, 228.9482, 0.0043678
1677, 219.4137, 0.0045576
1678, 199.0604, 0.0050236
1679, 216.7505, 0.0046136
1680, 198.1846, 0.0050458
1681, 188.0795, 0.0053169
1682, 186.3134, 0.0053673
1683, 183.1401, 0.0054603
1684, 214.4864, 0.0046623
1685, 209.3583, 0.0047765
1686, 230.1973, 0.0043441
1687, 213.7483, 0.0046784
1688, 155.722, 0.0064217
1689, 194.5525, 0.00514
1690, 177.5694, 0.0056316
1691, 176.6785, 0.00566
1692, 213.762, 0.0046781
1693, 205.7402, 0.0048605
1694, 187.7687, 0.0053257
1695, 189.7389, 0.0052704
1696, 181.1693, 0.0055197
1697, 174.7274, 0.0057232
1698, 193.0949, 0.0051788
1699, 172.2297, 0.0058062
1700, 183.1871, 0.0054589
1701, 210.4421, 0.0047519
1702, 207.357, 0.0048226
1703, 171.6915, 0.0058244
1704, 188.9038, 0.0052937
1705, 177.5789, 0.0056313
1706, 210.2298, 0.0047567
1707, 195.343, 0.0051192
1708, 193.2442, 0.0051748
1709, 232.288, 0.004305
1710, 183.783, 0.0054412
1711, 169.7908, 0.0058896
1712, 203.2149, 0.0049209
1713, 211.2914, 0.0047328
1714, 208.9602, 0.0047856
1715, 220.2352, 0.0045406
1716, 191.1205, 0.0052323
1717, 188.3594, 0.005309
1718, 225.8254, 0.0044282
1719, 225.6674, 0.0044313
1720, 191.681, 0.005217
1721, 204.7418, 0.0048842
1722, 197.3165, 0.005068
1723, 175.2388, 0.0057065
1724, 187.2274, 0.0053411
1725, 176.794, 0.0056563
1726, 152.7907, 0.0065449
1727, 191.8686, 0.0052119
1728, 164.0797, 0.0060946
1729, 193.8623, 0.0051583
1730, 207.2195, 0.0048258
1731, 206.1516, 0.0048508
1732, 208.4115, 0.0047982
1733, 199.2588, 0.0050186
1734, 195.599, 0.0051125
1735, 172.3603, 0.0058018
1736, 186.2267, 0.0053698
1737, 184.7439, 0.0054129
1738, 193.4199, 0.0051701
1739, 184.604, 0.005417
1740, 201.6902, 0.0049581
1741, 200.3285, 0.0049918
1742, 201.5804, 0.0049608
1743, 224.3309, 0.0044577
1744, 216.1414, 0.0046266
1745, 186.2891, 0.005368
1746, 205.5921, 0.004864
1747, 154.593, 0.0064686
1748, 224.3913, 0.0044565
1749, 192.5632, 0.0051931
1750, 222.3507, 0.0044974
1751, 203.3181, 0.0049184
1752, 211.3316, 0.0047319
1753, 196.9628, 0.0050771
1754, 212.0936, 0.0047149
1755, 207.2797, 0.0048244
1756, 200.4209, 0.0049895
1757, 212.1791, 0.004713
1758, 209.1044, 0.0047823
1759, 208.3594, 0.0047994
1760, 212.6755, 0.004702
1761, 208.8555, 0.004788
1762, 215.7683, 0.0046346
1763, 199.374, 0.0050157
1764, 219.1541, 0.004563
1765, 208.7334, 0.0047908
1766, 199.7603, 0.005006
1767, 227.967, 0.0043866
1768, 217.3724, 0.0046004
1769, 208.5767, 0.0047944
1770, 197.0443, 0.005075
1771, 185.007, 0.0054052
1772, 210.5618, 0.0047492
1773, 203.7282, 0.0049085
1774, 191.3619, 0.0052257
1775, 200.104, 0.0049974
1776, 184.8087, 0.005411
1777, 212.6483, 0.0047026
1778, 197.867, 0.0050539
1779, 189.1146, 0.0052878
1780, 193.1098, 0.0051784
1781, 203.8736, 0.004905
1782, 181.1233, 0.0055211
1783, 186.6055, 0.0053589
1784, 207.8959, 0.0048101
1785, 222.7023, 0.0044903
1786, 184.5665, 0.0054181
1787, 204.1858, 0.0048975
1788, 180.7991, 0.005531
1789, 181.12, 0.0055212
1790, 179.2083, 0.0055801
1791, 197.7848, 0.005056
1792, 191.1242, 0.0052322
1793, 184.4746, 0.0054208
1794, 189.4119, 0.0052795
1795, 208.886, 0.0047873
1796, 154.8251, 0.0064589
1797, 184.5121, 0.0054197
1798, 175.5741, 0.0056956
1799, 182.3054, 0.0054853
1800, 163.3827, 0.0061206
1801, 164.0555, 0.0060955
1802, 204.8299, 0.0048821
1803, 209.1044, 0.0047823
1804, 216.0901, 0.0046277
1805, 180.5902, 0.0055374
1806, 173.5418, 0.0057623
1807, 166.6417, 0.0060009
1808, 187.7229, 0.005327
1809, 200.3767, 0.0049906
1810, 185.6872, 0.0053854
1811, 158.4234, 0.0063122
1812, 214.7121, 0.0046574
1813, 182.7886, 0.0054708
1814, 194.171, 0.0051501
1815, 202.1304, 0.0049473
1816, 178.8045, 0.0055927
1817, 164.894, 0.0060645
1818, 212.2421, 0.0047116
1819, 211.5775, 0.0047264
1820, 191.2229, 0.0052295
1821, 195.7292, 0.0051091
1822, 155.6009, 0.0064267
1823, 168.251, 0.0059435
1824, 203.1199, 0.0049232
1825, 190.049, 0.0052618
1826, 175.4632, 0.0056992
1827, 216.1087, 0.0046273
1828, 198.4954, 0.0050379
1829, 225.3775, 0.004437
1830, 166.1875, 0.0060173
1831, 183.9926, 0.005435
1832, 16.75151, 0.0596961
1833, 189.8794, 0.0052665
1834, 181.4125, 0.0055123
1835, 181.1397, 0.0055206
1836, 204.9516, 0.0048792
1837, 198.5033, 0.0050377
1838, 174.8038, 0.0057207
1839, 199.7284, 0.0050068
1840, 204.4739, 0.0048906
1841, 212.9291, 0.0046964
1842, 213.4472, 0.004685
1843, 208.4375, 0.0047976
1844, 199.549, 0.0050113
1845, 201.418, 0.0049648
1846, 220.3274, 0.0045387
1847, 199.8761, 0.0050031
1848, 212.852, 0.0046981
1849, 204.015, 0.0049016
1850, 215.7823, 0.0046343
1851, 190.3493, 0.0052535
1852, 192.7005, 0.0051894
1853, 218.0407, 0.0045863
1854, 218.2167, 0.0045826
1855, 211.7119, 0.0047234
1856, 194.5601, 0.0051398
1857, 215.3038, 0.0046446
1858, 227.5261, 0.0043951
1859, 193.136, 0.0051777
1860, 214.8228, 0.004655
1861, 190.4653, 0.0052503
1862, 191.3583, 0.0052258
1863, 230.1019, 0.0043459
1864, 202.3636, 0.0049416
1865, 190.4037, 0.005252
1866, 197.2659, 0.0050693
1867, 198.9377, 0.0050267
1868, 178.3899, 0.0056057
1869, 174.5079, 0.0057304
1870, 231.0216, 0.0043286
1871, 203.6369, 0.0049107
1872, 158.1653, 0.0063225
1873, 195.6947, 0.00511
1874, 170.8993, 0.0058514
1875, 179.0607, 0.0055847
1876, 185.9981, 0.0053764
1877, 180.164, 0.0055505
1878, 173.8133, 0.0057533
1879, 171.271, 0.0058387
1880, 202.9015, 0.0049285
1881, 211.9003, 0.0047192
1882, 216.9197, 0.00461
1883, 176.454, 0.0056672
1884, 233.0785, 0.0042904
1885, 205.6513, 0.0048626
1886, 212.3142, 0.00471
1887, 207.6628, 0.0048155
1888, 204.939, 0.0048795
1889, 212.8067, 0.0046991
1890, 218.8806, 0.0045687
1891, 190.8652, 0.0052393
1892, 202.0978, 0.0049481
1893, 194.371, 0.0051448
1894, 228.9063, 0.0043686
1895, 169.0703, 0.0059147
1896, 205.9223, 0.0048562
1897, 225.2912, 0.0044387
1898, 182.3919, 0.0054827
1899, 199.1159, 0.0050222
1900, 207.1337, 0.0048278
1901, 198.6847, 0.0050331
1902, 166.5862, 0.0060029
1903, 187.452, 0.0053347
1904, 203.1571, 0.0049223
1905, 204.1775, 0.0048977
1906, 197.6128, 0.0050604
1907, 187.9593, 0.0053203
1908, 181.8678, 0.0054985
1909, 209.2006, 0.0047801
1910, 193.93, 0.0051565
1911, 207.8743, 0.0048106
1912, 197.0676, 0.0050744
1913, 173.7619, 0.005755
1914, 192.5892, 0.0051924
1915, 223.6136, 0.004472
1916, 176.6597, 0.0056606
1917, 195.1219, 0.005125
1918, 185.3225, 0.005396
1919, 202.7205, 0.0049329
1920, 208.3854, 0.0047988
1921, 185.3019, 0.0053966
1922, 188.6365, 0.0053012
1923, 187.7617, 0.0053259
1924, 204.6748, 0.0048858
1925, 190.1177, 0.0052599
1926, 225.0073, 0.0044443
1927, 215.9034, 0.0046317
1928, 209.9958, 0.004762
1929, 199.1239, 0.005022
1930, 183.2408, 0.0054573
1931, 206.6585, 0.0048389
1932, 184.1722, 0.0054297
1933, 202.7287, 0.0049327
1934, 196.6684, 0.0050847
1935, 215.5962, 0.0046383
1936, 207.2066, 0.0048261
1937, 205.0693, 0.0048764
1938, 166.8029, 0.0059951
1939, 181.0577, 0.0055231
1940, 212.7207, 0.004701
1941, 208.2769, 0.0048013
1942, 188.8146, 0.0052962
1943, 224.6585, 0.0044512
1944, 188.1857, 0.0053139
1945, 211.3495, 0.0047315
1946, 173.0493, 0.0057787
1947, 175.0332, 0.0057132
1948, 186.2163, 0.0053701
1949, 190.3928, 0.0052523
1950, 167.9458, 0.0059543
1951, 201.187, 0.0049705
1952, 194.0278, 0.0051539
1953, 201.3815, 0.0049657
1954, 182.1825, 0.005489
1955, 207.0093, 0.0048307
1956, 198.4639, 0.0050387
1957, 195.1676, 0.0051238
1958, 216.3332, 0.0046225
1959, 210.8993, 0.0047416
1960, 208.5288, 0.0047955
1961, 187.5258, 0.0053326
1962, 174.1281, 0.0057429
1963, 189.8506, 0.0052673
1964, 182.6818, 0.005474
1965, 186.192, 0.0053708
1966, 181.6201, 0.005506
1967, 209.8372, 0.0047656
1968, 211.3807, 0.0047308
1969, 206.1686, 0.0048504
1970, 198.6887, 0.005033
1971, 208.1859, 0.0048034
1972, 221.6853, 0.0045109
1973, 187.8146, 0.0053244
1974, 167.698, 0.0059631
1975, 190.9016, 0.0052383
1976, 183.3887, 0.0054529
1977, 183.9385, 0.0054366
1978, 159.4998, 0.0062696
1979, 162.885, 0.0061393
1980, 169.7937, 0.0058895
1981, 209.135, 0.0047816
1982, 191.8024, 0.0052137
1983, 190.4327, 0.0052512
1984, 195.7943, 0.0051074
1985, 204.5659, 0.0048884
1986, 211.3629, 0.0047312
1987, 230.6699, 0.0043352
1988, 186.86, 0.0053516
1989, 199.0763, 0.0050232
1990, 224.4669, 0.004455
1991, 180.9136, 0.0055275
1992, 199.8162, 0.0050046
1993, 200.7629, 0.004981
1994, 198.2082, 0.0050452
1995, 186.2336, 0.0053696
1996, 196.2401, 0.0050958
1997, 212.2016, 0.0047125
1998, 202.7822, 0.0049314
1999, 170.149, 0.0058772
2000, 182.7652, 0.0054715
2001, 217.7179, 0.0045931
2002, 204.115, 0.0048992
2003, 209.052, 0.0047835
2004, 201.001, 0.0049751
2005, 205.5203, 0.0048657
2006, 191.7619, 0.0052148
2007, 208.8293, 0.0047886
2008, 189.3294, 0.0052818
2009, 177.9961, 0.0056181
2010, 199.4853, 0.0050129
2011, 199.1556, 0.0050212
2012, 189.3115, 0.0052823
2013, 204.5408, 0.004889
2014, 187.8287, 0.005324
2015, 196.3749, 0.0050923
2016, 214.9197, 0.0046529
2017, 212.8067, 0.0046991
2018, 187.1678, 0.0053428
2019, 150.0938, 0.0066625
2020, 177.5442, 0.0056324
2021, 180.773, 0.0055318
2022, 201.9264, 0.0049523
2023, 172.9954, 0.0057805
2024, 212.7841, 0.0046996
2025, 214.0869, 0.004671
2026, 185.5081, 0.0053906
2027, 190.6251, 0.0052459
2028, 176.1463, 0.0056771
2029, 184.6824, 0.0054147
2030, 193.8135, 0.0051596
2031, 202.6876, 0.0049337
2032, 210.4466, 0.0047518
2033, 196.3132, 0.0050939
2034, 201.2194, 0.0049697
2035, 185.7459, 0.0053837
2036, 184.1553, 0.0054302
2037, 209.9782, 0.0047624
2038, 218.9238, 0.0045678
2039, 204.3652, 0.0048932
2040, 214.7259, 0.0046571
2041, 191.5562, 0.0052204
2042, 200.3767, 0.0049906
2043, 211.8016, 0.0047214
2044, 213.9861, 0.0046732
2045, 207.6067, 0.0048168
2046, 199.4097, 0.0050148
2047, 199.6327, 0.0050092
2048, 205.204, 0.0048732
2049, 195.0991, 0.0051256
2050, 180.3199, 0.0055457
2051, 167.2409, 0.0059794
2052, 191.6296, 0.0052184
2053, 226.7008, 0.0044111
2054, 191.1315, 0.005232
2055, 195.9824, 0.0051025
2056, 233.6776, 0.0042794
2057, 171.8302, 0.0058197
2058, 174.8588, 0.0057189
2059, 199.3064, 0.0050174
2060, 156.8013, 0.0063775
2061, 152.1375, 0.006573
2062, 183.5907, 0.0054469
2063, 215.7079, 0.0046359
2064, 195.3392, 0.0051193
2065, 212.4541, 0.0047069
2066, 168.9675, 0.0059183
2067, 196.9279, 0.005078
2068, 206.1388, 0.0048511
2069, 191.7987, 0.0052138
2070, 197.262, 0.0050694
2071, 213.625, 0.0046811
2072, 184.6824, 0.0054147
2073, 195.9324, 0.0051038
2074, 201.739, 0.0049569
2075, 211.3718, 0.004731
2076, 203.9069, 0.0049042
2077, 201.5073, 0.0049626
2078, 182.1062, 0.0054913
2079, 177.478, 0.0056345
2080, 178.6352, 0.005598
2081, 188.0795, 0.0053169
2082, 215.2296, 0.0046462
2083, 206.3941, 0.0048451
2084, 183.2005, 0.0054585
2085, 207.9088, 0.0048098
2086, 224.3762, 0.0044568
2087, 215.2296, 0.0046462
2088, 227.3089, 0.0043993
2089, 215.8755, 0.0046323
2090, 174.9353, 0.0057164
2091, 185.1201, 0.0054019
2092, 185.96, 0.0053775
2093, 159.8414, 0.0062562
2094, 149.7275, 0.0066788
2095, 170.1114, 0.0058785
2096, 167.2465, 0.0059792
2097, 191.3216, 0.0052268
2098, 191.2156, 0.0052297
2099, 186.5706, 0.0053599
2100, 190.1177, 0.0052599
2101, 213.6935, 0.0046796
2102, 185.8633, 0.0053803
2103, 195.8941, 0.0051048
2104, 163.1215, 0.0061304
2105, 168.2425, 0.0059438
2106, 224.477, 0.0044548
2107, 219.4474, 0.0045569
2108, 182.2257, 0.0054877
2109, 176.3047, 0.005672
2110, 169.2649, 0.0059079
2111, 197.4256, 0.0050652
2112, 220.3517, 0.0045382
2113, 196.1707, 0.0050976
2114, 179.8044, 0.0055616
2115, 200.3887, 0.0049903
2116, 175.8551, 0.0056865
2117, 205.0525, 0.0048768
2118, 226.2751, 0.0044194
2119, 187.3782, 0.0053368
2120, 202.7082, 0.0049332
2121, 172.509, 0.0057968
2122, 157.7312, 0.0063399
2123, 162.7896, 0.0061429
2124, 176.6254, 0.0056617
2125, 156.1987, 0.0064021
2126, 208.3203, 0.0048003
2127, 202.0243, 0.0049499
2128, 205.2924, 0.0048711
2129, 219.3175, 0.0045596
2130, 205.5161, 0.0048658
2131, 201.5113, 0.0049625
2132, 221.3075, 0.0045186
2133, 193.3189, 0.0051728
2134, 199.553, 0.0050112
2135, 206.1473, 0.0048509
2136, 189.0824, 0.0052887
2137, 162.4827, 0.0061545
2138, 182.3952, 0.0054826
2139, 206.2834, 0.0048477
2140, 196.0746, 0.0051001
2141, 211.4433, 0.0047294
2142, 201.5804, 0.0049608
2143, 170.7884, 0.0058552
2144, 204.3235, 0.0048942
2145, 179.9888, 0.0055559
2146, 187.3677, 0.0053371
2147, 202.0202, 0.00495
2148, 227.0663, 0.004404
2149, 167.3584, 0.0059752
2150, 165.6287, 0.0060376
2151, 149.4992, 0.006689
2152, 152.539, 0.0065557
2153, 203.0952, 0.0049238
2154, 194.7913, 0.0051337
2155, 194.1748, 0.00515
2156, 188.6615, 0.0053005
2157, 214.5094, 0.0046618
2158, 218.5888, 0.0045748
2159, 192.4854, 0.0051952
2160, 200.892, 0.0049778
2161, 183.5603, 0.0054478
2162, 192.5187, 0.0051943
2163, 195.4461, 0.0051165
2164, 198.9931, 0.0050253
2165, 190.8725, 0.0052391
2166, 202.0488, 0.0049493
2167, 209.5382, 0.0047724
2168, 238.9201, 0.0041855
2169, 183.0798, 0.0054621
2170, 185.2675, 0.0053976
2171, 184.1655, 0.0054299
2172, 162.5118, 0.0061534
2173, 158.637, 0.0063037
2174, 171.409, 0.005834
2175, 140.2229, 0.0071315
2176, 180.662, 0.0055352
2177, 187.804, 0.0053247
2178, 187.2659, 0.00534
2179, 180.0374, 0.0055544
2180, 164.3115, 0.006086
2181, 180.9857, 0.0055253
2182, 172.5387, 0.0057958
2183, 181.5904, 0.0055069
2184, 179.0639, 0.0055846
2185, 181.3072, 0.0055155
2186, 198.5309, 0.005037
2187, 181.924, 0.0054968
2188, 188.0618, 0.0053174
2189, 186.095, 0.0053736
2190, 176.1401, 0.0056773
2191, 168.0955, 0.005949
2192, 163.4067, 0.0061197
2193, 177.4749, 0.0056346
2194, 173.9463, 0.0057489
2195, 159.7572, 0.0062595
2196, 173.4485, 0.0057654
2197, 199.8441, 0.0050039
2198, 172.7713, 0.005788
2199, 171.7121, 0.0058237
2200, 228.4096, 0.0043781
2201, 204.9768, 0.0048786
2202, 202.4087, 0.0049405
2203, 207.168, 0.004827
2204, 208.4984, 0.0047962
2205, 176.4415, 0.0056676
2206, 197.6636, 0.0050591
2207, 197.9924, 0.0050507
2208, 173.5057, 0.0057635
2209, 196.2285, 0.0050961
2210, 195.7675, 0.0051081
2211, 196.7458, 0.0050827
2212, 213.9587, 0.0046738
2213, 198.7597, 0.0050312
2214, 199.4495, 0.0050138
2215, 195.0611, 0.0051266
2216, 175.0118, 0.0057139
2217, 154.0002, 0.0064935
2218, 157.4803, 0.00635
2219, 167.076, 0.0059853
2220, 175.7964, 0.0056884
2221, 201.5235, 0.0049622
2222, 186.2579, 0.0053689
2223, 204.4739, 0.0048906
2224, 181.6135, 0.0055062
2225, 214.4864, 0.0046623
2226, 225.2202, 0.0044401
2227, 205.478, 0.0048667
2228, 220.6531, 0.004532
2229, 224.901, 0.0044464
2230, 184.9831, 0.0054059
2231, 203.6411, 0.0049106
2232, 190.6069, 0.0052464
2233, 200.1, 0.0049975
2234, 180.3589, 0.0055445
2235, 216.0574, 0.0046284
2236, 204.0775, 0.0049001
2237, 190.9308, 0.0052375
2238, 215.8801, 0.0046322
2239, 198.6887, 0.005033
2240, 166.1875, 0.0060173
2241, 202.2122, 0.0049453
2242, 223.1944, 0.0044804
2243, 206.9494, 0.0048321
2244, 172.3158, 0.0058033
2245, 192.9384, 0.005183
2246, 195.4156, 0.0051173
2247, 170.7767, 0.0058556
2248, 198.665, 0.0050336
2249, 204.5408, 0.004889
2250, 191.084, 0.0052333
2251, 224.3762, 0.0044568
2252, 202.8233, 0.0049304
2253, 187.308, 0.0053388
2254, 204.2567, 0.0048958
2255, 212.8792, 0.0046975
2256, 186.4559, 0.0053632
2257, 200.4812, 0.004988
2258, 216.8774, 0.0046109
2259, 201.8082, 0.0049552
2260, 193.0986, 0.0051787
2261, 212.8747, 0.0046976
2262, 180.9791, 0.0055255
2263, 194.5374, 0.0051404
2264, 190.2081, 0.0052574
2265, 206.6286, 0.0048396
2266, 222.5585, 0.0044932
2267, 196.9551, 0.0050773
2268, 185.0687, 0.0054034
2269, 206.6073, 0.0048401
2270, 195.9785, 0.0051026
2271, 202.6096, 0.0049356
2272, 192.9198, 0.0051835
2273, 214.2016, 0.0046685
2274, 180.9202, 0.0055273
2275, 213.584, 0.004682
2276, 172.4406, 0.0057991
2277, 193.2778, 0.0051739
2278, 191.7693, 0.0052146
2279, 218.6222, 0.0045741
2280, 186.1816, 0.0053711
2281, 172.4822, 0.0057977
2282, 214.689, 0.0046579
2283, 169.5174, 0.0058991
2284, 173.0523, 0.0057786
2285, 162.2218, 0.0061644
2286, 167.35, 0.0059755
2287, 198.3301, 0.0050421
2288, 212.7388, 0.0047006
2289, 213.0379, 0.004694
2290, 185.0207, 0.0054048
2291, 186.4489, 0.0053634
2292, 182.1427, 0.0054902
2293, 216.9433, 0.0046095
2294, 189.0502, 0.0052896
2295, 170.0998, 0.0058789
2296, 193.0502, 0.00518
2297, 198.906, 0.0050275
2298, 201.4383, 0.0049643
2299, 199.4694, 0.0050133
2300, 160.5626, 0.0062281
2301, 201.682, 0.0049583
2302, 175.7964, 0.0056884
2303, 178.4917, 0.0056025
2304, 200.3205, 0.004992
2305, 182.5717, 0.0054773
2306, 173.3643, 0.0057682
2307, 207.1423, 0.0048276
2308, 215.787, 0.0046342
2309, 199.3024, 0.0050175
2310, 223.5936, 0.0044724
2311, 210.9171, 0.0047412
2312, 185.6769, 0.0053857
2313, 201.1304, 0.0049719
2314, 206.2706, 0.004848
2315, 173.1872, 0.0057741
2316, 178.3612, 0.0056066
2317, 173.7167, 0.0057565
2318, 164.0608, 0.0060953
2319, 161.2747, 0.0062006
2320, 170.946, 0.0058498
2321, 196.595, 0.0050866
2322, 179.5816, 0.0055685
2323, 156.0915, 0.0064065
2324, 147.3427, 0.0067869
2325, 187.0837, 0.0053452
2326, 173.2142, 0.0057732
2327, 212.2872, 0.0047106
2328, 186.8461, 0.005352
2329, 164.3007, 0.0060864
2330, 191.2448, 0.0052289
2331, 178.0183, 0.0056174
2332, 153.7374, 0.0065046
2333, 186.1608, 0.0053717
2334, 181.1857, 0.0055192
2335, 170.7184, 0.0058576
2336, 203.6743, 0.0049098
2337, 178.9773, 0.0055873
2338, 164.1551, 0.0060918
2339, 174.4653, 0.0057318
2340, 208.1382, 0.0048045
2341, 177.1385, 0.0056453
2342, 167.0118, 0.0059876
2343, 161.9433, 0.006175
2344, 156.3477, 0.006396
2345, 171.5266, 0.00583
2346, 159.0634, 0.0062868
2347, 170.5088, 0.0058648
2348, 189.5842, 0.0052747
2349, 177.9866, 0.0056184
2350, 176.5599, 0.0056638
2351, 216.558, 0.0046177
2352, 192.415, 0.0051971
2353, 182.2124, 0.0054881
2354, 179.1184, 0.0055829
2355, 176.199, 0.0056754
2356, 164.5603, 0.0060768
2357, 177.6893, 0.0056278
2358, 191.2229, 0.0052295
2359, 176.2705, 0.0056731
2360, 186.9019, 0.0053504
2361, 188.9109, 0.0052935
2362, 181.3829, 0.0055132
2363, 162.9328, 0.0061375
2364, 199.2786, 0.0050181
2365, 155.0099, 0.0064512
2366, 159.7725, 0.0062589
2367, 179.2789, 0.0055779
2368, 178.6703, 0.0055969
2369, 178.5906, 0.0055994
2370, 174.7183, 0.0057235
2371, 200.5777, 0.0049856
2372, 167.5659, 0.0059678
2373, 180.4175, 0.0055427
2374, 162.2665, 0.0061627
2375, 190.1249, 0.0052597
2376, 180.2646, 0.0055474
2377, 149.9273, 0.0066699
2378, 177.7051, 0.0056273
2379, 164.6091, 0.006075
2380, 157.5622, 0.0063467
2381, 162.1929, 0.0061655
2382, 177.7683, 0.0056253
2383, 183.3954, 0.0054527
2384, 164.9185, 0.0060636
2385, 141.1373, 0.0070853
2386, 147.9378, 0.0067596
2387, 150.5525, 0.0066422
2388, 166.5445, 0.0060044
2389, 171.8036, 0.0058206
2390, 158.466, 0.0063105
2391, 171.6532, 0.0058257
2392, 182.9994, 0.0054645
2393, 175.8737, 0.0056859
2394, 157.3391, 0.0063557
2395, 169.5921, 0.0058965
2396, 182.4818, 0.00548
2397, 169.199, 0.0059102
2398, 165.2374, 0.0060519
2399, 173.4455, 0.0057655
2400, 186.3273, 0.0053669
2401, 159.2813, 0.0062782
2402, 187.871, 0.0053228
2403, 166.9449, 0.00599
2404, 175.6019, 0.0056947
2405, 172.6817, 0.005791
2406, 177.3364, 0.005639
2407, 174.5505, 0.005729
2408, 164.7745, 0.0060689
2409, 166.7056, 0.0059986
2410, 157.8358, 0.0063357
2411, 163.0072, 0.0061347
2412, 164.0205, 0.0060968
2413, 135.34, 0.0073888
2414, 150.907, 0.0066266
2415, 159.2458, 0.0062796
2416, 175.021, 0.0057136
2417, 184.7131, 0.0054138
2418, 168.4693, 0.0059358
2419, 183.493, 0.0054498
2420, 184.3692, 0.0054239
2421, 162.5752, 0.006151
2422, 208.03, 0.004807
2423, 189.8073, 0.0052685
2424, 161.1214, 0.0062065
2425, 175.4571, 0.0056994
2426, 174.6481, 0.0057258
2427, 164.0366, 0.0060962
2428, 164.7528, 0.0060697
2429, 172.4019, 0.0058004
2430, 175.9417, 0.0056837
2431, 168.4579, 0.0059362
2432, 153.9598, 0.0064952
2433, 195.7445, 0.0051087
2434, 171.2329, 0.00584
2435, 153.5202, 0.0065138
2436, 152.6228, 0.0065521
2437, 150.2855, 0.006654
2438, 150.5888, 0.0066406
2439, 169.1189, 0.005913
2440, 177.5631, 0.0056318
2441, 158.0803, 0.0063259
2442, 176.5132, 0.0056653
2443, 188.2176, 0.005313
2444, 140.7301, 0.0071058
2445, 169.1933, 0.0059104
2446, 153.2896, 0.0065236
2447, 148.4076, 0.0067382
2448, 165.9971, 0.0060242
2449, 159.5202, 0.0062688
2450, 172.6609, 0.0057917
2451, 191.4535, 0.0052232
2452, 154.8947, 0.006456
2453, 164.6524, 0.0060734
2454, 148.6348, 0.0067279
2455, 171.1918, 0.0058414
2456, 176.9567, 0.0056511
2457, 164.5278, 0.006078
2458, 170.6776, 0.005859
2459, 158.4108, 0.0063127
2460, 164.0797, 0.0060946
2461, 190.6287, 0.0052458
2462, 164.1955, 0.0060903
2463, 163.8163, 0.0061044
2464, 198.2278, 0.0050447
2465, 185.1577, 0.0054008
2466, 180.0666, 0.0055535
2467, 170.5262, 0.0058642
2468, 176.941, 0.0056516
2469, 177.8885, 0.0056215
2470, 175.7068, 0.0056913
2471, 172.7623, 0.0057883
2472, 179.472, 0.0055719
2473, 164.236, 0.0060888
2474, 178.6671, 0.005597
2475, 159.6399, 0.0062641
2476, 191.2704, 0.0052282
2477, 182.4518, 0.0054809
2478, 165.3111, 0.0060492
2479, 205.7063, 0.0048613
2480, 152.1862, 0.0065709
2481, 151.4348, 0.0066035
2482, 178.1102, 0.0056145
2483, 193.5359, 0.005167
2484, 192.9906, 0.0051816
2485, 183.5098, 0.0054493
2486, 210.0796, 0.0047601
2487, 182.812, 0.0054701
2488, 190.342, 0.0052537
2489, 178.2881, 0.0056089
2490, 206.8466, 0.0048345
2491, 205.8884, 0.004857
2492, 191.4608, 0.005223
2493, 198.9693, 0.0050259
2494, 226.0858, 0.0044231
2495, 216.8163, 0.0046122
2496, 215.8801, 0.0046322
2497, 198.7281, 0.005032
2498, 212.3593, 0.004709
2499, 195.0535, 0.0051268
2500, 183.9114, 0.0054374
2501, 175.1038, 0.0057109
2502, 185.3946, 0.0053939
2503, 168.2935, 0.005942
2504, 148.3173, 0.0067423
2505, 157.8283, 0.006336
2506, 198.6176, 0.0050348
2507, 181.4125, 0.0055123
2508, 210.9171, 0.0047412
2509, 202.7082, 0.0049332
2510, 189.2685, 0.0052835
2511, 191.7656, 0.0052147
2512, 186.095, 0.0053736
2513, 223.5586, 0.0044731
2514, 232.5798, 0.0042996
2515, 195.9171, 0.0051042
2516, 191.7582, 0.0052149
2517, 200.5656, 0.0049859
2518, 226.1165, 0.0044225
2519, 176.4353, 0.0056678
2520, 207.3656, 0.0048224
2521, 184.3862, 0.0054234
2522, 182.332, 0.0054845
2523, 175.982, 0.0056824
2524, 150.9024, 0.0066268
2525, 147.7869, 0.0067665
2526, 168.5914, 0.0059315
2527, 158.9876, 0.0062898
2528, 197.4919, 0.0050635
2529, 218.0454, 0.0045862
2530, 198.91, 0.0050274
2531, 187.1187, 0.0053442
2532, 198.8862, 0.005028
2533, 180.7893, 0.0055313
2534, 175.7099, 0.0056912
2535, 181.9638, 0.0054956
2536, 204.876, 0.004881
2537, 177.8695, 0.0056221
2538, 192.2892, 0.0052005
2539, 184.013, 0.0054344
2540, 184.1655, 0.0054299
2541, 193.1509, 0.0051773
2542, 217.4244, 0.0045993
2543, 210.9883, 0.0047396
2544, 221.0873, 0.0045231
2545, 189.8938, 0.0052661
2546, 212.0621, 0.0047156
2547, 190.6323, 0.0052457
2548, 183.3013, 0.0054555
2549, 174.022, 0.0057464
2550, 144.2065, 0.0069345
2551, 226.4339, 0.0044163
2552, 236.8602, 0.0042219
2553, 201.552, 0.0049615
2554, 219.674, 0.0045522
2555, 240.1076, 0.0041648
2556, 195.9056, 0.0051045
2557, 214.9382, 0.0046525
2558, 217.6042, 0.0045955
2559, 220.6093, 0.0045329
2560, 170.7038, 0.0058581
2561, 189.4549, 0.0052783
2562, 189.3509, 0.0052812
2563, 207.8052, 0.0048122
2564, 223.6036, 0.0044722
2565, 223.5336, 0.0044736
2566, 197.5036, 0.0050632
2567, 217.311, 0.0046017
2568, 192.6077, 0.0051919
2569, 226.989, 0.0044055
2570, 223.9642, 0.004465
2571, 223.1495, 0.0044813
2572, 221.6509, 0.0045116
2573, 233.1492, 0.0042891
2574, 221.6361, 0.0045119
2575, 216.2676, 0.0046239
2576, 207.6757, 0.0048152
2577, 189.7929, 0.0052689
2578, 180.5902, 0.0055374
2579, 225.0276, 0.0044439
2580, 223.8739, 0.0044668
2581, 213.0107, 0.0046946
2582, 204.6915, 0.0048854
2583, 205.381, 0.004869
2584, 231.6209, 0.0043174
2585, 208.5941, 0.004794
2586, 216.1041, 0.0046274
2587, 197.6519, 0.0050594
2588, 216.263, 0.004624
2589, 234.9845, 0.0042556
2590, 157.7934, 0.0063374
2591, 181.1266, 0.005521
2592, 188.1892, 0.0053138
2593, 224.2454, 0.0044594
2594, 228.248, 0.0043812
2595, 207.6886, 0.0048149
2596, 183.0128, 0.0054641
2597, 193.8999, 0.0051573
2598, 176.3917, 0.0056692
2599, 188.6543, 0.0053007
2600, 181.6893, 0.0055039
2601, 169.618, 0.0058956
2602, 178.9389, 0.0055885
2603, 172.4762, 0.0057979
2604, 184.9112, 0.005408
2605, 229.321, 0.0043607
2606, 211.1174, 0.0047367
2607, 173.7952, 0.0057539
2608, 224.1449, 0.0044614
2609, 244.798, 0.004085
2610, 192.7451, 0.0051882
2611, 189.3545, 0.0052811
2612, 205.4021, 0.0048685
2613, 171.8508, 0.005819
2614, 193.8773, 0.0051579
2615, 213.3743, 0.0046866
2616, 224.0896, 0.0044625
2617, 237.5805, 0.0042091
2618, 230.0543, 0.0043468
2619, 208.4071, 0.0047983
2620, 185.3431, 0.0053954
2621, 184.0401, 0.0054336
2622, 175.0241, 0.0057135
2623, 165.7028, 0.0060349
2624, 160.87, 0.0062162
2625, 143.0288, 0.0069916
2626, 181.9638, 0.0054956
2627, 182.03, 0.0054936
2628, 218.3263, 0.0045803
2629, 221.9017, 0.0045065
2630, 201.9835, 0.0049509
2631, 216.9668, 0.004609
2632, 224.4669, 0.004455
2633, 198.5703, 0.005036
2634, 171.7151, 0.0058236
2635, 195.4958, 0.0051152
2636, 218.9286, 0.0045677
2637, 166.7, 0.0059988
2638, 171.3385, 0.0058364
2639, 203.9692, 0.0049027
2640, 203.4422, 0.0049154
2641, 204.5827, 0.004888
2642, 191.0731, 0.0052336
2643, 169.7879, 0.0058897
2644, 223.9241, 0.0044658
2645, 235.8379, 0.0042402
2646, 205.1829, 0.0048737
2647, 210.797, 0.0047439
2648, 212.2196, 0.0047121
2649, 184.179, 0.0054295
2650, 200.1, 0.0049975
2651, 239.8254, 0.0041697
2652, 200.6864, 0.0049829
2653, 217.661, 0.0045943
2654, 199.7922, 0.0050052
2655, 208.1729, 0.0048037
2656, 220.3371, 0.0045385
2657, 214.4634, 0.0046628
2658, 213.9037, 0.004675
2659, 198.2278, 0.0050447
2660, 203.4091, 0.0049162
2661, 227.9358, 0.0043872
2662, 183.224, 0.0054578
2663, 191.4425, 0.0052235
2664, 180.4273, 0.0055424
2665, 160.3875, 0.0062349
2666, 146.6942, 0.0068169
2667, 162.8983, 0.0061388
2668, 215.6195, 0.0046378
2669, 190.1936, 0.0052578
2670, 159.6832, 0.0062624
2671, 188.0972, 0.0053164
2672, 191.1351, 0.0052319
2673, 212.5624, 0.0047045
2674, 207.2453, 0.0048252
2675, 188.0406, 0.005318
2676, 191.2192, 0.0052296
2677, 200.453, 0.0049887
2678, 207.4861, 0.0048196
2679, 174.8252, 0.00572
2680, 192.9161, 0.0051836
2681, 216.1741, 0.0046259
2682, 191.0329, 0.0052347
2683, 210.7259, 0.0047455
2684, 229.9643, 0.0043485
2685, 205.1577, 0.0048743
2686, 185.9704, 0.0053772
2687, 209.0476, 0.0047836
2688, 181.5541, 0.005508
2689, 189.3258, 0.0052819
2690, 234.5271, 0.0042639
2691, 197.8005, 0.0050556
2692, 197.9688, 0.0050513
2693, 216.5299, 0.0046183
2694, 232.569, 0.0042998
2695, 233.858, 0.0042761
2696, 220.9847, 0.0045252
2697, 221.2291, 0.0045202
2698, 211.0952, 0.0047372
2699, 214.3807, 0.0046646
2700, 193.2404, 0.0051749
2701, 172.4822, 0.0057977
2702, 177.2453, 0.0056419
2703, 154.7964, 0.0064601
2704, 169.391, 0.0059035
2705, 174.2828, 0.0057378
2706, 114.7368, 0.0087156
2707, 207.7188, 0.0048142
2708, 174.4957, 0.0057308
2709, 209.8944, 0.0047643
2710, 228.3835, 0.0043786
2711, 222.6824, 0.0044907
2712, 171.409, 0.005834
2713, 195.3049, 0.0051202
2714, 183.8235, 0.00544
2715, 207.0265, 0.0048303
2716, 216.7176, 0.0046143
2717, 221.9115, 0.0045063
2718, 202.4537, 0.0049394
2719, 225.6318, 0.004432
2720, 222.6824, 0.0044907
2721, 216.8492, 0.0046115
2722, 195.6105, 0.0051122
2723, 239.0229, 0.0041837
2724, 170.2939, 0.0058722
2725, 139.5148, 0.0071677
2726, 188.0335, 0.0053182
2727, 193.2516, 0.0051746
2728, 180.2451, 0.005548
2729, 193.0316, 0.0051805
2730, 196.2208, 0.0050963
2731, 192.8678, 0.0051849
2732, 219.0197, 0.0045658
2733, 223.1346, 0.0044816
2734, 236.9612, 0.0042201
2735, 208.5723, 0.0047945
2736, 213.7346, 0.0046787
2737, 218.5601, 0.0045754
2738, 223.4287, 0.0044757
2739, 211.685, 0.004724
2740, 200.064, 0.0049984
2741, 231.0803, 0.0043275
2742, 200.9, 0.0049776
2743, 207.7145, 0.0048143
2744, 208.0343, 0.0048069
2745, 218.3931, 0.0045789
2746, 213.2105, 0.0046902
2747, 222.0742, 0.004503
2748, 214.4496, 0.0046631
2749, 205.935, 0.0048559
2750, 192.6448, 0.0051909
2751, 230.4572, 0.0043392
2752, 197.9336, 0.0050522
2753, 158.2053, 0.0063209
2754, 217.6942, 0.0045936
2755, 216.5111, 0.0046187
2756, 222.8214, 0.0044879
2757, 182.3686, 0.0054834
2758, 216.1368, 0.0046267
2759, 198.523, 0.0050372
2760, 222.8909, 0.0044865
2761, 221.9214, 0.0045061
2762, 202.626, 0.0049352
2763, 170.8555, 0.0058529
2764, 193.8323, 0.0051591
2765, 160.1922, 0.0062425
2766, 166.1516, 0.0060186
2767, 219.8769, 0.004548
2768, 188.3807, 0.0053084
2769, 180.2614, 0.0055475
2770, 195.8519, 0.0051059
2771, 193.2703, 0.0051741
2772, 187.7159, 0.0053272
2773, 196.5757, 0.0050871
2774, 200.064, 0.0049984
2775, 156.8234, 0.0063766
2776, 175.1129, 0.0057106
2777, 189.8902, 0.0052662
2778, 186.4246, 0.0053641
2779, 178.8749, 0.0055905
2780, 160.6839, 0.0062234
2781, 193.4872, 0.0051683
2782, 190.4726, 0.0052501
2783, 186.6682, 0.0053571
2784, 189.649, 0.0052729
2785, 202.4947, 0.0049384
2786, 186.3968, 0.0053649
2787, 187.804, 0.0053247
2788, 190.3131, 0.0052545
2789, 206.1983, 0.0048497
2790, 208.7508, 0.0047904
2791, 182.1792, 0.0054891
2792, 185.3499, 0.0053952
2793, 198.7993, 0.0050302
2794, 211.9992, 0.004717
2795, 222.3952, 0.0044965
2796, 228.0502, 0.004385
2797, 208.0559, 0.0048064
2798, 224.9111, 0.0044462
2799, 217.0469, 0.0046073
2800, 218.3215, 0.0045804
2801, 203.2892, 0.0049191
2802, 193.2255, 0.0051753
2803, 202.4333, 0.0049399
2804, 182.3553, 0.0054838
2805, 211.1576, 0.0047358
2806, 212.8883, 0.0046973
2807, 208.8206, 0.0047888
2808, 193.0129, 0.005181
2809, 212.7569, 0.0047002
2810, 203.7573, 0.0049078
2811, 175.6389, 0.0056935
2812, 196.3826, 0.0050921
2813, 175.7778, 0.005689
2814, 192.9012, 0.005184
2815, 192.9757, 0.005182
2816, 204.9936, 0.0048782
2817, 194.4466, 0.0051428
2818, 195.3316, 0.0051195
2819, 199.7763, 0.0050056
2820, 205.0567, 0.0048767
2821, 189.8217, 0.0052681
2822, 190.2986, 0.0052549
2823, 193.1994, 0.005176
2824, 171.3708, 0.0058353
2825, 193.851, 0.0051586
2826, 189.1396, 0.0052871
2827, 175.2664, 0.0057056
2828, 206.7141, 0.0048376
2829, 192.6559, 0.0051906
2830, 174.4714, 0.0057316
2831, 179.9953, 0.0055557
2832, 191.6149, 0.0052188
2833, 166.1433, 0.0060189
2834, 204.4697, 0.0048907
2835, 206.4708, 0.0048433
2836, 205.4949, 0.0048663
2837, 190.3348, 0.0052539
2838, 196.6298, 0.0050857
2839, 220.9798, 0.0045253
2840, 197.4412, 0.0050648
2841, 224.7999, 0.0044484
2842, 200.052, 0.0049987
2843, 221.6165, 0.0045123
2844, 235.189, 0.0042519
2845, 203.2851, 0.0049192
2846, 207.8181, 0.0048119
2847, 211.22, 0.0047344
2848, 192.5929, 0.0051923
2849, 199.5729, 0.0050107
2850, 218.5219, 0.0045762
2851, 164.3629, 0.0060841
2852, 193.9827, 0.0051551
2853, 161.0669, 0.0062086
2854, 178.3803, 0.005606
2855, 193.375, 0.0051713
2856, 181.9207, 0.0054969
2857, 179.5977, 0.005568
2858, 219.0772, 0.0045646
2859, 209.4855, 0.0047736
2860, 191.8797, 0.0052116
2861, 233.6776, 0.0042794
2862, 210.3138, 0.0047548
2863, 189.8001, 0.0052687
2864, 202.1509, 0.0049468
2865, 207.2496, 0.0048251
2866, 172.5983, 0.0057938
2867, 191.7729, 0.0052145
2868, 216.6659, 0.0046154
2869, 195.733, 0.005109
2870, 202.5809, 0.0049363
2871, 206.3302, 0.0048466
2872, 237.9026, 0.0042034
2873, 215.8429, 0.004633
2874, 218.4885, 0.0045769
2875, 176.1742, 0.0056762
2876, 203.1859, 0.0049216
2877, 222.0298, 0.0045039
2878, 224.0796, 0.0044627
2879, 218.7418, 0.0045716
2880, 176.2177, 0.0056748
2881, 187.4098, 0.0053359
2882, 155.7851, 0.0064191
2883, 186.1262, 0.0053727
2884, 217.9646, 0.0045879
2885, 189.6166, 0.0052738
2886, 193.0502, 0.00518
2887, 211.7298, 0.004723
2888, 209.0957, 0.0047825
2889, 209.2926, 0.004778
2890, 92.82983, 0.0107724
2891, 130.7104, 0.0076505
2892, 120.1706, 0.0083215
2893, 73.71967, 0.0135649
2894, 183.0965, 0.0054616
2895, 215.2713, 0.0046453
2896, 204.9012, 0.0048804
2897, 205.2377, 0.0048724
2898, 214.0503, 0.0046718
2899, 225.3115, 0.0044383
2900, 174.3254, 0.0057364
2901, 211.9542, 0.004718
2902, 180.3427, 0.005545
2903, 163.284, 0.0061243
2904, 159.913, 0.0062534
2905, 129.0639, 0.0077481
2906, 183.8979, 0.0054378
2907, 223.2691, 0.0044789
2908, 184.1587, 0.0054301
2909, 188.4126, 0.0053075
2910, 176.7097, 0.005659
2911, 145.1147, 0.0068911
2912, 182.083, 0.005492
2913, 201.6292, 0.0049596
2914, 183.0228, 0.0054638
2915, 192.8975, 0.0051841
2916, 209.2794, 0.0047783
2917, 218.7705, 0.004571
2918, 226.3468, 0.004418
2919, 191.2411, 0.005229
2920, 212.9563, 0.0046958
2921, 186.2371, 0.0053695
2922, 215.4615, 0.0046412
2923, 202.6876, 0.0049337
2924, 199.4893, 0.0050128
2925, 230.1655, 0.0043447
2926, 192.5076, 0.0051946
2927, 226.3058, 0.0044188
2928, 218.895, 0.0045684
2929, 187.7864, 0.0053252
2930, 208.1122, 0.0048051
2931, 197.0871, 0.0050739
2932, 170.6572, 0.0058597
2933, 185.5047, 0.0053907
2934, 189.2613, 0.0052837
2935, 193.7647, 0.0051609
2936, 219.0532, 0.0045651
2937, 213.3606, 0.0046869
2938, 193.4685, 0.0051688
2939, 204.9306, 0.0048797
2940, 220.5753, 0.0045336
2941, 211.488, 0.0047284
2942, 231.782, 0.0043144
2943, 199.1675, 0.0050209
2944, 176.1742, 0.0056762
2945, 205.0525, 0.0048768
2946, 187.8534, 0.0053233
2947, 197.6636, 0.0050591
2948, 214.6153, 0.0046595
2949, 214.1007, 0.0046707
2950, 199.6925, 0.0050077
2951, 185.0618, 0.0054036
2952, 211.2513, 0.0047337
2953, 209.7755, 0.004767
2954, 169.9293, 0.0058848
2955, 217.8412, 0.0045905
2956, 217.9171, 0.0045889
2957, 166.8613, 0.005993
2958, 180.7077, 0.0055338
2959, 214.1511, 0.0046696
2960, 216.6378, 0.004616
2961, 223.6536, 0.0044712
2962, 205.3346, 0.0048701
2963, 211.7971, 0.0047215
2964, 220.5704, 0.0045337
2965, 206.5049, 0.0048425
2966, 196.4328, 0.0050908
2967, 232.1963, 0.0043067
2968, 206.2238, 0.0048491
2969, 201.5845, 0.0049607
2970, 191.7399, 0.0052154
2971, 210.1238, 0.0047591
2972, 222.1926, 0.0045006
2973, 177.5032, 0.0056337
2974, 203.3967, 0.0049165
2975, 181.9472, 0.0054961
2976, 216.034, 0.0046289
2977, 222.6527, 0.0044913
2978, 214.0365, 0.0046721
2979, 194.0655, 0.0051529
2980, 202.2204, 0.0049451
2981, 188.9323, 0.0052929
2982, 163.8807, 0.006102
2983, 188.7398, 0.0052983
2984, 218.9238, 0.0045678
2985, 189.1253, 0.0052875
2986, 216.1648, 0.0046261
2987, 216.5909, 0.004617
2988, 197.0638, 0.0050745
2989, 194.4542, 0.0051426
2990, 212.7026, 0.0047014
2991, 182.2058, 0.0054883
2992, 214.4726, 0.0046626
2993, 171.842, 0.0058193
2994, 162.885, 0.0061393
2995, 216.483, 0.0046193
2996, 221.6803, 0.004511
2997, 206.8595, 0.0048342
2998, 179.4527, 0.0055725
2999, 161.3111, 0.0061992
3000, 157.6665, 0.0063425
3001, 156.0135, 0.0064097
3002, 185.2675, 0.0053976
3003, 185.2229, 0.0053989
3004, 176.3389, 0.0056709
3005, 169.0446, 0.0059156
3006, 177.2453, 0.0056419
3007, 173.7227, 0.0057563
3008, 177.7493, 0.0056259
3009, 180.2159, 0.0055489
3010, 164.8506, 0.0060661
3011, 189.9299, 0.0052651
3012, 177.4182, 0.0056364
3013, 169.3824, 0.0059038
3014, 174.8405, 0.0057195
3015, 201.9876, 0.0049508
3016, 179.6493, 0.0055664
3017, 209.3014, 0.0047778
3018, 149.5707, 0.0066858
3019, 185.0584, 0.0054037
3020, 195.8135, 0.0051069
3021, 219.6836, 0.004552
3022, 165.8155, 0.0060308
3023, 173.4094, 0.0057667
3024, 162.3719, 0.0061587
3025, 184.4338, 0.005422
3026, 177.6199, 0.00563
3027, 166.7528, 0.0059969
3028, 188.2353, 0.0053125
3029, 177.7683, 0.0056253
3030, 157.453, 0.0063511
3031, 194.8141, 0.0051331
3032, 162.4299, 0.0061565
3033, 183.2811, 0.0054561
3034, 170.149, 0.0058772
3035, 187.2694, 0.0053399
3036, 133.3867, 0.007497
3037, 184.7643, 0.0054123
3038, 235.6712, 0.0042432
3039, 219.7609, 0.0045504
3040, 220.6483, 0.0045321
3041, 241.2196, 0.0041456
3042, 233.2797, 0.0042867
3043, 213.8717, 0.0046757
3044, 204.0941, 0.0048997
3045, 229.8851, 0.00435
3046, 236.161, 0.0042344
3047, 188.0406, 0.005318
3048, 218.3168, 0.0045805
3049, 197.6871, 0.0050585
3050, 200.5093, 0.0049873
3051, 198.3379, 0.0050419
3052, 169.3365, 0.0059054
3053, 194.742, 0.005135
3054, 228.2949, 0.0043803
3055, 217.8981, 0.0045893
3056, 211.6761, 0.0047242
3057, 213.4244, 0.0046855
3058, 238.3336, 0.0041958
3059, 237.5861, 0.004209
3060, 229.4947, 0.0043574
3061, 196.19, 0.0050971
3062, 213.4062, 0.0046859
3063, 192.9198, 0.0051835
3064, 218.6844, 0.0045728
3065, 218.8615, 0.0045691
3066, 224.4316, 0.0044557
3067, 219.3031, 0.0045599
3068, 214.9613, 0.004652
3069, 218.1406, 0.0045842
3070, 188.1963, 0.0053136
3071, 174.5993, 0.0057274
3072, 211.488, 0.0047284
3073, 205.571, 0.0048645
3074, 229.7161, 0.0043532
3075, 229.3157, 0.0043608
3076, 195.7905, 0.0051075
3077, 235.5935, 0.0042446
3078, 236.267, 0.0042325
3079, 235.7601, 0.0042416
3080, 215.0121, 0.0046509
3081, 240.6565, 0.0041553
3082, 224.9516, 0.0044454
3083, 208.0906, 0.0048056
3084, 204.1316, 0.0048988
3085, 199.0129, 0.0050248
3086, 195.9324, 0.0051038
3087, 239.3432, 0.0041781
3088, 220.6337, 0.0045324
3089, 239.6702, 0.0041724
3090, 199.9001, 0.0050025
3091, 222.737, 0.0044896
3092, 247.5493, 0.0040396
3093, 213.9312, 0.0046744
3094, 215.6474, 0.0046372
3095, 235.106, 0.0042534
3096, 237.3324, 0.0042135
3097, 202.2449, 0.0049445
3098, 224.6888, 0.0044506
3099, 216.558, 0.0046177
3100, 223.4737, 0.0044748
3101, 238.8345, 0.004187
3102, 215.7265, 0.0046355
3103, 196.7265, 0.0050832
3104, 203.9318, 0.0049036
3105, 224.8252, 0.0044479
3106, 215.6288, 0.0046376
3107, 202.9591, 0.0049271
3108, 181.564, 0.0055077
3109, 222.3556, 0.0044973
3110, 233.7268, 0.0042785
3111, 217.2072, 0.0046039
3112, 230.1973, 0.0043441
3113, 236.7144, 0.0042245
3114, 229.9643, 0.0043485
3115, 219.3079, 0.0045598
3116, 236.3061, 0.0042318
3117, 203.8487, 0.0049056
3118, 212.8747, 0.0046976
3119, 241.6042, 0.004139
3120, 206.5348, 0.0048418
3121, 190.2117, 0.0052573
3122, 205.7105, 0.0048612
3123, 193.4573, 0.0051691
3124, 200.08, 0.004998
3125, 17.32103, 0.0577333
3126, 161.828, 0.0061794
3127, 164.2036, 0.00609
3128, 167.3388, 0.0059759
3129, 232.8397, 0.0042948
3130, 224.1951, 0.0044604
3131, 222.7271, 0.0044898
3132, 205.9096, 0.0048565
3133, 208.8598, 0.0047879
3134, 192.7934, 0.0051869
3135, 218.0217, 0.0045867
3136, 209.5118, 0.004773
3137, 202.6589, 0.0049344
3138, 205.1829, 0.0048737
3139, 221.4692, 0.0045153
3140, 193.6108, 0.005165
3141, 167.266, 0.0059785
3142, 182.3653, 0.0054835
3143, 165.4643, 0.0060436
3144, 187.5258, 0.0053326
3145, 189.9299, 0.0052651
3146, 147.9334, 0.0067598
3147, 158.8159, 0.0062966
3148, 168.0503, 0.0059506
3149, 178.5172, 0.0056017
3150, 177.0977, 0.0056466
3151, 193.9225, 0.0051567
3152, 198.9139, 0.0050273
3153, 153.9433, 0.0064959
3154, 204.1691, 0.0048979
3155, 190.9964, 0.0052357
3156, 216.727, 0.0046141
3157, 184.376, 0.0054237
3158, 196.3904, 0.0050919
3159, 199.2866, 0.0050179
3160, 191.0877, 0.0052332
3161, 195.4041, 0.0051176
3162, 221.6312, 0.004512
3163, 194.9888, 0.0051285
3164, 223.6636, 0.004471
3165, 214.0136, 0.0046726
3166, 193.218, 0.0051755
3167, 165.2128, 0.0060528
3168, 206.2238, 0.0048491
3169, 189.534, 0.0052761
3170, 184.6517, 0.0054156
3171, 200.2403, 0.004994
3172, 182.2423, 0.0054872
3173, 194.6965, 0.0051362
3174, 207.2367, 0.0048254
3175, 173.5328, 0.0057626
3176, 196.6027, 0.0050864
3177, 207.314, 0.0048236
3178, 209.3846, 0.0047759
3179, 203.6245, 0.004911
3180, 224.6989, 0.0044504
3181, 202.3718, 0.0049414
3182, 209.3189, 0.0047774
3183, 231.444, 0.0043207
3184, 218.4646, 0.0045774
3185, 201.0656, 0.0049735
3186, 203.554, 0.0049127
3187, 229.5473, 0.0043564
3188, 187.2414, 0.0053407
3189, 166.2234, 0.006016
3190, 180.3622, 0.0055444
3191, 175.7964, 0.0056884
3192, 159.8951, 0.0062541
3193, 189.0431, 0.0052898
3194, 192.6857, 0.0051898
3195, 186.4419, 0.0053636
3196, 123.0209, 0.0081287
3197, 177.0946, 0.0056467
3198, 149.3161, 0.0066972
3199, 165.9861, 0.0060246
3200, 179.2789, 0.0055779
3201, 171.0045, 0.0058478
3202, 171.2739, 0.0058386
3203, 162.5673, 0.0061513
3204, 192.0455, 0.0052071
3205, 180.2744, 0.0055471
3206, 164.8098, 0.0060676
3207, 172.3247, 0.005803
3208, 210.9438, 0.0047406
3209, 167.3948, 0.0059739
3210, 171.0367, 0.0058467
3211, 216.2817, 0.0046236
3212, 155.5186, 0.0064301
3213, 202.5316, 0.0049375
3214, 167.8331, 0.0059583
3215, 162.8691, 0.0061399
3216, 174.371, 0.0057349
3217, 162.0641, 0.0061704
3218, 167.4733, 0.0059711
3219, 179.937, 0.0055575
3220, 194.8065, 0.0051333
3221, 194.5828, 0.0051392
3222, 192.7822, 0.0051872
3223, 195.9824, 0.0051025
3224, 213.0107, 0.0046946
3225, 213.9907, 0.0046731
3226, 184.2775, 0.0054266
3227, 203.0168, 0.0049257
3228, 196.9124, 0.0050784
3229, 181.0315, 0.0055239
3230, 196.4791, 0.0050896
3231, 175.5187, 0.0056974
3232, 209.9209, 0.0047637
3233, 183.9385, 0.0054366
3234, 164.4196, 0.006082
3235, 143.608, 0.0069634
3236, 150.4778, 0.0066455
3237, 175.951, 0.0056834
3238, 213.9816, 0.0046733
3239, 185.701, 0.005385
3240, 175.3125, 0.0057041
3241, 172.8818, 0.0057843
3242, 153.5933, 0.0065107
3243, 182.5084, 0.0054792
3244, 223.3289, 0.0044777
3245, 185.8598, 0.0053804
3246, 180.0666, 0.0055535
3247, 210.0134, 0.0047616
3248, 188.3949, 0.005308
3249, 183.5233, 0.0054489
3250, 191.2119, 0.0052298
3251, 162.9912, 0.0061353
3252, 147.0978, 0.0067982
3253, 162.8903, 0.0061391
3254, 173.6503, 0.0057587
3255, 146.5609, 0.0068231
3256, 200.2042, 0.0049949
3257, 194.7647, 0.0051344
3258, 216.4877, 0.0046192
3259, 177.5631, 0.0056318
3260, 229.3105, 0.0043609
3261, 193.36, 0.0051717
3262, 164.7935, 0.0060682
3263, 173.7801, 0.0057544
3264, 177.9296, 0.0056202
3265, 177.1573, 0.0056447
3266, 206.7611, 0.0048365
3267, 197.2464, 0.0050698
3268, 203.7531, 0.0049079
3269, 189.9083, 0.0052657
3270, 177.8442, 0.0056229
3271, 208.5723, 0.0047945
3272, 198.819, 0.0050297
3273, 193.8586, 0.0051584
3274, 225.591, 0.0044328
3275, 193.2143, 0.0051756
3276, 199.7443, 0.0050064
3277, 197.3477, 0.0050672
3278, 229.5262, 0.0043568
3279, 197.056, 0.0050747
3280, 211.9722, 0.0047176
3281, 202.8315, 0.0049302
3282, 200.9202, 0.0049771
3283, 219.1829, 0.0045624
3284, 188.861, 0.0052949
3285, 207.1208, 0.0048281
3286, 231.1284, 0.0043266
3287, 228.7178, 0.0043722
3288, 229.1738, 0.0043635
3289, 242.1249, 0.0041301
3290, 246.7491, 0.0040527
3291, 240.2114, 0.004163
3292, 208.3637, 0.0047993
3293, 235.8324, 0.0042403
3294, 210.5042, 0.0047505
3295, 225.4639, 0.0044353
3296, 209.1481, 0.0047813
3297, 208.1382, 0.0048045
3298, 223.5886, 0.0044725
3299, 218.6844, 0.0045728
3300, 239.3662, 0.0041777
3301, 227.941, 0.0043871
3302, 228.0346, 0.0043853
3303, 208.7596, 0.0047902
3304, 218.231, 0.0045823
3305, 198.1532, 0.0050466
3306, 203.5375, 0.0049131
3307, 231.9378, 0.0043115
3308, 249.557, 0.0040071
3309, 219.2886, 0.0045602
3310, 223.7787, 0.0044687
3311, 240.2287, 0.0041627
3312, 244.0513, 0.0040975
3313, 238.5098, 0.0041927
3314, 229.8745, 0.0043502
3315, 237.0117, 0.0042192
3316, 231.1604, 0.004326
3317, 228.3939, 0.0043784
3318, 220.6434, 0.0045322
3319, 210.7926, 0.004744
3320, 127.8609, 0.007821
3321, 216.1228, 0.004627
3322, 191.8355, 0.0052128
3323, 210.2121, 0.0047571
3324, 215.2621, 0.0046455
3325, 80.45312, 0.0124296
3326, 149.6334, 0.006683
3327, 151.9387, 0.0065816
3328, 212.8067, 0.0046991
3329, 112.9305, 0.008855
3330, 197.0793, 0.0050741
3331, 184.901, 0.0054083
3332, 139.9894, 0.0071434
3333, 152.56, 0.0065548
3334, 210.7038, 0.004746
3335, 193.6296, 0.0051645
3336, 246.938, 0.0040496
3337, 196.8504, 0.00508
3338, 111.4243, 0.0089747
3339, 209.2619, 0.0047787
3340, 114.0953, 0.0087646
3341, 211.6716, 0.0047243
3342, 152.7417, 0.006547
3343, 132.3504, 0.0075557
3344, 104.0886, 0.0096072
3345, 211.7881, 0.0047217
3346, 147.8415, 0.006764
3347, 132.4679, 0.007549
3348, 184.196, 0.005429
3349, 119.6802, 0.0083556
3350, 181.6201, 0.005506
3351, 173.2382, 0.0057724
3352, 104.2677, 0.0095907
3353, 168.0503, 0.0059506
3354, 144.6048, 0.0069154
3355, 161.2071, 0.0062032
3356, 187.0452, 0.0053463
3357, 213.2287, 0.0046898
3358, 106.0434, 0.0094301
3359, 220.9017, 0.0045269
3360, 217.8507, 0.0045903
3361, 213.1787, 0.0046909
3362, 222.084, 0.0045028
3363, 210.7126, 0.0047458
3364, 190.9745, 0.0052363
3365, 231.9486, 0.0043113
3366, 226.8294, 0.0044086
3367, 160.0717, 0.0062472
3368, 208.9166, 0.0047866
3369, 232.6339, 0.0042986
3370, 205.343, 0.0048699
3371, 200.8436, 0.004979
3372, 187.9134, 0.0053216
3373, 203.6287, 0.0049109
3374, 208.4984, 0.0047962
3375, 216.3378, 0.0046224
3376, 179.937, 0.0055575
3377, 178.4631, 0.0056034
3378, 220.5072, 0.004535
3379, 212.1026, 0.0047147
3380, 189.2362, 0.0052844
3381, 209.0957, 0.0047825
3382, 212.3277, 0.0047097
3383, 211.8913, 0.0047194
3384, 216.1788, 0.0046258
3385, 218.7992, 0.0045704
3386, 178.8621, 0.0055909
3387, 160.9528, 0.006213
3388, 160.9969, 0.0062113
3389, 195.042, 0.0051271
3390, 215.5498, 0.0046393
3391, 229.0111, 0.0043666
3392, 218.9669, 0.0045669
3393, 230.9415, 0.0043301
3394, 224.9972, 0.0044445
3395, 209.5821, 0.0047714
3396, 209.868, 0.0047649
3397, 217.6468, 0.0045946
3398, 233.6831, 0.0042793
3399, 231.9863, 0.0043106
3400, 228.3522, 0.0043792
3401, 228.6917, 0.0043727
3402, 181.6464, 0.0055052
3403, 224.704, 0.0044503
3404, 219.9881, 0.0045457
3405, 203.6494, 0.0049104
3406, 235.6879, 0.0042429
3407, 246.6517, 0.0040543
3408, 231.4815, 0.00432
3409, 213.826, 0.0046767
3410, 209.4329, 0.0047748
3411, 227.2469, 0.0044005
3412, 220.0946, 0.0045435
3413, 219.0629, 0.0045649
3414, 199.2786, 0.0050181
3415, 184.4032, 0.0054229
3416, 174.7519, 0.0057224
3417, 210.1149, 0.0047593
3418, 224.6232, 0.0044519
3419, 217.59, 0.0045958
3420, 226.0653, 0.0044235
3421, 203.8445, 0.0049057
3422, 187.7405, 0.0053265
3423, 229.2264, 0.0043625
3424, 208.2032, 0.004803
3425, 238.9087, 0.0041857
3426, 232.8614, 0.0042944
3427, 217.0139, 0.004608
3428, 207.1981, 0.0048263
3429, 225.4791, 0.004435
3430, 235.6934, 0.0042428
3431, 211.0595, 0.004738
3432, 225.9479, 0.0044258
3433, 206.5774, 0.0048408
3434, 228.7126, 0.0043723
3435, 189.847, 0.0052674
3436, 246.1478, 0.0040626
3437, 228.3679, 0.0043789
3438, 224.3209, 0.0044579
3439, 232.1263, 0.004308
3440, 191.0621, 0.0052339
3441, 203.2314, 0.0049205
3442, 239.952, 0.0041675
3443, 228.3418, 0.0043794
3444, 211.3673, 0.0047311
3445, 180.6521, 0.0055355
3446, 244.978, 0.004082
3447, 184.0807, 0.0054324
3448, 150.8591, 0.0066287
3449, 148.1591, 0.0067495
3450, 164.7609, 0.0060694
3451, 220.7505, 0.00453
3452, 217.4244, 0.0045993
3453, 226.0193, 0.0044244
3454, 217.1411, 0.0046053
3455, 232.0724, 0.004309
3456, 235.7045, 0.0042426
3457, 223.929, 0.0044657
3458, 224.901, 0.0044464
3459, 236.608, 0.0042264
3460, 208.1685, 0.0048038
3461, 220.9798, 0.0045253
3462, 216.868, 0.0046111
3463, 228.42, 0.0043779
3464, 222.0101, 0.0045043
3465, 199.1714, 0.0050208
3466, 224.1399, 0.0044615
3467, 227.6038, 0.0043936
3468, 229.922, 0.0043493
3469, 198.6176, 0.0050348
3470, 224.0394, 0.0044635
3471, 233.0948, 0.0042901
3472, 232.7909, 0.0042957
3473, 235.7823, 0.0042412
3474, 211.7478, 0.0047226
3475, 217.7416, 0.0045926
3476, 240.4944, 0.0041581
3477, 251.2689, 0.0039798
3478, 245.02, 0.0040813
3479, 260.0645, 0.0038452
3480, 245.3265, 0.0040762
3481, 228.6132, 0.0043742
3482, 254.5306, 0.0039288
3483, 234.3128, 0.0042678
3484, 236.6192, 0.0042262
3485, 201.9794, 0.004951
3486, 218.436, 0.004578
3487, 253.524, 0.0039444
3488, 224.9618, 0.0044452
3489, 244.7681, 0.0040855
3490, 256.7394, 0.003895
3491, 233.5903, 0.004281
3492, 221.43, 0.0045161
3493, 248.256, 0.0040281
3494, 245.8634, 0.0040673
3495, 238.4927, 0.004193
3496, 241.6334, 0.0041385
3497, 228.3887, 0.0043785
3498, 255.4996, 0.0039139
3499, 210.797, 0.0047439
3500, 225.1694, 0.0044411
3501, 246.5726, 0.0040556
3502, 246.36, 0.0040591
3503, 244.2897, 0.0040935
3504, 241.1265, 0.0041472
3505, 244.2241, 0.0040946
3506, 237.4507, 0.0042114
3507, 190.266, 0.0052558
3508, 244.6543, 0.0040874
3509, 245.08, 0.0040803
3510, 192.2855, 0.0052006
3511, 221.1558, 0.0045217
3512, 257.0298, 0.0038906
3513, 240.4251, 0.0041593
3514, 248.139, 0.00403
3515, 250.2064, 0.0039967
3516, 242.3244, 0.0041267
3517, 242.5124, 0.0041235
3518, 210.3271, 0.0047545
3519, 215.2482, 0.0046458
3520, 229.827, 0.0043511
3521, 243.7895, 0.0041019
3522, 243.5164, 0.0041065
3523, 223.5786, 0.0044727
3524, 231.782, 0.0043144
3525, 236.7144, 0.0042245
3526, 257.8051, 0.0038789
3527, 233.1709, 0.0042887
3528, 204.5241, 0.0048894
3529, 212.8067, 0.0046991
3530, 229.8217, 0.0043512
3531, 199.7922, 0.0050052
3532, 256.779, 0.0038944
3533, 260.5252, 0.0038384
3534, 205.609, 0.0048636
3535, 237.186, 0.0042161
3536, 226.8654, 0.0044079
3537, 233.3722, 0.004285
3538, 223.1944, 0.0044804
3539, 225.0732, 0.004443
3540, 245.7546, 0.0040691
3541, 247.6842, 0.0040374
3542, 254.0844, 0.0039357
3543, 248.367, 0.0040263
3544, 237.9536, 0.0042025
3545, 220.6434, 0.0045322
3546, 223.9692, 0.0044649
3547, 250.9221, 0.0039853
3548, 241.3651, 0.0041431
3549, 235.3273, 0.0042494
3550, 232.856, 0.0042945
3551, 261.8829, 0.0038185
3552, 256.4366, 0.0038996
3553, 203.5292, 0.0049133
3554, 248.6016, 0.0040225
3555, 249.8813, 0.0040019
3556, 242.4007, 0.0041254
3557, 258.0978, 0.0038745
3558, 237.1298, 0.0042171
3559, 256.1804, 0.0039035
3560, 244.6603, 0.0040873
3561, 261.3491, 0.0038263
3562, 252.2132, 0.0039649
3563, 248.7686, 0.0040198
3564, 188.2707, 0.0053115
3565, 234.3237, 0.0042676
3566, 233.7431, 0.0042782
3567, 237.1298, 0.0042171
3568, 218.3311, 0.0045802
3569, 226.2495, 0.0044199
3570, 207.9002, 0.00481
3571, 249.1467, 0.0040137
3572, 250.4445, 0.0039929
3573, 250.2001, 0.0039968
3574, 227.4019, 0.0043975
3575, 258.4313, 0.0038695
3576, 257.938, 0.0038769
3577, 246.9014, 0.0040502
3578, 239.9693, 0.0041672
3579, 258.893, 0.0038626
3580, 261.1853, 0.0038287
3581, 259.3361, 0.003856
3582, 193.4161, 0.0051702
3583, 253.0621, 0.0039516
3584, 232.7801, 0.0042959
3585, 226.9581, 0.0044061
3586, 221.0042, 0.0045248
3587, 245.4048, 0.0040749
3588, 242.0956, 0.0041306
3589, 247.2188, 0.004045
3590, 237.4, 0.0042123
3591, 247.0417, 0.0040479
3592, 251.623, 0.0039742
3593, 241.144, 0.0041469
3594, 247.8376, 0.0040349
3595, 245.1641, 0.0040789
3596, 232.1317, 0.0043079
3597, 244.6962, 0.0040867
3598, 233.6612, 0.0042797
3599, 250.4822, 0.0039923
3600, 220.2886, 0.0045395
3601, 227.9306, 0.0043873
3602, 215.4894, 0.0046406
3603, 236.5632, 0.0042272
3604, 243.8608, 0.0041007
3605, 240.5697, 0.0041568
3606, 213.9724, 0.0046735
3607, 231.6638, 0.0043166
3608, 245.02, 0.0040813
3609, 256.9505, 0.0038918
3610, 244.7261, 0.0040862
3611, 244.924, 0.0040829
3612, 254.868, 0.0039236
3613, 257.2612, 0.0038871
3614, 242.6831, 0.0041206
3615, 225.1188, 0.0044421
3616, 247.4451, 0.0040413
3617, 246.5179, 0.0040565
3618, 245.6459, 0.0040709
3619, 224.3158, 0.004458
3620, 237.9423, 0.0042027
3621, 243.1729, 0.0041123
3622, 223.4537, 0.0044752
3623, 208.9646, 0.0047855
3624, 226.9838, 0.0044056
3625, 205.9902, 0.0048546
3626, 202.9386, 0.0049276
3627, 218.1596, 0.0045838
3628, 201.9141, 0.0049526
3629, 178.6161, 0.0055986
3630, 183.0697, 0.0054624
3631, 159.4871, 0.0062701
3632, 130.7634, 0.0076474
3633, 160.3618, 0.0062359
3634, 141.7997, 0.0070522
3635, 172.8041, 0.0057869
3636, 169.7274, 0.0058918
3637, 165.8237, 0.0060305
3638, 176.1463, 0.0056771
3639, 156.4921, 0.0063901
3640, 159.8031, 0.0062577
3641, 155.3181, 0.0064384
3642, 151.0483, 0.0066204
3643, 185.6803, 0.0053856
3644, 197.8357, 0.0050547
3645, 182.555, 0.0054778
3646, 197.5387, 0.0050623
3647, 219.6065, 0.0045536
3648, 225.1847, 0.0044408
3649, 218.541, 0.0045758
3650, 198.8704, 0.0050284
3651, 201.2356, 0.0049693
3652, 201.4829, 0.0049632
3653, 197.0521, 0.0050748
3654, 193.6708, 0.0051634
3655, 189.1289, 0.0052874
3656, 201.6251, 0.0049597
3657, 210.2298, 0.0047567
3658, 202.6096, 0.0049356
3659, 193.8924, 0.0051575
3660, 206.9408, 0.0048323
3661, 208.568, 0.0047946
3662, 179.701, 0.0055648
3663, 198.0394, 0.0050495
3664, 189.5914, 0.0052745
3665, 136.5113, 0.0073254
3666, 182.8923, 0.0054677
3667, 147.6952, 0.0067707
3668, 52.73094, 0.0189642
3669, 209.9341, 0.0047634
3670, 211.3137, 0.0047323
3671, 136.8551, 0.007307
3672, 139.2273, 0.0071825
3673, 71.99632, 0.0138896
3674, 181.2744, 0.0055165
3675, 169.8629, 0.0058871
3676, 191.5452, 0.0052207
3677, 198.819, 0.0050297
3678, 191.9017, 0.005211
3679, 189.0466, 0.0052897
3680, 169.7764, 0.0058901
3681, 189.8037, 0.0052686
3682, 187.1643, 0.0053429
3683, 181.6234, 0.0055059
3684, 210.5352, 0.0047498
3685, 158.0428, 0.0063274
3686, 174.5688, 0.0057284
3687, 165.3767, 0.0060468
3688, 215.4337, 0.0046418
3689, 144.2752, 0.0069312
3690, 188.0866, 0.0053167
3691, 168.5062, 0.0059345
3692, 211.6716, 0.0047243
3693, 224.0495, 0.0044633
3694, 219.0965, 0.0045642
3695, 236.6528, 0.0042256
3696, 249.5882, 0.0040066
3697, 259.2487, 0.0038573
3698, 219.0197, 0.0045658
3699, 256.2854, 0.0039019
3700, 238.2541, 0.0041972
3701, 244.4211, 0.0040913
3702, 211.2959, 0.0047327
3703, 202.3186, 0.0049427
3704, 214.9659, 0.0046519
3705, 218.828, 0.0045698
3706, 239.2173, 0.0041803
3707, 218.0454, 0.0045862
3708, 225.408, 0.0044364
3709, 197.8866, 0.0050534
3710, 223.2392, 0.0044795
3711, 226.4698, 0.0044156
3712, 185.8978, 0.0053793
3713, 156.9588, 0.0063711
3714, 186.3343, 0.0053667
3715, 197.5543, 0.0050619
3716, 193.3563, 0.0051718
3717, 240.8768, 0.0041515
3718, 245.8029, 0.0040683
3719, 185.9981, 0.0053764
3720, 237.8574, 0.0042042
3721, 217.3204, 0.0046015
3722, 191.4095, 0.0052244
3723, 196.1823, 0.0050973
3724, 188.1184, 0.0053158
3725, 166.3008, 0.0060132
3726, 191.9828, 0.0052088
3727, 178.5204, 0.0056016
3728, 196.7536, 0.0050825
3729, 216.6941, 0.0046148
3730, 209.2794, 0.0047783
3731, 201.4626, 0.0049637
3732, 238.2143, 0.0041979
3733, 196.2208, 0.0050963
3734, 207.8354, 0.0048115
3735, 196.294, 0.0050944
3736, 172.0489, 0.0058123
3737, 174.6694, 0.0057251
3738, 189.3975, 0.0052799
3739, 150.6069, 0.0066398
3740, 164.4385, 0.0060813
3741, 198.5151, 0.0050374
3742, 173.7287, 0.0057561
3743, 170.0275, 0.0058814
3744, 147.9159, 0.0067606
3745, 169.4973, 0.0058998
3746, 144.6927, 0.0069112
3747, 155.8385, 0.0064169
3748, 193.3974, 0.0051707
3749, 184.7643, 0.0054123
3750, 181.5146, 0.0055092
3751, 207.2281, 0.0048256
3752, 198.5466, 0.0050366
3753, 162.8028, 0.0061424
3754, 193.6296, 0.0051645
3755, 202.9262, 0.0049279
3756, 196.1092, 0.0050992
3757, 214.6614, 0.0046585
3758, 207.0136, 0.0048306
3759, 224.2907, 0.0044585
3760, 221.4496, 0.0045157
3761, 208.9035, 0.0047869
3762, 172.9236, 0.0057829
3763, 200.8677, 0.0049784
3764, 218.1025, 0.004585
3765, 183.9385, 0.0054366
3766, 149.4054, 0.0066932
3767, 191.7288, 0.0052157
3768, 196.742, 0.0050828
3769, 214.4036, 0.0046641
3770, 199.0129, 0.0050248
3771, 211.7657, 0.0047222
3772, 212.1656, 0.0047133
3773, 223.8889, 0.0044665
3774, 197.9414, 0.005052
3775, 188.4837, 0.0053055
3776, 218.9477, 0.0045673
3777, 234.4061, 0.0042661
3778, 244.6184, 0.004088
3779, 228.6655, 0.0043732
3780, 229.321, 0.0043607
3781, 168.2425, 0.0059438
3782, 209.5206, 0.0047728
3783, 213.922, 0.0046746
3784, 197.1764, 0.0050716
3785, 214.7766, 0.004656
3786, 201.9753, 0.0049511
3787, 202.2735, 0.0049438
3788, 220.5558, 0.004534
3789, 207.6153, 0.0048166
3790, 207.0093, 0.0048307
3791, 197.5738, 0.0050614
3792, 213.8854, 0.0046754
3793, 186.2094, 0.0053703
3794, 197.227, 0.0050703
3795, 215.6799, 0.0046365
3796, 190.6796, 0.0052444
3797, 190.9198, 0.0052378
3798, 232.569, 0.0042998
3799, 212.2782, 0.0047108
3800, 179.6945, 0.005565
3801, 206.5988, 0.0048403
3802, 214.8274, 0.0046549
3803, 236.5688, 0.0042271
3804, 214.8366, 0.0046547
3805, 257.1223, 0.0038892
3806, 238.1746, 0.0041986
3807, 240.9639, 0.00415
3808, 220.5169, 0.0045348
3809, 250.2565, 0.0039959
3810, 192.9012, 0.005184
3811, 210.7348, 0.0047453
3812, 207.1294, 0.0048279
3813, 183.2576, 0.0054568
3814, 203.9609, 0.0049029
3815, 194.9774, 0.0051288
3816, 204.5283, 0.0048893
3817, 201.7919, 0.0049556
3818, 217.5379, 0.0045969
3819, 195.3965, 0.0051178
3820, 208.4245, 0.0047979
3821, 226.4903, 0.0044152
3822, 207.762, 0.0048132
3823, 199.2508, 0.0050188
3824, 202.7328, 0.0049326
3825, 183.0865, 0.0054619
3826, 215.1694, 0.0046475
3827, 204.336, 0.0048939
3828, 209.2444, 0.0047791
3829, 184.5359, 0.005419
3830, 179.9629, 0.0055567
3831, 193.6108, 0.005165
3832, 195.1334, 0.0051247
3833, 203.7116, 0.0049089
3834, 211.4165, 0.00473
3835, 226.922, 0.0044068
3836, 222.6229, 0.0044919
3837, 251.604, 0.0039745
3838, 218.374, 0.0045793
3839, 225.1492, 0.0044415
3840, 248.6944, 0.004021
3841, 262.4396, 0.0038104
3842, 231.0536, 0.004328
3843, 239.5956, 0.0041737
3844, 231.3155, 0.0043231
3845, 236.1833, 0.004234
3846, 244.6244, 0.0040879
3847, 239.7794, 0.0041705
3848, 239.4177, 0.0041768
3849, 245.7787, 0.0040687
3850, 253.3827, 0.0039466
3851, 244.1108, 0.0040965
3852, 250.6894, 0.003989
3853, 217.396, 0.0045999
3854, 241.2254, 0.0041455
3855, 169.785, 0.0058898
3856, 222.3902, 0.0044966
3857, 250.1751, 0.0039972
3858, 246.597, 0.0040552
3859, 235.0563, 0.0042543
3860, 232.9808, 0.0042922
3861, 210.389, 0.0047531
3862, 220.8432, 0.0045281
3863, 233.0839, 0.0042903
3864, 247.4268, 0.0040416
3865, 239.8599, 0.0041691
3866, 212.5534, 0.0047047
3867, 198.9337, 0.0050268
3868, 222.871, 0.0044869
3869, 178.5938, 0.0055993
3870, 203.832, 0.004906
3871, 218.1644, 0.0045837
3872, 218.9525, 0.0045672
3873, 197.4412, 0.0050648
3874, 216.9386, 0.0046096
3875, 210.7482, 0.004745
3876, 203.5002, 0.004914
3877, 204.5366, 0.0048891
3878, 188.2388, 0.0053124
3879, 189.2757, 0.0052833
3880, 223.4787, 0.0044747
3881, 210.2652, 0.0047559
3882, 229.9643, 0.0043485
3883, 180.5445, 0.0055388
3884, 241.3943, 0.0041426
3885, 245.056, 0.0040807
3886, 244.6124, 0.0040881
3887, 246.8526, 0.004051
3888, 226.8242, 0.0044087
3889, 262.9365, 0.0038032
3890, 230.5103, 0.0043382
3891, 239.8312, 0.0041696
3892, 241.0568, 0.0041484
3893, 221.381, 0.0045171
3894, 249.3517, 0.0040104
3895, 244.5885, 0.0040885
3896, 246.0509, 0.0040642
3897, 188.3949, 0.005308
3898, 139.6122, 0.0071627
3899, 201.1668, 0.004971
3900, 3, 0.3333333
3901, 12.17334, 0.0821467
