Frame, FPS, Frame Time
1, 50, 0.02
2, 50, 0.02
3, 3, 0.3333333
4, 5.251955, 0.1904053
5, 23.19949, 0.0431044
6, 70.43345, 0.0141978
7, 72.64222, 0.0137661
8, 71.95642, 0.0138973
9, 72.15945, 0.0138582
10, 71.26162, 0.0140328
11, 71.00961, 0.0140826
12, 72.81571, 0.0137333
13, 35.78202, 0.027947
14, 71.27482, 0.0140302
15, 73.13149, 0.013674
16, 71.43877, 0.013998
17, 72.36937, 0.013818
18, 72.45747, 0.0138012
19, 70.53429, 0.0141775
20, 72.71352, 0.0137526
21, 70.48359, 0.0141877
22, 73.05402, 0.0136885
23, 71.63375, 0.0139599
24, 71.35925, 0.0140136
25, 71.60964, 0.0139646
26, 71.973, 0.0138941
27, 58.84119, 0.0169949
28, 72.95702, 0.0137067
29, 69.89781, 0.0143066
30, 72.2079, 0.0138489
31, 72.27836, 0.0138354
32, 17.87639, 0.0559397
33, 73.34658, 0.0136339
34, 71.82154, 0.0139234
35, 69.88267, 0.0143097
36, 72.98205, 0.013702
37, 54.25965, 0.0184299
38, 35.74467, 0.0279762
39, 163.071, 0.0061323
40, 71.9761, 0.0138935
41, 71.44031, 0.0139977
42, 70.83356, 0.0141176
43, 56.97291, 0.0175522
44, 58.60771, 0.0170626
45, 73.65126, 0.0135775
46, 10.14667, 0.0985545
47, 114.1266, 0.0087622
48, 37.68366, 0.0265367
49, 62.08173, 0.0161078
50, 71.00558, 0.0140834
51, 58.13514, 0.0172013
52, 87.44546, 0.0114357
53, 70.11983, 0.0142613
54, 67.32193, 0.014854
55, 74.4524, 0.0134314
56, 68.92939, 0.0145076
57, 71.42959, 0.0139998
58, 68.45283, 0.0146086
59, 71.80503, 0.0139266
60, 71.61375, 0.0139638
61, 70.92299, 0.0140998
62, 70.97232, 0.01409
63, 72.10429, 0.0138688
64, 71.63837, 0.013959
65, 71.14906, 0.014055
66, 71.67842, 0.0139512
67, 72.90755, 0.013716
68, 72.87461, 0.0137222
69, 72.00668, 0.0138876
70, 71.50672, 0.0139847
71, 71.25603, 0.0140339
72, 70.94765, 0.0140949
73, 71.184, 0.0140481
74, 72.87248, 0.0137226
75, 70.38288, 0.014208
76, 71.99943, 0.013889
77, 36.05682, 0.027734
78, 67.02278, 0.0149203
79, 75.18176, 0.0133011
80, 72.26373, 0.0138382
81, 71.61221, 0.0139641
82, 72.41287, 0.0138097
83, 71.14703, 0.0140554
84, 71.06512, 0.0140716
85, 71.58144, 0.0139701
86, 71.63786, 0.0139591
87, 70.84561, 0.0141152
88, 72.79345, 0.0137375
89, 70.01527, 0.0142826
90, 73.35627, 0.0136321
91, 71.79782, 0.013928
92, 71.54765, 0.0139767
93, 35.76614, 0.0279594
94, 61.56688, 0.0162425
95, 86.2664, 0.011592
96, 72.11885, 0.013866
97, 70.9552, 0.0140934
98, 68.51849, 0.0145946
99, 71.9021, 0.0139078
100, 76.41521, 0.0130864
101, 71.57735, 0.0139709
102, 71.05048, 0.0140745
103, 72.1532, 0.0138594
104, 71.23827, 0.0140374
105, 72.40134, 0.0138119
106, 71.84012, 0.0139198
107, 71.59273, 0.0139679
108, 71.66455, 0.0139539
109, 69.92078, 0.0143019
110, 72.13966, 0.013862
111, 5.5168, 0.1812645
112, 24.39697, 0.0409887
113, 22.60663, 0.0442348
114, 29.94837, 0.0333908
115, 137.7657, 0.0072587
116, 70.79345, 0.0141256
117, 28.17735, 0.0354895
118, 38.38005, 0.0260552
119, 39.17344, 0.0255275
120, 98.13157, 0.0101904
121, 72.89586, 0.0137182
122, 70.57561, 0.0141692
123, 29.37582, 0.0340416
124, 36.90623, 0.0270957
125, 33.02608, 0.0302791
126, 129.6798, 0.0077113
127, 79.55956, 0.0125692
128, 73.9295, 0.0135264
129, 73.17377, 0.0136661
130, 71.30328, 0.0140246
131, 70.04518, 0.0142765
132, 72.56052, 0.0137816
133, 71.37963, 0.0140096
134, 72.55104, 0.0137834
135, 72.71775, 0.0137518
136, 72.25851, 0.0138392
137, 69.14099, 0.0144632
138, 74.53564, 0.0134164
139, 70.78944, 0.0141264
140, 71.98077, 0.0138926
141, 69.42178, 0.0144047
142, 67.91863, 0.0147235
143, 64.88324, 0.0154123
144, 73.07538, 0.0136845
145, 72.11729, 0.0138663
146, 70.92752, 0.0140989
147, 87.88505, 0.0113785
148, 72.1709, 0.013856
149, 71.33685, 0.014018
150, 71.48219, 0.0139895
151, 72.49477, 0.0137941
152, 63.1676, 0.0158309
153, 81.8324, 0.0122201
154, 63.05846, 0.0158583
155, 83.36181, 0.0119959
156, 72.96767, 0.0137047
157, 69.93985, 0.014298
158, 65.89829, 0.0151749
159, 84.39816, 0.0118486
160, 69.0479, 0.0144827
161, 71.70309, 0.0139464
162, 71.45715, 0.0139944
163, 66.22692, 0.0150996
164, 70.37447, 0.0142097
165, 77.01134, 0.0129851
166, 56.7141, 0.0176323
167, 104.8339, 0.0095389
168, 68.21329, 0.0146599
169, 69.44203, 0.0144005
170, 81.08459, 0.0123328
171, 72.55104, 0.0137834
172, 71.83805, 0.0139202
173, 70.57761, 0.0141688
174, 72.52526, 0.0137883
175, 70.7614, 0.014132
176, 73.09888, 0.0136801
177, 45.01301, 0.0222158
178, 123.2347, 0.0081146
179, 85.03835, 0.0117594
180, 72.25329, 0.0138402
181, 71.05604, 0.0140734
182, 72.05286, 0.0138787
183, 51.43557, 0.0194418
184, 103.2333, 0.0096868
185, 79.17719, 0.0126299
186, 71.79988, 0.0139276
187, 70.60402, 0.0141635
188, 72.94052, 0.0137098
189, 72.2152, 0.0138475
190, 63.74177, 0.0156883
191, 78.73086, 0.0127015
192, 74.43744, 0.0134341
193, 72.28515, 0.0138341
194, 71.49393, 0.0139872
195, 71.92485, 0.0139034
196, 70.19662, 0.0142457
197, 69.87925, 0.0143104
198, 72.37828, 0.0138163
199, 71.36994, 0.0140115
200, 71.32515, 0.0140203
201, 72.33744, 0.0138241
202, 71.99476, 0.0138899
203, 67.22012, 0.0148765
204, 80.41882, 0.0124349
205, 72.10689, 0.0138683
206, 70.42452, 0.0141996
207, 72.12978, 0.0138639
208, 72.99643, 0.0136993
209, 70.15476, 0.0142542
210, 72.82791, 0.013731
211, 69.8207, 0.0143224
212, 70.06383, 0.0142727
213, 67.14745, 0.0148926
214, 80.55681, 0.0124136
215, 70.8426, 0.0141158
216, 74.22417, 0.0134727
217, 69.15103, 0.0144611
218, 73.68708, 0.0135709
219, 69.6903, 0.0143492
220, 64.28471, 0.0155558
221, 82.24361, 0.012159
222, 71.43061, 0.0139996
223, 70.41906, 0.0142007
224, 72.50475, 0.0137922
225, 72.30553, 0.0138302
226, 71.47095, 0.0139917
227, 63.88837, 0.0156523
228, 80.12115, 0.0124811
229, 72.11573, 0.0138666
230, 69.88267, 0.0143097
231, 74.58901, 0.0134068
232, 65.14488, 0.0153504
233, 80.25424, 0.0124604
234, 71.94659, 0.0138992
235, 72.2653, 0.0138379
236, 70.39676, 0.0142052
237, 73.39396, 0.0136251
238, 58.4809, 0.0170996
239, 98.91686, 0.0101095
240, 71.43929, 0.0139979
241, 71.66455, 0.0139539
242, 64.96206, 0.0153936
243, 80.62176, 0.0124036
244, 66.5615, 0.0150237
245, 74.39148, 0.0134424
246, 70.81551, 0.0141212
247, 72.72146, 0.0137511
248, 70.87775, 0.0141088
249, 76.40587, 0.013088
250, 71.75454, 0.0139364
251, 71.66712, 0.0139534
252, 71.34347, 0.0140167
253, 72.00047, 0.0138888
254, 71.92485, 0.0139034
255, 71.45511, 0.0139948
256, 70.55869, 0.0141726
257, 73.24076, 0.0136536
258, 71.62298, 0.013962
259, 70.72286, 0.0141397
260, 72.76485, 0.0137429
261, 72.383, 0.0138154
262, 71.19059, 0.0140468
263, 72.00461, 0.013888
264, 71.77154, 0.0139331
265, 72.11209, 0.0138673
266, 71.60554, 0.0139654
267, 70.66139, 0.014152
268, 73.1968, 0.0136618
269, 71.19211, 0.0140465
270, 71.55174, 0.0139759
271, 71.98388, 0.013892
272, 72.18549, 0.0138532
273, 71.86903, 0.0139142
274, 71.47248, 0.0139914
275, 72.24337, 0.0138421
276, 71.76639, 0.0139341
277, 70.69836, 0.0141446
278, 72.64802, 0.013765
279, 72.39085, 0.0138139
280, 70.97685, 0.0140891
281, 72.18132, 0.013854
282, 72.35629, 0.0138205
283, 71.32159, 0.014021
284, 72.15945, 0.0138582
285, 71.84321, 0.0139192
286, 71.65172, 0.0139564
287, 71.7067, 0.0139457
288, 71.69487, 0.013948
289, 71.42194, 0.0140013
290, 72.5742, 0.013779
291, 71.4924, 0.0139875
292, 72.19226, 0.0138519
293, 71.59068, 0.0139683
294, 71.21797, 0.0140414
295, 72.26843, 0.0138373
296, 72.09234, 0.0138711
297, 71.98439, 0.0138919
298, 71.78905, 0.0139297
299, 71.1101, 0.0140627
300, 71.72778, 0.0139416
301, 72.51211, 0.0137908
302, 71.88297, 0.0139115
303, 69.69321, 0.0143486
304, 72.15684, 0.0138587
305, 72.13081, 0.0138637
306, 72.88789, 0.0137197
307, 70.62247, 0.0141598
308, 70.64242, 0.0141558
309, 73.23325, 0.013655
310, 69.47002, 0.0143947
311, 73.83234, 0.0135442
312, 69.2775, 0.0144347
313, 73.00496, 0.0136977
314, 71.56096, 0.0139741
315, 74.66029, 0.013394
316, 71.26009, 0.0140331
317, 73.73815, 0.0135615
318, 69.68496, 0.0143503
319, 74.0165, 0.0135105
320, 72.20634, 0.0138492
321, 70.4528, 0.0141939
322, 70.93305, 0.0140978
323, 72.53893, 0.0137857
324, 73.03428, 0.0136922
325, 67.69335, 0.0147725
326, 74.94005, 0.013344
327, 70.5781, 0.0141687
328, 74.23133, 0.0134714
329, 71.62759, 0.0139611
330, 70.73787, 0.0141367
331, 70.73586, 0.0141371
332, 68.90469, 0.0145128
333, 72.60371, 0.0137734
334, 75.00975, 0.0133316
335, 73.62415, 0.0135825
336, 71.40409, 0.0140048
337, 70.87323, 0.0141097
338, 71.95746, 0.0138971
339, 70.04959, 0.0142756
340, 70.67238, 0.0141498
341, 76.27184, 0.013111
342, 71.56096, 0.0139741
343, 71.56659, 0.013973
344, 71.59068, 0.0139683
345, 71.6738, 0.0139521
346, 70.29037, 0.0142267
347, 73.85742, 0.0135396
348, 72.38928, 0.0138142
349, 71.08078, 0.0140685
350, 71.82463, 0.0139228
351, 70.14935, 0.0142553
352, 73.34982, 0.0136333
353, 71.58401, 0.0139696
354, 72.57526, 0.0137788
355, 70.45032, 0.0141944
356, 72.12562, 0.0138647
357, 73.08018, 0.0136836
358, 71.26263, 0.0140326
359, 70.15181, 0.0142548
360, 74.53231, 0.013417
361, 71.75042, 0.0139372
362, 71.5016, 0.0139857
363, 71.65274, 0.0139562
364, 72.47742, 0.0137974
365, 71.68922, 0.0139491
366, 69.89146, 0.0143079
367, 73.70718, 0.0135672
368, 70.46918, 0.0141906
369, 73.26007, 0.01365
370, 71.81741, 0.0139242
371, 71.91761, 0.0139048
372, 70.91645, 0.0141011
373, 72.37985, 0.013816
374, 72.02743, 0.0138836
375, 71.21746, 0.0140415
376, 71.99424, 0.01389
377, 69.77491, 0.0143318
378, 74.18233, 0.0134803
379, 70.69686, 0.0141449
380, 71.55943, 0.0139744
381, 73.18501, 0.013664
382, 71.86541, 0.0139149
383, 71.72006, 0.0139431
384, 70.77943, 0.0141284
385, 73.06897, 0.0136857
386, 71.49854, 0.0139863
387, 71.10049, 0.0140646
388, 71.61067, 0.0139644
389, 73.05669, 0.013688
390, 71.36282, 0.0140129
391, 72.32018, 0.0138274
392, 71.25298, 0.0140345
393, 72.23972, 0.0138428
394, 71.88969, 0.0139102
395, 71.67637, 0.0139516
396, 71.91813, 0.0139047
397, 71.27787, 0.0140296
398, 72.31233, 0.0138289
399, 68.75593, 0.0145442
400, 73.14219, 0.013672
401, 72.8364, 0.0137294
402, 70.12573, 0.0142601
403, 72.9959, 0.0136994
404, 72.40553, 0.0138111
405, 71.64452, 0.0139578
406, 72.24442, 0.0138419
407, 72.72146, 0.0137511
408, 71.35874, 0.0140137
409, 72.27627, 0.0138358
410, 70.68237, 0.0141478
411, 72.10845, 0.013868
412, 71.6512, 0.0139565
413, 70.42998, 0.0141985
414, 73.87107, 0.0135371
415, 71.46226, 0.0139934
416, 72.13758, 0.0138624
417, 71.30735, 0.0140238
418, 71.72417, 0.0139423
419, 72.03521, 0.0138821
420, 71.5794, 0.0139705
421, 71.14855, 0.0140551
422, 72.54946, 0.0137837
423, 71.9673, 0.0138952
424, 71.24181, 0.0140367
425, 72.24493, 0.0138418
426, 72.17976, 0.0138543
427, 70.17593, 0.0142499
428, 72.78127, 0.0137398
429, 72.0378, 0.0138816
430, 71.31854, 0.0140216
431, 72.31756, 0.0138279
432, 70.58658, 0.014167
433, 72.72939, 0.0137496
434, 72.36047, 0.0138197
435, 32.85982, 0.0304323
436, 85.72726, 0.0116649
437, 72.99163, 0.0137002
438, 71.73602, 0.01394
439, 65.64695, 0.015233
440, 69.46037, 0.0143967
441, 81.12998, 0.0123259
442, 72.74155, 0.0137473
443, 29.60971, 0.0337727
444, 88.18109, 0.0113403
445, 93.55675, 0.0106887
446, 73.64529, 0.0135786
447, 72.11313, 0.0138671
448, 71.19464, 0.014046
449, 71.94141, 0.0139002
450, 71.96212, 0.0138962
451, 71.52155, 0.0139818
452, 69.84557, 0.0143173
453, 30.45874, 0.0328313
454, 118.7268, 0.0084227
455, 70.92349, 0.0140997
456, 71.93934, 0.0139006
457, 71.22964, 0.0140391
458, 72.2079, 0.0138489
459, 71.24334, 0.0140364
460, 72.09597, 0.0138704
461, 72.10169, 0.0138693
462, 70.93909, 0.0140966
463, 31.22112, 0.0320296
464, 104.5205, 0.0095675
465, 70.82203, 0.0141199
466, 72.40134, 0.0138119
467, 70.86067, 0.0141122
468, 71.8649, 0.013915
469, 72.76591, 0.0137427
470, 71.79266, 0.013929
471, 71.81638, 0.0139244
472, 71.08685, 0.0140673
473, 30.71848, 0.0325537
474, 111.2298, 0.0089904
475, 71.53485, 0.0139792
476, 71.62811, 0.013961
477, 71.74734, 0.0139378
478, 71.88453, 0.0139112
479, 71.5415, 0.0139779
480, 71.19515, 0.0140459
481, 72.88948, 0.0137194
482, 70.82153, 0.01412
483, 30.5379, 0.0327462
484, 112.7853, 0.0088664
485, 72.29351, 0.0138325
486, 71.83134, 0.0139215
487, 71.67482, 0.0139519
488, 71.86076, 0.0139158
489, 71.36485, 0.0140125
490, 71.78648, 0.0139302
491, 71.86231, 0.0139155
492, 71.26111, 0.0140329
493, 31.59917, 0.0316464
494, 101.2771, 0.0098739
495, 70.61598, 0.0141611
496, 72.62006, 0.0137703
497, 71.95021, 0.0138985
498, 71.44847, 0.0139961
499, 71.60093, 0.0139663
500, 71.77257, 0.0139329
501, 71.85715, 0.0139165
502, 70.91394, 0.0141016
503, 32.01393, 0.0312364
504, 96.68562, 0.0103428
505, 71.86851, 0.0139143
506, 70.98542, 0.0140874
507, 72.46377, 0.0138
508, 72.10326, 0.013869
509, 71.88659, 0.0139108
510, 71.59375, 0.0139677
511, 71.93365, 0.0139017
512, 70.75088, 0.0141341
513, 31.1317, 0.0321216
514, 106.8799, 0.0093563
515, 70.77141, 0.01413
516, 72.56157, 0.0137814
517, 71.57018, 0.0139723
518, 72.26321, 0.0138383
519, 71.25248, 0.0140346
520, 72.12717, 0.0138644
521, 71.71903, 0.0139433
522, 70.63893, 0.0141565
523, 31.32969, 0.0319186
524, 105.3319, 0.0094938
525, 71.18857, 0.0140472
526, 71.86231, 0.0139155
527, 71.70618, 0.0139458
528, 71.64196, 0.0139583
529, 71.86231, 0.0139155
530, 72.10533, 0.0138686
531, 71.55635, 0.013975
532, 71.03231, 0.0140781
533, 27.9328, 0.0358002
534, 177.1667, 0.0056444
535, 71.42347, 0.014001
536, 71.15007, 0.0140548
537, 72.40029, 0.0138121
538, 71.59324, 0.0139678
539, 71.61579, 0.0139634
540, 72.03677, 0.0138818
541, 72.00668, 0.0138876
542, 71.16323, 0.0140522
543, 30.45698, 0.0328332
544, 114.2374, 0.0087537
545, 71.23116, 0.0140388
546, 72.19226, 0.0138519
547, 71.32616, 0.0140201
548, 72.27784, 0.0138355
549, 71.56249, 0.0139738
550, 71.8525, 0.0139174
551, 71.95073, 0.0138984
552, 67.97357, 0.0147116
553, 31.72116, 0.0315247
554, 106.2925, 0.009408
555, 71.65223, 0.0139563
556, 71.99113, 0.0138906
557, 70.9829, 0.0140879
558, 72.51842, 0.0137896
559, 72.06895, 0.0138756
560, 71.30227, 0.0140248
561, 70.81953, 0.0141204
562, 71.67791, 0.0139513
563, 28.43227, 0.0351713
564, 159.7368, 0.0062603
565, 70.78242, 0.0141278
566, 72.20477, 0.0138495
567, 72.20581, 0.0138493
568, 72.20061, 0.0138503
569, 71.77721, 0.013932
570, 71.79575, 0.0139284
571, 70.61399, 0.0141615
572, 71.9202, 0.0139043
573, 31.95399, 0.031295
574, 98.59113, 0.0101429
575, 71.12274, 0.0140602
576, 71.63426, 0.0139598
577, 72.00668, 0.0138876
578, 71.44389, 0.013997
579, 71.98284, 0.0138922
580, 71.48116, 0.0139897
581, 72.27888, 0.0138353
582, 69.3337, 0.014423
583, 25.80705, 0.0387491
584, 39.99008, 0.0250062
585, 177.1667, 0.0056444
586, 73.71098, 0.0135665
587, 71.39134, 0.0140073
588, 72.25381, 0.0138401
589, 71.56403, 0.0139735
590, 71.33329, 0.0140187
591, 71.20326, 0.0140443
592, 31.39057, 0.0318567
593, 104.1179, 0.0096045
594, 70.76991, 0.0141303
595, 72.42493, 0.0138074
596, 71.67585, 0.0139517
597, 71.50774, 0.0139845
598, 71.67842, 0.0139512
599, 72.03469, 0.0138822
600, 71.35365, 0.0140147
601, 71.31498, 0.0140223
602, 30.67889, 0.0325957
603, 111.8956, 0.0089369
604, 70.813, 0.0141217
605, 73.00175, 0.0136983
606, 71.5958, 0.0139673
607, 71.7, 0.013947
608, 72.1834, 0.0138536
609, 71.61682, 0.0139632
610, 70.78043, 0.0141282
611, 72.43752, 0.013805
612, 30.20947, 0.0331022
613, 117.88, 0.0084832
614, 71.10808, 0.0140631
615, 71.79936, 0.0139277
616, 72.06844, 0.0138757
617, 71.85612, 0.0139167
618, 72.34791, 0.0138221
619, 70.65091, 0.0141541
620, 71.45052, 0.0139957
621, 71.89021, 0.0139101
622, 31.50777, 0.0317382
623, 103.0588, 0.0097032
624, 71.23827, 0.0140374
625, 72.09338, 0.0138709
626, 70.89082, 0.0141062
627, 72.4874, 0.0137955
628, 71.78236, 0.013931
629, 71.69846, 0.0139473
630, 71.63888, 0.0139589
631, 71.47605, 0.0139907
632, 30.93007, 0.032331
633, 108.3189, 0.009232
634, 71.47605, 0.0139907
635, 71.6358, 0.0139595
636, 71.86541, 0.0139149
637, 72.00357, 0.0138882
638, 72.0404, 0.0138811
639, 70.82002, 0.0141203
640, 68.64832, 0.014567
641, 73.47592, 0.0136099
642, 30.13165, 0.0331877
643, 104.4266, 0.0095761
644, 80.91663, 0.0123584
645, 71.6851, 0.0139499
646, 72.4071, 0.0138108
647, 71.16222, 0.0140524
648, 62.25177, 0.0160638
649, 84.80901, 0.0117912
650, 71.9083, 0.0139066
651, 71.47861, 0.0139902
652, 29.89447, 0.033451
653, 122.5565, 0.0081595
654, 72.24129, 0.0138425
655, 71.53946, 0.0139783
656, 71.56045, 0.0139742
657, 72.31233, 0.0138289
658, 70.77842, 0.0141286
659, 73.03962, 0.0136912
660, 71.2545, 0.0140342
661, 71.52922, 0.0139803
662, 30.97711, 0.0322819
663, 107.3733, 0.0093133
664, 71.40154, 0.0140053
665, 71.66352, 0.0139541
666, 72.02898, 0.0138833
667, 71.84269, 0.0139193
668, 71.32922, 0.0140195
669, 72.27, 0.013837
670, 71.09594, 0.0140655
671, 72.33221, 0.0138251
672, 31.12385, 0.0321297
673, 104.7011, 0.009551
674, 71.7906, 0.0139294
675, 71.50979, 0.0139841
676, 68.67424, 0.0145615
677, 75.12132, 0.0133118
678, 71.7144, 0.0139442
679, 73.13309, 0.0136737
680, 71.00306, 0.0140839
681, 71.08028, 0.0140686
682, 31.46524, 0.0317811
683, 101.9191, 0.0098117
684, 71.99839, 0.0138892
685, 71.41479, 0.0140027
686, 71.71594, 0.0139439
687, 72.0991, 0.0138698
688, 71.56096, 0.0139741
689, 71.82876, 0.013922
690, 71.91917, 0.0139045
691, 71.56557, 0.0139732
692, 31.26172, 0.031988
693, 104.1753, 0.0095992
694, 71.20782, 0.0140434
695, 72.04559, 0.0138801
696, 71.53946, 0.0139783
697, 71.9673, 0.0138952
698, 71.90365, 0.0139075
699, 71.41837, 0.014002
700, 72.36047, 0.0138197
701, 70.8416, 0.014116
702, 31.54017, 0.0317056
703, 101.8932, 0.0098142
704, 71.40103, 0.0140054
705, 71.93365, 0.0139017
706, 71.65479, 0.0139558
707, 71.32464, 0.0140204
708, 72.51001, 0.0137912
709, 71.35059, 0.0140153
710, 72.186, 0.0138531
711, 70.17101, 0.0142509
712, 31.74372, 0.0315023
713, 101.6188, 0.0098407
714, 71.42959, 0.0139998
715, 72.07415, 0.0138746
716, 71.60759, 0.013965
717, 71.4199, 0.0140017
718, 71.48116, 0.0139897
719, 72.27, 0.013837
720, 72.09234, 0.0138711
721, 71.05704, 0.0140732
722, 31.8516, 0.0313956
723, 98.49596, 0.0101527
724, 71.30938, 0.0140234
725, 70.53231, 0.0141779
726, 73.10423, 0.0136791
727, 72.11105, 0.0138675
728, 71.71389, 0.0139443
729, 71.82412, 0.0139229
730, 71.67688, 0.0139515
731, 71.07472, 0.0140697
732, 73.14433, 0.0136716
733, 71.21239, 0.0140425
734, 71.27431, 0.0140303
735, 72.17663, 0.0138549
736, 71.85767, 0.0139164
737, 71.93054, 0.0139023
738, 71.45818, 0.0139942
739, 72.90809, 0.0137159
740, 71.6358, 0.0139595
741, 71.09089, 0.0140665
742, 71.7906, 0.0139294
743, 72.19279, 0.0138518
744, 72.62428, 0.0137695
745, 71.56762, 0.0139728
746, 71.75969, 0.0139354
747, 71.53638, 0.0139789
748, 72.47532, 0.0137978
749, 71.38931, 0.0140077
750, 72.31966, 0.0138275
751, 71.56557, 0.0139732
752, 71.6081, 0.0139649
753, 71.47146, 0.0139916
754, 72.5442, 0.0137847
755, 71.1445, 0.0140559
756, 72.15893, 0.0138583
757, 71.75403, 0.0139365
758, 72.11573, 0.0138666
759, 71.4781, 0.0139903
760, 71.62914, 0.0139608
761, 71.74734, 0.0139378
762, 72.52158, 0.013789
763, 71.22913, 0.0140392
764, 71.55328, 0.0139756
765, 72.75267, 0.0137452
766, 71.34856, 0.0140157
767, 70.69986, 0.0141443
768, 72.50265, 0.0137926
769, 71.30684, 0.0140239
770, 72.34425, 0.0138228
771, 72.53368, 0.0137867
772, 71.95021, 0.0138985
773, 70.37743, 0.0142091
774, 72.1433, 0.0138613
775, 70.70586, 0.0141431
776, 74.72501, 0.0133824
777, 71.78545, 0.0139304
778, 70.37495, 0.0142096
779, 71.91502, 0.0139053
780, 73.41928, 0.0136204
781, 71.78957, 0.0139296
782, 71.21544, 0.0140419
783, 72.14122, 0.0138617
784, 72.06376, 0.0138766
785, 71.3674, 0.014012
786, 70.96326, 0.0140918
787, 72.74314, 0.013747
788, 71.87678, 0.0139127
789, 70.99651, 0.0140852
790, 72.93095, 0.0137116
791, 71.49854, 0.0139863
792, 72.20477, 0.0138495
793, 71.66096, 0.0139546
794, 71.63016, 0.0139606
795, 71.7144, 0.0139442
796, 71.9932, 0.0138902
797, 69.7073, 0.0143457
798, 74.11195, 0.0134931
799, 70.65839, 0.0141526
800, 73.04922, 0.0136894
801, 71.46379, 0.0139931
802, 72.05545, 0.0138782
803, 71.31548, 0.0140222
804, 72.05286, 0.0138787
805, 71.82257, 0.0139232
806, 72.14435, 0.0138611
807, 71.75866, 0.0139356
808, 71.11314, 0.0140621
809, 71.51132, 0.0139838
810, 72.78656, 0.0137388
811, 71.90934, 0.0139064
812, 71.83134, 0.0139215
813, 71.28905, 0.0140274
814, 72.29926, 0.0138314
815, 71.77, 0.0139334
816, 72.04352, 0.0138805
817, 71.69641, 0.0139477
818, 71.96004, 0.0138966
819, 71.53793, 0.0139786
820, 72.1381, 0.0138623
821, 71.74219, 0.0139388
822, 71.49956, 0.0139861
823, 72.52421, 0.0137885
824, 71.0727, 0.0140701
825, 72.66756, 0.0137613
826, 71.38574, 0.0140084
827, 71.83083, 0.0139216
828, 72.01965, 0.0138851
829, 71.70567, 0.0139459
830, 69.45119, 0.0143986
831, 73.38372, 0.013627
832, 71.94762, 0.013899
833, 72.1459, 0.0138608
834, 72.57842, 0.0137782
835, 71.85921, 0.0139161
836, 71.50058, 0.0139859
837, 71.88969, 0.0139102
838, 71.77566, 0.0139323
839, 71.74888, 0.0139375
840, 71.68253, 0.0139504
841, 71.02727, 0.0140791
842, 72.81147, 0.0137341
843, 71.68973, 0.013949
844, 70.78644, 0.014127
845, 71.53434, 0.0139793
846, 72.22302, 0.013846
847, 71.92382, 0.0139036
848, 71.97817, 0.0138931
849, 71.55379, 0.0139755
850, 72.10117, 0.0138694
851, 62.14615, 0.0160911
852, 82.21588, 0.0121631
853, 29.69491, 0.0336758
854, 109.523, 0.0091305
855, 80.72459, 0.0123878
856, 70.73386, 0.0141375
857, 73.23808, 0.0136541
858, 71.7319, 0.0139408
859, 71.61887, 0.0139628
860, 71.50979, 0.0139841
861, 72.73679, 0.0137482
862, 70.62895, 0.0141585
863, 31.49983, 0.0317462
864, 102.3039, 0.0097748
865, 71.31599, 0.0140221
866, 71.65428, 0.0139559
867, 71.76124, 0.0139351
868, 72.0887, 0.0138718
869, 71.76433, 0.0139345
870, 71.83237, 0.0139213
871, 71.25704, 0.0140337
872, 71.98698, 0.0138914
873, 31.10759, 0.0321465
874, 104.5391, 0.0095658
875, 71.41531, 0.0140026
876, 72.66016, 0.0137627
877, 71.70103, 0.0139468
878, 71.75506, 0.0139363
879, 72.19174, 0.013852
880, 71.52513, 0.0139811
881, 71.92382, 0.0139036
882, 70.79696, 0.0141249
883, 31.6617, 0.0315839
884, 98.88165, 0.0101131
885, 72.42388, 0.0138076
886, 72.22459, 0.0138457
887, 70.65639, 0.014153
888, 72.63166, 0.0137681
889, 71.73498, 0.0139402
890, 71.35874, 0.0140137
891, 71.70155, 0.0139467
892, 71.30023, 0.0140252
893, 31.1443, 0.0321086
894, 103.5175, 0.0096602
895, 71.604, 0.0139657
896, 73.28262, 0.0136458
897, 72.21989, 0.0138466
898, 71.93417, 0.0139016
899, 71.30735, 0.0140238
900, 71.96782, 0.0138951
901, 71.40816, 0.014004
902, 71.50263, 0.0139855
903, 31.48506, 0.0317611
904, 101.7139, 0.0098315
905, 70.87373, 0.0141096
906, 71.51439, 0.0139832
907, 72.49686, 0.0137937
908, 71.47554, 0.0139908
909, 72.02276, 0.0138845
910, 72.00409, 0.0138881
911, 71.28244, 0.0140287
912, 68.23936, 0.0146543
913, 30.01291, 0.033319
914, 108.4269, 0.0092228
915, 82.04185, 0.0121889
916, 71.43011, 0.0139997
917, 72.07467, 0.0138745
918, 71.51337, 0.0139834
919, 61.15498, 0.0163519
920, 87.81482, 0.0113876
921, 71.47656, 0.0139906
922, 70.78393, 0.0141275
923, 31.44516, 0.0318014
924, 104.9307, 0.0095301
925, 70.90639, 0.0141031
926, 72.35576, 0.0138206
927, 71.12982, 0.0140588
928, 71.73293, 0.0139406
929, 72.07051, 0.0138753
930, 71.22507, 0.01404
931, 72.3961, 0.0138129
932, 70.94211, 0.014096
933, 31.81471, 0.031432
934, 98.24148, 0.010179
935, 71.96056, 0.0138965
936, 71.94762, 0.013899
937, 71.44184, 0.0139974
938, 70.81, 0.0141223
939, 71.80865, 0.0139259
940, 73.26007, 0.01365
941, 71.85457, 0.013917
942, 71.2205, 0.0140409
943, 31.59428, 0.0316513
944, 99.84424, 0.0100156
945, 71.53741, 0.0139787
946, 72.09181, 0.0138712
947, 72.15112, 0.0138598
948, 71.26162, 0.0140328
949, 72.3411, 0.0138234
950, 71.86748, 0.0139145
951, 71.5016, 0.0139857
952, 71.05199, 0.0140742
953, 31.10875, 0.0321453
954, 107.188, 0.0093294
955, 71.08482, 0.0140677
956, 72.12822, 0.0138642
957, 71.97714, 0.0138933
958, 70.36852, 0.0142109
959, 73.27296, 0.0136476
960, 71.75094, 0.0139371
961, 71.70206, 0.0139466
962, 71.4449, 0.0139968
963, 31.23302, 0.0320174
964, 104.419, 0.0095768
965, 71.36842, 0.0140118
966, 71.86593, 0.0139148
967, 69.83972, 0.0143185
968, 74.33286, 0.013453
969, 71.82566, 0.0139226
970, 71.88659, 0.0139108
971, 70.86469, 0.0141114
972, 71.63529, 0.0139596
973, 31.69934, 0.0315464
974, 100.2446, 0.0099756
975, 71.35212, 0.014015
976, 71.62093, 0.0139624
977, 70.02507, 0.0142806
978, 73.83016, 0.0135446
979, 71.26771, 0.0140316
980, 71.61324, 0.0139639
981, 72.04092, 0.013881
982, 70.94765, 0.0140949
983, 28.51489, 0.0350694
984, 156.784, 0.0063782
985, 70.15919, 0.0142533
986, 72.54893, 0.0137838
987, 70.90137, 0.0141041
988, 73.76046, 0.0135574
989, 71.40664, 0.0140043
990, 71.95798, 0.013897
991, 71.92744, 0.0139029
992, 70.80097, 0.0141241
993, 72.70876, 0.0137535
994, 71.83134, 0.0139215
995, 71.29871, 0.0140255
996, 72.22407, 0.0138458
997, 71.81741, 0.0139242
998, 71.45664, 0.0139945
999, 72.07623, 0.0138742
1000, 72.19382, 0.0138516
1001, 71.02827, 0.0140789
1002, 72.62534, 0.0137693
1003, 70.59405, 0.0141655
1004, 72.89108, 0.0137191
1005, 71.14501, 0.0140558
1006, 72.48688, 0.0137956
1007, 70.60551, 0.0141632
1008, 72.34895, 0.0138219
1009, 72.47637, 0.0137976
1010, 71.53229, 0.0139797
1011, 72.03417, 0.0138823
1012, 70.7684, 0.0141306
1013, 72.49161, 0.0137947
1014, 71.28701, 0.0140278
1015, 72.4454, 0.0138035
1016, 71.56762, 0.0139728
1017, 72.21886, 0.0138468
1018, 71.8494, 0.013918
1019, 72.18705, 0.0138529
1020, 71.62605, 0.0139614
1021, 71.96419, 0.0138958
1022, 72.04819, 0.0138796
1023, 71.29871, 0.0140255
1024, 71.89279, 0.0139096
1025, 69.80121, 0.0143264
1026, 73.87052, 0.0135372
1027, 72.20842, 0.0138488
1028, 70.74738, 0.0141348
1029, 72.53946, 0.0137856
1030, 71.45306, 0.0139952
1031, 72.30449, 0.0138304
1032, 72.01031, 0.0138869
1033, 71.82463, 0.0139228
1034, 71.96419, 0.0138958
1035, 71.73293, 0.0139406
1036, 71.19059, 0.0140468
1037, 72.35942, 0.0138199
1038, 72.39137, 0.0138138
1039, 71.38116, 0.0140093
1040, 71.2134, 0.0140423
1041, 72.58738, 0.0137765
1042, 71.81638, 0.0139244
1043, 71.53332, 0.0139795
1044, 71.85612, 0.0139167
1045, 71.48219, 0.0139895
1046, 71.79936, 0.0139277
1047, 71.9052, 0.0139072
1048, 72.34058, 0.0138235
1049, 71.26822, 0.0140315
1050, 72.46797, 0.0137992
1051, 70.96678, 0.0140911
1052, 59.11668, 0.0169157
1053, 72.29874, 0.0138315
1054, 57.48415, 0.0173961
1055, 131.4458, 0.0076077
1056, 73.25793, 0.0136504
1057, 71.3944, 0.0140067
1058, 70.9547, 0.0140935
1059, 73.58785, 0.0135892
1060, 71.46992, 0.0139919
1061, 70.43147, 0.0141982
1062, 72.55683, 0.0137823
1063, 73.16895, 0.013667
1064, 71.78699, 0.0139301
1065, 71.23319, 0.0140384
1066, 71.81535, 0.0139246
1067, 71.7566, 0.013936
1068, 72.08714, 0.0138721
1069, 70.78844, 0.0141266
1070, 73.03108, 0.0136928
1071, 71.23928, 0.0140372
1072, 72.30187, 0.0138309
1073, 71.44133, 0.0139975
1074, 72.52894, 0.0137876
1075, 71.08179, 0.0140683
1076, 72.47007, 0.0137988
1077, 71.32159, 0.014021
1078, 72.19226, 0.0138519
1079, 71.02879, 0.0140788
1080, 71.12628, 0.0140595
1081, 71.95383, 0.0138978
1082, 72.54156, 0.0137852
1083, 72.68023, 0.0137589
1084, 71.33329, 0.0140187
1085, 71.24892, 0.0140353
1086, 72.71881, 0.0137516
1087, 71.84476, 0.0139189
1088, 71.74528, 0.0139382
1089, 71.62195, 0.0139622
1090, 72.1558, 0.0138589
1091, 70.69336, 0.0141456
1092, 72.38194, 0.0138156
1093, 72.26896, 0.0138372
1094, 72.09234, 0.0138711
1095, 71.90882, 0.0139065
1096, 71.89848, 0.0139085
1097, 71.37402, 0.0140107
1098, 72.29665, 0.0138319
1099, 71.05856, 0.0140729
1100, 72.28201, 0.0138347
1101, 71.80503, 0.0139266
1102, 71.14552, 0.0140557
1103, 71.83856, 0.0139201
1104, 71.79318, 0.0139289
1105, 72.63852, 0.0137668
1106, 71.88918, 0.0139103
1107, 70.48508, 0.0141874
1108, 72.8295, 0.0137307
1109, 71.75454, 0.0139364
1110, 71.973, 0.0138941
1111, 71.80658, 0.0139263
1112, 71.88039, 0.013912
1113, 70.98138, 0.0140882
1114, 72.27574, 0.0138359
1115, 72.42231, 0.0138079
1116, 71.59939, 0.0139666
1117, 71.81535, 0.0139246
1118, 71.28346, 0.0140285
1119, 72.58, 0.0137779
1120, 71.39695, 0.0140062
1121, 72.26008, 0.0138389
1122, 71.98595, 0.0138916
1123, 69.78026, 0.0143307
1124, 72.39977, 0.0138122
1125, 73.11385, 0.0136773
1126, 71.5149, 0.0139831
1127, 72.07571, 0.0138743
1128, 71.7494, 0.0139374
1129, 72.13394, 0.0138631
1130, 71.53536, 0.0139791
1131, 71.92641, 0.0139031
1132, 72.02847, 0.0138834
1133, 71.41735, 0.0140022
1134, 71.2982, 0.0140256
1135, 71.92537, 0.0139033
1136, 72.54841, 0.0137839
1137, 71.06007, 0.0140726
1138, 72.16361, 0.0138574
1139, 72.53315, 0.0137868
1140, 71.37555, 0.0140104
1141, 71.53844, 0.0139785
1142, 72.16361, 0.0138574
1143, 71.98698, 0.0138914
1144, 71.89331, 0.0139095
1145, 71.62349, 0.0139619
1146, 71.04694, 0.0140752
1147, 71.77154, 0.0139331
1148, 72.94106, 0.0137097
1149, 71.99165, 0.0138905
1150, 71.30379, 0.0140245
1151, 71.85973, 0.013916
1152, 72.23763, 0.0138432
1153, 71.70875, 0.0139453
1154, 71.59273, 0.0139679
1155, 70.52982, 0.0141784
1156, 73.48457, 0.0136083
1157, 69.97558, 0.0142907
1158, 71.38982, 0.0140076
1159, 73.74903, 0.0135595
1160, 72.20164, 0.0138501
1161, 71.68304, 0.0139503
1162, 71.32719, 0.0140199
1163, 71.93106, 0.0139022
1164, 72.7241, 0.0137506
1165, 71.22102, 0.0140408
1166, 71.63529, 0.0139596
1167, 71.83289, 0.0139212
1168, 71.68407, 0.0139501
1169, 72.59686, 0.0137747
1170, 71.6435, 0.013958
1171, 71.9295, 0.0139025
1172, 71.4097, 0.0140037
1173, 71.55225, 0.0139758
1174, 71.90003, 0.0139082
1175, 72.40238, 0.0138117
1176, 71.90675, 0.0139069
1177, 71.11971, 0.0140608
1178, 72.43542, 0.0138054
1179, 70.73586, 0.0141371
1180, 72.79928, 0.0137364
1181, 71.56198, 0.0139739
1182, 71.98595, 0.0138916
1183, 72.11261, 0.0138672
1184, 71.90003, 0.0139082
1185, 71.3104, 0.0140232
1186, 71.75609, 0.0139361
1187, 72.13342, 0.0138632
1188, 69.88169, 0.0143099
1189, 74.23299, 0.0134711
1190, 71.06159, 0.0140723
1191, 72.27574, 0.0138359
1192, 71.69692, 0.0139476
1193, 72.08402, 0.0138727
1194, 67.70251, 0.0147705
1195, 77.25348, 0.0129444
1196, 71.30023, 0.0140252
1197, 71.85043, 0.0139178
1198, 71.07523, 0.0140696
1199, 72.97033, 0.0137042
1200, 71.68407, 0.0139501
1201, 70.77141, 0.01413
1202, 71.99994, 0.0138889
1203, 72.46167, 0.0138004
1204, 71.05402, 0.0140738
1205, 72.20373, 0.0138497
1206, 69.68496, 0.0143503
1207, 74.34834, 0.0134502
1208, 71.7319, 0.0139408
1209, 70.29926, 0.0142249
1210, 73.2649, 0.0136491
1211, 72.42651, 0.0138071
1212, 68.37139, 0.014626
1213, 75.65956, 0.0132171
1214, 72.06844, 0.0138757
1215, 71.50672, 0.0139847
1216, 71.76278, 0.0139348
1217, 71.45664, 0.0139945
1218, 71.7067, 0.0139457
1219, 71.76433, 0.0139345
1220, 71.67945, 0.013951
1221, 72.39819, 0.0138125
1222, 71.45562, 0.0139947
1223, 71.79318, 0.0139289
1224, 72.09026, 0.0138715
1225, 72.04507, 0.0138802
1226, 71.37656, 0.0140102
1227, 72.29717, 0.0138318
1228, 71.72881, 0.0139414
1229, 70.82053, 0.0141202
1230, 72.72092, 0.0137512
1231, 71.96264, 0.0138961
1232, 72.37147, 0.0138176
1233, 71.65993, 0.0139548
1234, 71.41888, 0.0140019
1235, 72.13081, 0.0138637
1236, 71.6738, 0.0139521
1237, 71.71081, 0.0139449
1238, 71.89693, 0.0139088
1239, 71.40766, 0.0140041
1240, 72.11157, 0.0138674
1241, 71.77926, 0.0139316
1242, 70.60851, 0.0141626
1243, 72.63536, 0.0137674
1244, 72.619, 0.0137705
1245, 71.00407, 0.0140837
1246, 72.54104, 0.0137853
1247, 71.55635, 0.013975
1248, 71.9202, 0.0139043
1249, 72.03158, 0.0138828
1250, 71.26974, 0.0140312
1251, 71.26466, 0.0140322
1252, 71.73395, 0.0139404
1253, 72.23659, 0.0138434
1254, 72.67125, 0.0137606
1255, 72.37985, 0.013816
1256, 70.51788, 0.0141808
1257, 72.48636, 0.0137957
1258, 71.96264, 0.0138961
1259, 72.07103, 0.0138752
1260, 71.6666, 0.0139535
1261, 71.71646, 0.0139438
1262, 71.78802, 0.0139299
1263, 71.9559, 0.0138974
1264, 71.98439, 0.0138919
1265, 71.43419, 0.0139989
1266, 72.08402, 0.0138727
1267, 71.12426, 0.0140599
1268, 72.16517, 0.0138571
1269, 71.80297, 0.013927
1270, 72.07519, 0.0138744
1271, 72.11053, 0.0138676
1272, 71.46278, 0.0139933
1273, 71.0308, 0.0140784
1274, 72.15684, 0.0138587
1275, 71.52309, 0.0139815
1276, 73.38641, 0.0136265
1277, 71.34652, 0.0140161
1278, 71.55225, 0.0139758
1279, 72.39767, 0.0138126
1280, 71.99839, 0.0138892
1281, 71.78699, 0.0139301
1282, 71.65428, 0.0139559
1283, 72.05909, 0.0138775
1284, 71.19363, 0.0140462
1285, 72.53052, 0.0137873
1286, 70.75588, 0.0141331
1287, 72.80299, 0.0137357
1288, 71.50672, 0.0139847
1289, 71.5876, 0.0139689
1290, 72.26112, 0.0138387
1291, 71.82979, 0.0139218
1292, 72.16517, 0.0138571
1293, 71.32871, 0.0140196
1294, 72.07051, 0.0138753
1295, 70.70286, 0.0141437
1296, 72.8863, 0.01372
1297, 71.15868, 0.0140531
1298, 72.3343, 0.0138247
1299, 72.11677, 0.0138664
1300, 70.70086, 0.0141441
1301, 72.59106, 0.0137758
1302, 71.37045, 0.0140114
1303, 71.75094, 0.0139371
1304, 72.39924, 0.0138123
1305, 71.98284, 0.0138922
1306, 71.2337, 0.0140383
1307, 70.96175, 0.0140921
1308, 73.96067, 0.0135207
1309, 71.66506, 0.0139538
1310, 71.19921, 0.0140451
1311, 71.40613, 0.0140044
1312, 72.76802, 0.0137423
1313, 71.46022, 0.0139938
1314, 71.95798, 0.013897
1315, 72.0991, 0.0138698
1316, 71.59324, 0.0139678
1317, 71.19363, 0.0140462
1318, 71.82928, 0.0139219
1319, 71.94141, 0.0139002
1320, 72.53368, 0.0137867
1321, 71.50058, 0.0139859
1322, 71.05452, 0.0140737
1323, 72.58633, 0.0137767
1324, 71.54509, 0.0139772
1325, 72.09597, 0.0138704
1326, 72.07986, 0.0138735
1327, 71.19059, 0.0140468
1328, 71.24486, 0.0140361
1329, 72.39767, 0.0138126
1330, 71.26822, 0.0140315
1331, 72.78868, 0.0137384
1332, 71.77669, 0.0139321
1333, 71.37861, 0.0140098
1334, 72.55367, 0.0137829
1335, 71.22456, 0.0140401
1336, 72.04195, 0.0138808
1337, 72.04974, 0.0138793
1338, 71.29057, 0.0140271
1339, 72.44172, 0.0138042
1340, 71.43469, 0.0139988
1341, 71.24486, 0.0140361
1342, 72.27314, 0.0138364
1343, 72.198, 0.0138508
1344, 71.53127, 0.0139799
1345, 71.73705, 0.0139398
1346, 72.61532, 0.0137712
1347, 71.86386, 0.0139152
1348, 71.94504, 0.0138995
1349, 71.55686, 0.0139749
1350, 71.8525, 0.0139174
1351, 70.51788, 0.0141808
1352, 72.94052, 0.0137098
1353, 71.48729, 0.0139885
1354, 72.15945, 0.0138582
1355, 70.88126, 0.0141081
1356, 72.80299, 0.0137357
1357, 71.4352, 0.0139987
1358, 71.65428, 0.0139559
1359, 72.62639, 0.0137691
1360, 71.82566, 0.0139226
1361, 71.51439, 0.0139832
1362, 71.91709, 0.0139049
1363, 70.53032, 0.0141783
1364, 73.3482, 0.0136336
1365, 71.75969, 0.0139354
1366, 71.5835, 0.0139697
1367, 72.38771, 0.0138145
1368, 71.76227, 0.0139349
1369, 71.12982, 0.0140588
1370, 72.61532, 0.0137712
1371, 71.83753, 0.0139203
1372, 72.03832, 0.0138815
1373, 70.94815, 0.0140948
1374, 72.62639, 0.0137691
1375, 71.4398, 0.0139978
1376, 71.95332, 0.0138979
1377, 70.84009, 0.0141163
1378, 72.92138, 0.0137134
1379, 71.69898, 0.0139472
1380, 71.56608, 0.0139731
1381, 71.91193, 0.0139059
1382, 71.87057, 0.0139139
1383, 71.01466, 0.0140816
1384, 72.20842, 0.0138488
1385, 72.19434, 0.0138515
1386, 71.85818, 0.0139163
1387, 71.72263, 0.0139426
1388, 71.50263, 0.0139855
1389, 72.49266, 0.0137945
1390, 71.36384, 0.0140127
1391, 71.70515, 0.013946
1392, 72.12354, 0.0138651
1393, 70.79897, 0.0141245
1394, 72.17976, 0.0138543
1395, 72.40395, 0.0138114
1396, 72.35523, 0.0138207
1397, 71.52666, 0.0139808
1398, 72.36885, 0.0138181
1399, 70.45975, 0.0141925
1400, 72.91287, 0.013715
1401, 72.30083, 0.0138311
1402, 71.40256, 0.0140051
1403, 71.46839, 0.0139922
1404, 72.27574, 0.0138359
1405, 71.48321, 0.0139893
1406, 72.30658, 0.01383
1407, 71.83134, 0.0139215
1408, 70.45925, 0.0141926
1409, 72.39452, 0.0138132
1410, 70.83658, 0.014117
1411, 72.83746, 0.0137292
1412, 68.63606, 0.0145696
1413, 76.19048, 0.013125
1414, 71.67996, 0.0139509
1415, 72.14071, 0.0138618
1416, 71.71852, 0.0139434
1417, 71.36536, 0.0140124
1418, 72.48951, 0.0137951
1419, 71.7803, 0.0139314
1420, 71.50877, 0.0139843
1421, 70.14098, 0.014257
1422, 73.37457, 0.0136287
1423, 72.39033, 0.013814
1424, 71.72263, 0.0139426
1425, 71.804, 0.0139268
1426, 72.14435, 0.0138611
1427, 70.84561, 0.0141152
1428, 72.15007, 0.01386
1429, 71.21949, 0.0140411
1430, 72.83321, 0.01373
1431, 71.26568, 0.014032
1432, 70.5333, 0.0141777
1433, 71.71697, 0.0139437
1434, 73.4484, 0.013615
1435, 72.27627, 0.0138358
1436, 71.99217, 0.0138904
1437, 71.41633, 0.0140024
1438, 71.74734, 0.0139378
1439, 70.2262, 0.0142397
1440, 73.59326, 0.0135882
1441, 72.12874, 0.0138641
1442, 71.69846, 0.0139473
1443, 71.02575, 0.0140794
1444, 71.00356, 0.0140838
1445, 73.41712, 0.0136208
1446, 71.65736, 0.0139553
1447, 71.96937, 0.0138948
1448, 71.23624, 0.0140378
1449, 72.34634, 0.0138224
1450, 72.11781, 0.0138662
1451, 70.53529, 0.0141773
1452, 73.2059, 0.0136601
1453, 71.52922, 0.0139803
1454, 71.2799, 0.0140292
1455, 72.07051, 0.0138753
1456, 72.84754, 0.0137273
1457, 71.30277, 0.0140247
1458, 72.05805, 0.0138777
1459, 71.27329, 0.0140305
1460, 72.383, 0.0138154
1461, 71.41071, 0.0140035
1462, 71.9585, 0.0138969
1463, 71.21544, 0.0140419
1464, 71.71286, 0.0139445
1465, 71.44541, 0.0139967
1466, 72.76167, 0.0137435
1467, 71.53638, 0.0139789
1468, 71.77412, 0.0139326
1469, 71.69127, 0.0139487
1470, 71.98439, 0.0138919
1471, 71.73962, 0.0139393
1472, 72.28724, 0.0138337
1473, 70.97333, 0.0140898
1474, 71.90003, 0.0139082
1475, 72.41759, 0.0138088
1476, 71.05351, 0.0140739
1477, 72.4412, 0.0138043
1478, 72.24129, 0.0138425
1479, 72.13602, 0.0138627
1480, 71.64864, 0.013957
1481, 71.24892, 0.0140353
1482, 72.34267, 0.0138231
1483, 71.82102, 0.0139235
1484, 71.74219, 0.0139388
1485, 72.06013, 0.0138773
1486, 72.20425, 0.0138496
1487, 70.96376, 0.0140917
1488, 72.34163, 0.0138233
1489, 71.43623, 0.0139985
1490, 72.40395, 0.0138114
1491, 71.81586, 0.0139245
1492, 71.05755, 0.0140731
1493, 71.77, 0.0139334
1494, 71.30684, 0.0140239
1495, 73.02628, 0.0136937
1496, 70.53231, 0.0141779
1497, 72.95116, 0.0137078
1498, 71.1278, 0.0140592
1499, 72.52, 0.0137893
1500, 71.78751, 0.01393
1501, 71.87833, 0.0139124
1502, 70.86369, 0.0141116
1503, 72.94957, 0.0137081
1504, 71.61426, 0.0139637
1505, 71.83856, 0.0139201
1506, 71.81844, 0.013924
1507, 72.11105, 0.0138675
1508, 71.66763, 0.0139533
1509, 71.25654, 0.0140338
1510, 72.13238, 0.0138634
1511, 71.88194, 0.0139117
1512, 71.82721, 0.0139223
1513, 72.50107, 0.0137929
1514, 71.47452, 0.013991
1515, 71.91244, 0.0139058
1516, 72.57104, 0.0137796
1517, 71.52564, 0.013981
1518, 71.1273, 0.0140593
1519, 71.91709, 0.0139049
1520, 71.18349, 0.0140482
1521, 73.1893, 0.0136632
1522, 71.33024, 0.0140193
1523, 72.0835, 0.0138728
1524, 71.46532, 0.0139928
1525, 71.07825, 0.014069
1526, 70.40073, 0.0142044
1527, 74.45129, 0.0134316
1528, 71.01365, 0.0140818
1529, 72.2841, 0.0138343
1530, 72.25172, 0.0138405
1531, 70.86268, 0.0141118
1532, 72.02743, 0.0138836
1533, 72.50265, 0.0137926
1534, 71.78751, 0.01393
1535, 71.61221, 0.0139641
1536, 71.27533, 0.0140301
1537, 71.98802, 0.0138912
1538, 71.66712, 0.0139534
1539, 72.33325, 0.0138249
1540, 72.09181, 0.0138712
1541, 71.45715, 0.0139944
1542, 70.47217, 0.01419
1543, 73.62306, 0.0135827
1544, 70.78995, 0.0141263
1545, 72.41025, 0.0138102
1546, 72.37095, 0.0138177
1547, 71.28397, 0.0140284
1548, 71.80297, 0.013927
1549, 71.25095, 0.0140349
1550, 72.34686, 0.0138223
1551, 72.42913, 0.0138066
1552, 71.9901, 0.0138908
1553, 70.6115, 0.014162
1554, 73.07004, 0.0136855
1555, 71.6887, 0.0139492
1556, 70.74587, 0.0141351
1557, 73.41066, 0.013622
1558, 71.50058, 0.0139859
1559, 71.90365, 0.0139075
1560, 71.7144, 0.0139442
1561, 71.2672, 0.0140317
1562, 72.03988, 0.0138812
1563, 71.2271, 0.0140396
1564, 72.07986, 0.0138735
1565, 71.3338, 0.0140186
1566, 73.15878, 0.0136689
1567, 71.69898, 0.0139472
1568, 71.33634, 0.0140181
1569, 72.25694, 0.0138395
1570, 71.69281, 0.0139484
1571, 71.86438, 0.0139151
1572, 71.30176, 0.0140249
1573, 71.90468, 0.0139073
1574, 71.68304, 0.0139503
1575, 71.3939, 0.0140068
1576, 72.73151, 0.0137492
1577, 71.91761, 0.0139048
1578, 71.36893, 0.0140117
1579, 72.09077, 0.0138714
1580, 71.87212, 0.0139136
1581, 71.75454, 0.0139364
1582, 71.56762, 0.0139728
1583, 71.9295, 0.0139025
1584, 71.93158, 0.0139021
1585, 71.44541, 0.0139967
1586, 70.41064, 0.0142024
1587, 74.10591, 0.0134942
1588, 72.02587, 0.0138839
1589, 70.25136, 0.0142346
1590, 73.71587, 0.0135656
1591, 71.49496, 0.013987
1592, 71.52922, 0.0139803
1593, 71.81586, 0.0139245
1594, 72.33744, 0.0138241
1595, 71.24385, 0.0140363
1596, 68.81081, 0.0145326
1597, 73.93333, 0.0135257
1598, 72.85921, 0.0137251
1599, 72.14487, 0.013861
1600, 71.5958, 0.0139673
1601, 71.41939, 0.0140018
1602, 72.17142, 0.0138559
1603, 72.14071, 0.0138618
1604, 70.73236, 0.0141378
1605, 72.34947, 0.0138218
1606, 71.66199, 0.0139544
1607, 72.29404, 0.0138324
1608, 71.16425, 0.014052
1609, 72.35104, 0.0138215
1610, 72.24233, 0.0138423
1611, 71.8959, 0.013909
1612, 71.16425, 0.014052
1613, 72.17506, 0.0138552
1614, 71.52666, 0.0139808
1615, 72.07571, 0.0138743
1616, 70.68287, 0.0141477
1617, 73.27349, 0.0136475
1618, 72.01342, 0.0138863
1619, 70.61948, 0.0141604
1620, 73.02575, 0.0136938
1621, 71.34296, 0.0140168
1622, 72.09805, 0.01387
1623, 71.21544, 0.0140419
1624, 72.65963, 0.0137628
1625, 71.35619, 0.0140142
1626, 72.0404, 0.0138811
1627, 71.29617, 0.014026
1628, 72.80829, 0.0137347
1629, 71.89072, 0.01391
1630, 70.77592, 0.0141291
1631, 72.71141, 0.013753
1632, 71.83908, 0.01392
1633, 71.53281, 0.0139796
1634, 71.23877, 0.0140373
1635, 72.31704, 0.013828
1636, 72.03884, 0.0138814
1637, 71.28448, 0.0140283
1638, 71.97559, 0.0138936
1639, 71.76021, 0.0139353
1640, 71.78802, 0.0139299
1641, 70.83508, 0.0141173
1642, 73.11705, 0.0136767
1643, 71.80968, 0.0139257
1644, 71.88142, 0.0139118
1645, 71.4827, 0.0139894
1646, 72.10326, 0.013869
1647, 71.62554, 0.0139615
1648, 71.98647, 0.0138915
1649, 71.88969, 0.0139102
1650, 71.68099, 0.0139507
1651, 71.17336, 0.0140502
1652, 70.44189, 0.0141961
1653, 72.48373, 0.0137962
1654, 72.76485, 0.0137429
1655, 72.04248, 0.0138807
1656, 72.11573, 0.0138666
1657, 71.06613, 0.0140714
1658, 73.06043, 0.0136873
1659, 70.0761, 0.0142702
1660, 59.53763, 0.0167961
1661, 57.92132, 0.0172648
1662, 139.2292, 0.0071824
1663, 69.54344, 0.0143795
1664, 73.46837, 0.0136113
1665, 71.52974, 0.0139802
1666, 72.3678, 0.0138183
1667, 71.81535, 0.0139246
1668, 71.38217, 0.0140091
1669, 71.12426, 0.0140599
1670, 72.46692, 0.0137994
1671, 69.88462, 0.0143093
1672, 73.84597, 0.0135417
1673, 71.57069, 0.0139722
1674, 71.53229, 0.0139797
1675, 71.6666, 0.0139535
1676, 72.54683, 0.0137842
1677, 71.2474, 0.0140356
1678, 72.3568, 0.0138204
1679, 72.06013, 0.0138773
1680, 71.61887, 0.0139628
1681, 70.85565, 0.0141132
1682, 71.88245, 0.0139116
1683, 72.52683, 0.013788
1684, 72.21677, 0.0138472
1685, 70.33635, 0.0142174
1686, 72.75478, 0.0137448
1687, 71.32261, 0.0140208
1688, 72.05286, 0.0138787
1689, 72.41235, 0.0138098
1690, 71.56557, 0.0139732
1691, 72.68762, 0.0137575
1692, 70.40617, 0.0142033
1693, 72.44225, 0.0138041
1694, 72.27261, 0.0138365
1695, 72.0887, 0.0138718
1696, 71.45613, 0.0139946
1697, 72.30031, 0.0138312
1698, 71.46788, 0.0139923
1699, 72.16726, 0.0138567
1700, 71.74682, 0.0139379
1701, 71.49342, 0.0139873
1702, 72.28619, 0.0138339
1703, 71.74219, 0.0139388
1704, 72.16986, 0.0138562
1705, 71.38421, 0.0140087
1706, 71.53536, 0.0139791
1707, 69.53571, 0.0143811
1708, 74.87776, 0.0133551
1709, 70.70235, 0.0141438
1710, 72.55683, 0.0137823
1711, 71.83959, 0.0139199
1712, 72.10117, 0.0138694
1713, 70.56416, 0.0141715
1714, 72.34058, 0.0138235
1715, 72.61057, 0.0137721
1716, 70.58707, 0.0141669
1717, 73.11224, 0.0136776
1718, 70.64392, 0.0141555
1719, 72.57052, 0.0137797
1720, 71.92434, 0.0139035
1721, 71.718, 0.0139435
1722, 71.884, 0.0139113
1723, 71.74837, 0.0139376
1724, 71.32616, 0.0140201
1725, 71.78648, 0.0139302
1726, 72.95862, 0.0137064
1727, 71.5062, 0.0139848
1728, 71.94762, 0.013899
1729, 70.29729, 0.0142253
1730, 73.71424, 0.0135659
1731, 70.79897, 0.0141245
1732, 72.33534, 0.0138245
1733, 70.70586, 0.0141431
1734, 73.38211, 0.0136273
1735, 71.17539, 0.0140498
1736, 73.10743, 0.0136785
1737, 71.25857, 0.0140334
1738, 72.41025, 0.0138102
1739, 71.14653, 0.0140555
1740, 71.57632, 0.0139711
1741, 71.7803, 0.0139314
1742, 71.80142, 0.0139273
1743, 72.43752, 0.013805
1744, 71.53536, 0.0139791
1745, 71.27126, 0.0140309
1746, 72.87248, 0.0137226
1747, 70.96124, 0.0140922
1748, 72.40553, 0.0138111
1749, 71.42806, 0.0140001
1750, 71.87367, 0.0139133
1751, 71.10049, 0.0140646
1752, 72.61268, 0.0137717
1753, 71.45766, 0.0139943
1754, 72.29822, 0.0138316
1755, 71.85664, 0.0139166
1756, 71.63837, 0.013959
1757, 71.4592, 0.013994
1758, 72.28358, 0.0138344
1759, 71.69538, 0.0139479
1760, 71.97351, 0.013894
1761, 71.18451, 0.014048
1762, 71.29668, 0.0140259
1763, 72.60741, 0.0137727
1764, 72.0072, 0.0138875
1765, 71.14703, 0.0140554
1766, 72.70348, 0.0137545
1767, 71.373, 0.0140109
1768, 71.55891, 0.0139745
1769, 71.90468, 0.0139073
1770, 72.28777, 0.0138336
1771, 71.55788, 0.0139747
1772, 71.74734, 0.0139378
1773, 71.00861, 0.0140828
1774, 73.31217, 0.0136403
1775, 72.01601, 0.0138858
1776, 72.05234, 0.0138788
1777, 71.31498, 0.0140223
1778, 72.5542, 0.0137828
1779, 71.60349, 0.0139658
1780, 71.80349, 0.0139269
1781, 71.72778, 0.0139416
1782, 71.76639, 0.0139341
1783, 71.65223, 0.0139563
1784, 71.44082, 0.0139976
1785, 71.60913, 0.0139647
1786, 71.34652, 0.0140161
1787, 72.71194, 0.0137529
1788, 70.9693, 0.0140906
1789, 72.5621, 0.0137813
1790, 71.81999, 0.0139237
1791, 71.66609, 0.0139536
1792, 71.9787, 0.013893
1793, 72.11833, 0.0138661
1794, 71.46328, 0.0139932
1795, 70.612, 0.0141619
1796, 73.53211, 0.0135995
1797, 71.33329, 0.0140187
1798, 71.50263, 0.0139855
1799, 72.6343, 0.0137676
1800, 71.53895, 0.0139784
1801, 71.50519, 0.013985
1802, 72.35733, 0.0138203
1803, 71.71183, 0.0139447
1804, 71.96316, 0.013896
1805, 71.75197, 0.0139369
1806, 71.18704, 0.0140475
1807, 72.24651, 0.0138415
1808, 71.8205, 0.0139236
1809, 71.96108, 0.0138964
1810, 72.1199, 0.0138658
1811, 72.01031, 0.0138869
1812, 71.29464, 0.0140263
1813, 72.01447, 0.0138861
1814, 71.95125, 0.0138983
1815, 71.86954, 0.0139141
1816, 70.93255, 0.0140979
1817, 72.20737, 0.013849
1818, 72.6797, 0.013759
1819, 71.57325, 0.0139717
1820, 71.25349, 0.0140344
1821, 71.25806, 0.0140335
1822, 71.07674, 0.0140693
1823, 73.72456, 0.013564
1824, 72.11261, 0.0138672
1825, 71.60759, 0.013965
1826, 71.82102, 0.0139235
1827, 71.07573, 0.0140695
1828, 70.68287, 0.0141477
1829, 73.73598, 0.0135619
1830, 71.83289, 0.0139212
1831, 70.77091, 0.0141301
1832, 72.37775, 0.0138164
1833, 72.40134, 0.0138119
1834, 71.0525, 0.0140741
1835, 72.8539, 0.0137261
1836, 71.68665, 0.0139496
1837, 71.48474, 0.013989
1838, 70.9693, 0.0140906
1839, 72.24911, 0.013841
1840, 72.0378, 0.0138816
1841, 72.17142, 0.0138559
1842, 71.0313, 0.0140783
1843, 72.84595, 0.0137276
1844, 72.45432, 0.0138018
1845, 71.92744, 0.0139029
1846, 71.51439, 0.0139832
1847, 71.97247, 0.0138942
1848, 72.03002, 0.0138831
1849, 71.67072, 0.0139527
1850, 70.8667, 0.014111
1851, 72.48425, 0.0137961
1852, 71.6317, 0.0139603
1853, 71.60144, 0.0139662
1854, 72.82579, 0.0137314
1855, 71.73447, 0.0139403
1856, 71.62605, 0.0139614
1857, 71.60195, 0.0139661
1858, 71.66815, 0.0139532
1859, 71.91244, 0.0139058
1860, 71.718, 0.0139435
1861, 71.09695, 0.0140653
1862, 72.36676, 0.0138185
1863, 72.30919, 0.0138295
1864, 69.26071, 0.0144382
1865, 74.61239, 0.0134026
1866, 72.08818, 0.0138719
1867, 71.37249, 0.014011
1868, 72.20164, 0.0138501
1869, 71.15057, 0.0140547
1870, 71.84992, 0.0139179
1871, 72.49897, 0.0137933
1872, 69.67815, 0.0143517
1873, 73.87379, 0.0135366
1874, 70.28296, 0.0142282
1875, 73.33744, 0.0136356
1876, 71.31243, 0.0140228
1877, 71.27229, 0.0140307
1878, 72.36571, 0.0138187
1879, 71.47043, 0.0139918
1880, 72.63272, 0.0137679
1881, 72.02276, 0.0138845
1882, 70.70235, 0.0141438
1883, 71.43317, 0.0139991
1884, 72.94265, 0.0137094
1885, 72.88205, 0.0137208
1886, 71.92382, 0.0139036
1887, 71.55431, 0.0139754
1888, 71.82618, 0.0139225
1889, 71.81329, 0.013925
1890, 71.93313, 0.0139018
1891, 71.6738, 0.0139521
1892, 71.88297, 0.0139115
1893, 71.58144, 0.0139701
1894, 69.44686, 0.0143995
1895, 73.41228, 0.0136217
1896, 72.87886, 0.0137214
1897, 71.21696, 0.0140416
1898, 72.53999, 0.0137855
1899, 71.48729, 0.0139885
1900, 71.62708, 0.0139612
1901, 71.3674, 0.014012
1902, 72.30919, 0.0138295
1903, 71.66609, 0.0139536
1904, 71.40919, 0.0140038
1905, 71.69898, 0.0139472
1906, 72.98151, 0.0137021
1907, 71.43011, 0.0139997
1908, 71.71081, 0.0139449
1909, 72.00565, 0.0138878
1910, 71.63324, 0.01396
1911, 72.14278, 0.0138614
1912, 71.43367, 0.013999
1913, 72.23763, 0.0138432
1914, 71.80813, 0.013926
1915, 71.93262, 0.0139019
1916, 70.91394, 0.0141016
1917, 72.48215, 0.0137965
1918, 72.36832, 0.0138182
1919, 71.74888, 0.0139375
1920, 71.67482, 0.0139519
1921, 71.67996, 0.0139509
1922, 72.17663, 0.0138549
1923, 71.43877, 0.013998
1924, 71.95383, 0.0138978
1925, 71.46073, 0.0139937
1926, 72.55946, 0.0137818
1927, 69.65147, 0.0143572
1928, 73.58514, 0.0135897
1929, 71.91502, 0.0139053
1930, 71.57632, 0.0139711
1931, 71.95901, 0.0138968
1932, 71.95125, 0.0138983
1933, 71.38982, 0.0140076
1934, 72.03262, 0.0138826
1935, 72.13186, 0.0138635
1936, 71.70103, 0.0139468
1937, 70.45478, 0.0141935
1938, 70.97131, 0.0140902
1939, 74.3174, 0.0134558
1940, 72.04352, 0.0138805
1941, 71.16475, 0.0140519
1942, 72.41864, 0.0138086
1943, 70.99449, 0.0140856
1944, 72.85762, 0.0137254
1945, 70.85516, 0.0141133
1946, 72.6227, 0.0137698
1947, 71.60657, 0.0139652
1948, 71.4352, 0.0139987
1949, 70.51391, 0.0141816
1950, 74.12788, 0.0134902
1951, 71.66969, 0.0139529
1952, 71.47707, 0.0139905
1953, 72.03262, 0.0138826
1954, 71.93572, 0.0139013
1955, 71.21442, 0.0140421
1956, 72.71669, 0.013752
1957, 71.63067, 0.0139605
1958, 71.90779, 0.0139067
1959, 71.16576, 0.0140517
1960, 71.33939, 0.0140175
1961, 72.48846, 0.0137953
1962, 72.21625, 0.0138473
1963, 71.77205, 0.013933
1964, 71.89848, 0.0139085
1965, 71.91709, 0.0139049
1966, 71.30786, 0.0140237
1967, 71.88039, 0.013912
1968, 71.79214, 0.0139291
1969, 71.03786, 0.014077
1970, 72.04819, 0.0138796
1971, 71.54407, 0.0139774
1972, 72.87461, 0.0137222
1973, 71.19921, 0.0140451
1974, 72.27, 0.013837
1975, 71.55737, 0.0139748
1976, 72.28619, 0.0138339
1977, 71.92847, 0.0139027
1978, 71.4735, 0.0139912
1979, 71.90572, 0.0139071
1980, 71.60093, 0.0139663
1981, 71.96989, 0.0138947
1982, 70.66089, 0.0141521
1983, 73.58244, 0.0135902
1984, 71.40002, 0.0140056
1985, 71.18451, 0.014048
1986, 72.76431, 0.013743
1987, 70.95671, 0.0140931
1988, 73.13951, 0.0136725
1989, 23.81083, 0.0419977
1990, 72.99643, 0.0136993
1991, 70.73837, 0.0141366
1992, 73.09888, 0.0136801
1993, 71.67996, 0.0139509
1994, 71.88763, 0.0139106
1995, 71.61785, 0.013963
1996, 72.13238, 0.0138634
1997, 71.65582, 0.0139556
1998, 71.84734, 0.0139184
1999, 71.37606, 0.0140103
2000, 71.7566, 0.013936
2001, 71.96212, 0.0138962
2002, 71.52103, 0.0139819
2003, 72.41916, 0.0138085
2004, 71.91037, 0.0139062
2005, 71.2134, 0.0140423
2006, 72.33482, 0.0138246
2007, 70.41212, 0.0142021
2008, 73.46999, 0.013611
2009, 71.3455, 0.0140163
2010, 71.84114, 0.0139196
2011, 71.05553, 0.0140735
2012, 73.14754, 0.013671
2013, 70.00399, 0.0142849
2014, 73.36865, 0.0136298
2015, 71.22913, 0.0140392
2016, 72.61954, 0.0137704
2017, 71.51694, 0.0139827
2018, 71.3343, 0.0140185
2019, 72.15736, 0.0138586
2020, 70.77341, 0.0141296
2021, 73.63879, 0.0135798
2022, 70.75188, 0.0141339
2023, 72.68498, 0.013758
2024, 71.5195, 0.0139822
2025, 72.32959, 0.0138256
2026, 70.26567, 0.0142317
2027, 74.02308, 0.0135093
2028, 71.65942, 0.0139549
2029, 71.54202, 0.0139778
2030, 71.42296, 0.0140011
2031, 71.74528, 0.0139382
2032, 72.84595, 0.0137276
2033, 70.87273, 0.0141098
2034, 72.01757, 0.0138855
2035, 71.46584, 0.0139927
2036, 71.66917, 0.013953
2037, 71.70309, 0.0139464
2038, 72.51053, 0.0137911
2039, 70.99348, 0.0140858
2040, 72.54104, 0.0137853
2041, 70.90539, 0.0141033
2042, 73.00655, 0.0136974
2043, 70.47415, 0.0141896
2044, 73.57756, 0.0135911
2045, 71.4097, 0.0140037
2046, 70.91595, 0.0141012
2047, 72.70454, 0.0137543
2048, 72.22094, 0.0138464
2049, 70.78744, 0.0141268
2050, 72.54893, 0.0137838
2051, 71.74734, 0.0139378
2052, 70.53928, 0.0141765
2053, 72.21416, 0.0138477
2054, 72.9017, 0.0137171
2055, 72.30658, 0.01383
2056, 71.80607, 0.0139264
2057, 70.92651, 0.0140991
2058, 72.63272, 0.0137679
2059, 72.10533, 0.0138686
2060, 71.99061, 0.0138907
2061, 71.33838, 0.0140177
2062, 71.9528, 0.013898
2063, 71.87678, 0.0139127
2064, 71.29057, 0.0140271
2065, 71.69795, 0.0139474
2066, 72.62955, 0.0137685
2067, 71.67637, 0.0139516
2068, 71.19464, 0.014046
2069, 72.33482, 0.0138246
2070, 71.6738, 0.0139521
2071, 71.91606, 0.0139051
2072, 71.68665, 0.0139496
2073, 71.92589, 0.0139032
2074, 71.20174, 0.0140446
2075, 72.03158, 0.0138828
2076, 71.37555, 0.0140104
2077, 72.63483, 0.0137675
2078, 71.60554, 0.0139654
2079, 70.71635, 0.014141
2080, 73.09247, 0.0136813
2081, 71.75763, 0.0139358
2082, 71.73087, 0.013941
2083, 72.13186, 0.0138635
2084, 71.62862, 0.0139609
2085, 71.39236, 0.0140071
2086, 72.23241, 0.0138442
2087, 71.89021, 0.0139101
2088, 71.76278, 0.0139348
2089, 71.60297, 0.0139659
2090, 70.72536, 0.0141392
2091, 72.8226, 0.013732
2092, 72.41077, 0.0138101
2093, 71.35059, 0.0140153
2094, 72.10378, 0.0138689
2095, 71.52615, 0.0139809
2096, 71.87936, 0.0139122
2097, 71.27583, 0.01403
2098, 72.43804, 0.0138049
2099, 70.87373, 0.0141096
2100, 72.51053, 0.0137911
2101, 69.62964, 0.0143617
2102, 73.51373, 0.0136029
2103, 72.78391, 0.0137393
2104, 68.83402, 0.0145277
2105, 74.75406, 0.0133772
2106, 71.36078, 0.0140133
2107, 72.43647, 0.0138052
2108, 72.16933, 0.0138563
2109, 72.29978, 0.0138313
2110, 70.73987, 0.0141363
2111, 72.90862, 0.0137158
2112, 70.82604, 0.0141191
2113, 71.89899, 0.0139084
2114, 72.45642, 0.0138014
2115, 71.20022, 0.0140449
2116, 72.26321, 0.0138383
2117, 71.83908, 0.01392
2118, 71.78905, 0.0139297
2119, 71.80658, 0.0139263
2120, 71.37199, 0.0140111
2121, 72.46692, 0.0137994
2122, 72.37199, 0.0138175
2123, 70.83858, 0.0141166
2124, 72.80776, 0.0137348
2125, 71.44745, 0.0139963
2126, 72.10429, 0.0138688
2127, 71.36485, 0.0140125
2128, 72.58369, 0.0137772
2129, 71.59785, 0.0139669
2130, 71.77772, 0.0139319
2131, 72.15267, 0.0138595
2132, 71.82257, 0.0139232
2133, 71.15918, 0.014053
2134, 71.34296, 0.0140168
2135, 72.64539, 0.0137655
2136, 71.41429, 0.0140028
2137, 71.65531, 0.0139557
2138, 72.48373, 0.0137962
2139, 71.46941, 0.013992
2140, 71.34143, 0.0140171
2141, 71.9932, 0.0138902
2142, 72.23346, 0.013844
2143, 71.8267, 0.0139224
2144, 71.47707, 0.0139905
2145, 71.36434, 0.0140126
2146, 71.72263, 0.0139426
2147, 72.19226, 0.0138519
2148, 72.6533, 0.013764
2149, 71.49189, 0.0139876
2150, 72.13862, 0.0138622
2151, 71.10757, 0.0140632
2152, 71.28854, 0.0140275
2153, 71.83443, 0.0139209
2154, 73.29121, 0.0136442
2155, 71.42551, 0.0140006
2156, 71.28397, 0.0140284
2157, 72.52683, 0.013788
2158, 71.52769, 0.0139806
2159, 71.37708, 0.0140101
2160, 72.91978, 0.0137137
2161, 71.76227, 0.0139349
2162, 71.30634, 0.014024
2163, 71.48065, 0.0139898
2164, 72.26843, 0.0138373
2165, 71.95332, 0.0138979
2166, 72.13134, 0.0138636
2167, 70.69136, 0.014146
2168, 69.08367, 0.0144752
2169, 75.62409, 0.0132233
2170, 70.62546, 0.0141592
2171, 73.89999, 0.0135318
2172, 71.84269, 0.0139193
2173, 71.32006, 0.0140213
2174, 71.42755, 0.0140002
2175, 71.94711, 0.0138991
2176, 71.74425, 0.0139384
2177, 71.9787, 0.013893
2178, 70.90187, 0.014104
2179, 72.75638, 0.0137445
2180, 71.24943, 0.0140352
2181, 72.66861, 0.0137611
2182, 70.85666, 0.014113
2183, 72.54893, 0.0137838
2184, 72.12354, 0.0138651
2185, 71.31854, 0.0140216
2186, 72.10793, 0.0138681
2187, 71.93986, 0.0139005
2188, 71.01517, 0.0140815
2189, 69.78026, 0.0143307
2190, 74.71832, 0.0133836
2191, 71.53434, 0.0139793
2192, 72.28724, 0.0138337
2193, 71.95073, 0.0138984
2194, 71.27583, 0.01403
2195, 72.52473, 0.0137884
2196, 71.9021, 0.0139078
2197, 71.32719, 0.0140199
2198, 72.00201, 0.0138885
2199, 71.6887, 0.0139492
2200, 70.73337, 0.0141376
2201, 73.15556, 0.0136695
2202, 71.05604, 0.0140734
2203, 72.81518, 0.0137334
2204, 71.34449, 0.0140165
2205, 71.89538, 0.0139091
2206, 71.75712, 0.0139359
2207, 71.92226, 0.0139039
2208, 71.92175, 0.013904
2209, 71.81895, 0.0139239
2210, 72.01394, 0.0138862
2211, 68.781, 0.0145389
2212, 74.56399, 0.0134113
2213, 70.48309, 0.0141878
2214, 73.88908, 0.0135338
2215, 71.6081, 0.0139649
2216, 71.88349, 0.0139114
2217, 71.19211, 0.0140465
2218, 72.08298, 0.0138729
2219, 71.15412, 0.014054
2220, 72.51736, 0.0137898
2221, 72.04092, 0.013881
2222, 70.72836, 0.0141386
2223, 72.54736, 0.0137841
2224, 71.87522, 0.013913
2225, 72.2298, 0.0138447
2226, 71.86541, 0.0139149
2227, 72.0155, 0.0138859
2228, 71.61836, 0.0139629
2229, 71.83546, 0.0139207
2230, 72.14278, 0.0138614
2231, 71.68768, 0.0139494
2232, 71.92641, 0.0139031
2233, 70.89685, 0.014105
2234, 71.98129, 0.0138925
2235, 71.91193, 0.0139059
2236, 72.23399, 0.0138439
2237, 71.91348, 0.0139056
2238, 72.01913, 0.0138852
2239, 71.80297, 0.013927
2240, 71.84992, 0.0139179
2241, 71.36994, 0.0140115
2242, 72.38613, 0.0138148
2243, 71.59631, 0.0139672
2244, 71.08634, 0.0140674
2245, 70.81049, 0.0141222
2246, 73.55537, 0.0135952
2247, 71.95383, 0.0138978
2248, 71.33329, 0.0140187
2249, 71.93675, 0.0139011
2250, 72.26687, 0.0138376
2251, 71.75042, 0.0139372
2252, 71.9202, 0.0139043
2253, 70.95369, 0.0140937
2254, 72.35, 0.0138217
2255, 71.02525, 0.0140795
2256, 72.19695, 0.013851
2257, 72.26582, 0.0138378
2258, 72.22511, 0.0138456
2259, 70.84812, 0.0141147
2260, 72.40238, 0.0138117
2261, 71.91141, 0.013906
2262, 71.45511, 0.0139948
2263, 72.02016, 0.013885
2264, 72.02743, 0.0138836
2265, 71.79008, 0.0139295
2266, 70.90539, 0.0141033
2267, 71.99268, 0.0138903
2268, 59.04338, 0.0169367
2269, 53.11775, 0.0188261
2270, 176.0687, 0.0056796
2271, 71.09139, 0.0140664
2272, 72.10013, 0.0138696
2273, 71.2982, 0.0140256
2274, 72.47427, 0.013798
2275, 71.47605, 0.0139907
2276, 71.80761, 0.0139261
2277, 70.79446, 0.0141254
2278, 71.70567, 0.0139459
2279, 71.9958, 0.0138897
2280, 71.08382, 0.0140679
2281, 72.71722, 0.0137519
2282, 71.8205, 0.0139236
2283, 71.97196, 0.0138943
2284, 69.72285, 0.0143425
2285, 73.63445, 0.0135806
2286, 73.32507, 0.0136379
2287, 71.32362, 0.0140206
2288, 70.6125, 0.0141618
2289, 73.46135, 0.0136126
2290, 71.42959, 0.0139998
2291, 72.20216, 0.01385
2292, 71.62503, 0.0139616
2293, 71.28397, 0.0140284
2294, 72.26478, 0.013838
2295, 71.63119, 0.0139604
2296, 71.23167, 0.0140387
2297, 72.3275, 0.013826
2298, 71.26517, 0.0140321
2299, 72.03417, 0.0138823
2300, 72.67706, 0.0137595
2301, 71.31955, 0.0140214
2302, 72.15945, 0.0138582
2303, 71.47963, 0.01399
2304, 72.63061, 0.0137683
2305, 71.58298, 0.0139698
2306, 71.8365, 0.0139205
2307, 71.68562, 0.0139498
2308, 72.11833, 0.0138661
2309, 70.61349, 0.0141616
2310, 72.04195, 0.0138808
2311, 73.03802, 0.0136915
2312, 71.35365, 0.0140147
2313, 71.78751, 0.01393
2314, 71.45, 0.0139958
2315, 71.42653, 0.0140004
2316, 72.64854, 0.0137649
2317, 71.66609, 0.0139536
2318, 71.79782, 0.013928
2319, 71.804, 0.0139268
2320, 72.13914, 0.0138621
2321, 70.5562, 0.0141731
2322, 72.61004, 0.0137722
2323, 71.26212, 0.0140327
2324, 72.16257, 0.0138576
2325, 72.26217, 0.0138385
2326, 71.28752, 0.0140277
2327, 71.27177, 0.0140308
2328, 73.04762, 0.0136897
2329, 71.40358, 0.0140049
2330, 71.7216, 0.0139428
2331, 72.56052, 0.0137816
2332, 71.16931, 0.014051
2333, 71.94711, 0.0138991
2334, 72.49004, 0.013795
2335, 71.84114, 0.0139196
2336, 71.63375, 0.0139599
2337, 71.70927, 0.0139452
2338, 72.05909, 0.0138775
2339, 71.30684, 0.0140239
2340, 72.11053, 0.0138676
2341, 71.17235, 0.0140504
2342, 71.93468, 0.0139015
2343, 72.28568, 0.013834
2344, 72.25956, 0.013839
2345, 71.89331, 0.0139095
2346, 72.32279, 0.0138269
2347, 71.91968, 0.0139044
2348, 71.47963, 0.01399
2349, 71.21391, 0.0140422
2350, 72.41916, 0.0138085
2351, 71.58606, 0.0139692
2352, 72.36728, 0.0138184
2353, 71.18704, 0.0140475
2354, 71.65891, 0.013955
2355, 72.46009, 0.0138007
2356, 71.83083, 0.0139216
2357, 71.20326, 0.0140443
2358, 72.23972, 0.0138428
2359, 71.28448, 0.0140283
2360, 72.10793, 0.0138681
2361, 72.00409, 0.0138881
2362, 71.76587, 0.0139342
2363, 71.05048, 0.0140745
2364, 73.03482, 0.0136921
2365, 70.68787, 0.0141467
2366, 72.65541, 0.0137636
2367, 71.49701, 0.0139866
2368, 72.04248, 0.0138807
2369, 71.05149, 0.0140743
2370, 72.14383, 0.0138612
2371, 72.3788, 0.0138162
2372, 72.06065, 0.0138772
2373, 70.54873, 0.0141746
2374, 72.92776, 0.0137122
2375, 71.82876, 0.013922
2376, 70.69186, 0.0141459
2377, 72.50107, 0.0137929
2378, 71.61221, 0.0139641
2379, 72.83533, 0.0137296
2380, 71.56864, 0.0139726
2381, 71.973, 0.0138941
2382, 71.62195, 0.0139622
2383, 72.03469, 0.0138822
2384, 72.03677, 0.0138818
2385, 71.45103, 0.0139956
2386, 72.04299, 0.0138806
2387, 71.21848, 0.0140413
2388, 72.4349, 0.0138055
2389, 71.78648, 0.0139302
2390, 71.89641, 0.0139089
2391, 72.10065, 0.0138695
2392, 71.56659, 0.013973
2393, 70.92903, 0.0140986
2394, 71.97766, 0.0138932
2395, 71.79936, 0.0139277
2396, 71.99476, 0.0138899
2397, 72.34791, 0.0138221
2398, 70.89935, 0.0141045
2399, 72.93467, 0.0137109
2400, 71.51132, 0.0139838
2401, 71.35365, 0.0140147
2402, 72.17663, 0.0138549
2403, 72.04663, 0.0138799
2404, 70.37793, 0.014209
2405, 73.49483, 0.0136064
2406, 71.8334, 0.0139211
2407, 71.75145, 0.013937
2408, 71.29464, 0.0140263
2409, 71.52053, 0.013982
2410, 72.34529, 0.0138226
2411, 71.70309, 0.0139464
2412, 72.03937, 0.0138813
2413, 71.7633, 0.0139347
2414, 72.05961, 0.0138774
2415, 71.57274, 0.0139718
2416, 72.01083, 0.0138868
2417, 71.32311, 0.0140207
2418, 72.60161, 0.0137738
2419, 71.63734, 0.0139592
2420, 71.24486, 0.0140361
2421, 72.66756, 0.0137613
2422, 71.75609, 0.0139361
2423, 71.97662, 0.0138934
2424, 71.75403, 0.0139365
2425, 71.9321, 0.013902
2426, 71.36333, 0.0140128
2427, 71.81483, 0.0139247
2428, 72.54367, 0.0137848
2429, 71.03231, 0.0140781
2430, 71.54356, 0.0139775
2431, 70.74538, 0.0141352
2432, 73.56565, 0.0135933
2433, 70.77642, 0.014129
2434, 72.42284, 0.0138078
2435, 72.18445, 0.0138534
2436, 71.76124, 0.0139351
2437, 70.93909, 0.0140966
2438, 72.38718, 0.0138146
2439, 72.23816, 0.0138431
2440, 71.58094, 0.0139702
2441, 71.9233, 0.0139037
2442, 70.92802, 0.0140988
2443, 72.57579, 0.0137787
2444, 72.24442, 0.0138419
2445, 71.91554, 0.0139052
2446, 71.78133, 0.0139312
2447, 71.58196, 0.01397
2448, 70.47067, 0.0141903
2449, 70.99298, 0.0140859
2450, 74.65974, 0.0133941
2451, 71.70103, 0.0139468
2452, 71.28397, 0.0140284
2453, 71.58298, 0.0139698
2454, 72.33221, 0.0138251
2455, 71.7319, 0.0139408
2456, 72.27261, 0.0138365
2457, 71.59221, 0.013968
2458, 70.54922, 0.0141745
2459, 73.03855, 0.0136914
2460, 72.37147, 0.0138176
2461, 71.74579, 0.0139381
2462, 71.87006, 0.013914
2463, 71.60554, 0.0139654
2464, 71.46073, 0.0139937
2465, 71.99424, 0.01389
2466, 72.04248, 0.0138807
2467, 71.45715, 0.0139944
2468, 71.86438, 0.0139151
2469, 71.84734, 0.0139184
2470, 71.2058, 0.0140438
2471, 72.51053, 0.0137911
2472, 71.33482, 0.0140184
2473, 72.00305, 0.0138883
2474, 71.30481, 0.0140243
2475, 72.02795, 0.0138835
2476, 72.4328, 0.0138059
2477, 71.71183, 0.0139447
2478, 71.3399, 0.0140174
2479, 72.47164, 0.0137985
2480, 71.70978, 0.0139451
2481, 71.85198, 0.0139175
2482, 72.29037, 0.0138331
2483, 71.61836, 0.0139629
2484, 71.35772, 0.0140139
2485, 71.14349, 0.0140561
2486, 72.15476, 0.0138591
2487, 72.437, 0.0138051
2488, 72.34582, 0.0138225
2489, 68.78336, 0.0145384
2490, 74.90469, 0.0133503
2491, 72.52, 0.0137893
2492, 71.92796, 0.0139028
2493, 71.4924, 0.0139875
2494, 72.04092, 0.013881
2495, 71.80503, 0.0139266
2496, 71.45869, 0.0139941
2497, 71.40154, 0.0140053
2498, 72.61636, 0.013771
2499, 71.61324, 0.0139639
2500, 71.50877, 0.0139843
2501, 72.06168, 0.013877
2502, 70.52783, 0.0141788
2503, 73.33421, 0.0136362
2504, 70.81551, 0.0141212
2505, 72.01238, 0.0138865
2506, 72.59317, 0.0137754
2507, 71.38676, 0.0140082
2508, 70.55719, 0.0141729
2509, 73.31754, 0.0136393
2510, 71.54253, 0.0139777
2511, 71.85664, 0.0139166
2512, 72.28358, 0.0138344
2513, 71.05199, 0.0140742
2514, 72.1459, 0.0138608
2515, 72.25016, 0.0138408
2516, 71.85147, 0.0139176
2517, 71.53383, 0.0139794
2518, 71.73653, 0.0139399
2519, 71.13691, 0.0140574
2520, 72.34895, 0.0138219
2521, 71.53536, 0.0139791
2522, 72.27522, 0.013836
2523, 70.84612, 0.0141151
2524, 73.57539, 0.0135915
2525, 71.66558, 0.0139537
2526, 71.87833, 0.0139124
2527, 71.63786, 0.0139591
2528, 71.884, 0.0139113
2529, 71.72469, 0.0139422
2530, 71.22456, 0.0140401
2531, 72.06065, 0.0138772
2532, 71.80658, 0.0139263
2533, 72.15267, 0.0138595
2534, 70.54674, 0.014175
2535, 72.69925, 0.0137553
2536, 72.46639, 0.0137995
2537, 71.72315, 0.0139425
2538, 71.15311, 0.0140542
2539, 72.43962, 0.0138046
2540, 71.43775, 0.0139982
2541, 71.03282, 0.014078
2542, 72.71246, 0.0137528
2543, 72.00928, 0.0138871
2544, 71.69538, 0.0139479
2545, 70.52484, 0.0141794
2546, 73.48888, 0.0136075
2547, 71.53895, 0.0139784
2548, 70.98643, 0.0140872
2549, 72.12769, 0.0138643
2550, 71.05048, 0.0140745
2551, 72.39557, 0.013813
2552, 71.65633, 0.0139555
2553, 72.72357, 0.0137507
2554, 69.4565, 0.0143975
2555, 73.14433, 0.0136716
2556, 72.16361, 0.0138574
2557, 73.21502, 0.0136584
2558, 72.17299, 0.0138556
2559, 71.32973, 0.0140194
2560, 71.61836, 0.0139629
2561, 71.7463, 0.013938
2562, 72.02535, 0.013884
2563, 71.08281, 0.0140681
2564, 72.3919, 0.0138137
2565, 71.65069, 0.0139566
2566, 71.9233, 0.0139037
2567, 71.62656, 0.0139613
2568, 70.95117, 0.0140942
2569, 73.30733, 0.0136412
2570, 71.60297, 0.0139659
2571, 71.95073, 0.0138984
2572, 71.5062, 0.0139848
2573, 71.60349, 0.0139658
2574, 71.40868, 0.0140039
2575, 72.74155, 0.0137473
2576, 71.62298, 0.013962
2577, 71.78184, 0.0139311
2578, 71.28549, 0.0140281
2579, 71.24486, 0.0140361
2580, 73.18287, 0.0136644
2581, 71.40154, 0.0140053
2582, 72.18079, 0.0138541
2583, 72.2653, 0.0138379
2584, 71.6851, 0.0139499
2585, 70.5791, 0.0141685
2586, 72.19747, 0.0138509
2587, 72.46692, 0.0137994
2588, 71.77463, 0.0139325
2589, 71.42347, 0.014001
2590, 72.59528, 0.013775
2591, 71.88918, 0.0139103
2592, 71.8587, 0.0139162
2593, 70.64791, 0.0141547
2594, 72.75267, 0.0137452
2595, 71.6815, 0.0139506
2596, 70.87172, 0.01411
2597, 73.05882, 0.0136876
2598, 71.19312, 0.0140463
2599, 71.70103, 0.0139468
2600, 72.59686, 0.0137747
2601, 70.97887, 0.0140887
2602, 72.38666, 0.0138147
2603, 71.74837, 0.0139376
2604, 71.87212, 0.0139136
2605, 71.46073, 0.0139937
2606, 71.42347, 0.014001
2607, 72.10689, 0.0138683
2608, 72.46849, 0.0137991
2609, 71.59375, 0.0139677
2610, 71.57172, 0.013972
2611, 71.66609, 0.0139536
2612, 72.45852, 0.013801
2613, 70.96175, 0.0140921
2614, 72.49055, 0.0137949
2615, 71.89641, 0.0139089
2616, 72.00253, 0.0138884
2617, 70.73036, 0.0141382
2618, 72.1532, 0.0138594
2619, 72.51894, 0.0137895
2620, 71.88504, 0.0139111
2621, 70.68936, 0.0141464
2622, 73.20269, 0.0136607
2623, 71.34194, 0.014017
2624, 71.8587, 0.0139162
2625, 71.09645, 0.0140654
2626, 73.09407, 0.013681
2627, 71.44695, 0.0139964
2628, 71.73087, 0.013941
2629, 70.85867, 0.0141126
2630, 73.13898, 0.0136726
2631, 71.95125, 0.0138983
2632, 71.10302, 0.0140641
2633, 72.18027, 0.0138542
2634, 72.47269, 0.0137983
2635, 70.77141, 0.01413
2636, 72.5742, 0.013779
2637, 72.16882, 0.0138564
2638, 71.84888, 0.0139181
2639, 71.56147, 0.013974
2640, 71.32261, 0.0140208
2641, 72.25799, 0.0138393
2642, 72.24755, 0.0138413
2643, 71.71286, 0.0139445
2644, 71.68973, 0.013949
2645, 70.80949, 0.0141224
2646, 72.65594, 0.0137635
2647, 70.84812, 0.0141147
2648, 73.14433, 0.0136716
2649, 71.26009, 0.0140331
2650, 72.06168, 0.013877
2651, 68.67189, 0.014562
2652, 29.50235, 0.0338956
2653, 109.7273, 0.0091135
2654, 83.17945, 0.0120222
2655, 71.53844, 0.0139785
2656, 71.71389, 0.0139443
2657, 72.19539, 0.0138513
2658, 71.63324, 0.01396
2659, 71.80658, 0.0139263
2660, 72.43804, 0.0138049
2661, 70.37546, 0.0142095
2662, 31.57812, 0.0316675
2663, 101.4168, 0.0098603
2664, 59.59831, 0.016779
2665, 89.89653, 0.0111239
2666, 71.89848, 0.0139085
2667, 72.1881, 0.0138527
2668, 71.63888, 0.0139589
2669, 72.07051, 0.0138753
2670, 71.93727, 0.013901
2671, 70.84863, 0.0141146
2672, 31.50073, 0.0317453
2673, 101.7522, 0.0098278
2674, 70.98441, 0.0140876
2675, 72.68921, 0.0137572
2676, 71.3104, 0.0140232
2677, 72.24076, 0.0138426
2678, 71.94038, 0.0139004
2679, 71.73241, 0.0139407
2680, 71.67123, 0.0139526
2681, 71.38166, 0.0140092
2682, 30.81009, 0.0324569
2683, 108.9455, 0.0091789
2684, 71.00558, 0.0140834
2685, 71.5282, 0.0139805
2686, 73.12668, 0.0136749
2687, 71.45715, 0.0139944
2688, 71.62605, 0.0139614
2689, 72.2606, 0.0138388
2690, 71.70875, 0.0139453
2691, 70.49751, 0.0141849
2692, 31.50698, 0.031739
2693, 102.9675, 0.0097118
2694, 71.4592, 0.013994
2695, 71.74476, 0.0139383
2696, 71.84682, 0.0139185
2697, 71.46328, 0.0139932
2698, 71.97247, 0.0138942
2699, 70.67837, 0.0141486
2700, 73.23647, 0.0136544
2701, 69.07079, 0.0144779
2702, 31.1923, 0.0320592
2703, 110.617, 0.0090402
2704, 71.55174, 0.0139759
2705, 71.11263, 0.0140622
2706, 72.29926, 0.0138314
2707, 71.77566, 0.0139323
2708, 71.944, 0.0138997
2709, 71.17691, 0.0140495
2710, 71.82773, 0.0139222
2711, 71.53741, 0.0139787
2712, 31.19307, 0.0320584
2713, 105.9468, 0.0094387
2714, 70.99097, 0.0140863
2715, 72.02068, 0.0138849
2716, 71.87522, 0.013913
2717, 71.64094, 0.0139585
2718, 70.94463, 0.0140955
2719, 71.69435, 0.0139481
2720, 72.6702, 0.0137608
2721, 69.27654, 0.0144349
2722, 29.37229, 0.0340457
2723, 111.3462, 0.008981
2724, 82.96758, 0.0120529
2725, 71.73344, 0.0139405
2726, 71.8236, 0.013923
2727, 71.84682, 0.0139185
2728, 71.37861, 0.0140098
2729, 71.53587, 0.013979
2730, 72.93786, 0.0137103
2731, 70.72686, 0.0141389
2732, 30.32821, 0.0329726
2733, 89.01945, 0.0112335
2734, 88.43297, 0.011308
2735, 72.03469, 0.0138822
2736, 71.91917, 0.0139045
2737, 71.93158, 0.0139021
2738, 71.40816, 0.014004
2739, 71.45306, 0.0139952
2740, 71.99372, 0.0138901
2741, 68.98217, 0.0144965
2742, 32.3476, 0.0309142
2743, 98.14891, 0.0101886
2744, 71.5057, 0.0139849
2745, 70.85666, 0.014113
2746, 72.70982, 0.0137533
2747, 71.95125, 0.0138983
2748, 72.13081, 0.0138637
2749, 71.60297, 0.0139659
2750, 71.09746, 0.0140652
2751, 71.47298, 0.0139913
2752, 31.17635, 0.0320756
2753, 103.2578, 0.0096845
2754, 72.45694, 0.0138013
2755, 72.36309, 0.0138192
2756, 72.19018, 0.0138523
2757, 71.34398, 0.0140166
2758, 71.74374, 0.0139385
2759, 69.82752, 0.014321
2760, 74.46793, 0.0134286
2761, 70.98844, 0.0140868
2762, 29.20902, 0.034236
2763, 132.4661, 0.0075491
2764, 72.01965, 0.0138851
2765, 71.78493, 0.0139305
2766, 70.3923, 0.0142061
2767, 73.59489, 0.0135879
2768, 69.60056, 0.0143677
2769, 75.35057, 0.0132713
2770, 71.51132, 0.0139838
2771, 71.02525, 0.0140795
2772, 31.56366, 0.031682
2773, 99.11785, 0.010089
2774, 71.85147, 0.0139176
2775, 72.91287, 0.013715
2776, 71.38778, 0.014008
2777, 70.78043, 0.0141282
2778, 72.6459, 0.0137654
2779, 71.15462, 0.0140539
2780, 72.02795, 0.0138835
2781, 71.44847, 0.0139961
2782, 31.13994, 0.0321131
2783, 104.8603, 0.0095365
2784, 71.45562, 0.0139947
2785, 72.9714, 0.013704
2786, 70.81751, 0.0141208
2787, 72.32645, 0.0138262
2788, 71.32311, 0.0140207
2789, 72.41969, 0.0138084
2790, 71.48065, 0.0139898
2791, 71.56403, 0.0139735
2792, 30.36671, 0.0329308
2793, 114.0784, 0.0087659
2794, 71.66045, 0.0139547
2795, 71.1759, 0.0140497
2796, 72.00409, 0.0138881
2797, 72.05286, 0.0138787
2798, 72.54156, 0.0137852
2799, 71.46481, 0.0139929
2800, 71.84631, 0.0139186
2801, 70.81451, 0.0141214
2802, 73.29927, 0.0136427
2803, 71.6738, 0.0139521
2804, 71.36179, 0.0140131
2805, 70.95369, 0.0140937
2806, 72.21155, 0.0138482
2807, 72.34582, 0.0138225
2808, 71.98129, 0.0138925
2809, 72.00357, 0.0138882
2810, 71.94193, 0.0139001
2811, 71.39491, 0.0140066
2812, 70.20894, 0.0142432
2813, 73.55375, 0.0135955
2814, 72.04715, 0.0138798
2815, 71.73602, 0.01394
2816, 71.9052, 0.0139072
2817, 58.65481, 0.0170489
2818, 72.26269, 0.0138384
2819, 53.06137, 0.0188461
2820, 164.7528, 0.0060697
2821, 72.50527, 0.0137921
2822, 71.2129, 0.0140424
2823, 70.92903, 0.0140986
2824, 72.97939, 0.0137025
2825, 71.78596, 0.0139303
2826, 71.84837, 0.0139182
2827, 71.30379, 0.0140245
2828, 72.62217, 0.0137699
2829, 71.50263, 0.0139855
2830, 71.93831, 0.0139008
2831, 71.80349, 0.0139269
2832, 72.37828, 0.0138163
2833, 71.47196, 0.0139915
2834, 71.13033, 0.0140587
2835, 72.45484, 0.0138017
2836, 71.61836, 0.0139629
2837, 71.87471, 0.0139131
2838, 72.05545, 0.0138782
2839, 71.79575, 0.0139284
2840, 71.88194, 0.0139117
2841, 71.10858, 0.014063
2842, 72.59634, 0.0137748
2843, 71.54611, 0.013977
2844, 72.23711, 0.0138433
2845, 71.05654, 0.0140733
2846, 72.45326, 0.013802
2847, 70.82253, 0.0141198
2848, 72.44697, 0.0138032
2849, 72.04559, 0.0138801
2850, 71.69076, 0.0139488
2851, 72.21207, 0.0138481
2852, 72.06013, 0.0138773
2853, 71.38879, 0.0140078
2854, 72.0809, 0.0138733
2855, 71.40256, 0.0140051
2856, 71.33075, 0.0140192
2857, 72.25172, 0.0138405
2858, 71.11162, 0.0140624
2859, 73.01455, 0.0136959
2860, 71.20681, 0.0140436
2861, 72.26373, 0.0138382
2862, 72.31233, 0.0138289
2863, 71.86024, 0.0139159
2864, 71.32566, 0.0140202
2865, 70.97433, 0.0140896
2866, 72.82207, 0.0137321
2867, 71.45205, 0.0139954
2868, 71.7669, 0.013934
2869, 71.85457, 0.013917
2870, 71.48678, 0.0139886
2871, 72.42755, 0.0138069
2872, 72.0072, 0.0138875
2873, 71.43317, 0.0139991
2874, 72.20373, 0.0138497
2875, 72.00824, 0.0138873
2876, 71.85818, 0.0139163
2877, 70.91394, 0.0141016
2878, 71.90882, 0.0139065
2879, 71.85457, 0.013917
2880, 70.92802, 0.0140988
2881, 73.47809, 0.0136095
2882, 71.66609, 0.0139536
2883, 71.91089, 0.0139061
2884, 71.07775, 0.0140691
2885, 72.34215, 0.0138232
2886, 72.2152, 0.0138475
2887, 71.62656, 0.0139613
2888, 71.70721, 0.0139456
2889, 71.11212, 0.0140623
2890, 72.55736, 0.0137822
2891, 71.99424, 0.01389
2892, 71.46073, 0.0139937
2893, 71.69692, 0.0139476
2894, 72.32541, 0.0138264
2895, 71.44235, 0.0139973
2896, 72.26843, 0.0138373
2897, 71.83701, 0.0139204
2898, 71.1445, 0.0140559
2899, 72.67706, 0.0137595
2900, 69.57345, 0.0143733
2901, 74.18783, 0.0134793
2902, 71.73859, 0.0139395
2903, 71.85973, 0.013916
2904, 71.3511, 0.0140152
2905, 72.32907, 0.0138257
2906, 71.21696, 0.0140416
2907, 72.4349, 0.0138055
2908, 71.81123, 0.0139254
2909, 69.86509, 0.0143133
2910, 72.9943, 0.0136997
2911, 71.47401, 0.0139911
2912, 73.20483, 0.0136603
2913, 68.58287, 0.0145809
2914, 72.26008, 0.0138389
2915, 74.44353, 0.013433
2916, 70.24988, 0.0142349
2917, 73.05776, 0.0136878
2918, 72.37723, 0.0138165
2919, 72.12405, 0.013865
2920, 70.96024, 0.0140924
2921, 71.25146, 0.0140348
2922, 72.34215, 0.0138232
2923, 73.00175, 0.0136983
2924, 71.93882, 0.0139007
2925, 71.26009, 0.0140331
2926, 72.17611, 0.013855
2927, 71.59785, 0.0139669
2928, 71.46175, 0.0139935
2929, 72.14122, 0.0138617
2930, 72.17767, 0.0138547
2931, 70.71185, 0.0141419
2932, 71.62452, 0.0139617
2933, 72.21468, 0.0138476
2934, 71.42857, 0.014
2935, 73.16306, 0.0136681
2936, 71.29565, 0.0140261
2937, 72.14851, 0.0138603
2938, 71.6435, 0.013958
2939, 71.4592, 0.013994
2940, 72.11625, 0.0138665
2941, 72.07103, 0.0138752
2942, 71.55123, 0.013976
2943, 71.90623, 0.013907
2944, 71.18248, 0.0140484
2945, 72.70242, 0.0137547
2946, 71.41327, 0.014003
2947, 71.93106, 0.0139022
2948, 71.81792, 0.0139241
2949, 71.68459, 0.01395
2950, 71.63273, 0.0139601
2951, 72.48478, 0.013796
2952, 71.71749, 0.0139436
2953, 71.22913, 0.0140392
2954, 72.80723, 0.0137349
2955, 70.4032, 0.0142039
2956, 72.47269, 0.0137983
2957, 71.84114, 0.0139196
2958, 71.53178, 0.0139798
2959, 69.76517, 0.0143338
2960, 71.88504, 0.0139111
2961, 71.20935, 0.0140431
2962, 72.57104, 0.0137796
2963, 74.86263, 0.0133578
2964, 70.88428, 0.0141075
2965, 68.42379, 0.0146148
2966, 72.36256, 0.0138193
2967, 72.41287, 0.0138097
2968, 72.76537, 0.0137428
2969, 73.96778, 0.0135194
2970, 68.15192, 0.0146731
2971, 72.5463, 0.0137843
2972, 72.40343, 0.0138115
2973, 71.30481, 0.0140243
2974, 71.30074, 0.0140251
2975, 74.49511, 0.0134237
2976, 73.45434, 0.0136139
2977, 67.49551, 0.0148158
2978, 73.38264, 0.0136272
2979, 71.39236, 0.0140071
2980, 62.25874, 0.016062
2981, 72.90755, 0.013716
2982, 81.41532, 0.0122827
2983, 72.68128, 0.0137587
2984, 71.23521, 0.014038
2985, 61.0359, 0.0163838
2986, 92.19054, 0.0108471
2987, 69.09513, 0.0144728
2988, 72.68446, 0.0137581
2989, 75.25304, 0.0132885
2990, 71.8587, 0.0139162
2991, 72.43542, 0.0138054
2992, 71.02122, 0.0140803
2993, 69.79147, 0.0143284
2994, 72.01238, 0.0138865
2995, 72.19486, 0.0138514
2996, 69.19027, 0.0144529
2997, 73.13684, 0.013673
2998, 73.03162, 0.0136927
2999, 70.93054, 0.0140983
3000, 72.85231, 0.0137264
3001, 74.23299, 0.0134711
3002, 71.22355, 0.0140403
3003, 69.15965, 0.0144593
3004, 71.91761, 0.0139048
3005, 72.14122, 0.0138617
3006, 62.57822, 0.01598
3007, 87.88505, 0.0113785
3008, 72.36623, 0.0138186
3009, 70.97887, 0.0140887
3010, 69.2703, 0.0144362
3011, 73.74142, 0.0135609
3012, 70.68587, 0.0141471
3013, 74.12184, 0.0134913
3014, 69.66553, 0.0143543
3015, 70.03194, 0.0142792
3016, 72.83958, 0.0137288
3017, 61.3866, 0.0162902
3018, 74.96365, 0.0133398
3019, 81.46838, 0.0122747
3020, 73.70392, 0.0135678
3021, 70.50346, 0.0141837
3022, 71.58094, 0.0139702
3023, 72.96767, 0.0137047
3024, 71.87936, 0.0139122
3025, 71.69898, 0.0139472
3026, 73.07324, 0.0136849
3027, 65.68662, 0.0152238
3028, 70.83809, 0.0141167
3029, 82.02907, 0.0121908
3030, 71.96833, 0.013895
3031, 71.72675, 0.0139418
3032, 69.69515, 0.0143482
3033, 66.01401, 0.0151483
3034, 72.10429, 0.0138688
3035, 81.08327, 0.012333
3036, 72.09338, 0.0138709
3037, 70.63294, 0.0141577
3038, 73.1968, 0.0136618
3039, 72.23399, 0.0138439
3040, 71.52309, 0.0139815
3041, 71.16779, 0.0140513
3042, 64.50323, 0.0155031
3043, 77.72243, 0.0128663
3044, 75.24794, 0.0132894
3045, 71.50672, 0.0139847
3046, 69.47002, 0.0143947
3047, 70.68987, 0.0141463
3048, 72.76908, 0.0137421
3049, 69.22619, 0.0144454
3050, 67.75481, 0.0147591
3051, 75.55894, 0.0132347
3052, 66.57479, 0.0150207
3053, 65.16526, 0.0153456
3054, 76.45786, 0.0130791
3055, 75.91343, 0.0131729
3056, 85.36575, 0.0117143
3057, 71.78184, 0.0139311
3058, 71.83598, 0.0139206
3059, 71.62554, 0.0139615
3060, 68.85629, 0.014523
3061, 59.0821, 0.0169256
3062, 77.52719, 0.0128987
3063, 82.79105, 0.0120786
3064, 72.55946, 0.0137818
3065, 69.14386, 0.0144626
3066, 74.57511, 0.0134093
3067, 65.98221, 0.0151556
3068, 76.84801, 0.0130127
3069, 68.45236, 0.0146087
3070, 77.53741, 0.012897
3071, 71.33278, 0.0140188
3072, 72.79186, 0.0137378
3073, 71.0197, 0.0140806
3074, 73.48943, 0.0136074
3075, 71.03635, 0.0140773
3076, 71.4097, 0.0140037
3077, 72.42808, 0.0138068
3078, 74.20875, 0.0134755
3079, 68.21841, 0.0146588
3080, 70.70985, 0.0141423
3081, 72.63325, 0.0137678
3082, 73.20966, 0.0136594
3083, 72.78974, 0.0137382
3084, 66.23174, 0.0150985
3085, 76.6037, 0.0130542
3086, 72.06584, 0.0138762
3087, 71.94296, 0.0138999
3088, 72.88152, 0.0137209
3089, 67.59269, 0.0147945
3090, 62.34298, 0.0160403
3091, 81.72472, 0.0122362
3092, 74.15812, 0.0134847
3093, 63.52271, 0.0157424
3094, 82.33773, 0.0121451
3095, 74.01815, 0.0135102
3096, 62.43561, 0.0160165
3097, 83.08408, 0.012036
3098, 74.41196, 0.0134387
3099, 75.88692, 0.0131775
3100, 71.52103, 0.0139819
3101, 71.53434, 0.0139793
3102, 71.91968, 0.0139044
3103, 71.78082, 0.0139313
3104, 68.51099, 0.0145962
3105, 75.04465, 0.0133254
3106, 69.65098, 0.0143573
3107, 75.45974, 0.0132521
3108, 52.23869, 0.0191429
3109, 82.3574, 0.0121422
3110, 89.68771, 0.0111498
3111, 74.51231, 0.0134206
3112, 71.26416, 0.0140323
3113, 22.95368, 0.043566
