Frame, FPS, Frame Time
1, 50, 0.02
2, 50, 0.02
3, 3, 0.3333333
4, 5.462227, 0.1830755
5, 32.70528, 0.0305761
6, 106.1481, 0.0094208
7, 99.988, 0.0100012
8, 72.86293, 0.0137244
9, 71.18603, 0.0140477
10, 72.3568, 0.0138204
11, 70.90438, 0.0141035
12, 71.84785, 0.0139183
13, 70.84712, 0.0141149
14, 73.92622, 0.013527
15, 70.49402, 0.0141856
16, 72.71511, 0.0137523
17, 72.40658, 0.0138109
18, 71.91864, 0.0139046
19, 71.87109, 0.0139138
20, 72.69714, 0.0137557
21, 70.6125, 0.0141618
22, 72.11573, 0.0138666
23, 71.27482, 0.0140302
24, 71.68922, 0.0139491
25, 72.37671, 0.0138166
26, 71.5876, 0.0139689
27, 72.07778, 0.0138739
28, 72.96447, 0.0137053
29, 71.02071, 0.0140804
30, 17.85513, 0.0560063
31, 72.81942, 0.0137326
32, 71.9616, 0.0138963
33, 72.40553, 0.0138111
34, 71.39746, 0.0140061
35, 72.02483, 0.0138841
36, 71.31294, 0.0140227
37, 71.9958, 0.0138897
38, 70.31212, 0.0142223
39, 73.01349, 0.0136961
40, 71.50928, 0.0139842
41, 72.4706, 0.0137987
42, 71.05099, 0.0140744
43, 72.0238, 0.0138843
44, 72.54051, 0.0137854
45, 71.3043, 0.0140244
46, 72.20321, 0.0138498
47, 71.99994, 0.0138889
48, 71.76742, 0.0139339
49, 35.68752, 0.028021
50, 37.41521, 0.0267271
51, 38.84657, 0.0257423
52, 9.58329, 0.1043483
53, 76.67418, 0.0130422
54, 72.93148, 0.0137115
55, 69.67622, 0.0143521
56, 68.46173, 0.0146067
57, 71.32566, 0.0140202
58, 68.80845, 0.0145331
59, 70.38139, 0.0142083
60, 22.56389, 0.0443186
61, 84.80398, 0.0117919
62, 69.02454, 0.0144876
63, 72.21938, 0.0138467
64, 70.35367, 0.0142139
65, 72.01031, 0.0138869
66, 71.23775, 0.0140375
67, 70.9552, 0.0140934
68, 71.23928, 0.0140372
69, 71.20529, 0.0140439
70, 71.2672, 0.0140317
71, 71.13539, 0.0140577
72, 72.0965, 0.0138703
73, 68.45423, 0.0146083
74, 74.54453, 0.0134148
75, 71.25857, 0.0140334
76, 71.09342, 0.014066
77, 72.8555, 0.0137258
78, 71.96833, 0.013895
79, 68.62099, 0.0145728
80, 71.74528, 0.0139382
81, 73.6415, 0.0135793
82, 72.64222, 0.0137661
83, 69.69321, 0.0143486
84, 71.70258, 0.0139465
85, 72.90277, 0.0137169
86, 35.19503, 0.0284131
87, 71.3282, 0.0140197
88, 74.57344, 0.0134096
89, 71.3623, 0.014013
90, 72.62586, 0.0137692
91, 72.62534, 0.0137693
92, 67.07268, 0.0149092
93, 72.18497, 0.0138533
94, 72.77438, 0.0137411
95, 70.7659, 0.0141311
96, 72.51421, 0.0137904
97, 72.83798, 0.0137291
98, 71.05099, 0.0140744
99, 70.87825, 0.0141087
100, 72.58053, 0.0137778
101, 29.21687, 0.0342268
102, 150.2946, 0.0066536
103, 69.74376, 0.0143382
104, 72.46062, 0.0138006
105, 68.96314, 0.0145005
106, 73.46405, 0.0136121
107, 71.95539, 0.0138975
108, 72.63219, 0.013768
109, 71.20174, 0.0140446
110, 71.31548, 0.0140222
111, 72.06013, 0.0138773
112, 71.73705, 0.0139398
113, 71.29718, 0.0140258
114, 35.34968, 0.0282888
115, 74.04117, 0.013506
116, 71.0919, 0.0140663
117, 71.87729, 0.0139126
118, 71.79627, 0.0139283
119, 72.18237, 0.0138538
120, 70.94161, 0.0140961
121, 71.85095, 0.0139177
122, 72.40658, 0.0138109
123, 71.77875, 0.0139317
124, 71.67996, 0.0139509
125, 71.0081, 0.0140829
126, 72.64275, 0.013766
127, 71.46584, 0.0139927
128, 70.07561, 0.0142703
129, 74.46182, 0.0134297
130, 35.14444, 0.028454
131, 73.35143, 0.013633
132, 72.87302, 0.0137225
133, 70.30915, 0.0142229
134, 73.50941, 0.0136037
135, 71.15868, 0.0140531
136, 71.93054, 0.0139023
137, 71.88969, 0.0139102
138, 71.4643, 0.013993
139, 70.25679, 0.0142335
140, 74.14767, 0.0134866
141, 69.68058, 0.0143512
142, 73.58298, 0.0135901
143, 71.90882, 0.0139065
144, 71.33939, 0.0140175
145, 71.7, 0.013947
146, 70.42502, 0.0141995
147, 73.4878, 0.0136077
148, 70.40915, 0.0142027
149, 72.00772, 0.0138874
150, 5.041473, 0.1983547
151, 45.69883, 0.0218824
152, 54.01785, 0.0185124
153, 83.3938, 0.0119913
154, 72.82155, 0.0137322
155, 70.71236, 0.0141418
156, 72.51685, 0.0137899
157, 71.73293, 0.0139406
158, 70.76039, 0.0141322
159, 73.00282, 0.0136981
160, 72.29926, 0.0138314
161, 71.46992, 0.0139919
162, 72.11313, 0.0138671
163, 70.70036, 0.0141442
164, 72.1355, 0.0138628
165, 71.27126, 0.0140309
166, 72.38509, 0.013815
167, 71.7319, 0.0139408
168, 71.61221, 0.0139641
169, 69.01597, 0.0144894
170, 74.85758, 0.0133587
171, 71.63683, 0.0139593
172, 71.7463, 0.013938
173, 71.50826, 0.0139844
174, 71.96782, 0.0138951
175, 72.32854, 0.0138258
176, 71.36638, 0.0140122
177, 71.54662, 0.0139769
178, 72.31495, 0.0138284
179, 71.18046, 0.0140488
180, 70.83658, 0.014117
181, 72.54525, 0.0137845
182, 72.24651, 0.0138415
183, 71.70515, 0.013946
184, 71.72212, 0.0139427
185, 72.31913, 0.0138276
186, 70.38139, 0.0142083
187, 73.33852, 0.0136354
188, 71.8205, 0.0139236
189, 71.36842, 0.0140118
190, 72.53472, 0.0137865
191, 71.58247, 0.0139699
192, 67.90388, 0.0147267
193, 75.79375, 0.0131937
194, 72.30658, 0.01383
195, 71.68716, 0.0139495
196, 71.61221, 0.0139641
197, 71.82979, 0.0139218
198, 71.75866, 0.0139356
199, 72.1907, 0.0138522
200, 71.15108, 0.0140546
201, 71.79678, 0.0139282
202, 71.17742, 0.0140494
203, 72.1199, 0.0138658
204, 70.62446, 0.0141594
205, 72.74261, 0.0137471
206, 71.16982, 0.0140509
207, 72.16933, 0.0138563
208, 72.35471, 0.0138208
209, 71.33685, 0.014018
210, 71.04796, 0.014075
211, 72.77279, 0.0137414
212, 72.16205, 0.0138577
213, 70.8115, 0.014122
214, 72.61742, 0.0137708
215, 71.53997, 0.0139782
216, 71.81792, 0.0139241
217, 71.79524, 0.0139285
218, 72.64854, 0.0137649
219, 71.31243, 0.0140228
220, 71.38421, 0.0140087
221, 71.66301, 0.0139542
222, 70.90791, 0.0141028
223, 72.28358, 0.0138344
224, 72.23763, 0.0138432
225, 71.15513, 0.0140538
226, 71.76793, 0.0139338
227, 71.77412, 0.0139326
228, 71.88969, 0.0139102
229, 72.29299, 0.0138326
230, 71.75609, 0.0139361
231, 72.17976, 0.0138543
232, 71.82412, 0.0139229
233, 71.52666, 0.0139808
234, 70.8868, 0.014107
235, 72.57474, 0.0137789
236, 71.43775, 0.0139982
237, 72.18237, 0.0138538
238, 71.66917, 0.013953
239, 71.82515, 0.0139227
240, 71.60144, 0.0139662
241, 71.86541, 0.0139149
242, 71.89072, 0.01391
243, 71.43877, 0.013998
244, 72.16726, 0.0138567
245, 70.92853, 0.0140987
246, 72.06324, 0.0138767
247, 71.61631, 0.0139633
248, 70.04861, 0.0142758
249, 74.58067, 0.0134083
250, 71.54457, 0.0139773
251, 71.91244, 0.0139058
252, 70.93104, 0.0140982
253, 72.02691, 0.0138837
254, 72.42755, 0.0138069
255, 71.30176, 0.0140249
256, 71.24435, 0.0140362
257, 71.17235, 0.0140504
258, 73.00655, 0.0136974
259, 71.41429, 0.0140028
260, 72.38718, 0.0138146
261, 71.09847, 0.014065
262, 71.92641, 0.0139031
263, 71.89382, 0.0139094
264, 71.17286, 0.0140503
265, 72.6111, 0.013772
266, 72.24493, 0.0138418
267, 71.14906, 0.014055
268, 72.11313, 0.0138671
269, 71.68613, 0.0139497
270, 71.63375, 0.0139599
271, 71.81071, 0.0139255
272, 71.74734, 0.0139378
273, 71.99683, 0.0138895
274, 71.70309, 0.0139464
275, 71.48985, 0.013988
276, 72.4071, 0.0138108
277, 69.26983, 0.0144363
278, 73.44678, 0.0136153
279, 73.32453, 0.013638
280, 70.38288, 0.014208
281, 71.68973, 0.013949
282, 71.9233, 0.0139037
283, 72.4454, 0.0138035
284, 71.04543, 0.0140755
285, 72.64697, 0.0137652
286, 71.37656, 0.0140102
287, 71.83083, 0.0139216
288, 72.11625, 0.0138665
289, 69.41696, 0.0144057
290, 73.94918, 0.0135228
291, 72.10845, 0.013868
292, 72.01601, 0.0138858
293, 71.64761, 0.0139572
294, 71.53638, 0.0139789
295, 72.00201, 0.0138885
296, 71.80297, 0.013927
297, 71.80452, 0.0139267
298, 71.75352, 0.0139366
299, 70.09232, 0.0142669
300, 73.22092, 0.0136573
301, 71.31752, 0.0140218
302, 71.88556, 0.013911
303, 72.78603, 0.0137389
304, 72.46324, 0.0138001
305, 70.76891, 0.0141305
306, 72.32018, 0.0138274
307, 70.85164, 0.014114
308, 72.17767, 0.0138547
309, 71.62965, 0.0139607
310, 72.17038, 0.0138561
311, 72.05909, 0.0138775
312, 72.12145, 0.0138655
313, 70.79044, 0.0141262
314, 72.66175, 0.0137624
315, 70.89333, 0.0141057
316, 72.12093, 0.0138656
317, 72.58316, 0.0137773
318, 71.7463, 0.013938
319, 71.21391, 0.0140422
320, 71.85198, 0.0139175
321, 72.08922, 0.0138717
322, 71.58606, 0.0139692
323, 72.55999, 0.0137817
324, 72.36152, 0.0138195
325, 68.62665, 0.0145716
326, 74.77195, 0.013374
327, 71.79008, 0.0139295
328, 71.69332, 0.0139483
329, 71.8138, 0.0139249
330, 71.29108, 0.014027
331, 71.49496, 0.013987
332, 72.60951, 0.0137723
333, 71.15816, 0.0140532
334, 72.42336, 0.0138077
335, 71.53281, 0.0139796
336, 70.24396, 0.0142361
337, 73.09514, 0.0136808
338, 72.20477, 0.0138495
339, 71.67175, 0.0139525
340, 72.21312, 0.0138479
341, 72.84966, 0.0137269
342, 71.67072, 0.0139527
343, 70.89131, 0.0141061
344, 72.16048, 0.013858
345, 72.24129, 0.0138425
346, 71.67893, 0.0139511
347, 70.57711, 0.0141689
348, 73.56565, 0.0135933
349, 71.3674, 0.014012
350, 71.7355, 0.0139401
351, 72.51736, 0.0137898
352, 71.4643, 0.013993
353, 71.71132, 0.0139448
354, 71.58144, 0.0139701
355, 72.07415, 0.0138746
356, 71.6851, 0.0139499
357, 70.61698, 0.0141609
358, 72.15372, 0.0138593
359, 72.88895, 0.0137195
360, 71.28498, 0.0140282
361, 71.40154, 0.0140053
362, 72.65594, 0.0137635
363, 72.35262, 0.0138212
364, 70.95671, 0.0140931
365, 71.39695, 0.0140062
366, 72.50685, 0.0137918
367, 71.25704, 0.0140337
368, 71.30277, 0.0140247
369, 71.43827, 0.0139981
370, 72.02068, 0.0138849
371, 73.04282, 0.0136906
372, 71.37963, 0.0140096
373, 72.22772, 0.0138451
374, 71.46124, 0.0139936
375, 72.70084, 0.013755
376, 71.35416, 0.0140146
377, 70.53429, 0.0141775
378, 72.96021, 0.0137061
379, 70.63194, 0.0141579
380, 70.65839, 0.0141526
381, 72.29717, 0.0138318
382, 73.85961, 0.0135392
383, 71.49598, 0.0139868
384, 72.26896, 0.0138372
385, 72.33849, 0.0138239
386, 72.00979, 0.013887
387, 71.49854, 0.0139863
388, 71.53485, 0.0139792
389, 72.14903, 0.0138602
390, 71.05402, 0.0140738
391, 71.08685, 0.0140673
392, 71.01668, 0.0140812
393, 74.72501, 0.0133824
394, 71.87419, 0.0139132
395, 71.73087, 0.013941
396, 71.09797, 0.0140651
397, 71.21949, 0.0140411
398, 73.24934, 0.013652
399, 70.85314, 0.0141137
400, 71.53383, 0.0139794
401, 72.4307, 0.0138063
402, 70.93255, 0.0140979
403, 71.70875, 0.0139453
404, 72.20216, 0.01385
405, 72.10429, 0.0138688
406, 72.01861, 0.0138853
407, 71.93986, 0.0139005
408, 71.64915, 0.0139569
409, 71.38574, 0.0140084
410, 72.26478, 0.013838
411, 72.21416, 0.0138477
412, 71.7, 0.013947
413, 71.22507, 0.01404
414, 71.16576, 0.0140517
415, 72.0887, 0.0138718
416, 71.90417, 0.0139074
417, 72.35104, 0.0138215
418, 72.44067, 0.0138044
419, 71.75712, 0.0139359
420, 72.23607, 0.0138435
421, 70.04567, 0.0142764
422, 73.44247, 0.0136161
423, 71.80142, 0.0139273
424, 70.49751, 0.0141849
425, 72.13498, 0.0138629
426, 73.11813, 0.0136765
427, 71.41174, 0.0140033
428, 71.71338, 0.0139444
429, 71.86024, 0.0139159
430, 71.76742, 0.0139339
431, 71.38727, 0.0140081
432, 72.27888, 0.0138353
433, 71.40562, 0.0140045
434, 72.31756, 0.0138279
435, 71.0197, 0.0140806
436, 70.96527, 0.0140914
437, 72.83321, 0.01373
438, 72.16986, 0.0138562
439, 72.31338, 0.0138287
440, 70.26469, 0.0142319
441, 72.60635, 0.0137729
442, 72.29665, 0.0138319
443, 71.81689, 0.0139243
444, 71.99476, 0.0138899
445, 70.2879, 0.0142272
446, 71.63631, 0.0139594
447, 73.38319, 0.0136271
448, 71.84528, 0.0139188
449, 71.49956, 0.0139861
450, 72.21572, 0.0138474
451, 72.06324, 0.0138767
452, 71.27329, 0.0140305
453, 70.74587, 0.0141351
454, 73.77678, 0.0135544
455, 71.47963, 0.01399
456, 56.29395, 0.0177639
457, 82.49191, 0.0121224
458, 74.30911, 0.0134573
459, 72.46009, 0.0138007
460, 73.33636, 0.0136358
461, 72.81995, 0.0137325
462, 73.19144, 0.0136628
463, 71.90054, 0.0139081
464, 70.78193, 0.0141279
465, 73.52995, 0.0135999
466, 73.32292, 0.0136383
467, 71.34347, 0.0140167
468, 71.44847, 0.0139961
469, 72.29665, 0.0138319
470, 72.04195, 0.0138808
471, 72.48373, 0.0137962
472, 71.76484, 0.0139344
473, 72.45589, 0.0138015
474, 72.16517, 0.0138571
475, 72.12249, 0.0138653
476, 70.67537, 0.0141492
477, 73.02468, 0.013694
478, 71.59273, 0.0139679
479, 71.95332, 0.0138979
480, 71.53741, 0.0139787
481, 72.68076, 0.0137588
482, 70.99097, 0.0140863
483, 72.50685, 0.0137918
484, 71.44898, 0.013996
485, 72.2298, 0.0138447
486, 71.86128, 0.0139157
487, 71.82876, 0.013922
488, 71.16627, 0.0140516
489, 72.20008, 0.0138504
490, 72.01757, 0.0138855
491, 72.14227, 0.0138615
492, 71.43317, 0.0139991
493, 71.35874, 0.0140137
494, 72.56683, 0.0137804
495, 71.80091, 0.0139274
496, 72.03988, 0.0138812
497, 72.1506, 0.0138599
498, 71.41939, 0.0140018
499, 71.30023, 0.0140252
500, 71.95798, 0.013897
501, 71.59939, 0.0139666
502, 71.89899, 0.0139084
503, 71.29311, 0.0140266
504, 72.31024, 0.0138293
505, 71.23421, 0.0140382
506, 71.97196, 0.0138943
507, 71.50928, 0.0139842
508, 72.5779, 0.0137783
509, 71.74064, 0.0139391
510, 71.78082, 0.0139313
511, 71.04745, 0.0140751
512, 72.12302, 0.0138652
513, 72.04455, 0.0138803
514, 71.55174, 0.0139759
515, 69.78318, 0.0143301
516, 74.28593, 0.0134615
517, 72.37723, 0.0138165
518, 71.6851, 0.0139499
519, 72.10793, 0.0138681
520, 71.2921, 0.0140268
521, 72.1683, 0.0138565
522, 71.67123, 0.0139526
523, 72.04819, 0.0138796
524, 71.6666, 0.0139535
525, 71.5057, 0.0139849
526, 72.12197, 0.0138654
527, 72.70876, 0.0137535
528, 71.09443, 0.0140658
529, 71.81638, 0.0139244
530, 72.15736, 0.0138586
531, 71.61579, 0.0139634
532, 66.32003, 0.0150784
533, 78.92223, 0.0126707
534, 71.80452, 0.0139267
535, 71.83908, 0.01392
536, 71.65788, 0.0139552
537, 71.53997, 0.0139782
538, 70.17051, 0.014251
539, 74.03185, 0.0135077
540, 71.59528, 0.0139674
541, 71.89899, 0.0139084
542, 71.87006, 0.013914
543, 70.77792, 0.0141287
544, 72.68974, 0.0137571
545, 71.4046, 0.0140047
546, 71.47963, 0.01399
547, 72.33796, 0.013824
548, 71.59682, 0.0139671
549, 71.59528, 0.0139674
550, 73.0583, 0.0136877
551, 71.01819, 0.0140809
552, 72.46429, 0.0137999
553, 70.20499, 0.014244
554, 72.50685, 0.0137918
555, 72.09805, 0.01387
556, 71.80658, 0.0139263
557, 71.94348, 0.0138998
558, 71.95539, 0.0138975
559, 71.86024, 0.0139159
560, 70.60651, 0.014163
561, 72.8948, 0.0137184
562, 71.99839, 0.0138892
563, 71.33228, 0.0140189
564, 72.25381, 0.0138401
565, 72.32018, 0.0138274
566, 71.8205, 0.0139236
567, 71.55891, 0.0139745
568, 71.65274, 0.0139562
569, 72.16257, 0.0138576
570, 70.90539, 0.0141033
571, 72.31808, 0.0138278
572, 72.30919, 0.0138295
573, 71.63273, 0.0139601
574, 72.24911, 0.013841
575, 71.53895, 0.0139784
576, 71.49701, 0.0139866
577, 72.03728, 0.0138817
578, 71.52769, 0.0139806
579, 71.61887, 0.0139628
580, 72.35157, 0.0138214
581, 69.7214, 0.0143428
582, 72.34582, 0.0138225
583, 72.72305, 0.0137508
584, 72.12562, 0.0138647
585, 71.75763, 0.0139358
586, 71.63221, 0.0139602
587, 71.91451, 0.0139054
588, 71.57684, 0.013971
589, 71.56198, 0.0139739
590, 72.01394, 0.0138862
591, 71.57684, 0.013971
592, 72.33169, 0.0138252
593, 69.69078, 0.0143491
594, 73.97489, 0.0135181
595, 72.35157, 0.0138214
596, 71.46022, 0.0139938
597, 71.53434, 0.0139793
598, 72.64644, 0.0137653
599, 71.51337, 0.0139834
600, 72.04248, 0.0138807
601, 71.03887, 0.0140768
602, 71.03181, 0.0140782
603, 71.4689, 0.0139921
604, 73.57053, 0.0135924
605, 70.74337, 0.0141356
606, 73.11973, 0.0136762
607, 72.26164, 0.0138386
608, 71.624, 0.0139618
609, 70.39081, 0.0142064
610, 73.02468, 0.013694
611, 71.78082, 0.0139313
612, 72.60319, 0.0137735
613, 71.20834, 0.0140433
614, 72.32122, 0.0138272
615, 71.04089, 0.0140764
616, 71.59528, 0.0139674
617, 72.07363, 0.0138747
618, 71.48576, 0.0139888
619, 72.37199, 0.0138175
620, 71.42755, 0.0140002
621, 71.6435, 0.013958
622, 71.86283, 0.0139154
623, 72.44959, 0.0138027
624, 71.89899, 0.0139084
625, 71.15209, 0.0140544
626, 71.7463, 0.013938
627, 71.25298, 0.0140345
628, 73.237, 0.0136543
629, 71.42142, 0.0140014
630, 71.82257, 0.0139232
631, 71.29871, 0.0140255
632, 72.05961, 0.0138774
633, 71.70103, 0.0139468
634, 71.54509, 0.0139772
635, 72.51106, 0.013791
636, 71.91606, 0.0139051
637, 70.94614, 0.0140952
638, 69.81144, 0.0143243
639, 72.3699, 0.0138179
640, 74.83517, 0.0133627
641, 71.03837, 0.0140769
642, 72.43752, 0.013805
643, 71.62811, 0.013961
644, 71.69641, 0.0139477
645, 71.973, 0.0138941
646, 72.10637, 0.0138684
647, 71.55533, 0.0139752
648, 71.3944, 0.0140067
649, 70.07169, 0.0142711
650, 73.8307, 0.0135445
651, 72.45799, 0.0138011
652, 71.68459, 0.01395
653, 71.59068, 0.0139683
654, 71.98388, 0.013892
655, 71.36129, 0.0140132
656, 71.94762, 0.013899
657, 70.925, 0.0140994
658, 72.72675, 0.0137501
659, 72.17715, 0.0138548
660, 70.67287, 0.0141497
661, 71.68407, 0.0139501
662, 72.93201, 0.0137114
663, 71.93106, 0.0139022
664, 71.68973, 0.013949
665, 70.86469, 0.0141114
666, 71.79575, 0.0139284
667, 72.56947, 0.0137799
668, 72.17976, 0.0138543
669, 71.41123, 0.0140034
670, 71.78545, 0.0139304
671, 71.93468, 0.0139015
672, 70.52584, 0.0141792
673, 73.55646, 0.013595
674, 71.92226, 0.0139039
675, 71.91399, 0.0139055
676, 71.93727, 0.013901
677, 70.80097, 0.0141241
678, 72.161, 0.0138579
679, 72.07259, 0.0138749
680, 71.8649, 0.013915
681, 71.40816, 0.014004
682, 71.46737, 0.0139924
683, 71.88763, 0.0139106
684, 70.79496, 0.0141253
685, 72.64169, 0.0137662
686, 70.5333, 0.0141777
687, 72.48163, 0.0137966
688, 73.38157, 0.0136274
689, 71.96108, 0.0138964
690, 71.3043, 0.0140244
691, 72.69661, 0.0137558
692, 71.03333, 0.0140779
693, 71.70618, 0.0139458
694, 72.32697, 0.0138261
695, 71.64196, 0.0139583
696, 71.89899, 0.0139084
697, 71.71132, 0.0139448
698, 71.29718, 0.0140258
699, 72.87408, 0.0137223
700, 71.64966, 0.0139568
701, 71.62708, 0.0139612
702, 71.13995, 0.0140568
703, 72.5058, 0.013792
704, 72.05909, 0.0138775
705, 71.25552, 0.014034
706, 71.79472, 0.0139286
707, 71.07674, 0.0140693
708, 72.95116, 0.0137078
709, 71.4097, 0.0140037
710, 72.33691, 0.0138242
711, 72.06324, 0.0138767
712, 71.15311, 0.0140542
713, 71.41735, 0.0140022
714, 72.09181, 0.0138712
715, 72.82579, 0.0137314
716, 71.11314, 0.0140621
717, 71.31294, 0.0140227
718, 72.00201, 0.0138885
719, 72.00565, 0.0138878
720, 73.27672, 0.0136469
721, 70.78443, 0.0141274
722, 72.37199, 0.0138175
723, 71.71132, 0.0139448
724, 71.25603, 0.0140339
725, 72.40658, 0.0138109
726, 71.63631, 0.0139594
727, 72.25172, 0.0138405
728, 71.3221, 0.0140209
729, 72.26582, 0.0138378
730, 69.54586, 0.014379
731, 73.20001, 0.0136612
732, 71.64966, 0.0139568
733, 72.65752, 0.0137632
734, 71.3674, 0.014012
735, 72.15112, 0.0138598
736, 71.45306, 0.0139952
737, 72.17299, 0.0138556
738, 71.28143, 0.0140289
739, 59.10445, 0.0169192
740, 57.33846, 0.0174403
741, 133.4365, 0.0074942
742, 71.08887, 0.0140669
743, 73.78712, 0.0135525
744, 72.04507, 0.0138802
745, 71.61221, 0.0139641
746, 71.63016, 0.0139606
747, 71.41633, 0.0140024
748, 72.32384, 0.0138267
749, 71.25349, 0.0140344
750, 71.76536, 0.0139343
751, 72.17872, 0.0138545
752, 72.34582, 0.0138225
753, 71.73756, 0.0139397
754, 70.29531, 0.0142257
755, 71.89848, 0.0139085
756, 73.64529, 0.0135786
757, 71.1015, 0.0140644
758, 72.06272, 0.0138768
759, 72.1657, 0.013857
760, 71.5369, 0.0139788
761, 72.06376, 0.0138766
762, 71.29769, 0.0140257
763, 72.74368, 0.0137469
764, 71.46226, 0.0139934
765, 70.93154, 0.0140981
766, 71.34805, 0.0140158
767, 73.31862, 0.0136391
768, 71.50314, 0.0139854
769, 71.8365, 0.0139205
770, 71.79524, 0.0139285
771, 72.52789, 0.0137878
772, 71.17336, 0.0140502
773, 71.81844, 0.013924
774, 71.35314, 0.0140148
775, 72.27261, 0.0138365
776, 69.87388, 0.0143115
777, 72.92776, 0.0137122
778, 72.7241, 0.0137506
779, 72.42598, 0.0138072
780, 69.26311, 0.0144377
781, 72.8948, 0.0137184
782, 73.40688, 0.0136227
783, 71.74167, 0.0139389
784, 70.94916, 0.0140946
785, 72.06792, 0.0138758
786, 72.58316, 0.0137773
787, 71.28701, 0.0140278
788, 71.75815, 0.0139357
789, 71.58657, 0.0139691
790, 72.27784, 0.0138355
791, 72.24024, 0.0138427
792, 72.14174, 0.0138616
793, 71.75352, 0.0139366
794, 71.35416, 0.0140146
795, 71.88453, 0.0139112
796, 71.94607, 0.0138993
797, 70.94966, 0.0140945
798, 72.23763, 0.0138432
799, 70.67537, 0.0141492
800, 73.68056, 0.0135721
801, 71.75094, 0.0139371
802, 71.86231, 0.0139155
803, 71.46278, 0.0139933
804, 71.41582, 0.0140025
805, 72.33325, 0.0138249
806, 71.93623, 0.0139012
807, 71.00659, 0.0140832
808, 72.22459, 0.0138457
809, 71.94245, 0.0139
810, 71.1187, 0.014061
811, 72.8863, 0.01372
812, 71.19617, 0.0140457
813, 72.0991, 0.0138698
814, 71.4046, 0.0140047
815, 72.38561, 0.0138149
816, 71.98335, 0.0138921
817, 71.38523, 0.0140085
818, 72.06168, 0.013877
819, 71.52513, 0.0139811
820, 71.72366, 0.0139424
821, 71.14754, 0.0140553
822, 71.29514, 0.0140262
823, 73.67839, 0.0135725
824, 71.56198, 0.0139739
825, 71.54099, 0.013978
826, 70.07758, 0.0142699
827, 73.30303, 0.013642
828, 71.67482, 0.0139519
829, 71.76072, 0.0139352
830, 72.0991, 0.0138698
831, 71.53638, 0.0139789
832, 72.50369, 0.0137924
833, 71.06917, 0.0140708
834, 72.40238, 0.0138117
835, 72.479, 0.0137971
836, 71.56454, 0.0139734
837, 71.44745, 0.0139963
838, 71.36282, 0.0140129
839, 72.10326, 0.013869
840, 72.74473, 0.0137467
841, 71.3338, 0.0140186
842, 72.4328, 0.0138059
843, 71.98077, 0.0138926
844, 71.72006, 0.0139431
845, 69.93887, 0.0142982
846, 73.27081, 0.013648
847, 72.40081, 0.013812
848, 70.7719, 0.0141299
849, 72.31233, 0.0138289
850, 71.44797, 0.0139962
851, 73.21502, 0.0136584
852, 69.83386, 0.0143197
853, 72.95116, 0.0137078
854, 71.84321, 0.0139192
855, 71.31193, 0.0140229
856, 72.10429, 0.0138688
857, 71.27583, 0.01403
858, 73.25095, 0.0136517
859, 71.32515, 0.0140203
860, 72.21207, 0.0138481
861, 71.10504, 0.0140637
862, 72.36152, 0.0138195
863, 71.50211, 0.0139856
864, 71.77308, 0.0139328
865, 72.4538, 0.0138019
866, 69.94915, 0.0142961
867, 73.90874, 0.0135302
868, 72.00357, 0.0138882
869, 70.33338, 0.014218
870, 72.62322, 0.0137697
871, 71.99735, 0.0138894
872, 71.38982, 0.0140076
873, 72.13081, 0.0138637
874, 71.53997, 0.0139782
875, 71.74219, 0.0139388
876, 71.03433, 0.0140777
877, 73.29498, 0.0136435
878, 72.16621, 0.0138569
879, 71.39899, 0.0140058
880, 71.54407, 0.0139774
881, 71.35518, 0.0140144
882, 72.21833, 0.0138469
883, 71.72417, 0.0139423
884, 71.63221, 0.0139602
885, 71.70567, 0.0139459
886, 72.33482, 0.0138246
887, 68.77863, 0.0145394
888, 74.53786, 0.013416
889, 72.82791, 0.013731
890, 71.67945, 0.013951
891, 71.4827, 0.0139894
892, 71.54457, 0.0139773
893, 71.47146, 0.0139916
894, 72.70295, 0.0137546
895, 71.89899, 0.0139084
896, 71.64504, 0.0139577
897, 72.08922, 0.0138717
898, 72.27209, 0.0138366
899, 69.43384, 0.0144022
900, 73.82744, 0.0135451
901, 71.70052, 0.0139469
902, 72.19695, 0.013851
903, 70.63444, 0.0141574
904, 72.62534, 0.0137693
905, 71.60144, 0.0139662
906, 69.96725, 0.0142924
907, 72.08454, 0.0138726
908, 71.46992, 0.0139919
909, 74.78593, 0.0133715
910, 70.8883, 0.0141067
911, 71.39033, 0.0140075
912, 73.48888, 0.0136075
913, 71.85612, 0.0139167
914, 71.9559, 0.0138974
915, 70.91042, 0.0141023
916, 72.82048, 0.0137324
917, 70.30766, 0.0142232
918, 72.27104, 0.0138368
919, 72.09181, 0.0138712
920, 72.04871, 0.0138795
921, 71.17995, 0.0140489
922, 71.76793, 0.0139338
923, 71.13084, 0.0140586
924, 72.33901, 0.0138238
925, 72.44592, 0.0138034
926, 71.27229, 0.0140307
927, 71.75609, 0.0139361
928, 72.37566, 0.0138168
929, 71.45306, 0.0139952
930, 71.53946, 0.0139783
931, 72.60477, 0.0137732
932, 71.7633, 0.0139347
933, 70.80197, 0.0141239
934, 71.95073, 0.0138984
935, 70.06039, 0.0142734
936, 74.47902, 0.0134266
937, 72.31704, 0.013828
938, 71.1273, 0.0140593
939, 72.6723, 0.0137604
940, 71.28194, 0.0140288
941, 70.20303, 0.0142444
942, 73.88417, 0.0135347
943, 71.81277, 0.0139251
944, 72.02068, 0.0138849
945, 71.19464, 0.014046
946, 71.73807, 0.0139396
947, 72.08714, 0.0138721
948, 72.02172, 0.0138847
949, 71.90572, 0.0139071
950, 71.99943, 0.013889
951, 71.56813, 0.0139727
952, 71.57684, 0.013971
953, 71.38625, 0.0140083
954, 72.29769, 0.0138317
955, 70.69686, 0.0141449
956, 72.14227, 0.0138615
957, 72.05701, 0.0138779
958, 71.83856, 0.0139201
959, 72.32593, 0.0138263
960, 71.57172, 0.013972
961, 72.24076, 0.0138426
962, 71.58453, 0.0139695
963, 71.75197, 0.0139369
964, 71.35212, 0.014015
965, 72.35733, 0.0138203
966, 71.46584, 0.0139927
967, 72.53999, 0.0137855
968, 71.01214, 0.0140821
969, 72.54788, 0.013784
970, 72.09286, 0.013871
971, 71.06664, 0.0140713
972, 72.35, 0.0138217
973, 71.77772, 0.0139319
974, 71.92641, 0.0139031
975, 70.97635, 0.0140892
976, 72.81094, 0.0137342
977, 70.89785, 0.0141048
978, 72.83162, 0.0137303
979, 71.9673, 0.0138952
980, 72.01965, 0.0138851
981, 71.65531, 0.0139557
982, 71.92796, 0.0139028
983, 71.34805, 0.0140158
984, 71.81123, 0.0139254
985, 71.82618, 0.0139225
986, 71.35009, 0.0140154
987, 72.55209, 0.0137832
988, 69.47436, 0.0143938
989, 74.35442, 0.0134491
990, 72.19539, 0.0138513
991, 70.813, 0.0141217
992, 72.30658, 0.01383
993, 71.67842, 0.0139512
994, 72.15997, 0.0138581
995, 71.63683, 0.0139593
996, 71.69949, 0.0139471
997, 71.753, 0.0139367
998, 72.31547, 0.0138283
999, 71.61785, 0.013963
1000, 71.32566, 0.0140202
1001, 72.40553, 0.0138111
1002, 71.71389, 0.0139443
1003, 71.94865, 0.0138988
1004, 71.61169, 0.0139642
1005, 71.46226, 0.0139934
1006, 72.30449, 0.0138304
1007, 71.53485, 0.0139792
1008, 71.48065, 0.0139898
1009, 72.03988, 0.0138812
1010, 72.52473, 0.0137884
1011, 71.57018, 0.0139723
1012, 71.14602, 0.0140556
1013, 71.65274, 0.0139562
1014, 72.90064, 0.0137173
1015, 71.95642, 0.0138973
1016, 70.86319, 0.0141117
1017, 72.38509, 0.013815
1018, 71.46328, 0.0139932
1019, 72.73785, 0.013748
1020, 71.36333, 0.0140128
1021, 72.19591, 0.0138512
1022, 71.53844, 0.0139785
1023, 71.47452, 0.013991
1024, 72.41077, 0.0138101
1025, 71.69898, 0.0139472
1026, 71.42806, 0.0140001
1027, 72.0622, 0.0138769
1028, 71.75145, 0.013937
1029, 71.76948, 0.0139335
1030, 72.05598, 0.0138781
1031, 71.99372, 0.0138901
1032, 71.0419, 0.0140762
1033, 72.55473, 0.0137827
1034, 69.70487, 0.0143462
1035, 74.77195, 0.013374
1036, 71.26822, 0.0140315
1037, 71.70103, 0.0139468
1038, 70.85415, 0.0141135
1039, 72.59739, 0.0137746
1040, 71.65017, 0.0139567
1041, 72.62058, 0.0137702
1042, 70.85917, 0.0141125
1043, 72.51369, 0.0137905
1044, 70.86921, 0.0141105
1045, 71.59324, 0.0139678
1046, 72.26112, 0.0138387
1047, 72.54946, 0.0137837
1048, 71.4924, 0.0139875
1049, 72.0461, 0.01388
1050, 71.00558, 0.0140834
1051, 71.8556, 0.0139168
1052, 72.39819, 0.0138125
1053, 71.06765, 0.0140711
1054, 73.36865, 0.0136298
1055, 69.94034, 0.0142979
1056, 72.47637, 0.0137976
1057, 72.77068, 0.0137418
1058, 70.08445, 0.0142685
1059, 73.71859, 0.0135651
1060, 72.79027, 0.0137381
1061, 71.52974, 0.0139802
1062, 70.91344, 0.0141017
1063, 72.57052, 0.0137797
1064, 72.45747, 0.0138012
1065, 70.49899, 0.0141846
1066, 72.42021, 0.0138083
1067, 72.10533, 0.0138686
1068, 71.49189, 0.0139876
1069, 70.36258, 0.0142121
1070, 74.00282, 0.013513
1071, 70.7649, 0.0141313
1072, 72.23033, 0.0138446
1073, 69.70779, 0.0143456
1074, 73.91748, 0.0135286
1075, 72.56894, 0.01378
1076, 71.13691, 0.0140574
1077, 71.57377, 0.0139716
1078, 72.14695, 0.0138606
1079, 71.61528, 0.0139635
1080, 70.48259, 0.0141879
1081, 73.23915, 0.0136539
1082, 72.09234, 0.0138711
1083, 71.60913, 0.0139647
1084, 72.05441, 0.0138784
1085, 71.2337, 0.0140383
1086, 71.87626, 0.0139128
1087, 72.77173, 0.0137416
1088, 72.09286, 0.013871
1089, 71.35619, 0.0140142
1090, 71.18806, 0.0140473
1091, 71.46022, 0.0139938
1092, 71.56711, 0.0139729
1093, 73.56078, 0.0135942
1094, 72.20321, 0.0138498
1095, 71.11819, 0.0140611
1096, 71.97714, 0.0138933
1097, 71.82257, 0.0139232
1098, 71.72572, 0.013942
1099, 71.88763, 0.0139106
1100, 71.89745, 0.0139087
1101, 71.60708, 0.0139651
1102, 72.00047, 0.0138888
1103, 70.73386, 0.0141375
1104, 72.33273, 0.013825
1105, 72.47637, 0.0137976
1106, 71.58247, 0.0139699
1107, 72.08558, 0.0138724
1108, 70.91645, 0.0141011
1109, 72.20529, 0.0138494
1110, 70.04763, 0.014276
1111, 73.27725, 0.0136468
1112, 72.35995, 0.0138198
1113, 71.42448, 0.0140008
1114, 71.37249, 0.014011
1115, 72.61478, 0.0137713
1116, 70.67987, 0.0141483
1117, 72.34006, 0.0138236
1118, 72.72357, 0.0137507
1119, 71.39339, 0.0140069
1120, 72.00928, 0.0138871
1121, 71.24435, 0.0140362
1122, 72.01187, 0.0138866
1123, 71.86851, 0.0139143
1124, 72.00928, 0.0138871
1125, 71.37504, 0.0140105
1126, 72.79504, 0.0137372
1127, 71.31498, 0.0140223
1128, 69.81534, 0.0143235
1129, 73.04015, 0.0136911
1130, 72.97779, 0.0137028
1131, 71.89435, 0.0139093
1132, 71.88091, 0.0139119
1133, 71.55686, 0.0139749
1134, 72.03937, 0.0138813
1135, 71.67739, 0.0139514
1136, 71.81895, 0.0139239
1137, 72.00772, 0.0138874
1138, 71.1273, 0.0140593
1139, 72.13134, 0.0138636
1140, 72.61163, 0.0137719
1141, 71.45869, 0.0139941
1142, 72.30135, 0.013831
1143, 71.5415, 0.0139779
1144, 71.63734, 0.0139592
1145, 72.03417, 0.0138823
1146, 71.47452, 0.013991
1147, 72.04299, 0.0138806
1148, 70.85666, 0.014113
1149, 73.28047, 0.0136462
1150, 71.35772, 0.0140139
1151, 71.8205, 0.0139236
1152, 69.08606, 0.0144747
1153, 74.80215, 0.0133686
1154, 71.24537, 0.014036
1155, 70.90841, 0.0141027
1156, 72.10273, 0.0138691
1157, 71.70978, 0.0139451
1158, 72.52052, 0.0137892
1159, 71.24283, 0.0140365
1160, 71.41582, 0.0140025
1161, 72.66966, 0.0137609
1162, 73.00123, 0.0136984
1163, 71.56557, 0.0139732
1164, 71.95125, 0.0138983
1165, 71.10403, 0.0140639
1166, 71.79008, 0.0139295
1167, 71.93054, 0.0139023
1168, 72.80935, 0.0137345
1169, 70.86319, 0.0141117
1170, 71.72675, 0.0139418
1171, 73.01881, 0.0136951
1172, 71.33939, 0.0140175
1173, 72.03728, 0.0138817
1174, 71.58453, 0.0139695
1175, 72.12041, 0.0138657
1176, 71.93831, 0.0139008
1177, 70.80347, 0.0141236
1178, 72.47952, 0.013797
1179, 71.70618, 0.0139458
1180, 72.16048, 0.013858
1181, 71.15816, 0.0140532
1182, 70.77842, 0.0141286
1183, 72.77491, 0.013741
1184, 71.35059, 0.0140153
1185, 72.60899, 0.0137724
1186, 71.81947, 0.0139238
1187, 71.82876, 0.013922
1188, 71.19566, 0.0140458
1189, 71.26365, 0.0140324
1190, 72.39714, 0.0138127
1191, 72.92191, 0.0137133
1192, 71.46278, 0.0139933
1193, 69.75544, 0.0143358
1194, 73.27296, 0.0136476
1195, 71.66352, 0.0139541
1196, 73.21663, 0.0136581
1197, 71.39186, 0.0140072
1198, 71.39288, 0.014007
1199, 72.07675, 0.0138741
1200, 70.89835, 0.0141047
1201, 72.27836, 0.0138354
1202, 71.87212, 0.0139136
1203, 72.84966, 0.0137269
1204, 72.18757, 0.0138528
1205, 70.55918, 0.0141725
1206, 71.89124, 0.0139099
1207, 72.14487, 0.013861
1208, 71.95073, 0.0138984
1209, 71.98388, 0.013892
1210, 70.86268, 0.0141118
1211, 72.77808, 0.0137404
1212, 72.05701, 0.0138779
1213, 70.87022, 0.0141103
1214, 73.30573, 0.0136415
1215, 71.73653, 0.0139399
1216, 70.75037, 0.0141342
1217, 72.3699, 0.0138179
1218, 71.33736, 0.0140179
1219, 72.19331, 0.0138517
1220, 71.68048, 0.0139508
1221, 71.11465, 0.0140618
1222, 72.7855, 0.013739
1223, 71.74528, 0.0139382
1224, 70.37149, 0.0142103
1225, 72.17506, 0.0138552
1226, 72.5079, 0.0137916
1227, 71.9021, 0.0139078
1228, 72.81624, 0.0137332
1229, 70.99701, 0.0140851
1230, 72.30919, 0.0138295
1231, 71.83959, 0.0139199
1232, 72.25538, 0.0138398
1233, 70.0653, 0.0142724
1234, 72.87355, 0.0137224
1235, 71.87885, 0.0139123
1236, 71.4199, 0.0140017
1237, 71.26923, 0.0140313
1238, 72.78233, 0.0137396
1239, 72.05338, 0.0138786
1240, 71.93623, 0.0139012
1241, 71.80555, 0.0139265
1242, 71.45461, 0.0139949
1243, 71.62298, 0.013962
1244, 72.05389, 0.0138785
1245, 69.9511, 0.0142957
1246, 73.47215, 0.0136106
1247, 72.70718, 0.0137538
1248, 71.57991, 0.0139704
1249, 71.58555, 0.0139693
1250, 72.10793, 0.0138681
1251, 71.63837, 0.013959
1252, 72.01238, 0.0138865
1253, 71.69846, 0.0139473
1254, 71.84476, 0.0139189
1255, 71.11414, 0.0140619
1256, 71.32261, 0.0140208
1257, 72.97832, 0.0137027
1258, 70.88177, 0.014108
1259, 72.7802, 0.01374
1260, 71.36333, 0.0140128
1261, 71.89382, 0.0139094
1262, 71.82773, 0.0139222
1263, 72.20373, 0.0138497
1264, 72.18705, 0.0138529
1265, 71.67996, 0.0139509
1266, 71.57991, 0.0139704
1267, 71.17083, 0.0140507
1268, 71.30074, 0.0140251
1269, 73.0914, 0.0136815
1270, 71.79472, 0.0139286
1271, 70.74688, 0.0141349
1272, 72.69027, 0.013757
1273, 71.74888, 0.0139375
1274, 72.10741, 0.0138682
1275, 71.88969, 0.0139102
1276, 71.46635, 0.0139926
1277, 71.16222, 0.0140524
1278, 72.09389, 0.0138708
1279, 70.96527, 0.0140914
1280, 73.81599, 0.0135472
1281, 70.00105, 0.0142855
1282, 72.12614, 0.0138646
1283, 71.72315, 0.0139425
1284, 73.35842, 0.0136317
1285, 72.07831, 0.0138738
1286, 71.15412, 0.014054
1287, 70.80298, 0.0141237
1288, 74.57566, 0.0134092
1289, 70.83809, 0.0141167
1290, 71.38116, 0.0140093
1291, 72.2079, 0.0138489
1292, 71.99632, 0.0138896
1293, 70.29086, 0.0142266
1294, 70.81751, 0.0141208
1295, 74.18398, 0.01348
1296, 72.48005, 0.0137969
1297, 71.08735, 0.0140672
1298, 72.37461, 0.013817
1299, 71.0197, 0.0140806
1300, 72.67442, 0.01376
1301, 71.95539, 0.0138975
1302, 71.66917, 0.013953
1303, 71.67175, 0.0139525
1304, 71.24689, 0.0140357
1305, 71.08028, 0.0140686
1306, 73.25578, 0.0136508
1307, 71.34703, 0.014016
1308, 71.69127, 0.0139487
1309, 71.92641, 0.0139031
1310, 72.0072, 0.0138875
1311, 71.68973, 0.013949
1312, 72.07778, 0.0138739
1313, 71.96937, 0.0138948
1314, 71.21899, 0.0140412
1315, 72.19643, 0.0138511
1316, 71.08078, 0.0140685
1317, 71.57325, 0.0139717
1318, 73.10155, 0.0136796
1319, 71.69435, 0.0139481
1320, 72.15372, 0.0138593
1321, 71.50263, 0.0139855
1322, 58.9171, 0.016973
1323, 59.99305, 0.0166686
1324, 122.3766, 0.0081715
1325, 71.52103, 0.0139819
1326, 71.55379, 0.0139755
1327, 71.87626, 0.0139128
1328, 72.47742, 0.0137974
1329, 71.87471, 0.0139131
1330, 71.83598, 0.0139206
1331, 71.64606, 0.0139575
1332, 72.24076, 0.0138426
1333, 71.02727, 0.0140791
1334, 71.33787, 0.0140178
1335, 72.41025, 0.0138102
1336, 72.0861, 0.0138723
1337, 71.36536, 0.0140124
1338, 71.02626, 0.0140793
1339, 73.31916, 0.013639
1340, 71.58247, 0.0139699
1341, 72.05182, 0.0138789
1342, 71.76227, 0.0139349
1343, 71.55943, 0.0139744
1344, 72.64169, 0.0137662
1345, 71.54919, 0.0139764
1346, 70.64092, 0.0141561
1347, 73.07645, 0.0136843
1348, 71.47656, 0.0139906
1349, 71.95539, 0.0138975
1350, 69.8568, 0.014315
1351, 74.28262, 0.0134621
1352, 71.42857, 0.014
1353, 72.30815, 0.0138297
1354, 71.44439, 0.0139969
1355, 70.37347, 0.0142099
1356, 73.16306, 0.0136681
1357, 72.02639, 0.0138838
1358, 71.05805, 0.014073
1359, 72.05286, 0.0138787
1360, 72.60161, 0.0137738
1361, 70.60152, 0.014164
1362, 72.15528, 0.013859
1363, 72.78974, 0.0137382
1364, 70.21338, 0.0142423
1365, 73.66048, 0.0135758
1366, 71.03584, 0.0140774
1367, 72.66438, 0.0137619
1368, 71.64504, 0.0139577
1369, 71.59631, 0.0139672
1370, 71.00003, 0.0140845
1371, 72.57316, 0.0137792
1372, 71.22253, 0.0140405
1373, 72.16361, 0.0138574
1374, 71.96989, 0.0138947
1375, 72.51947, 0.0137894
1376, 69.86704, 0.0143129
1377, 73.66537, 0.0135749
1378, 71.11364, 0.014062
1379, 72.40448, 0.0138113
1380, 71.83959, 0.0139199
1381, 71.14146, 0.0140565
1382, 72.42178, 0.013808
1383, 71.16374, 0.0140521
1384, 71.1526, 0.0140543
1385, 73.55267, 0.0135957
1386, 71.77617, 0.0139322
1387, 71.35059, 0.0140153
1388, 70.82906, 0.0141185
1389, 73.37296, 0.013629
1390, 71.75557, 0.0139362
1391, 71.45052, 0.0139957
1392, 71.96004, 0.0138966
1393, 71.08584, 0.0140675
1394, 72.20947, 0.0138486
1395, 71.29464, 0.0140263
1396, 72.81359, 0.0137337
1397, 71.96368, 0.0138959
1398, 71.61836, 0.0139629
1399, 71.89176, 0.0139098
1400, 71.42398, 0.0140009
1401, 72.47427, 0.013798
1402, 72.1199, 0.0138658
1403, 71.20123, 0.0140447
1404, 71.32057, 0.0140212
1405, 71.55072, 0.0139761
1406, 71.09443, 0.0140658
1407, 73.76917, 0.0135558
1408, 70.87273, 0.0141098
1409, 72.45642, 0.0138014
1410, 71.60913, 0.0139647
1411, 71.97144, 0.0138944
1412, 71.71132, 0.0139448
1413, 71.49701, 0.0139866
1414, 71.63016, 0.0139606
1415, 72.0238, 0.0138843
1416, 72.16361, 0.0138574
1417, 71.44082, 0.0139976
1418, 72.66386, 0.013762
1419, 71.57581, 0.0139712
1420, 71.54202, 0.0139778
1421, 71.93779, 0.0139009
1422, 71.85043, 0.0139178
1423, 71.8138, 0.0139249
1424, 71.6199, 0.0139626
1425, 71.21899, 0.0140412
1426, 72.36152, 0.0138195
1427, 71.26771, 0.0140316
1428, 73.22359, 0.0136568
1429, 71.28549, 0.0140281
1430, 71.95176, 0.0138982
1431, 72.41654, 0.013809
1432, 71.80297, 0.013927
1433, 71.44082, 0.0139976
1434, 72.09181, 0.0138712
1435, 72.07311, 0.0138748
1436, 70.55171, 0.014174
1437, 71.53741, 0.0139787
1438, 72.65013, 0.0137646
1439, 72.6702, 0.0137608
1440, 70.37298, 0.01421
1441, 72.36256, 0.0138193
1442, 72.08714, 0.0138721
1443, 71.9989, 0.0138891
1444, 71.67996, 0.0139509
1445, 71.55072, 0.0139761
1446, 71.80452, 0.0139267
1447, 71.60605, 0.0139653
1448, 71.96626, 0.0138954
1449, 72.61532, 0.0137712
1450, 71.25095, 0.0140349
1451, 71.60349, 0.0139658
1452, 72.56157, 0.0137814
1453, 71.49138, 0.0139877
1454, 71.90726, 0.0139068
1455, 71.8004, 0.0139275
1456, 72.26791, 0.0138374
1457, 71.56403, 0.0139735
1458, 71.01365, 0.0140818
1459, 72.39137, 0.0138138
1460, 71.20884, 0.0140432
1461, 71.94296, 0.0138999
1462, 71.94814, 0.0138989
1463, 70.89232, 0.0141059
1464, 73.34551, 0.0136341
1465, 71.23775, 0.0140375
1466, 72.32803, 0.0138259
1467, 71.7566, 0.013936
1468, 71.71286, 0.0139445
1469, 71.60041, 0.0139664
1470, 72.46692, 0.0137994
1471, 71.68253, 0.0139504
1472, 71.83392, 0.013921
1473, 71.37504, 0.0140105
1474, 71.99787, 0.0138893
1475, 70.56864, 0.0141706
1476, 73.50131, 0.0136052
1477, 71.22811, 0.0140394
1478, 72.11105, 0.0138675
1479, 71.49905, 0.0139862
1480, 71.92382, 0.0139036
1481, 71.34602, 0.0140162
1482, 72.33221, 0.0138251
1483, 72.25903, 0.0138391
1484, 71.47861, 0.0139902
1485, 71.68973, 0.013949
1486, 71.718, 0.0139435
1487, 71.99735, 0.0138894
1488, 72.33587, 0.0138244
1489, 70.87875, 0.0141086
1490, 73.48457, 0.0136083
1491, 70.63494, 0.0141573
1492, 72.80723, 0.0137349
1493, 71.03382, 0.0140778
1494, 72.71035, 0.0137532
1495, 71.62862, 0.0139609
1496, 71.91451, 0.0139054
1497, 70.47861, 0.0141887
1498, 72.10481, 0.0138687
1499, 73.26974, 0.0136482
1500, 72.05441, 0.0138784
1501, 70.15771, 0.0142536
1502, 72.76325, 0.0137432
1503, 71.13235, 0.0140583
1504, 71.69795, 0.0139474
1505, 72.30605, 0.0138301
1506, 72.8067, 0.013735
1507, 70.61748, 0.0141608
1508, 71.22, 0.014041
1509, 72.10897, 0.0138679
1510, 74.06695, 0.0135013
1511, 71.60861, 0.0139648
1512, 71.0197, 0.0140806
1513, 71.94969, 0.0138986
1514, 72.18184, 0.0138539
1515, 71.06361, 0.0140719
1516, 72.26582, 0.0138378
1517, 72.50896, 0.0137914
1518, 71.58504, 0.0139694
1519, 71.61734, 0.0139631
1520, 71.57787, 0.0139708
1521, 71.74167, 0.0139389
1522, 72.04507, 0.0138802
1523, 72.00565, 0.0138878
1524, 71.48729, 0.0139885
1525, 71.79472, 0.0139286
1526, 71.68665, 0.0139496
1527, 71.49956, 0.0139861
1528, 72.11937, 0.0138659
1529, 71.60093, 0.0139663
1530, 70.5801, 0.0141683
1531, 72.29299, 0.0138326
1532, 73.81054, 0.0135482
1533, 70.45727, 0.014193
1534, 73.50563, 0.0136044
1535, 71.63016, 0.0139606
1536, 72.11833, 0.0138661
1537, 71.37656, 0.0140102
1538, 72.33744, 0.0138241
1539, 70.20549, 0.0142439
1540, 72.59581, 0.0137749
1541, 72.49108, 0.0137948
1542, 71.94762, 0.013899
1543, 71.7942, 0.0139287
1544, 71.91089, 0.0139061
1545, 69.57684, 0.0143726
1546, 73.61222, 0.0135847
1547, 72.6459, 0.0137654
1548, 70.40766, 0.014203
1549, 72.60793, 0.0137726
1550, 71.92485, 0.0139034
1551, 70.91947, 0.0141005
1552, 73.07111, 0.0136853
1553, 71.82257, 0.0139232
1554, 71.41429, 0.0140028
1555, 72.07831, 0.0138738
1556, 71.90158, 0.0139079
1557, 71.04038, 0.0140765
1558, 72.7606, 0.0137437
1559, 71.35925, 0.0140136
1560, 70.82554, 0.0141192
1561, 72.8295, 0.0137307
1562, 71.38065, 0.0140094
1563, 70.72986, 0.0141383
1564, 72.8948, 0.0137184
1565, 72.78762, 0.0137386
1566, 71.61426, 0.0139637
1567, 71.97144, 0.0138944
1568, 70.3314, 0.0142184
1569, 72.51158, 0.0137909
1570, 72.80723, 0.0137349
1571, 70.71436, 0.0141414
1572, 72.84807, 0.0137272
1573, 71.44592, 0.0139966
1574, 72.20113, 0.0138502
1575, 69.90367, 0.0143054
1576, 73.33691, 0.0136357
1577, 72.78762, 0.0137386
1578, 71.00911, 0.0140827
1579, 71.05805, 0.014073
1580, 73.3068, 0.0136413
1581, 70.76189, 0.0141319
1582, 72.83692, 0.0137293
1583, 71.09342, 0.014066
1584, 72.79557, 0.0137371
1585, 71.06866, 0.0140709
1586, 70.90589, 0.0141032
1587, 72.66914, 0.013761
1588, 72.98791, 0.0137009
1589, 71.48474, 0.013989
1590, 70.53579, 0.0141772
1591, 73.41659, 0.0136209
1592, 71.61118, 0.0139643
1593, 71.89331, 0.0139095
1594, 71.87781, 0.0139125
1595, 71.62914, 0.0139608
1596, 71.94969, 0.0138986
1597, 70.32497, 0.0142197
1598, 73.15396, 0.0136698
1599, 71.45409, 0.013995
1600, 72.60529, 0.0137731
1601, 71.09847, 0.014065
1602, 71.51081, 0.0139839
1603, 72.10481, 0.0138687
1604, 72.08298, 0.0138729
1605, 71.92485, 0.0139034
1606, 70.27703, 0.0142294
1607, 73.17323, 0.0136662
1608, 71.94245, 0.0139
1609, 71.23521, 0.014038
1610, 72.52158, 0.013789
1611, 71.84321, 0.0139192
1612, 71.89486, 0.0139092
1613, 71.04796, 0.014075
1614, 72.35785, 0.0138202
1615, 71.85508, 0.0139169
1616, 71.98958, 0.0138909
1617, 70.39924, 0.0142047
1618, 73.25793, 0.0136504
1619, 72.28515, 0.0138341
1620, 71.8205, 0.0139236
1621, 71.77669, 0.0139321
1622, 71.89641, 0.0139089
1623, 71.52001, 0.0139821
1624, 71.84063, 0.0139197
1625, 72.06013, 0.0138773
1626, 71.06007, 0.0140726
1627, 72.19852, 0.0138507
1628, 71.06007, 0.0140726
1629, 73.12614, 0.013675
1630, 72.24546, 0.0138417
1631, 71.27482, 0.0140302
1632, 71.83908, 0.01392
1633, 71.77617, 0.0139322
1634, 71.27686, 0.0140298
1635, 72.45274, 0.0138021
1636, 70.78092, 0.0141281
1637, 72.85656, 0.0137256
1638, 71.40409, 0.0140048
1639, 70.15673, 0.0142538
1640, 72.8847, 0.0137203
1641, 72.17455, 0.0138553
1642, 72.61954, 0.0137704
1643, 71.08584, 0.0140675
1644, 71.31091, 0.0140231
1645, 72.56052, 0.0137816
1646, 71.55379, 0.0139755
1647, 72.46745, 0.0137993
1648, 70.94916, 0.0140946
1649, 72.03106, 0.0138829
1650, 71.5016, 0.0139857
1651, 73.15289, 0.01367
1652, 70.95067, 0.0140943
1653, 72.39871, 0.0138124
1654, 71.36434, 0.0140126
1655, 72.01291, 0.0138864
1656, 71.02879, 0.0140788
1657, 72.91074, 0.0137154
1658, 71.64401, 0.0139579
1659, 72.03054, 0.013883
1660, 71.48576, 0.0139888
1661, 72.56315, 0.0137811
1662, 71.69384, 0.0139482
1663, 71.88142, 0.0139118
1664, 71.59068, 0.0139683
1665, 71.5057, 0.0139849
1666, 72.13862, 0.0138622
1667, 71.06715, 0.0140712
1668, 72.86559, 0.0137239
1669, 71.17691, 0.0140495
1670, 71.41531, 0.0140026
1671, 72.62534, 0.0137693
1672, 70.54972, 0.0141744
1673, 73.19198, 0.0136627
1674, 70.79546, 0.0141252
1675, 72.78127, 0.0137398
1676, 71.89538, 0.0139091
1677, 71.90572, 0.0139071
1678, 71.00911, 0.0140827
1679, 71.6625, 0.0139543
1680, 72.33796, 0.013824
1681, 70.69936, 0.0141444
1682, 73.46135, 0.0136126
1683, 71.19566, 0.0140458
1684, 71.98025, 0.0138927
1685, 72.45799, 0.0138011
1686, 70.47564, 0.0141893
1687, 72.75849, 0.0137441
1688, 72.1199, 0.0138658
1689, 71.6199, 0.0139626
1690, 70.78944, 0.0141264
1691, 72.58527, 0.0137769
1692, 70.4677, 0.0141909
1693, 73.88689, 0.0135342
1694, 71.84734, 0.0139184
1695, 72.10065, 0.0138695
1696, 71.49751, 0.0139865
1697, 72.41077, 0.0138101
1698, 71.52309, 0.0139815
1699, 72.04299, 0.0138806
1700, 71.07018, 0.0140706
1701, 72.16413, 0.0138573
1702, 71.36842, 0.0140118
1703, 72.48267, 0.0137964
1704, 71.35925, 0.0140136
1705, 72.3898, 0.0138141
1706, 71.69384, 0.0139482
1707, 71.89227, 0.0139097
1708, 71.10504, 0.0140637
1709, 71.64196, 0.0139583
1710, 72.26478, 0.013838
1711, 71.26162, 0.0140328
1712, 71.42041, 0.0140016
1713, 72.02691, 0.0138837
1714, 70.34822, 0.014215
1715, 72.92829, 0.0137121
1716, 73.06737, 0.013686
1717, 71.59273, 0.0139679
1718, 72.27314, 0.0138364
1719, 71.4689, 0.0139921
1720, 70.92551, 0.0140993
1721, 72.56052, 0.0137816
1722, 71.36791, 0.0140119
1723, 72.22407, 0.0138458
1724, 71.42245, 0.0140012
1725, 71.604, 0.0139657
1726, 69.80803, 0.014325
1727, 75.4108, 0.0132607
1728, 70.4672, 0.014191
1729, 71.80865, 0.0139259
1730, 71.68048, 0.0139508
1731, 71.93158, 0.0139021
1732, 70.70235, 0.0141438
1733, 72.87673, 0.0137218
1734, 72.18027, 0.0138542
1735, 71.7355, 0.0139401
1736, 72.55367, 0.0137829
1737, 72.13654, 0.0138626
1738, 70.92651, 0.0140991
1739, 72.77596, 0.0137408
1740, 71.973, 0.0138941
1741, 71.67739, 0.0139514
1742, 71.9958, 0.0138897
1743, 71.49751, 0.0139865
1744, 71.83805, 0.0139202
1745, 71.70361, 0.0139463
1746, 71.69487, 0.013948
1747, 71.53997, 0.0139782
1748, 72.07519, 0.0138744
1749, 72.04974, 0.0138793
1750, 69.61607, 0.0143645
1751, 74.16252, 0.0134839
1752, 71.94659, 0.0138992
1753, 71.71286, 0.0139445
1754, 71.64761, 0.0139572
1755, 71.67739, 0.0139514
1756, 72.41287, 0.0138097
1757, 71.0626, 0.0140721
1758, 71.91813, 0.0139047
1759, 72.45747, 0.0138012
1760, 71.50723, 0.0139846
1761, 70.6115, 0.014162
1762, 73.11598, 0.0136769
1763, 72.45326, 0.013802
1764, 70.6579, 0.0141527
1765, 72.5721, 0.0137794
1766, 70.87825, 0.0141087
1767, 72.65752, 0.0137632
1768, 70.61498, 0.0141613
1769, 72.37095, 0.0138177
1770, 72.38561, 0.0138149
1771, 71.99943, 0.013889
1772, 72.22094, 0.0138464
1773, 70.05598, 0.0142743
1774, 73.81654, 0.0135471
1775, 71.74425, 0.0139384
1776, 71.79885, 0.0139278
1777, 71.24537, 0.014036
1778, 72.31966, 0.0138275
1779, 70.58907, 0.0141665
1780, 72.7495, 0.0137458
1781, 71.45818, 0.0139942
1782, 72.27209, 0.0138366
1783, 71.5415, 0.0139779
1784, 70.42899, 0.0141987
1785, 73.52887, 0.0136001
1786, 70.37743, 0.0142091
1787, 73.27188, 0.0136478
1788, 71.02171, 0.0140802
1789, 72.66914, 0.013761
1790, 72.08818, 0.0138719
1791, 71.1916, 0.0140466
1792, 71.63426, 0.0139598
1793, 72.70295, 0.0137546
1794, 71.58862, 0.0139687
1795, 71.67226, 0.0139524
1796, 71.5236, 0.0139814
1797, 72.27522, 0.013836
1798, 71.26517, 0.0140321
1799, 71.46124, 0.0139936
1800, 71.20529, 0.0140439
1801, 73.02948, 0.0136931
1802, 70.84712, 0.0141149
1803, 73.46945, 0.0136111
1804, 71.43317, 0.0139991
1805, 71.44184, 0.0139974
1806, 70.8416, 0.014116
1807, 73.38965, 0.0136259
1808, 71.77, 0.0139334
1809, 71.80555, 0.0139265
1810, 70.89433, 0.0141055
1811, 72.88523, 0.0137202
1812, 72.10897, 0.0138679
1813, 71.37759, 0.01401
1814, 72.11573, 0.0138666
1815, 70.01673, 0.0142823
1816, 74.15372, 0.0134855
1817, 69.5125, 0.0143859
1818, 72.77861, 0.0137403
1819, 72.7998, 0.0137363
1820, 72.26269, 0.0138384
1821, 70.11147, 0.014263
1822, 72.79769, 0.0137367
1823, 72.2747, 0.0138361
1824, 72.17819, 0.0138546
1825, 71.83031, 0.0139217
1826, 71.85147, 0.0139176
1827, 71.17843, 0.0140492
1828, 72.22824, 0.013845
1829, 68.41489, 0.0146167
1830, 75.58693, 0.0132298
1831, 72.27731, 0.0138356
1832, 71.51694, 0.0139827
1833, 70.59255, 0.0141658
1834, 72.99696, 0.0136992
1835, 71.88866, 0.0139104
1836, 71.61682, 0.0139632
1837, 71.35976, 0.0140135
1838, 72.88258, 0.0137207
1839, 70.29778, 0.0142252
1840, 72.01083, 0.0138868
1841, 72.71246, 0.0137528
1842, 72.10326, 0.013869
1843, 71.47605, 0.0139907
1844, 72.08142, 0.0138732
1845, 70.85516, 0.0141133
1846, 73.32507, 0.0136379
1847, 70.6579, 0.0141527
1848, 72.2653, 0.0138379
1849, 71.94141, 0.0139002
1850, 71.92226, 0.0139039
1851, 71.06412, 0.0140718
1852, 72.49686, 0.0137937
1853, 71.31651, 0.014022
1854, 72.14383, 0.0138612
1855, 71.77721, 0.013932
1856, 71.89538, 0.0139091
1857, 71.98595, 0.0138916
1858, 71.5753, 0.0139713
1859, 71.48678, 0.0139886
1860, 72.3898, 0.0138141
1861, 71.46737, 0.0139924
1862, 71.61631, 0.0139633
1863, 72.2559, 0.0138397
1864, 70.80899, 0.0141225
1865, 72.02328, 0.0138844
1866, 72.71511, 0.0137523
1867, 71.30684, 0.0140239
1868, 72.41182, 0.0138099
1869, 71.68665, 0.0139496
1870, 71.38676, 0.0140082
1871, 71.9761, 0.0138935
1872, 71.44235, 0.0139973
1873, 71.81277, 0.0139251
1874, 72.48688, 0.0137956
1875, 71.6199, 0.0139626
1876, 71.68922, 0.0139491
1877, 71.37402, 0.0140107
1878, 72.61584, 0.0137711
1879, 72.32488, 0.0138265
1880, 71.3674, 0.014012
1881, 71.48065, 0.0139898
1882, 72.39924, 0.0138123
1883, 70.27111, 0.0142306
1884, 73.38857, 0.0136261
1885, 71.9787, 0.013893
1886, 71.45715, 0.0139944
1887, 72.06013, 0.0138773
1888, 71.39848, 0.0140059
1889, 72.11002, 0.0138677
1890, 71.83701, 0.0139204
1891, 71.91968, 0.0139044
1892, 71.8716, 0.0139137
1893, 71.97662, 0.0138934
1894, 72.2079, 0.0138489
1895, 70.25284, 0.0142343
1896, 73.02895, 0.0136932
1897, 71.81741, 0.0139242
1898, 71.29261, 0.0140267
1899, 71.60246, 0.013966
1900, 72.59634, 0.0137748
1901, 71.16627, 0.0140516
1902, 71.97817, 0.0138931
1903, 71.23167, 0.0140387
1904, 72.52789, 0.0137878
1905, 71.27075, 0.014031
1906, 72.72833, 0.0137498
1907, 71.84837, 0.0139182
1908, 59.26312, 0.0168739
1909, 53.5481, 0.0186748
1910, 160.5703, 0.0062278
1911, 71.97714, 0.0138933
1912, 71.0081, 0.0140829
1913, 71.91554, 0.0139052
1914, 72.26635, 0.0138377
1915, 72.00047, 0.0138888
1916, 70.34773, 0.0142151
1917, 72.78073, 0.0137399
1918, 72.70084, 0.013755
1919, 70.70186, 0.0141439
1920, 72.39294, 0.0138135
1921, 71.99165, 0.0138905
1922, 72.11105, 0.0138675
1923, 71.57069, 0.0139722
1924, 71.9875, 0.0138913
1925, 71.48831, 0.0139883
1926, 72.35942, 0.0138199
1927, 71.06109, 0.0140724
1928, 72.19591, 0.0138512
1929, 71.81432, 0.0139248
1930, 71.98595, 0.0138916
1931, 71.70309, 0.0139464
1932, 71.90365, 0.0139075
1933, 35.87032, 0.0278782
1934, 72.00201, 0.0138885
1935, 72.00668, 0.0138876
1936, 71.67688, 0.0139515
1937, 71.71903, 0.0139433
1938, 71.37759, 0.01401
1939, 72.7961, 0.013737
1940, 71.70618, 0.0139458
1941, 71.30531, 0.0140242
1942, 72.52526, 0.0137883
1943, 72.17611, 0.013855
1944, 71.35059, 0.0140153
1945, 71.72984, 0.0139412
1946, 72.05234, 0.0138788
1947, 72.03832, 0.0138815
1948, 71.8587, 0.0139162
1949, 68.95838, 0.0145015
1950, 74.1169, 0.0134922
1951, 72.01965, 0.0138851
1952, 71.54407, 0.0139774
1953, 71.63477, 0.0139597
1954, 72.32645, 0.0138262
1955, 72.53789, 0.0137859
1956, 70.72736, 0.0141388
1957, 71.77102, 0.0139332
1958, 72.11781, 0.0138662
1959, 72.69186, 0.0137567
1960, 71.12628, 0.0140595
1961, 72.53368, 0.0137867
1962, 71.96264, 0.0138961
1963, 71.22913, 0.0140392
1964, 72.74208, 0.0137472
1965, 70.811, 0.0141221
1966, 72.59212, 0.0137756
1967, 71.53793, 0.0139786
1968, 71.84218, 0.0139194
1969, 71.75042, 0.0139372
1970, 71.10302, 0.0140641
1971, 71.47146, 0.0139916
1972, 73.07698, 0.0136842
1973, 70.92651, 0.0140991
1974, 72.49739, 0.0137936
1975, 72.22146, 0.0138463
1976, 71.26923, 0.0140313
1977, 72.36204, 0.0138194
1978, 71.4449, 0.0139968
1979, 71.57121, 0.0139721
1980, 72.21781, 0.013847
1981, 71.52615, 0.0139809
1982, 72.23972, 0.0138428
1983, 71.62298, 0.013962
1984, 72.35052, 0.0138216
1985, 70.4672, 0.014191
1986, 73.20859, 0.0136596
1987, 71.91709, 0.0139049
1988, 71.80452, 0.0139267
1989, 71.24689, 0.0140357
1990, 72.2392, 0.0138429
1991, 72.19174, 0.013852
1992, 71.26974, 0.0140312
1993, 70.68587, 0.0141471
1994, 71.65377, 0.013956
1995, 73.84489, 0.0135419
1996, 71.24385, 0.0140363
1997, 70.83006, 0.0141183
1998, 73.34174, 0.0136348
1999, 71.99994, 0.0138889
2000, 71.40562, 0.0140045
2001, 71.86541, 0.0139149
2002, 72.04507, 0.0138802
2003, 71.20174, 0.0140446
2004, 71.45154, 0.0139955
2005, 73.16948, 0.0136669
2006, 71.63786, 0.0139591
2007, 70.94262, 0.0140959
2008, 72.51106, 0.013791
2009, 71.19312, 0.0140463
2010, 72.37252, 0.0138174
2011, 71.753, 0.0139367
2012, 71.46022, 0.0139938
2013, 72.26164, 0.0138386
2014, 70.31162, 0.0142224
2015, 72.90915, 0.0137157
2016, 72.27836, 0.0138354
2017, 71.91244, 0.0139058
2018, 71.77205, 0.013933
2019, 72.27366, 0.0138363
2020, 71.58811, 0.0139688
2021, 70.91746, 0.0141009
2022, 72.32018, 0.0138274
2023, 72.0513, 0.013879
2024, 72.46377, 0.0138
2025, 71.0631, 0.014072
2026, 72.31338, 0.0138287
2027, 69.70293, 0.0143466
2028, 74.29089, 0.0134606
2029, 71.48678, 0.0139886
2030, 72.29142, 0.0138329
2031, 71.7566, 0.013936
2032, 71.41327, 0.014003
2033, 70.9819, 0.0140881
2034, 73.23969, 0.0136538
2035, 71.60041, 0.0139664
2036, 70.94362, 0.0140957
2037, 72.01394, 0.0138862
2038, 71.7942, 0.0139287
2039, 70.76089, 0.0141321
2040, 73.17698, 0.0136655
2041, 72.28619, 0.0138339
2042, 70.73286, 0.0141377
2043, 72.33378, 0.0138248
2044, 71.80349, 0.0139269
2045, 71.10049, 0.0140646
2046, 73.17484, 0.0136659
2047, 71.76124, 0.0139351
2048, 71.56147, 0.013974
2049, 71.02171, 0.0140802
2050, 72.43858, 0.0138048
2051, 71.29871, 0.0140255
2052, 72.87886, 0.0137214
2053, 71.24131, 0.0140368
2054, 68.15749, 0.0146719
2055, 76.30093, 0.013106
2056, 71.73705, 0.0139398
2057, 71.61631, 0.0139633
2058, 72.08818, 0.0138719
2059, 72.13342, 0.0138632
2060, 71.86541, 0.0139149
2061, 71.96004, 0.0138966
2062, 71.7566, 0.013936
2063, 71.02626, 0.0140793
2064, 72.5442, 0.0137847
2065, 72.28828, 0.0138335
2066, 72.15476, 0.0138591
2067, 70.78493, 0.0141273
2068, 71.09342, 0.014066
2069, 73.25524, 0.0136509
2070, 71.41786, 0.0140021
2071, 71.23065, 0.0140389
2072, 72.36518, 0.0138188
2073, 71.34602, 0.0140162
2074, 72.47217, 0.0137984
2075, 71.83186, 0.0139214
2076, 71.86231, 0.0139155
2077, 71.07927, 0.0140688
2078, 72.45064, 0.0138025
2079, 72.02691, 0.0138837
2080, 71.59682, 0.0139671
2081, 71.52615, 0.0139809
2082, 70.56466, 0.0141714
2083, 73.69903, 0.0135687
2084, 71.31142, 0.014023
2085, 71.33889, 0.0140176
2086, 72.2439, 0.013842
2087, 72.1558, 0.0138589
2088, 71.59785, 0.0139669
2089, 72.186, 0.0138531
2090, 71.46481, 0.0139929
2091, 72.27522, 0.013836
2092, 70.97484, 0.0140895
2093, 71.25501, 0.0140341
2094, 73.48564, 0.0136081
2095, 71.20276, 0.0140444
2096, 72.42703, 0.013807
2097, 70.25629, 0.0142336
2098, 73.85033, 0.0135409
2099, 71.81844, 0.013924
2100, 70.85415, 0.0141135
2101, 72.44959, 0.0138027
2102, 71.94245, 0.0139
2103, 71.63786, 0.0139591
2104, 70.78092, 0.0141281
2105, 73.13684, 0.013673
2106, 71.31243, 0.0140228
2107, 72.05701, 0.0138779
2108, 72.03573, 0.013882
2109, 71.13995, 0.0140568
2110, 72.22355, 0.0138459
2111, 70.68687, 0.0141469
2112, 73.10583, 0.0136788
2113, 71.73602, 0.01394
2114, 70.66139, 0.014152
2115, 72.20164, 0.0138501
2116, 72.65171, 0.0137643
2117, 71.56506, 0.0139733
2118, 72.15112, 0.0138598
2119, 71.50365, 0.0139853
2120, 72.12405, 0.013865
2121, 71.69795, 0.0139474
2122, 71.36689, 0.0140121
2123, 71.36282, 0.0140129
2124, 72.96235, 0.0137057
2125, 71.38727, 0.0140081
2126, 70.36703, 0.0142112
2127, 73.48079, 0.013609
2128, 70.87574, 0.0141092
2129, 72.45064, 0.0138025
2130, 72.31599, 0.0138282
2131, 71.96212, 0.0138962
2132, 71.53178, 0.0139798
2133, 71.68716, 0.0139495
2134, 72.69555, 0.013756
2135, 71.27177, 0.0140308
2136, 71.61528, 0.0139635
2137, 71.46737, 0.0139924
2138, 71.99476, 0.0138899
2139, 72.64433, 0.0137657
2140, 70.63145, 0.014158
2141, 73.47107, 0.0136108
2142, 70.80949, 0.0141224
2143, 72.96501, 0.0137052
2144, 70.40766, 0.014203
2145, 73.07378, 0.0136848
2146, 72.02328, 0.0138844
2147, 71.46226, 0.0139934
2148, 71.07624, 0.0140694
2149, 72.69872, 0.0137554
2150, 71.26466, 0.0140322
2151, 71.73705, 0.0139398
2152, 72.30501, 0.0138303
2153, 71.59682, 0.0139671
2154, 71.77772, 0.0139319
2155, 71.37453, 0.0140106
2156, 72.08974, 0.0138716
2157, 71.25654, 0.0140338
2158, 71.94245, 0.0139
2159, 72.34843, 0.013822
2160, 70.72986, 0.0141383
2161, 72.75743, 0.0137443
2162, 72.69661, 0.0137558
2163, 71.34398, 0.0140166
2164, 71.69795, 0.0139474
2165, 71.66404, 0.013954
2166, 71.54816, 0.0139766
2167, 72.18549, 0.0138532
2168, 71.7067, 0.0139457
2169, 70.68687, 0.0141469
2170, 72.85815, 0.0137253
2171, 72.13238, 0.0138634
2172, 70.15132, 0.0142549
2173, 72.0295, 0.0138832
2174, 72.17715, 0.0138548
2175, 72.1459, 0.0138608
2176, 72.04248, 0.0138807
2177, 70.73887, 0.0141365
2178, 71.57581, 0.0139712
2179, 72.87408, 0.0137223
2180, 72.45747, 0.0138012
2181, 70.86921, 0.0141105
2182, 72.20477, 0.0138495
2183, 70.25037, 0.0142348
2184, 74.29531, 0.0134598
2185, 73.12508, 0.0136752
2186, 70.47366, 0.0141897
2187, 72.186, 0.0138531
2188, 72.35733, 0.0138203
2189, 71.04796, 0.014075
2190, 70.5149, 0.0141814
2191, 71.63273, 0.0139601
2192, 74.0061, 0.0135124
2193, 72.03884, 0.0138814
2194, 71.24232, 0.0140366
2195, 72.39977, 0.0138122
2196, 70.74287, 0.0141357
2197, 71.69743, 0.0139475
2198, 72.97353, 0.0137036
2199, 71.94504, 0.0138995
2200, 71.22558, 0.0140399
2201, 71.72366, 0.0139424
2202, 71.06765, 0.0140711
2203, 70.41659, 0.0142012
2204, 74.36492, 0.0134472
2205, 71.01668, 0.0140812
2206, 72.85072, 0.0137267
2207, 71.78648, 0.0139302
2208, 70.42502, 0.0141995
2209, 73.32292, 0.0136383
2210, 71.61375, 0.0139638
2211, 71.83959, 0.0139199
2212, 71.99994, 0.0138889
2213, 70.17692, 0.0142497
2214, 71.16171, 0.0140525
2215, 74.07681, 0.0134995
2216, 71.0419, 0.0140762
2217, 72.2079, 0.0138489
2218, 72.64433, 0.0137657
2219, 71.61015, 0.0139645
2220, 71.25298, 0.0140345
2221, 72.23085, 0.0138445
2222, 71.81019, 0.0139256
2223, 72.06272, 0.0138768
2224, 71.43775, 0.0139982
2225, 70.58707, 0.0141669
2226, 73.49483, 0.0136064
2227, 71.6851, 0.0139499
2228, 72.13654, 0.0138626
2229, 70.96326, 0.0140918
2230, 72.73045, 0.0137494
2231, 71.31294, 0.0140227
2232, 71.74734, 0.0139378
2233, 72.08402, 0.0138727
2234, 70.85816, 0.0141127
2235, 72.00047, 0.0138888
2236, 72.66702, 0.0137614
2237, 71.56198, 0.0139739
2238, 71.68922, 0.0139491
2239, 72.24233, 0.0138423
2240, 71.56506, 0.0139733
2241, 71.83495, 0.0139208
2242, 70.6115, 0.014162
2243, 73.51698, 0.0136023
2244, 71.02929, 0.0140787
2245, 72.8295, 0.0137307
2246, 70.62097, 0.0141601
2247, 72.85603, 0.0137257
2248, 71.82463, 0.0139228
2249, 71.5149, 0.0139831
2250, 71.59375, 0.0139677
2251, 72.12717, 0.0138644
2252, 71.63273, 0.0139601
2253, 71.84373, 0.0139191
2254, 71.72263, 0.0139426
2255, 72.24076, 0.0138426
2256, 71.8365, 0.0139205
2257, 70.02213, 0.0142812
2258, 73.12935, 0.0136744
2259, 72.66861, 0.0137611
2260, 70.74487, 0.0141353
2261, 72.39347, 0.0138134
2262, 71.84888, 0.0139181
2263, 72.17455, 0.0138553
2264, 71.95021, 0.0138985
2265, 71.56659, 0.013973
2266, 72.29351, 0.0138325
2267, 70.99802, 0.0140849
2268, 72.21416, 0.0138477
2269, 70.22275, 0.0142404
2270, 73.53752, 0.0135985
2271, 71.45971, 0.0139939
2272, 71.98025, 0.0138927
2273, 71.11314, 0.0140621
2274, 72.41077, 0.0138101
2275, 71.74116, 0.013939
2276, 72.16726, 0.0138567
2277, 72.12822, 0.0138642
2278, 71.8334, 0.0139211
2279, 71.64042, 0.0139586
2280, 71.32311, 0.0140207
2281, 72.34634, 0.0138224
2282, 71.10555, 0.0140636
2283, 72.48215, 0.0137965
2284, 72.44697, 0.0138032
2285, 71.10858, 0.014063
2286, 71.35518, 0.0140144
2287, 72.60477, 0.0137732
2288, 71.27888, 0.0140294
2289, 71.12325, 0.0140601
2290, 71.98595, 0.0138916
2291, 73.13791, 0.0136728
2292, 69.23961, 0.0144426
2293, 73.86015, 0.0135391
2294, 72.3898, 0.0138141
2295, 72.1532, 0.0138594
2296, 71.31955, 0.0140214
2297, 71.97144, 0.0138944
2298, 70.88729, 0.0141069
2299, 72.51211, 0.0137908
2300, 72.23085, 0.0138445
2301, 71.31651, 0.014022
2302, 71.75609, 0.0139361
2303, 71.61221, 0.0139641
2304, 71.6702, 0.0139528
2305, 71.78905, 0.0139297
2306, 71.54304, 0.0139776
2307, 72.38613, 0.0138148
2308, 71.23775, 0.0140375
2309, 72.394, 0.0138133
2310, 71.8365, 0.0139205
2311, 71.18907, 0.0140471
2312, 72.40815, 0.0138106
2313, 71.02929, 0.0140787
2314, 72.78339, 0.0137394
2315, 72.3343, 0.0138247
2316, 71.16019, 0.0140528
2317, 71.7216, 0.0139428
2318, 71.7906, 0.0139294
2319, 72.68657, 0.0137577
2320, 71.55276, 0.0139757
2321, 71.88659, 0.0139108
2322, 71.6702, 0.0139528
2323, 69.75446, 0.014336
2324, 73.57378, 0.0135918
2325, 72.35262, 0.0138212
2326, 71.17286, 0.0140503
2327, 71.81123, 0.0139254
2328, 72.77385, 0.0137412
2329, 70.55022, 0.0141743
2330, 72.05286, 0.0138787
2331, 72.51526, 0.0137902
2332, 71.46686, 0.0139925
2333, 72.13238, 0.0138634
2334, 72.15112, 0.0138598
2335, 70.47315, 0.0141898
2336, 73.82253, 0.013546
2337, 70.53032, 0.0141783
2338, 72.77173, 0.0137416
2339, 71.13287, 0.0140582
2340, 71.73395, 0.0139404
2341, 72.19226, 0.0138519
2342, 71.84888, 0.0139181
2343, 71.30786, 0.0140237
2344, 71.28295, 0.0140286
2345, 72.03677, 0.0138818
2346, 71.13387, 0.014058
2347, 73.56294, 0.0135938
2348, 71.71235, 0.0139446
2349, 72.01083, 0.0138868
2350, 71.08836, 0.014067
2351, 73.10529, 0.0136789
2352, 71.1526, 0.0140543
2353, 71.0419, 0.0140762
2354, 72.88046, 0.0137211
2355, 72.19434, 0.0138515
2356, 71.01668, 0.0140812
2357, 70.33239, 0.0142182
2358, 71.02475, 0.0140796
2359, 72.71141, 0.013753
2360, 74.27048, 0.0134643
2361, 70.68037, 0.0141482
2362, 72.75478, 0.0137448
2363, 71.97455, 0.0138938
2364, 71.81329, 0.013925
2365, 70.41757, 0.014201
2366, 73.41174, 0.0136218
2367, 71.91296, 0.0139057
2368, 71.82773, 0.0139222
2369, 70.88177, 0.014108
2370, 71.80916, 0.0139258
2371, 71.44847, 0.0139961
2372, 71.95021, 0.0138985
2373, 72.78656, 0.0137388
2374, 71.34398, 0.0140166
2375, 72.07727, 0.013874
2376, 71.64196, 0.0139583
2377, 71.64864, 0.013957
2378, 71.88297, 0.0139115
2379, 71.39134, 0.0140073
2380, 72.27679, 0.0138357
2381, 71.65582, 0.0139556
2382, 70.26617, 0.0142316
2383, 72.48898, 0.0137952
2384, 72.6908, 0.0137569
2385, 72.35262, 0.0138212
2386, 71.71594, 0.0139439
2387, 71.85921, 0.0139161
2388, 71.59631, 0.0139672
2389, 71.42092, 0.0140015
2390, 72.03158, 0.0138828
2391, 72.30972, 0.0138294
2392, 70.54773, 0.0141748
2393, 72.73468, 0.0137486
2394, 70.62845, 0.0141586
2395, 72.73468, 0.0137486
2396, 72.437, 0.0138051
2397, 71.60913, 0.0139647
2398, 72.11261, 0.0138672
2399, 70.99953, 0.0140846
2400, 72.04455, 0.0138803
2401, 71.7252, 0.0139421
2402, 70.17101, 0.0142509
2403, 73.11331, 0.0136774
2404, 73.44355, 0.0136159
2405, 70.93003, 0.0140984
2406, 70.94563, 0.0140953
2407, 72.69027, 0.013757
2408, 72.19226, 0.0138519
2409, 71.96212, 0.0138962
2410, 72.06272, 0.0138768
2411, 71.37402, 0.0140107
2412, 71.57632, 0.0139711
2413, 71.75042, 0.0139372
2414, 72.35052, 0.0138216
2415, 72.07623, 0.0138742
2416, 71.6435, 0.013958
2417, 70.7649, 0.0141313
2418, 72.14227, 0.0138615
2419, 71.99735, 0.0138894
2420, 72.26112, 0.0138387
2421, 72.28671, 0.0138338
2422, 71.87264, 0.0139135
2423, 71.61169, 0.0139642
2424, 71.83856, 0.0139201
2425, 71.38217, 0.0140091
2426, 71.46532, 0.0139928
2427, 72.62744, 0.0137689
2428, 70.48259, 0.0141879
2429, 71.86334, 0.0139153
2430, 72.8364, 0.0137294
2431, 72.3207, 0.0138273
2432, 72.02535, 0.013884
2433, 71.44541, 0.0139967
2434, 71.63529, 0.0139596
2435, 71.56454, 0.0139734
2436, 71.77257, 0.0139329
2437, 72.28619, 0.0138339
2438, 70.83257, 0.0141178
2439, 71.70361, 0.0139463
2440, 72.33534, 0.0138245
2441, 71.93262, 0.0139019
2442, 72.74049, 0.0137475
2443, 71.23319, 0.0140384
2444, 71.29464, 0.0140263
2445, 72.57737, 0.0137784
2446, 71.753, 0.0139367
2447, 71.61631, 0.0139633
2448, 71.59375, 0.0139677
2449, 72.41969, 0.0138084
2450, 71.7252, 0.0139421
2451, 71.61785, 0.013963
2452, 71.973, 0.0138941
2453, 72.68446, 0.0137581
2454, 71.56557, 0.0139732
2455, 71.50826, 0.0139844
2456, 71.98025, 0.0138927
2457, 72.06429, 0.0138765
2458, 70.76089, 0.0141321
2459, 72.66016, 0.0137627
2460, 71.67637, 0.0139516
2461, 71.81432, 0.0139248
2462, 71.31396, 0.0140225
2463, 71.28752, 0.0140277
2464, 72.4328, 0.0138059
2465, 72.42126, 0.0138081
2466, 71.8004, 0.0139275
2467, 71.93986, 0.0139005
2468, 71.88245, 0.0139116
2469, 71.63631, 0.0139594
2470, 71.41735, 0.0140022
2471, 72.76962, 0.013742
2472, 71.41786, 0.0140021
2473, 71.77051, 0.0139333
2474, 70.44982, 0.0141945
2475, 72.81253, 0.0137339
2476, 71.81586, 0.0139245
2477, 71.5103, 0.013984
2478, 72.40343, 0.0138115
2479, 71.7973, 0.0139281
2480, 71.25603, 0.0140339
2481, 72.4622, 0.0138003
2482, 71.70772, 0.0139455
2483, 72.64222, 0.0137661
2484, 71.54765, 0.0139767
2485, 71.67175, 0.0139525
2486, 69.51927, 0.0143845
2487, 75.26324, 0.0132867
2488, 71.07725, 0.0140692
2489, 71.26771, 0.0140316
2490, 72.71194, 0.0137529
2491, 70.98391, 0.0140877
2492, 72.09026, 0.0138715
2493, 72.50159, 0.0137928
2494, 71.44643, 0.0139965
2495, 71.73241, 0.0139407
2496, 71.79885, 0.0139278
2497, 71.53229, 0.0139797
2498, 70.62646, 0.014159
2499, 74.36105, 0.0134479
2500, 71.63119, 0.0139604
2501, 71.59528, 0.0139674
2502, 71.81071, 0.0139255
2503, 70.56964, 0.0141704
2504, 71.01062, 0.0140824
2505, 74.78928, 0.0133709
2506, 71.94348, 0.0138998
2507, 70.98995, 0.0140865
2508, 72.05805, 0.0138777
2509, 70.1912, 0.0142468
2510, 72.12666, 0.0138645
2511, 59.40182, 0.0168345
2512, 53.58569, 0.0186617
2513, 163.7465, 0.006107
2514, 71.8205, 0.0139236
2515, 72.17819, 0.0138546
2516, 70.41956, 0.0142006
2517, 73.08125, 0.0136834
2518, 71.21696, 0.0140416
2519, 72.33378, 0.0138248
2520, 70.22521, 0.0142399
2521, 74.06255, 0.0135021
2522, 70.85565, 0.0141132
2523, 72.27157, 0.0138367
2524, 71.84063, 0.0139197
2525, 71.98335, 0.0138921
2526, 71.80865, 0.0139259
2527, 72.00616, 0.0138877
2528, 71.27837, 0.0140295
2529, 71.64299, 0.0139581
2530, 72.3343, 0.0138247
2531, 71.5917, 0.0139681
2532, 71.68562, 0.0139498
2533, 71.96056, 0.0138965
2534, 71.41582, 0.0140025
2535, 72.35733, 0.0138203
2536, 72.0622, 0.0138769
2537, 71.38371, 0.0140088
2538, 72.0622, 0.0138769
2539, 72.08922, 0.0138717
2540, 71.4097, 0.0140037
2541, 70.50446, 0.0141835
2542, 71.63683, 0.0139593
2543, 72.98844, 0.0137008
2544, 72.89214, 0.0137189
2545, 71.17235, 0.0140504
2546, 70.92752, 0.0140989
2547, 72.72621, 0.0137502
2548, 71.77772, 0.0139319
2549, 71.3623, 0.014013
2550, 72.30972, 0.0138294
2551, 72.21729, 0.0138471
2552, 70.47465, 0.0141895
2553, 72.18237, 0.0138538
2554, 71.75403, 0.0139365
2555, 73.11705, 0.0136767
2556, 71.25806, 0.0140335
2557, 71.67945, 0.013951
2558, 72.71616, 0.0137521
2559, 71.46175, 0.0139935
2560, 71.32261, 0.0140208
2561, 72.26164, 0.0138386
2562, 71.22659, 0.0140397
2563, 71.45562, 0.0139947
2564, 72.6438, 0.0137658
2565, 70.74037, 0.0141362
2566, 72.93361, 0.0137111
2567, 71.45511, 0.0139948
2568, 71.42448, 0.0140008
2569, 72.17455, 0.0138553
2570, 72.16882, 0.0138564
2571, 71.2134, 0.0140423
2572, 72.04507, 0.0138802
2573, 72.06636, 0.0138761
2574, 72.62798, 0.0137688
2575, 68.6733, 0.0145617
2576, 75.55724, 0.013235
2577, 70.78143, 0.014128
2578, 70.4667, 0.0141911
2579, 73.23003, 0.0136556
2580, 72.19695, 0.013851
2581, 71.76793, 0.0139338
2582, 71.5369, 0.0139788
2583, 72.10326, 0.013869
2584, 71.57325, 0.0139717
2585, 71.63991, 0.0139587
2586, 72.40553, 0.0138111
2587, 71.4689, 0.0139921
2588, 71.97092, 0.0138945
2589, 70.12672, 0.0142599
2590, 72.9975, 0.0136991
2591, 72.76855, 0.0137422
2592, 72.0648, 0.0138764
2593, 70.89283, 0.0141058
2594, 72.5621, 0.0137813
2595, 71.67329, 0.0139522
2596, 71.2403, 0.014037
2597, 71.84218, 0.0139194
2598, 72.27731, 0.0138356
2599, 71.5369, 0.0139788
2600, 72.02224, 0.0138846
2601, 68.31768, 0.0146375
2602, 75.78801, 0.0131947
2603, 71.73807, 0.0139396
2604, 71.81792, 0.0139241
2605, 71.7669, 0.013934
2606, 71.78802, 0.0139299
2607, 71.4097, 0.0140037
2608, 71.43674, 0.0139984
2609, 72.3139, 0.0138286
2610, 71.44898, 0.013996
2611, 72.43018, 0.0138064
2612, 69.0789, 0.0144762
2613, 73.39935, 0.0136241
2614, 72.80988, 0.0137344
2615, 72.63377, 0.0137677
2616, 71.13235, 0.0140583
2617, 71.69743, 0.0139475
2618, 71.93262, 0.0139019
2619, 70.84962, 0.0141144
2620, 73.17912, 0.0136651
2621, 71.90158, 0.0139079
2622, 71.73653, 0.0139399
2623, 71.62144, 0.0139623
2624, 70.73337, 0.0141376
2625, 72.59054, 0.0137759
2626, 70.94161, 0.0140961
2627, 72.12354, 0.0138651
2628, 72.05856, 0.0138776
2629, 71.49854, 0.0139863
2630, 72.29456, 0.0138323
2631, 71.42857, 0.014
2632, 72.66438, 0.0137619
2633, 71.88918, 0.0139103
2634, 69.54248, 0.0143797
2635, 75.23209, 0.0132922
2636, 70.83206, 0.0141179
2637, 72.29874, 0.0138315
2638, 72.15267, 0.0138595
2639, 72.24337, 0.0138421
2640, 70.83408, 0.0141175
2641, 72.70454, 0.0137543
2642, 71.77205, 0.013933
2643, 71.51388, 0.0139833
2644, 71.33278, 0.0140188
2645, 70.84511, 0.0141153
2646, 73.25041, 0.0136518
2647, 71.09746, 0.0140652
2648, 72.94478, 0.013709
2649, 71.71492, 0.0139441
2650, 71.76021, 0.0139353
2651, 71.67842, 0.0139512
2652, 72.16153, 0.0138578
2653, 71.48422, 0.0139891
2654, 71.98077, 0.0138926
2655, 70.68636, 0.014147
2656, 73.25739, 0.0136505
2657, 70.77892, 0.0141285
2658, 72.2841, 0.0138343
2659, 72.39557, 0.013813
2660, 72.09702, 0.0138702
2661, 71.4352, 0.0139987
2662, 71.47452, 0.013991
2663, 71.68099, 0.0139507
2664, 72.24337, 0.0138421
2665, 72.01757, 0.0138855
2666, 71.30328, 0.0140246
2667, 71.31294, 0.0140227
2668, 72.98258, 0.0137019
2669, 69.51831, 0.0143847
2670, 74.59903, 0.013405
2671, 71.76381, 0.0139346
2672, 71.01819, 0.0140809
2673, 71.4046, 0.0140047
2674, 72.83109, 0.0137304
2675, 71.73859, 0.0139395
2676, 71.8716, 0.0139137
2677, 71.77617, 0.0139322
2678, 71.04947, 0.0140747
2679, 70.72286, 0.0141397
2680, 73.8547, 0.0135401
2681, 71.76587, 0.0139342
2682, 70.77992, 0.0141283
2683, 72.53526, 0.0137864
2684, 71.76433, 0.0139345
2685, 71.31802, 0.0140217
2686, 72.93786, 0.0137103
2687, 71.10049, 0.0140646
2688, 72.34947, 0.0138218
2689, 71.37555, 0.0140104
2690, 71.63477, 0.0139597
2691, 70.72636, 0.014139
2692, 72.04819, 0.0138796
2693, 72.86399, 0.0137242
2694, 72.80193, 0.0137359
2695, 71.40868, 0.0140039
2696, 71.29261, 0.0140267
2697, 71.86231, 0.0139155
2698, 72.21729, 0.0138471
2699, 71.34958, 0.0140155
2700, 71.46839, 0.0139922
2701, 70.69736, 0.0141448
2702, 73.89672, 0.0135324
2703, 71.67893, 0.0139511
2704, 71.27736, 0.0140297
2705, 72.70718, 0.0137538
2706, 71.83392, 0.013921
2707, 71.91813, 0.0139047
2708, 69.63546, 0.0143605
2709, 74.23849, 0.0134701
2710, 72.15112, 0.0138598
2711, 70.88479, 0.0141074
2712, 70.51192, 0.014182
2713, 71.44541, 0.0139967
2714, 74.45296, 0.0134313
2715, 71.17184, 0.0140505
2716, 72.13758, 0.0138624
2717, 72.16517, 0.0138571
2718, 71.4924, 0.0139875
2719, 71.0308, 0.0140784
2720, 72.63588, 0.0137673
2721, 71.5497, 0.0139763
2722, 71.55635, 0.013975
2723, 72.2486, 0.0138411
2724, 72.44592, 0.0138034
2725, 71.06866, 0.0140709
2726, 72.2956, 0.0138321
2727, 71.6702, 0.0139528
2728, 71.85973, 0.013916
2729, 71.85508, 0.0139169
2730, 71.38931, 0.0140077
2731, 71.19566, 0.0140458
2732, 71.58965, 0.0139685
2733, 72.32279, 0.0138269
2734, 72.4706, 0.0137987
2735, 69.67476, 0.0143524
2736, 73.51968, 0.0136018
2737, 72.44907, 0.0138028
2738, 71.79988, 0.0139276
2739, 72.56157, 0.0137814
2740, 71.76227, 0.0139349
2741, 71.60605, 0.0139653
2742, 72.10013, 0.0138696
2743, 70.42699, 0.0141991
2744, 72.8295, 0.0137307
2745, 72.08662, 0.0138722
2746, 71.10959, 0.0140628
2747, 72.32332, 0.0138268
2748, 71.82102, 0.0139235
2749, 70.74938, 0.0141344
2750, 72.18184, 0.0138539
2751, 72.18445, 0.0138534
2752, 70.83508, 0.0141173
2753, 72.73732, 0.0137481
2754, 70.45478, 0.0141935
2755, 72.66016, 0.0137627
2756, 72.49529, 0.013794
2757, 72.02743, 0.0138836
2758, 70.54027, 0.0141763
2759, 71.13185, 0.0140584
2760, 73.96723, 0.0135195
2761, 71.28346, 0.0140285
2762, 72.34163, 0.0138233
2763, 71.91244, 0.0139058
2764, 70.76089, 0.0141321
2765, 72.30292, 0.0138307
2766, 72.38456, 0.0138151
2767, 71.01113, 0.0140823
2768, 70.91193, 0.014102
2769, 73.13577, 0.0136732
2770, 71.32616, 0.0140201
2771, 72.97033, 0.0137042
2772, 71.71286, 0.0139445
2773, 70.99651, 0.0140852
2774, 71.69589, 0.0139478
2775, 71.40256, 0.0140051
2776, 72.21051, 0.0138484
2777, 71.31142, 0.014023
2778, 73.40958, 0.0136222
2779, 71.39848, 0.0140059
2780, 71.44541, 0.0139967
2781, 71.82463, 0.0139228
2782, 71.3567, 0.0140141
2783, 73.11813, 0.0136765
2784, 71.34754, 0.0140159
2785, 71.96833, 0.013895
2786, 71.73705, 0.0139398
2787, 71.53946, 0.0139783
2788, 69.86948, 0.0143124
2789, 73.15556, 0.0136695
2790, 73.3848, 0.0136268
2791, 71.84269, 0.0139193
2792, 71.61272, 0.013964
2793, 72.17976, 0.0138543
2794, 71.42398, 0.0140009
2795, 71.81432, 0.0139248
2796, 72.12978, 0.0138639
2797, 71.35162, 0.0140151
2798, 71.77566, 0.0139323
2799, 70.64941, 0.0141544
2800, 72.65435, 0.0137638
2801, 72.77967, 0.0137401
2802, 71.47861, 0.0139902
2803, 71.23827, 0.0140374
2804, 72.75426, 0.0137449
2805, 71.44389, 0.013997
2806, 70.13213, 0.0142588
2807, 73.59001, 0.0135888
2808, 71.72417, 0.0139423
2809, 23.97076, 0.0417175
2810, 70.96225, 0.014092
2811, 72.29456, 0.0138323
2812, 72.4286, 0.0138067
2813, 71.10352, 0.014064
2814, 72.45904, 0.0138009
2815, 71.97559, 0.0138936
2816, 69.74084, 0.0143388
2817, 73.58244, 0.0135902
2818, 71.77566, 0.0139323
2819, 71.20782, 0.0140434
2820, 70.52783, 0.0141788
2821, 73.90546, 0.0135308
2822, 71.46481, 0.0139929
2823, 71.41378, 0.0140029
2824, 72.26425, 0.0138381
2825, 71.36434, 0.0140126
2826, 72.7495, 0.0137458
2827, 71.59477, 0.0139675
2828, 71.8236, 0.013923
2829, 72.31547, 0.0138283
2830, 70.61648, 0.014161
2831, 70.0928, 0.0142668
2832, 75.15181, 0.0133064
2833, 70.77692, 0.0141289
2834, 71.82618, 0.0139225
2835, 72.19018, 0.0138523
2836, 71.55225, 0.0139758
2837, 71.3343, 0.0140185
2838, 72.50159, 0.0137928
2839, 71.61169, 0.0139642
2840, 71.73859, 0.0139395
2841, 70.79145, 0.014126
2842, 72.50527, 0.0137921
2843, 71.44439, 0.0139969
2844, 72.9352, 0.0137108
2845, 71.55021, 0.0139762
2846, 72.05182, 0.0138789
2847, 71.25349, 0.0140344
2848, 72.26373, 0.0138382
2849, 70.45429, 0.0141936
2850, 71.71955, 0.0139432
2851, 72.46535, 0.0137997
2852, 71.63067, 0.0139605
2853, 69.88071, 0.0143101
2854, 73.69305, 0.0135698
2855, 72.7961, 0.013737
2856, 71.04796, 0.014075
2857, 72.39977, 0.0138122
2858, 72.17246, 0.0138557
2859, 72.05909, 0.0138775
2860, 71.78493, 0.0139305
2861, 70.70936, 0.0141424
2862, 72.41025, 0.0138102
2863, 72.08454, 0.0138726
2864, 70.26173, 0.0142325
2865, 73.65126, 0.0135775
2866, 72.25016, 0.0138408
2867, 70.74888, 0.0141345
2868, 72.37985, 0.013816
2869, 70.72385, 0.0141395
2870, 73.04015, 0.0136911
2871, 71.16627, 0.0140516
2872, 72.3139, 0.0138286
2873, 71.59888, 0.0139667
2874, 71.718, 0.0139435
2875, 71.37911, 0.0140097
2876, 72.57842, 0.0137782
2877, 71.62862, 0.0139609
2878, 71.93882, 0.0139007
2879, 72.2439, 0.013842
2880, 71.8716, 0.0139137
2881, 71.55686, 0.0139749
2882, 72.20895, 0.0138487
2883, 71.3221, 0.0140209
2884, 71.53844, 0.0139785
2885, 71.90779, 0.0139067
2886, 71.84734, 0.0139184
2887, 72.27784, 0.0138355
2888, 71.86851, 0.0139143
2889, 70.98341, 0.0140878
2890, 72.29926, 0.0138314
2891, 71.61169, 0.0139642
2892, 71.60093, 0.0139663
2893, 72.25433, 0.01384
2894, 71.81689, 0.0139243
2895, 70.44982, 0.0141945
2896, 73.52779, 0.0136003
2897, 71.9295, 0.0139025
2898, 71.77308, 0.0139328
2899, 71.60657, 0.0139652
2900, 72.58791, 0.0137764
2901, 71.05048, 0.0140745
2902, 72.30135, 0.013831
2903, 70.24938, 0.014235
2904, 72.93148, 0.0137115
2905, 71.91658, 0.013905
2906, 71.14298, 0.0140562
2907, 71.8365, 0.0139205
2908, 72.31966, 0.0138275
2909, 71.98802, 0.0138912
2910, 71.67637, 0.0139516
2911, 72.25225, 0.0138404
2912, 72.16309, 0.0138575
2913, 70.94161, 0.0140961
2914, 68.73277, 0.0145491
2915, 76.0358, 0.0131517
2916, 71.35416, 0.0140146
2917, 71.00306, 0.0140839
2918, 70.813, 0.0141217
2919, 73.48943, 0.0136074
2920, 72.12614, 0.0138646
2921, 70.02703, 0.0142802
2922, 73.56944, 0.0135926
2923, 71.91709, 0.0139049
2924, 71.14754, 0.0140553
2925, 72.49424, 0.0137942
2926, 72.44172, 0.0138042
2927, 71.07825, 0.014069
2928, 72.27836, 0.0138354
2929, 71.101, 0.0140645
2930, 72.50843, 0.0137915
2931, 71.70824, 0.0139454
2932, 69.88023, 0.0143102
2933, 73.73761, 0.0135616
2934, 72.7495, 0.0137458
2935, 71.78236, 0.013931
2936, 70.47514, 0.0141894
2937, 72.11937, 0.0138659
2938, 71.97921, 0.0138929
2939, 71.41684, 0.0140023
2940, 72.51526, 0.0137902
2941, 71.85302, 0.0139173
2942, 72.24233, 0.0138423
2943, 71.04997, 0.0140746
2944, 72.3699, 0.0138179
2945, 71.72675, 0.0139418
2946, 72.05026, 0.0138792
2947, 72.1381, 0.0138623
2948, 70.85766, 0.0141128
2949, 71.22811, 0.0140394
2950, 73.65614, 0.0135766
2951, 70.27357, 0.0142301
2952, 72.6285, 0.0137687
2953, 71.54048, 0.0139781
2954, 71.50519, 0.013985
2955, 72.13706, 0.0138625
2956, 72.34791, 0.0138221
2957, 71.44797, 0.0139962
2958, 71.70155, 0.0139467
2959, 71.93675, 0.0139011
2960, 71.54611, 0.013977
2961, 68.68085, 0.0145601
2962, 72.30762, 0.0138298
2963, 71.31345, 0.0140226
2964, 76.65185, 0.013046
2965, 72.07986, 0.0138735
2966, 71.884, 0.0139113
2967, 70.70885, 0.0141425
2968, 72.76008, 0.0137438
2969, 70.70686, 0.0141429
2970, 72.78868, 0.0137384
2971, 72.17194, 0.0138558
2972, 71.21949, 0.0140411
2973, 71.81638, 0.0139244
2974, 71.37402, 0.0140107
2975, 72.72146, 0.0137511
2976, 71.59785, 0.0139669
2977, 72.15424, 0.0138592
2978, 71.24943, 0.0140352
2979, 71.76433, 0.0139345
2980, 71.76021, 0.0139353
2981, 71.10555, 0.0140636
2982, 73.04069, 0.013691
2983, 71.33634, 0.0140181
2984, 72.42913, 0.0138066
2985, 70.67038, 0.0141502
2986, 72.49686, 0.0137937
2987, 72.13758, 0.0138624
2988, 71.91761, 0.0139048
2989, 70.57611, 0.0141691
2990, 72.35523, 0.0138207
2991, 71.20377, 0.0140442
2992, 72.71722, 0.0137519
2993, 72.38352, 0.0138153
2994, 71.78391, 0.0139307
2995, 71.97921, 0.0138929
2996, 70.23015, 0.0142389
2997, 72.98844, 0.0137008
2998, 72.63061, 0.0137683
2999, 70.89131, 0.0141061
3000, 72.94851, 0.0137083
3001, 71.3944, 0.0140067
3002, 71.08887, 0.0140669
3003, 70.63893, 0.0141565
3004, 72.18966, 0.0138524
3005, 73.3708, 0.0136294
3006, 72.09181, 0.0138712
3007, 70.71386, 0.0141415
3008, 72.42493, 0.0138074
3009, 72.47375, 0.0137981
3010, 71.75866, 0.0139356
3011, 71.4352, 0.0139987
3012, 72.00772, 0.0138874
3013, 71.2799, 0.0140292
3014, 72.37356, 0.0138172
3015, 71.73344, 0.0139405
3016, 71.92641, 0.0139031
3017, 71.64915, 0.0139569
3018, 71.3104, 0.0140232
3019, 72.28149, 0.0138348
3020, 71.84166, 0.0139195
3021, 71.56608, 0.0139731
3022, 72.24546, 0.0138417
3023, 71.40154, 0.0140053
3024, 72.06584, 0.0138762
3025, 72.03002, 0.0138831
3026, 70.87725, 0.0141089
3027, 71.89486, 0.0139092
3028, 71.69641, 0.0139477
3029, 70.99298, 0.0140859
3030, 72.34634, 0.0138224
3031, 72.5321, 0.013787
3032, 71.33634, 0.0140181
3033, 70.50844, 0.0141827
3034, 72.57316, 0.0137792
3035, 71.01163, 0.0140822
3036, 73.6377, 0.01358
3037, 72.71828, 0.0137517
3038, 72.23294, 0.0138441
3039, 71.01566, 0.0140814
3040, 71.24385, 0.0140363
3041, 72.65646, 0.0137634
3042, 72.11729, 0.0138663
3043, 71.67637, 0.0139516
3044, 71.13792, 0.0140572
3045, 72.50738, 0.0137917
3046, 72.0861, 0.0138723
3047, 71.58196, 0.01397
3048, 71.38116, 0.0140093
3049, 71.52871, 0.0139804
3050, 70.7634, 0.0141316
3051, 71.7463, 0.013938
3052, 73.18019, 0.0136649
3053, 71.73498, 0.0139402
3054, 71.41939, 0.0140018
3055, 71.67893, 0.0139511
3056, 73.19572, 0.013662
3057, 71.9761, 0.0138935
3058, 70.61449, 0.0141614
3059, 72.67812, 0.0137593
3060, 71.98232, 0.0138923
3061, 70.66589, 0.0141511
3062, 70.3319, 0.0142183
3063, 74.73785, 0.0133801
3064, 70.72486, 0.0141393
3065, 72.79504, 0.0137372
3066, 71.19668, 0.0140456
3067, 72.49529, 0.013794
3068, 71.62759, 0.0139611
3069, 71.95435, 0.0138977
3070, 70.99903, 0.0140847
3071, 71.59785, 0.0139669
3072, 73.06203, 0.013687
3073, 71.3221, 0.0140209
3074, 71.30074, 0.0140251
3075, 71.44949, 0.0139959
3076, 70.7669, 0.0141309
3077, 73.75011, 0.0135593
3078, 71.45358, 0.0139951
3079, 72.27522, 0.013836
3080, 72.27261, 0.0138365
3081, 71.28701, 0.0140278
3082, 70.61399, 0.0141615
3083, 73.97161, 0.0135187
3084, 71.67893, 0.0139511
3085, 71.40511, 0.0140046
3086, 70.69786, 0.0141447
3087, 73.36811, 0.0136299
3088, 70.83959, 0.0141164
3089, 73.33583, 0.0136359
3090, 71.53895, 0.0139784
3091, 71.70258, 0.0139465
3092, 72.0565, 0.013878
3093, 71.70052, 0.0139469
3094, 70.71986, 0.0141403
3095, 72.53526, 0.0137864
3096, 72.04507, 0.0138802
3097, 70.81501, 0.0141213
3098, 72.42126, 0.0138081
3099, 72.13081, 0.0138637
3100, 70.83056, 0.0141182
3101, 71.80297, 0.013927
3102, 72.46692, 0.0137994
3103, 71.95176, 0.0138982
3104, 71.67277, 0.0139523
3105, 70.84612, 0.0141151
3106, 72.84117, 0.0137285
3107, 72.48688, 0.0137956
3108, 71.9559, 0.0138974
3109, 71.36384, 0.0140127
3110, 72.00876, 0.0138872
3111, 71.67945, 0.013951
3112, 70.497, 0.014185
3113, 72.3207, 0.0138273
3114, 73.09567, 0.0136807
3115, 71.1987, 0.0140452
3116, 71.59119, 0.0139682
3117, 71.58555, 0.0139693
3118, 58.32808, 0.0171444
3119, 54.28174, 0.0184224
3120, 167.2101, 0.0059805
3121, 70.95973, 0.0140925
3122, 72.40238, 0.0138117
3123, 71.89796, 0.0139086
3124, 70.72636, 0.014139
3125, 72.75108, 0.0137455
3126, 72.03832, 0.0138815
3127, 70.4662, 0.0141912
3128, 72.92829, 0.0137121
3129, 72.22198, 0.0138462
3130, 70.67088, 0.0141501
3131, 73.16252, 0.0136682
3132, 71.83237, 0.0139213
3133, 71.43061, 0.0139996
3134, 71.3221, 0.0140209
3135, 71.45154, 0.0139955
3136, 71.54202, 0.0139778
3137, 72.65013, 0.0137646
3138, 72.19174, 0.013852
3139, 71.04493, 0.0140756
3140, 72.41969, 0.0138084
3141, 72.02328, 0.0138844
3142, 71.24283, 0.0140365
3143, 72.21886, 0.0138468
3144, 72.25799, 0.0138393
3145, 57.63058, 0.0173519
3146, 87.89277, 0.0113775
3147, 73.37511, 0.0136286
3148, 64.63999, 0.0154703
3149, 63.55582, 0.0157342
3150, 100.9398, 0.0099069
3151, 71.6081, 0.0139649
3152, 71.08938, 0.0140668
3153, 65.39239, 0.0152923
3154, 60.28345, 0.0165883
3155, 95.91038, 0.0104264
3156, 72.63166, 0.0137681
3157, 70.49949, 0.0141845
3158, 71.40409, 0.0140048
3159, 71.66352, 0.0139541
3160, 71.71749, 0.0139436
3161, 72.52894, 0.0137876
3162, 72.0887, 0.0138718
3163, 75.08804, 0.0133177
3164, 72.42808, 0.0138068
3165, 71.82205, 0.0139233
3166, 66.44651, 0.0150497
3167, 75.01482, 0.0133307
3168, 68.58852, 0.0145797
3169, 71.91399, 0.0139055
3170, 59.2726, 0.0168712
3171, 67.29974, 0.0148589
3172, 71.27583, 0.01403
3173, 55.12132, 0.0181418
3174, 44.78882, 0.022327
3175, 92.45733, 0.0108158
3176, 72.31756, 0.0138279
3177, 70.92601, 0.0140992
3178, 66.67023, 0.0149992
3179, 71.41786, 0.0140021
3180, 77.10101, 0.01297
3181, 73.43546, 0.0136174
3182, 70.75639, 0.014133
3183, 73.22896, 0.0136558
3184, 70.23952, 0.014237
3185, 72.9927, 0.0137
3186, 71.89951, 0.0139083
3187, 71.82412, 0.0139229
3188, 69.26215, 0.0144379
3189, 68.05684, 0.0146936
3190, 75.8288, 0.0131876
3191, 74.85703, 0.0133588
3192, 69.77734, 0.0143313
3193, 72.42178, 0.013808
3194, 72.09181, 0.0138712
3195, 72.18497, 0.0138533
3196, 72.50632, 0.0137919
3197, 70.06039, 0.0142734
3198, 74.22307, 0.0134729
3199, 71.52974, 0.0139802
3200, 71.78391, 0.0139307
3201, 71.84425, 0.013919
3202, 68.39337, 0.0146213
3203, 75.17101, 0.013303
3204, 67.95232, 0.0147162
3205, 73.16573, 0.0136676
3206, 72.13342, 0.0138632
3207, 75.26097, 0.0132871
3208, 68.70113, 0.0145558
3209, 75.56865, 0.013233
3210, 63.64278, 0.0157127
3211, 82.86583, 0.0120677
3212, 70.66039, 0.0141522
3213, 70.49154, 0.0141861
3214, 71.25603, 0.0140339
3215, 72.92457, 0.0137128
3216, 72.24651, 0.0138415
3217, 73.24773, 0.0136523
3218, 71.42194, 0.0140013
3219, 69.73257, 0.0143405
3220, 72.91234, 0.0137151
3221, 70.55122, 0.0141741
3222, 70.92853, 0.0140987
3223, 72.33691, 0.0138242
3224, 74.02308, 0.0135093
3225, 69.05887, 0.0144804
3226, 73.2794, 0.0136464
3227, 72.89373, 0.0137186
3228, 72.87833, 0.0137215
3229, 74.49345, 0.013424
3230, 72.75532, 0.0137447
3231, 71.01113, 0.0140823
3232, 72.28201, 0.0138347
3233, 71.63734, 0.0139592
3234, 71.91244, 0.0139058
3235, 70.91293, 0.0141018
3236, 71.88763, 0.0139106
3237, 70.05695, 0.0142741
3238, 42.50291, 0.0235278
3239, 55.99104, 0.01786
3240, 72.38771, 0.0138145
3241, 70.94563, 0.0140953
3242, 72.41969, 0.0138084
3243, 71.17184, 0.0140505
3244, 20.443, 0.0489165
