Frame, FPS, Frame Time
62, 56.56749, 0.017678
63, 56.56749, 0.017678
64, 50, 0.02
65, 80.72589, 0.0123876
66, 62.79868, 0.0159239
67, 85.84206, 0.0116493
68, 80.84663, 0.0123691
69, 71.72572, 0.013942
70, 73.02255, 0.0136944
71, 64.25372, 0.0155633
72, 82.59412, 0.0121074
73, 70.41708, 0.0142011
74, 73.84489, 0.0135419
75, 65.48746, 0.0152701
76, 79.7569, 0.0125381
77, 69.8983, 0.0143065
78, 74.16637, 0.0134832
79, 64.57404, 0.0154861
80, 79.5583, 0.0125694
81, 74.06475, 0.0135017
82, 71.59888, 0.0139667
83, 71.72778, 0.0139416
84, 71.19363, 0.0140462
85, 72.3589, 0.01382
86, 70.80799, 0.0141227
87, 72.55999, 0.0137817
88, 71.66148, 0.0139545
89, 71.50519, 0.013985
90, 71.08482, 0.0140677
91, 72.1199, 0.0138658
92, 72.35157, 0.0138214
93, 71.8365, 0.0139205
94, 71.62862, 0.0139609
95, 71.01668, 0.0140812
96, 72.14747, 0.0138605
97, 71.92226, 0.0139039
98, 70.69986, 0.0141443
99, 72.43595, 0.0138053
100, 71.69846, 0.0139473
101, 71.31752, 0.0140218
102, 72.5742, 0.013779
103, 70.49303, 0.0141858
104, 72.52631, 0.0137881
105, 72.12302, 0.0138652
106, 70.98844, 0.0140868
107, 72.26948, 0.0138371
108, 71.28194, 0.0140288
109, 72.25172, 0.0138405
110, 71.57838, 0.0139707
111, 71.63786, 0.0139591
112, 71.49189, 0.0139876
113, 71.88453, 0.0139112
114, 70.93456, 0.0140975
115, 72.84595, 0.0137276
116, 71.08785, 0.0140671
117, 71.84734, 0.0139184
118, 71.39236, 0.0140071
119, 71.82979, 0.0139218
120, 71.23167, 0.0140387
121, 71.86076, 0.0139158
122, 72.21207, 0.0138481
123, 70.86369, 0.0141116
124, 71.17336, 0.0140502
125, 72.80511, 0.0137353
126, 70.50645, 0.0141831
127, 70.97081, 0.0140903
128, 39.92654, 0.025046
129, 59.5355, 0.0167967
130, 70.53828, 0.0141767
131, 71.45818, 0.0139942
132, 69.52894, 0.0143825
133, 41.22589, 0.0242566
134, 61.93369, 0.0161463
135, 69.69515, 0.0143482
136, 73.11598, 0.0136769
137, 72.14122, 0.0138617
138, 71.34907, 0.0140156
139, 71.84528, 0.0139188
140, 71.82308, 0.0139231
141, 71.37402, 0.0140107
142, 71.93003, 0.0139024
143, 71.62759, 0.0139611
144, 72.21364, 0.0138478
145, 70.98895, 0.0140867
146, 72.6111, 0.013772
147, 71.27329, 0.0140305
148, 70.90991, 0.0141024
149, 72.60846, 0.0137725
150, 69.26455, 0.0144374
151, 71.2982, 0.0140256
152, 71.41021, 0.0140036
153, 69.8812, 0.01431
154, 73.70446, 0.0135677
155, 71.61169, 0.0139642
156, 72.39504, 0.0138131
157, 69.96089, 0.0142937
158, 74.09054, 0.013497
159, 68.31161, 0.0146388
160, 73.19948, 0.0136613
161, 71.44847, 0.0139961
162, 72.25381, 0.0138401
163, 61.35045, 0.0162998
164, 38.28411, 0.0261205
165, 60.50522, 0.0165275
166, 96.03196, 0.0104132
167, 71.29718, 0.0140258
168, 72.06272, 0.0138768
169, 65.29333, 0.0153155
170, 79.17092, 0.0126309
171, 71.09948, 0.0140648
172, 72.45642, 0.0138014
173, 71.34703, 0.014016
174, 70.58358, 0.0141676
175, 73.7338, 0.0135623
176, 73.98803, 0.0135157
177, 39.51616, 0.0253061
178, 61.07318, 0.0163738
179, 71.81174, 0.0139253
180, 71.14096, 0.0140566
181, 72.42231, 0.0138079
182, 71.70772, 0.0139455
183, 70.83508, 0.0141173
184, 72.14122, 0.0138617
185, 72.20842, 0.0138488
186, 71.46686, 0.0139925
187, 72.25225, 0.0138404
188, 71.86851, 0.0139143
189, 71.2129, 0.0140424
190, 71.9052, 0.0139072
191, 71.12477, 0.0140598
192, 72.59581, 0.0137749
193, 71.69332, 0.0139483
194, 71.84631, 0.0139186
195, 70.25777, 0.0142333
196, 73.51914, 0.0136019
197, 71.82825, 0.0139221
198, 71.46635, 0.0139926
199, 71.49956, 0.0139861
200, 71.98906, 0.013891
201, 71.81226, 0.0139252
202, 71.93572, 0.0139013
203, 71.49087, 0.0139878
204, 72.19956, 0.0138505
205, 71.37249, 0.014011
206, 71.41429, 0.0140028
207, 72.08194, 0.0138731
208, 71.8334, 0.0139211
209, 72.12093, 0.0138656
210, 70.91796, 0.0141008
211, 72.50527, 0.0137921
212, 71.90882, 0.0139065
213, 70.71336, 0.0141416
214, 72.63852, 0.0137668
215, 71.32922, 0.0140195
216, 71.48678, 0.0139886
217, 72.56104, 0.0137815
218, 71.44184, 0.0139974
219, 71.24334, 0.0140364
220, 72.23607, 0.0138435
221, 71.74888, 0.0139375
222, 72.1381, 0.0138623
223, 71.55276, 0.0139757
224, 71.5456, 0.0139771
225, 70.45032, 0.0141944
226, 72.32174, 0.0138271
227, 73.10476, 0.013679
228, 71.56249, 0.0139738
229, 71.55994, 0.0139743
230, 71.49649, 0.0139867
231, 71.92537, 0.0139033
232, 71.99943, 0.013889
233, 71.48831, 0.0139883
234, 72.14851, 0.0138603
235, 70.80448, 0.0141234
236, 72.51211, 0.0137908
237, 68.53915, 0.0145902
238, 75.26663, 0.0132861
239, 71.81432, 0.0139248
240, 71.57223, 0.0139719
241, 71.50365, 0.0139853
242, 71.61477, 0.0139636
243, 71.19312, 0.0140463
244, 73.15824, 0.013669
245, 70.99903, 0.0140847
246, 71.26619, 0.0140319
247, 72.23607, 0.0138435
248, 72.02898, 0.0138833
249, 71.35976, 0.0140135
250, 72.10117, 0.0138694
251, 71.9818, 0.0138924
252, 71.59888, 0.0139667
253, 70.83006, 0.0141183
254, 72.76325, 0.0137432
255, 71.07775, 0.0140691
256, 71.80091, 0.0139274
257, 71.37351, 0.0140108
258, 72.44644, 0.0138033
259, 71.82825, 0.0139221
260, 71.10656, 0.0140634
261, 71.30023, 0.0140252
262, 73.45002, 0.0136147
263, 70.33536, 0.0142176
264, 72.95914, 0.0137063
265, 71.00911, 0.0140827
266, 72.44959, 0.0138027
267, 71.30786, 0.0140237
268, 71.13438, 0.0140579
269, 73.02362, 0.0136942
270, 69.45988, 0.0143968
271, 73.16252, 0.0136682
272, 72.90383, 0.0137167
273, 67.14203, 0.0148938
274, 69.81876, 0.0143228
275, 73.54293, 0.0135975
276, 72.85974, 0.013725
277, 71.46635, 0.0139926
278, 70.52137, 0.0141801
279, 72.99057, 0.0137004
280, 67.46, 0.0148236
281, 78.125, 0.0128
282, 69.38759, 0.0144118
283, 73.31647, 0.0136395
284, 71.82618, 0.0139225
285, 69.45071, 0.0143987
286, 72.4811, 0.0137967
287, 73.42522, 0.0136193
288, 70.65041, 0.0141542
289, 73.67568, 0.013573
290, 71.4781, 0.0139903
291, 73.80183, 0.0135498
292, 72.30292, 0.0138307
293, 71.69435, 0.0139481
294, 72.0404, 0.0138811
295, 68.06471, 0.0146919
296, 75.33524, 0.013274
297, 73.42198, 0.0136199
298, 65.60862, 0.0152419
299, 77.55966, 0.0128933
300, 72.65541, 0.0137636
301, 71.20326, 0.0140443
302, 71.00407, 0.0140837
303, 72.41549, 0.0138092
304, 70.01527, 0.0142826
305, 74.35884, 0.0134483
306, 72.80511, 0.0137353
307, 71.89641, 0.0139089
308, 70.97031, 0.0140904
309, 72.86134, 0.0137247
310, 71.85818, 0.0139163
311, 70.59554, 0.0141652
312, 72.24337, 0.0138421
313, 71.86748, 0.0139145
314, 70.5801, 0.0141683
315, 72.93946, 0.01371
316, 71.67585, 0.0139517
317, 71.55994, 0.0139743
318, 72.31808, 0.0138278
319, 70.92098, 0.0141002
320, 72.02743, 0.0138836
321, 71.99735, 0.0138894
322, 71.58504, 0.0139694
323, 71.63324, 0.01396
324, 72.46639, 0.0137995
325, 70.15427, 0.0142543
326, 73.22949, 0.0136557
327, 71.98543, 0.0138917
328, 70.16904, 0.0142513
329, 73.34444, 0.0136343
330, 72.19382, 0.0138516
331, 71.03686, 0.0140772
332, 72.34425, 0.0138228
333, 69.92323, 0.0143014
334, 72.01083, 0.0138868
335, 73.27994, 0.0136463
336, 71.28854, 0.0140275
337, 72.51158, 0.0137909
338, 71.9295, 0.0139025
339, 71.69795, 0.0139474
340, 71.08887, 0.0140669
341, 72.39557, 0.013813
342, 72.27679, 0.0138357
343, 71.4735, 0.0139912
344, 71.51592, 0.0139829
345, 68.69028, 0.0145581
346, 70.98441, 0.0140876
347, 72.12249, 0.0138653
348, 71.56403, 0.0139735
349, 72.55157, 0.0137833
350, 74.17627, 0.0134814
351, 73.39988, 0.013624
352, 70.44833, 0.0141948
353, 69.69273, 0.0143487
354, 71.37249, 0.014011
355, 71.92226, 0.0139039
356, 71.38982, 0.0140076
357, 74.97151, 0.0133384
358, 68.61017, 0.0145751
359, 74.33176, 0.0134532
360, 69.24536, 0.0144414
361, 71.63324, 0.01396
362, 71.76021, 0.0139353
363, 70.45231, 0.014194
364, 72.07363, 0.0138747
365, 73.54996, 0.0135962
366, 72.17506, 0.0138552
367, 69.44251, 0.0144004
368, 74.54731, 0.0134143
369, 70.02556, 0.0142805
370, 71.78493, 0.0139305
371, 71.71852, 0.0139434
372, 72.97033, 0.0137042
373, 70.99651, 0.0140852
374, 72.07986, 0.0138735
375, 71.81947, 0.0139238
376, 68.41115, 0.0146175
377, 74.53954, 0.0134157
378, 74.21701, 0.013474
379, 70.71285, 0.0141417
380, 71.15057, 0.0140547
381, 74.35884, 0.0134483
382, 71.85043, 0.0139178
383, 74.41418, 0.0134383
384, 72.63219, 0.013768
385, 70.73286, 0.0141377
386, 72.23346, 0.013844
387, 70.82755, 0.0141188
388, 72.48636, 0.0137957
389, 70.55022, 0.0141743
390, 72.51316, 0.0137906
391, 71.04543, 0.0140755
392, 72.70876, 0.0137535
393, 71.9585, 0.0138969
394, 71.70772, 0.0139455
395, 71.46073, 0.0139937
396, 71.95125, 0.0138983
397, 71.60297, 0.0139659
398, 71.77102, 0.0139332
399, 72.2345, 0.0138438
400, 71.63837, 0.013959
401, 70.55719, 0.0141729
402, 73.65018, 0.0135777
403, 71.96471, 0.0138957
404, 71.05553, 0.0140735
405, 72.10949, 0.0138678
406, 71.74322, 0.0139386
407, 70.18085, 0.0142489
408, 73.73598, 0.0135619
409, 72.39137, 0.0138138
410, 67.80627, 0.0147479
411, 71.08785, 0.0140671
412, 70.96326, 0.0140918
413, 72.06272, 0.0138768
414, 73.69523, 0.0135694
415, 75.04071, 0.0133261
416, 71.91502, 0.0139053
417, 71.81947, 0.0139238
418, 71.66404, 0.013954
419, 70.83558, 0.0141172
420, 72.5079, 0.0137916
421, 72.41811, 0.0138087
422, 69.74425, 0.0143381
423, 73.50941, 0.0136037
424, 72.25903, 0.0138391
425, 71.71081, 0.0139449
426, 71.23116, 0.0140388
427, 72.79557, 0.0137371
428, 70.96577, 0.0140913
429, 67.96895, 0.0147126
430, 72.19382, 0.0138516
431, 71.71749, 0.0139436
432, 72.31338, 0.0138287
433, 70.89232, 0.0141059
434, 72.0321, 0.0138827
435, 73.08713, 0.0136823
436, 75.13769, 0.0133089
437, 71.46022, 0.0139938
438, 73.02255, 0.0136944
439, 71.02879, 0.0140788
440, 72.00201, 0.0138885
441, 72.1558, 0.0138589
442, 71.84682, 0.0139185
443, 70.54027, 0.0141763
444, 72.22616, 0.0138454
445, 72.34372, 0.0138229
446, 71.74064, 0.0139391
447, 72.16778, 0.0138566
448, 71.22456, 0.0140401
449, 71.38065, 0.0140094
450, 73.18608, 0.0136638
451, 71.36384, 0.0140127
452, 70.56466, 0.0141714
453, 34.75565, 0.0287723
454, 80.12371, 0.0124807
455, 72.64433, 0.0137657
456, 71.43112, 0.0139995
457, 71.58965, 0.0139685
458, 65.8857, 0.0151778
459, 73.29337, 0.0136438
460, 70.77291, 0.0141297
461, 73.40797, 0.0136225
462, 75.09425, 0.0133166
463, 67.62605, 0.0147872
464, 72.85974, 0.013725
465, 70.44883, 0.0141947
466, 71.30328, 0.0140246
467, 63.29194, 0.0157998
468, 43.73229, 0.0228664
469, 60.24967, 0.0165976
470, 73.90983, 0.01353
471, 70.40568, 0.0142034
472, 71.88194, 0.0139117
473, 71.27583, 0.01403
474, 71.28498, 0.0140282
475, 72.92563, 0.0137126
476, 73.42522, 0.0136193
477, 68.90611, 0.0145125
478, 74.74177, 0.0133794
479, 70.05549, 0.0142744
480, 73.5332, 0.0135993
481, 71.56454, 0.0139734
482, 71.09898, 0.0140649
483, 71.25298, 0.0140345
484, 71.86438, 0.0139151
485, 71.56762, 0.0139728
486, 71.48422, 0.0139891
487, 72.05493, 0.0138783
488, 72.84171, 0.0137284
489, 70.77041, 0.0141302
490, 73.66754, 0.0135745
491, 71.98698, 0.0138914
492, 70.48061, 0.0141883
493, 72.27, 0.013837
494, 71.87936, 0.0139122
495, 73.26598, 0.0136489
496, 72.74155, 0.0137473
497, 70.28444, 0.0142279
498, 69.92371, 0.0143013
499, 73.9552, 0.0135217
500, 71.50314, 0.0139854
501, 70.72385, 0.0141395
502, 72.28045, 0.013835
503, 72.22355, 0.0138459
504, 72.9118, 0.0137152
505, 72.03262, 0.0138826
506, 71.94762, 0.013899
507, 71.70361, 0.0139463
508, 70.27012, 0.0142308
509, 73.42036, 0.0136202
510, 71.66148, 0.0139545
511, 71.63991, 0.0139587
512, 71.32566, 0.0140202
513, 70.71136, 0.014142
514, 73.12828, 0.0136746
515, 71.95901, 0.0138968
516, 72.06636, 0.0138761
517, 70.70936, 0.0141424
518, 72.60319, 0.0137735
519, 71.29769, 0.0140257
520, 71.884, 0.0139113
521, 72.63061, 0.0137683
522, 71.81638, 0.0139244
523, 70.97433, 0.0140896
524, 72.44959, 0.0138027
525, 71.04694, 0.0140752
526, 72.76167, 0.0137435
527, 71.88504, 0.0139111
528, 70.96074, 0.0140923
529, 71.36994, 0.0140115
530, 72.01601, 0.0138858
531, 72.92403, 0.0137129
532, 71.66352, 0.0139541
533, 71.5195, 0.0139822
534, 72.36361, 0.0138191
535, 72.72992, 0.0137495
536, 71.25298, 0.0140345
537, 71.79988, 0.0139276
538, 72.09129, 0.0138713
539, 71.7942, 0.0139287
540, 70.58109, 0.0141681
541, 72.00461, 0.013888
542, 72.53368, 0.0137867
543, 71.59119, 0.0139682
544, 72.34738, 0.0138222
545, 71.65017, 0.0139567
546, 71.43623, 0.0139985
547, 72.0155, 0.0138859
548, 71.87936, 0.0139122
549, 71.34398, 0.0140166
550, 70.93204, 0.014098
551, 72.31704, 0.013828
552, 71.85818, 0.0139163
553, 72.96181, 0.0137058
554, 72.1506, 0.0138599
555, 71.32464, 0.0140204
556, 73.02042, 0.0136948
557, 71.71183, 0.0139447
558, 72.29089, 0.013833
559, 70.7659, 0.0141311
560, 72.80246, 0.0137358
561, 71.31091, 0.0140231
562, 70.87775, 0.0141088
563, 72.27366, 0.0138363
564, 72.51158, 0.0137909
565, 70.52634, 0.0141791
566, 72.44802, 0.013803
567, 70.94916, 0.0140946
568, 71.85198, 0.0139175
569, 72.72198, 0.013751
570, 72.18445, 0.0138534
571, 70.80197, 0.0141239
572, 71.44184, 0.0139974
573, 72.6111, 0.013772
574, 70.6539, 0.0141535
575, 74.02527, 0.0135089
576, 71.31193, 0.0140229
577, 72.08454, 0.0138726
578, 72.19643, 0.0138511
579, 70.81, 0.0141223
580, 26.35838, 0.0379386
581, 76.88759, 0.013006
582, 132.1528, 0.007567
583, 64.11654, 0.0155966
584, 67.0457, 0.0149152
585, 67.39498, 0.0148379
586, 66.20368, 0.0151049
587, 68.29155, 0.0146431
588, 67.28252, 0.0148627
589, 70.78744, 0.0141268
590, 70.3507, 0.0142145
591, 69.50864, 0.0143867
592, 70.11688, 0.0142619
593, 69.98341, 0.0142891
594, 71.26771, 0.0140316
595, 69.90661, 0.0143048
596, 71.03837, 0.0140769
597, 70.81251, 0.0141218
598, 70.67188, 0.0141499
599, 72.25329, 0.0138402
600, 69.85435, 0.0143155
601, 72.74632, 0.0137464
602, 71.78802, 0.0139299
603, 70.91696, 0.014101
604, 71.32871, 0.0140196
605, 71.40613, 0.0140044
606, 71.18147, 0.0140486
607, 71.97455, 0.0138938
608, 70.32101, 0.0142205
609, 73.14915, 0.0136707
610, 71.54099, 0.013978
611, 72.05701, 0.0138779
612, 71.1015, 0.0140644
613, 72.02276, 0.0138845
614, 70.66988, 0.0141503
615, 72.81359, 0.0137337
616, 71.59324, 0.0139678
617, 71.8004, 0.0139275
618, 72.18132, 0.013854
619, 71.26669, 0.0140318
620, 70.93003, 0.0140984
621, 73.52454, 0.0136009
622, 71.76433, 0.0139345
623, 70.77642, 0.014129
624, 72.07051, 0.0138753
625, 71.75506, 0.0139363
626, 69.65923, 0.0143556
627, 73.72837, 0.0135633
628, 71.27736, 0.0140297
629, 72.88364, 0.0137205
630, 71.99217, 0.0138904
631, 71.78751, 0.01393
632, 71.25045, 0.014035
633, 72.67389, 0.0137601
634, 71.23015, 0.014039
635, 71.54816, 0.0139766
636, 71.72109, 0.0139429
637, 72.24964, 0.0138409
638, 69.27702, 0.0144348
639, 73.86888, 0.0135375
640, 72.49686, 0.0137937
641, 71.32006, 0.0140213
642, 71.92485, 0.0139034
643, 71.11819, 0.0140611
644, 69.75203, 0.0143365
645, 74.03514, 0.0135071
646, 71.72984, 0.0139412
647, 73.04709, 0.0136898
648, 71.20377, 0.0140442
649, 71.4097, 0.0140037
650, 71.03736, 0.0140771
651, 72.9927, 0.0137
652, 71.57427, 0.0139715
653, 72.38456, 0.0138151
654, 71.33176, 0.014019
655, 72.2152, 0.0138475
656, 71.29718, 0.0140258
657, 71.83546, 0.0139207
658, 72.19018, 0.0138523
659, 34.69849, 0.0288197
660, 70.28938, 0.0142269
661, 68.88902, 0.0145161
662, 74.64469, 0.0133968
663, 72.14487, 0.013861
664, 67.09743, 0.0149037
665, 82.71367, 0.0120899
666, 75.82996, 0.0131874
667, 70.96577, 0.0140913
668, 71.75969, 0.0139354
669, 71.61221, 0.0139641
670, 71.86076, 0.0139158
671, 70.87122, 0.0141101
672, 59.81863, 0.0167172
673, 88.9387, 0.0112437
674, 72.97299, 0.0137037
675, 71.69589, 0.0139478
676, 71.51234, 0.0139836
677, 71.75815, 0.0139357
678, 71.6199, 0.0139626
679, 70.61, 0.0141623
680, 72.76273, 0.0137433
681, 72.6702, 0.0137608
682, 70.10853, 0.0142636
683, 73.36757, 0.01363
684, 71.32973, 0.0140194
685, 71.81226, 0.0139252
686, 71.22304, 0.0140404
687, 71.77412, 0.0139326
688, 72.00357, 0.0138882
689, 71.35162, 0.0140151
690, 72.84754, 0.0137273
691, 70.88479, 0.0141074
692, 71.59324, 0.0139678
693, 72.81677, 0.0137331
694, 72.74632, 0.0137464
695, 71.1192, 0.0140609
696, 71.51541, 0.013983
697, 71.68922, 0.0139491
698, 72.72198, 0.013751
699, 71.01113, 0.0140823
700, 71.89899, 0.0139084
701, 71.76124, 0.0139351
702, 71.37555, 0.0140104
703, 71.88763, 0.0139106
704, 71.68562, 0.0139498
705, 72.72569, 0.0137503
706, 71.82979, 0.0139218
707, 71.85457, 0.013917
708, 71.15007, 0.0140548
709, 71.98698, 0.0138914
710, 71.38523, 0.0140085
711, 70.77492, 0.0141293
712, 73.08659, 0.0136824
713, 71.58196, 0.01397
714, 71.28041, 0.0140291
715, 72.41916, 0.0138085
716, 71.00205, 0.0140841
717, 72.69819, 0.0137555
718, 72.59844, 0.0137744
719, 70.96376, 0.0140917
720, 72.22929, 0.0138448
721, 71.81792, 0.0139241
722, 71.01566, 0.0140814
723, 71.88504, 0.0139111
724, 72.56789, 0.0137802
725, 71.9052, 0.0139072
726, 70.73136, 0.014138
727, 73.51914, 0.0136019
728, 70.97282, 0.0140899
729, 72.40134, 0.0138119
730, 71.11314, 0.0140621
731, 72.26582, 0.0138378
732, 71.10454, 0.0140638
733, 71.94504, 0.0138995
734, 70.41113, 0.0142023
735, 73.71533, 0.0135657
736, 71.47503, 0.0139909
737, 71.59119, 0.0139682
738, 72.48215, 0.0137965
739, 71.15513, 0.0140538
740, 71.70515, 0.013946
741, 72.74791, 0.0137461
742, 71.93779, 0.0139009
743, 71.24689, 0.0140357
744, 71.6702, 0.0139528
745, 70.82504, 0.0141193
746, 72.20895, 0.0138487
747, 72.65013, 0.0137646
748, 69.80803, 0.014325
749, 73.01402, 0.013696
750, 71.54765, 0.0139767
751, 72.45694, 0.0138013
752, 70.57162, 0.01417
753, 70.47266, 0.0141899
754, 75.23549, 0.0132916
755, 71.66558, 0.0139537
756, 71.17286, 0.0140503
757, 72.0861, 0.0138723
758, 69.94279, 0.0142974
759, 71.98543, 0.0138917
760, 72.77544, 0.0137409
761, 72.67706, 0.0137595
762, 72.49477, 0.0137941
763, 70.23015, 0.0142389
764, 71.74064, 0.0139391
765, 73.46837, 0.0136113
766, 72.11105, 0.0138675
767, 70.58658, 0.014167
768, 72.77808, 0.0137404
769, 72.19279, 0.0138518
770, 69.1539, 0.0144605
771, 73.04175, 0.0136908
772, 72.48688, 0.0137956
773, 72.12093, 0.0138656
774, 71.27126, 0.0140309
775, 71.90572, 0.0139071
776, 69.42709, 0.0144036
777, 75.16254, 0.0133045
778, 70.58956, 0.0141664
779, 73.1893, 0.0136632
780, 71.26822, 0.0140315
781, 71.51797, 0.0139825
782, 71.30634, 0.014024
783, 72.51474, 0.0137903
784, 71.98595, 0.0138916
785, 72.21989, 0.0138466
786, 70.75789, 0.0141327
787, 72.17924, 0.0138544
788, 70.00497, 0.0142847
789, 73.80183, 0.0135498
790, 72.20216, 0.01385
791, 71.93831, 0.0139008
792, 56.30029, 0.0177619
793, 85.02028, 0.0117619
794, 72.37723, 0.0138165
795, 80.3058, 0.0124524
796, 71.11263, 0.0140622
797, 72.52578, 0.0137882
798, 72.37618, 0.0138167
799, 70.79797, 0.0141247
800, 71.60041, 0.0139664
801, 71.86128, 0.0139157
802, 72.43333, 0.0138058
803, 71.72469, 0.0139422
804, 71.66558, 0.0139537
805, 71.62759, 0.0139611
806, 72.19331, 0.0138517
807, 71.58504, 0.0139694
808, 71.2205, 0.0140409
809, 72.15736, 0.0138586
810, 72.57262, 0.0137793
811, 72.27627, 0.0138358
812, 71.65531, 0.0139557
813, 71.07825, 0.014069
814, 72.59212, 0.0137756
815, 71.38065, 0.0140094
816, 71.4924, 0.0139875
817, 72.04092, 0.013881
818, 71.45103, 0.0139956
819, 71.33228, 0.0140189
820, 71.70721, 0.0139456
821, 71.32566, 0.0140202
822, 73.41174, 0.0136218
823, 71.66558, 0.0139537
824, 71.31651, 0.014022
825, 71.98388, 0.013892
826, 71.604, 0.0139657
827, 71.94659, 0.0138992
828, 72.7908, 0.013738
829, 71.81844, 0.013924
830, 71.53946, 0.0139783
831, 71.00507, 0.0140835
832, 70.99651, 0.0140852
833, 73.08659, 0.0136824
834, 71.98543, 0.0138917
835, 71.59528, 0.0139674
836, 71.57991, 0.0139704
837, 71.41786, 0.0140021
838, 73.02308, 0.0136943
839, 71.0202, 0.0140805
840, 72.23972, 0.0138428
841, 71.64094, 0.0139585
842, 71.19718, 0.0140455
843, 71.30277, 0.0140247
844, 73.63011, 0.0135814
845, 70.9698, 0.0140905
846, 72.01965, 0.0138851
847, 71.88245, 0.0139116
848, 71.16678, 0.0140515
849, 71.34499, 0.0140164
850, 73.07431, 0.0136847
851, 71.5415, 0.0139779
852, 71.53025, 0.0139801
853, 72.00928, 0.0138871
854, 71.62554, 0.0139615
855, 72.18757, 0.0138528
856, 72.03988, 0.0138812
857, 72.11625, 0.0138665
858, 71.45766, 0.0139943
859, 70.33585, 0.0142175
860, 73.62686, 0.013582
861, 70.98743, 0.014087
862, 70.41262, 0.014202
863, 74.19278, 0.0134784
864, 71.94193, 0.0139001
865, 71.81174, 0.0139253
866, 70.73337, 0.0141376
867, 71.87626, 0.0139128
868, 72.90649, 0.0137162
869, 71.41276, 0.0140031
870, 70.61748, 0.0141608
871, 72.58738, 0.0137765
872, 72.36623, 0.0138186
873, 70.75939, 0.0141324
874, 73.88689, 0.0135342
875, 70.97585, 0.0140893
876, 71.20123, 0.0140447
877, 73.32131, 0.0136386
878, 70.91293, 0.0141018
879, 71.0303, 0.0140785
880, 72.82844, 0.0137309
881, 71.22203, 0.0140406
882, 70.9819, 0.0140881
883, 72.66386, 0.013762
884, 72.55209, 0.0137832
885, 71.1982, 0.0140453
886, 72.19904, 0.0138506
887, 71.4781, 0.0139903
888, 72.06272, 0.0138768
889, 72.08142, 0.0138732
890, 71.05957, 0.0140727
891, 71.88453, 0.0139112
892, 70.33783, 0.0142171
893, 74.06639, 0.0135014
894, 71.87522, 0.013913
895, 71.61785, 0.013963
896, 72.63799, 0.0137669
897, 71.05149, 0.0140743
898, 72.45694, 0.0138013
899, 71.92641, 0.0139031
900, 71.20529, 0.0140439
901, 72.17715, 0.0138548
902, 69.54248, 0.0143797
903, 71.26365, 0.0140324
904, 67.27303, 0.0148648
905, 70.78544, 0.0141272
906, 82.11259, 0.0121784
907, 72.32959, 0.0138256
908, 71.38268, 0.014009
909, 70.9245, 0.0140995
910, 72.12197, 0.0138654
911, 71.66199, 0.0139544
912, 58.10102, 0.0172114
913, 94.16019, 0.0106202
914, 71.69076, 0.0139488
915, 69.92029, 0.014302
916, 74.03294, 0.0135075
917, 72.16257, 0.0138576
918, 72.33221, 0.0138251
919, 71.18806, 0.0140473
920, 71.83186, 0.0139214
921, 69.81193, 0.0143242
922, 73.93114, 0.0135261
923, 71.30582, 0.0140241
924, 72.45274, 0.0138021
925, 69.41889, 0.0144053
926, 74.10152, 0.013495
927, 71.44541, 0.0139967
928, 72.51894, 0.0137895
929, 70.7649, 0.0141313
930, 72.53683, 0.0137861
931, 70.90489, 0.0141034
932, 73.1085, 0.0136783
933, 70.37248, 0.0142101
934, 73.14487, 0.0136715
935, 71.16931, 0.014051
936, 71.51541, 0.013983
937, 71.88349, 0.0139114
938, 71.07573, 0.0140695
939, 72.27104, 0.0138368
940, 73.61656, 0.0135839
941, 70.37199, 0.0142102
942, 72.48478, 0.013796
943, 70.89182, 0.014106
944, 72.7442, 0.0137468
945, 72.32384, 0.0138267
946, 70.41757, 0.014201
947, 70.72536, 0.0141392
948, 73.59489, 0.0135879
949, 72.28828, 0.0138335
950, 72.22929, 0.0138448
951, 71.61528, 0.0139635
952, 71.75712, 0.0139359
953, 72.28828, 0.0138335
954, 71.49342, 0.0139873
955, 71.34805, 0.0140158
956, 71.47452, 0.013991
957, 61.40168, 0.0162862
958, 82.88644, 0.0120647
959, 67.31966, 0.0148545
960, 72.49371, 0.0137943
961, 81.76147, 0.0122307
962, 70.55669, 0.014173
963, 71.58606, 0.0139692
964, 72.59423, 0.0137752
965, 71.10454, 0.0140638
966, 71.68922, 0.0139491
967, 72.20737, 0.013849
968, 71.00003, 0.0140845
969, 71.67688, 0.0139515
970, 71.63786, 0.0139591
971, 72.59317, 0.0137754
972, 72.05753, 0.0138778
973, 71.46839, 0.0139922
974, 72.16778, 0.0138566
975, 71.72263, 0.0139426
976, 71.20884, 0.0140432
977, 73.07698, 0.0136842
978, 71.66506, 0.0139538
979, 71.68048, 0.0139508
980, 70.37694, 0.0142092
981, 72.77385, 0.0137412
982, 70.16855, 0.0142514
983, 73.99624, 0.0135142
984, 70.95168, 0.0140941
985, 72.52631, 0.0137881
986, 70.29136, 0.0142265
987, 73.62632, 0.0135821
988, 71.89382, 0.0139094
989, 72.33325, 0.0138249
990, 70.19268, 0.0142465
991, 71.83237, 0.0139213
992, 73.5159, 0.0136025
993, 70.6549, 0.0141533
994, 72.35733, 0.0138203
995, 71.48576, 0.0139888
996, 71.99372, 0.0138901
997, 71.97662, 0.0138934
998, 72.89055, 0.0137192
999, 70.3131, 0.0142221
1000, 72.54788, 0.013784
1001, 72.26269, 0.0138384
1002, 70.58857, 0.0141666
1003, 72.70771, 0.0137537
1004, 72.00098, 0.0138887
1005, 70.43791, 0.0141969
1006, 73.65289, 0.0135772
1007, 71.75712, 0.0139359
1008, 71.7973, 0.0139281
1009, 71.5282, 0.0139805
1010, 71.66045, 0.0139547
1011, 71.37148, 0.0140112
1012, 71.84785, 0.0139183
1013, 72.21833, 0.0138469
1014, 70.55171, 0.014174
1015, 73.06043, 0.0136873
1016, 72.26164, 0.0138386
1017, 71.83186, 0.0139214
1018, 70.74837, 0.0141346
1019, 72.88948, 0.0137194
1020, 70.92551, 0.0140993
1021, 72.40395, 0.0138114
1022, 71.48065, 0.0139898
1023, 72.28515, 0.0138341
1024, 70.84361, 0.0141156
1025, 73.32239, 0.0136384
1026, 71.32261, 0.0140208
1027, 72.03988, 0.0138812
1028, 71.74837, 0.0139376
1029, 71.05805, 0.014073
1030, 71.20529, 0.0140439
1031, 73.82961, 0.0135447
1032, 71.22761, 0.0140395
1033, 71.30176, 0.0140249
1034, 73.29067, 0.0136443
1035, 70.86118, 0.0141121
1036, 35.82303, 0.027915
1037, 70.89031, 0.0141063
1038, 73.436, 0.0136173
1039, 71.48321, 0.0139893
1040, 72.22198, 0.0138462
1041, 71.02273, 0.01408
1042, 71.184, 0.0140481
1043, 72.96394, 0.0137054
1044, 71.53895, 0.0139784
1045, 71.90779, 0.0139067
1046, 71.77772, 0.0139319
1047, 70.32695, 0.0142193
1048, 74.79655, 0.0133696
1049, 70.69886, 0.0141445
1050, 72.70876, 0.0137535
1051, 71.90158, 0.0139079
1052, 70.36208, 0.0142122
1053, 72.49004, 0.013795
1054, 72.83003, 0.0137306
1055, 71.64606, 0.0139575
1056, 70.97635, 0.0140892
1057, 72.07207, 0.013875
1058, 72.33378, 0.0138248
1059, 71.4643, 0.013993
1060, 72.12874, 0.0138641
1061, 70.9245, 0.0140995
1062, 71.98854, 0.0138911
1063, 73.14861, 0.0136708
1064, 71.14197, 0.0140564
1065, 71.37555, 0.0140104
1066, 72.75373, 0.013745
1067, 71.35976, 0.0140135
1068, 71.84579, 0.0139187
1069, 71.17184, 0.0140505
1070, 71.45154, 0.0139955
1071, 71.78596, 0.0139303
1072, 72.34947, 0.0138218
1073, 72.66702, 0.0137614
1074, 71.78493, 0.0139305
1075, 70.98089, 0.0140883
1076, 71.76845, 0.0139337
1077, 71.29514, 0.0140262
1078, 70.94513, 0.0140954
1079, 74.24401, 0.0134691
1080, 71.72726, 0.0139417
1081, 71.4827, 0.0139894
1082, 71.69076, 0.0139488
1083, 71.88711, 0.0139107
1084, 72.19226, 0.0138519
1085, 71.13741, 0.0140573
1086, 72.15476, 0.0138591
1087, 72.20269, 0.0138499
1088, 71.1607, 0.0140527
1089, 71.77463, 0.0139325
1090, 73.06897, 0.0136857
1091, 70.55072, 0.0141742
1092, 70.91947, 0.0141005
1093, 72.50527, 0.0137921
1094, 71.05452, 0.0140737
1095, 68.68132, 0.01456
1096, 74.53897, 0.0134158
1097, 71.93106, 0.0139022
1098, 71.40715, 0.0140042
1099, 71.77, 0.0139334
1100, 73.69468, 0.0135695
1101, 73.24397, 0.013653
1102, 56.43659, 0.017719
1103, 81.13261, 0.0123255
1104, 85.7736, 0.0116586
1105, 70.64192, 0.0141559
1106, 70.99449, 0.0140856
1107, 73.22735, 0.0136561
1108, 69.42516, 0.014404
1109, 71.52615, 0.0139809
1110, 69.45602, 0.0143976
1111, 68.94317, 0.0145047
1112, 41.53652, 0.0240752
1113, 57.24065, 0.0174701
1114, 73.58839, 0.0135891
1115, 70.88378, 0.0141076
1116, 70.96577, 0.0140913
1117, 36.56788, 0.0273464
1118, 60.31909, 0.0165785
1119, 75.37613, 0.0132668
1120, 81.74075, 0.0122338
1121, 76.84386, 0.0130134
1122, 72.79822, 0.0137366
1123, 67.78834, 0.0147518
1124, 66.37506, 0.0150659
1125, 67.83939, 0.0147407
1126, 70.21831, 0.0142413
1127, 85.7839, 0.0116572
1128, 71.74322, 0.0139386
1129, 73.32024, 0.0136388
1130, 70.89886, 0.0141046
1131, 72.12249, 0.0138653
1132, 72.06947, 0.0138755
1133, 71.92847, 0.0139027
1134, 76.26892, 0.0131115
1135, 71.56608, 0.0139731
1136, 70.40667, 0.0142032
1137, 72.51579, 0.0137901
1138, 71.86541, 0.0139149
1139, 72.20737, 0.013849
1140, 72.79769, 0.0137367
1141, 70.70586, 0.0141431
1142, 70.36159, 0.0142123
1143, 72.84117, 0.0137285
1144, 73.01242, 0.0136963
1145, 70.10213, 0.0142649
1146, 72.67336, 0.0137602
1147, 67.7571, 0.0147586
1148, 73.15771, 0.0136691
1149, 71.52155, 0.0139818
1150, 71.88091, 0.0139119
1151, 59.90248, 0.0166938
1152, 74.23574, 0.0134706
1153, 82.73557, 0.0120867
1154, 60.76036, 0.0164581
1155, 75.33524, 0.013274
1156, 68.33542, 0.0146337
1157, 94.8065, 0.0105478
1158, 70.53629, 0.0141771
1159, 71.11971, 0.0140608
1160, 67.44089, 0.0148278
1161, 72.8932, 0.0137187
1162, 79.43948, 0.0125882
1163, 71.33889, 0.0140176
1164, 72.17506, 0.0138552
1165, 73.15289, 0.01367
1166, 68.89425, 0.014515
1167, 70.70186, 0.0141439
1168, 73.50617, 0.0136043
1169, 71.17691, 0.0140495
1170, 71.70052, 0.0139469
1171, 68.50347, 0.0145978
1172, 64.91694, 0.0154043
1173, 80.78001, 0.0123793
1174, 75.69736, 0.0132105
1175, 54.81915, 0.0182418
1176, 89.78595, 0.0111376
1177, 77.62288, 0.0128828
1178, 71.38268, 0.014009
1179, 71.99528, 0.0138898
1180, 74.47458, 0.0134274
1181, 74.66977, 0.0133923
1182, 71.91968, 0.0139044
1183, 72.19226, 0.0138519
1184, 72.22459, 0.0138457
1185, 70.73637, 0.014137
1186, 71.78957, 0.0139296
1187, 68.07074, 0.0146906
1188, 68.78288, 0.0145385
1189, 72.97513, 0.0137033
1190, 71.90779, 0.0139067
1191, 75.91515, 0.0131726
1192, 70.34921, 0.0142148
1193, 72.31808, 0.0138278
1194, 71.93675, 0.0139011
1195, 72.19852, 0.0138507
1196, 71.16982, 0.0140509
1197, 72.37461, 0.013817
1198, 71.7566, 0.013936
1199, 71.2205, 0.0140409
1200, 72.63958, 0.0137666
1201, 69.51009, 0.0143864
1202, 72.93999, 0.0137099
1203, 72.49477, 0.0137941
1204, 71.45766, 0.0139943
1205, 71.3399, 0.0140174
1206, 73.02148, 0.0136946
1207, 66.46417, 0.0150457
1208, 76.48008, 0.0130753
1209, 76.83678, 0.0130146
1210, 72.00668, 0.0138876
1211, 67.67548, 0.0147764
1212, 74.74121, 0.0133795
1213, 68.45705, 0.0146077
1214, 76.75304, 0.0130288
1215, 73.41605, 0.013621
1216, 72.13862, 0.0138622
1217, 70.97836, 0.0140888
1218, 70.37396, 0.0142098
1219, 72.79133, 0.0137379
1220, 67.64802, 0.0147824
1221, 70.04813, 0.0142759
1222, 76.79548, 0.0130216
1223, 68.49174, 0.0146003
1224, 63.60797, 0.0157213
1225, 84.41953, 0.0118456
1226, 70.62845, 0.0141586
1227, 77.78651, 0.0128557
1228, 71.20681, 0.0140436
1229, 72.2225, 0.0138461
1230, 72.22407, 0.0138458
1231, 45.01118, 0.0222167
1232, 113.2362, 0.0088311
1233, 92.11751, 0.0108557
1234, 72.2152, 0.0138475
1235, 70.72986, 0.0141383
1236, 71.51643, 0.0139828
1237, 71.0621, 0.0140722
1238, 46.74055, 0.0213947
1239, 108.2919, 0.0092343
1240, 78.4954, 0.0127396
1241, 70.86218, 0.0141119
1242, 70.99046, 0.0140864
1243, 68.4533, 0.0146085
1244, 73.03215, 0.0136926
1245, 73.65234, 0.0135773
1246, 85.86344, 0.0116464
1247, 73.53806, 0.0135984
1248, 70.94865, 0.0140947
1249, 71.73602, 0.01394
1250, 72.23138, 0.0138444
1251, 71.39236, 0.0140071
1252, 71.81895, 0.0139239
1253, 71.49342, 0.0139873
1254, 72.4832, 0.0137963
1255, 72.48163, 0.0137966
1256, 70.53231, 0.0141779
1257, 72.23972, 0.0138428
1258, 72.69819, 0.0137555
1259, 71.5062, 0.0139848
1260, 71.35772, 0.0140139
1261, 72.05234, 0.0138788
1262, 71.46737, 0.0139924
1263, 67.86332, 0.0147355
1264, 59.54117, 0.0167951
1265, 91.04815, 0.0109832
1266, 72.08558, 0.0138724
1267, 68.79993, 0.0145349
1268, 58.2062, 0.0171803
1269, 100.2145, 0.0099786
1270, 60.53269, 0.01652
1271, 71.52922, 0.0139803
1272, 88.95214, 0.011242
1273, 61.56119, 0.016244
1274, 85.30167, 0.0117231
1275, 60.45108, 0.0165423
1276, 85.67219, 0.0116724
1277, 73.67351, 0.0135734
1278, 72.00098, 0.0138887
1279, 56.9408, 0.0175621
1280, 77.15157, 0.0129615
1281, 70.19169, 0.0142467
1282, 72.93574, 0.0137107
1283, 72.72146, 0.0137511
1284, 75.34148, 0.0132729
1285, 71.48321, 0.0139893
1286, 86.10521, 0.0116137
1287, 69.85435, 0.0143155
1288, 73.3482, 0.0136336
1289, 59.62495, 0.0167715
1290, 90.37261, 0.0110653
1291, 59.95707, 0.0166786
1292, 88.90944, 0.0112474
1293, 76.24043, 0.0131164
1294, 71.11465, 0.0140618
1295, 71.67431, 0.013952
1296, 68.07769, 0.0146891
1297, 76.35395, 0.0130969
1298, 71.19363, 0.0140462
1299, 72.04455, 0.0138803
1300, 73.1069, 0.0136786
1301, 71.26822, 0.0140315
1302, 72.31077, 0.0138292
1303, 71.87885, 0.0139123
1304, 71.75557, 0.0139362
1305, 66.82571, 0.0149643
1306, 64.2971, 0.0155528
1307, 86.98753, 0.0114959
1308, 68.54198, 0.0145896
1309, 58.63555, 0.0170545
1310, 78.34964, 0.0127633
1311, 88.68236, 0.0112762
1312, 68.26125, 0.0146496
1313, 63.94271, 0.015639
1314, 89.29289, 0.0111991
1315, 70.84913, 0.0141145
1316, 71.97507, 0.0138937
1317, 71.59682, 0.0139671
1318, 72.08194, 0.0138731
1319, 71.8365, 0.0139205
1320, 72.10741, 0.0138682
1321, 71.11263, 0.0140622
1322, 72.19226, 0.0138519
1323, 71.15057, 0.0140547
1324, 73.03428, 0.0136922
1325, 71.21188, 0.0140426
1326, 71.77051, 0.0139333
1327, 72.89373, 0.0137186
1328, 71.29414, 0.0140264
1329, 71.22913, 0.0140392
1330, 72.23085, 0.0138445
1331, 70.92802, 0.0140988
1332, 73.12561, 0.0136751
1333, 71.9202, 0.0139043
1334, 71.70052, 0.0139469
1335, 71.22355, 0.0140403
1336, 72.22877, 0.0138449
1337, 71.77051, 0.0139333
1338, 71.96937, 0.0138948
1339, 70.83157, 0.014118
1340, 72.76379, 0.0137431
1341, 70.78844, 0.0141266
1342, 72.65963, 0.0137628
1343, 70.89533, 0.0141053
1344, 73.59219, 0.0135884
1345, 71.01566, 0.0140814
1346, 71.9958, 0.0138897
1347, 71.23624, 0.0140378
1348, 71.83134, 0.0139215
1349, 71.7669, 0.013934
1350, 71.23421, 0.0140382
1351, 73.88689, 0.0135342
1352, 71.6815, 0.0139506
1353, 67.7282, 0.0147649
1354, 74.14713, 0.0134867
1355, 71.45256, 0.0139953
1356, 68.2361, 0.014655
1357, 63.69873, 0.0156989
1358, 93.21663, 0.0107277
1359, 64.71361, 0.0154527
1360, 63.97625, 0.0156308
1361, 91.31003, 0.0109517
1362, 72.7569, 0.0137444
1363, 67.19798, 0.0148814
1364, 78.19097, 0.0127892
1365, 66.23525, 0.0150977
1366, 76.00055, 0.0131578
1367, 72.66966, 0.0137609
1368, 69.22379, 0.0144459
1369, 70.3913, 0.0142063
1370, 72.42388, 0.0138076
1371, 70.89584, 0.0141052
1372, 75.17836, 0.0133017
1373, 68.38542, 0.014623
1374, 77.12479, 0.012966
1375, 71.56762, 0.0139728
1376, 70.69786, 0.0141447
1377, 70.55869, 0.0141726
1378, 74.11195, 0.0134931
1379, 67.55981, 0.0148017
1380, 61.02026, 0.016388
1381, 84.3341, 0.0118576
1382, 75.06606, 0.0133216
1383, 70.48011, 0.0141884
1384, 72.69502, 0.0137561
1385, 70.07414, 0.0142706
1386, 72.62955, 0.0137685
1387, 56.21135, 0.01779
1388, 67.09158, 0.014905
1389, 112.5873, 0.008882
1390, 70.66389, 0.0141515
1391, 73.03321, 0.0136924
1392, 68.695, 0.0145571
1393, 63.52796, 0.0157411
1394, 72.38718, 0.0138146
1395, 71.13185, 0.0140584
1396, 86.37518, 0.0115774
1397, 72.68815, 0.0137574
1398, 73.10209, 0.0136795
1399, 70.48856, 0.0141867
1400, 75.48138, 0.0132483
1401, 68.8895, 0.014516
1402, 75.37727, 0.0132666
1403, 71.08938, 0.0140668
1404, 72.80935, 0.0137345
1405, 70.99097, 0.0140863
1406, 72.3186, 0.0138277
1407, 70.44535, 0.0141954
1408, 74.73563, 0.0133805
1409, 70.07217, 0.014271
1410, 71.76639, 0.0139341
1411, 69.0665, 0.0144788
1412, 70.68436, 0.0141474
1413, 72.42598, 0.0138072
1414, 72.51736, 0.0137898
1415, 71.09594, 0.0140655
1416, 73.01722, 0.0136954
1417, 71.94348, 0.0138998
1418, 69.61607, 0.0143645
1419, 71.16576, 0.0140517
1420, 75.15124, 0.0133065
1421, 71.61631, 0.0139633
1422, 71.04846, 0.0140749
1423, 72.44907, 0.0138028
1424, 71.34652, 0.0140161
1425, 71.86954, 0.0139141
1426, 69.67184, 0.014353
1427, 75.65556, 0.0132178
1428, 70.01036, 0.0142836
1429, 71.38268, 0.014009
1430, 71.78391, 0.0139307
1431, 73.02095, 0.0136947
1432, 70.40667, 0.0142032
1433, 70.73337, 0.0141376
1434, 73.78277, 0.0135533
1435, 72.69502, 0.0137561
1436, 75.21568, 0.0132951
1437, 70.97232, 0.01409
1438, 72.02587, 0.0138839
1439, 72.58, 0.0137779
1440, 71.39186, 0.0140072
1441, 71.61426, 0.0139637
1442, 71.47912, 0.0139901
1443, 72.28515, 0.0138341
1444, 71.61734, 0.0139631
1445, 71.62862, 0.0139609
1446, 72.99217, 0.0137001
1447, 71.50928, 0.0139842
1448, 70.71936, 0.0141404
1449, 71.94245, 0.0139
1450, 72.93041, 0.0137117
1451, 70.78744, 0.0141268
1452, 74.35663, 0.0134487
1453, 69.17974, 0.0144551
1454, 73.63065, 0.0135813
1455, 72.06947, 0.0138755
1456, 70.91846, 0.0141007
1457, 71.79266, 0.013929
1458, 72.44749, 0.0138031
1459, 71.15209, 0.0140544
1460, 70.98441, 0.0140876
1461, 73.7795, 0.0135539
1462, 66.4898, 0.0150399
1463, 72.79239, 0.0137377
1464, 72.15997, 0.0138581
1465, 70.98794, 0.0140869
1466, 71.14653, 0.0140555
1467, 73.30357, 0.0136419
1468, 68.8345, 0.0145276
1469, 69.39625, 0.01441
1470, 76.52339, 0.0130679
1471, 69.97117, 0.0142916
1472, 72.24807, 0.0138412
1473, 74.84917, 0.0133602
1474, 71.03181, 0.0140782
1475, 72.90437, 0.0137166
1476, 70.2795, 0.0142289
1477, 70.99903, 0.0140847
1478, 74.27158, 0.0134641
1479, 71.16019, 0.0140528
1480, 68.23145, 0.014656
1481, 75.01257, 0.0133311
1482, 72.12457, 0.0138649
1483, 71.38065, 0.0140094
1484, 71.44745, 0.0139963
1485, 73.32077, 0.0136387
1486, 64.59782, 0.0154804
1487, 75.53726, 0.0132385
1488, 59.46222, 0.0168174
1489, 88.9561, 0.0112415
1490, 64.40685, 0.0155263
1491, 87.61247, 0.0114139
1492, 72.57368, 0.0137791
1493, 69.12761, 0.014466
1494, 65.99528, 0.0151526
1495, 83.75911, 0.011939
1496, 72.51369, 0.0137905
1497, 75.21398, 0.0132954
1498, 70.28394, 0.014228
1499, 68.87859, 0.0145183
1500, 71.13337, 0.0140581
1501, 72.22668, 0.0138453
1502, 76.1574, 0.0131307
1503, 68.47111, 0.0146047
1504, 75.5875, 0.0132297
1505, 72.46114, 0.0138005
1506, 67.93571, 0.0147198
1507, 70.17397, 0.0142503
1508, 62.01858, 0.0161242
1509, 78.38527, 0.0127575
1510, 77.24752, 0.0129454
1511, 71.76845, 0.0139337
1512, 78.77924, 0.0126937
1513, 72.57316, 0.0137792
1514, 71.11414, 0.0140619
1515, 71.75197, 0.0139369
1516, 71.15209, 0.0140544
1517, 71.83186, 0.0139214
1518, 72.23816, 0.0138431
1519, 71.42653, 0.0140004
1520, 71.64196, 0.0139583
1521, 72.18966, 0.0138524
1522, 70.2716, 0.0142305
1523, 72.65805, 0.0137631
1524, 73.35574, 0.0136322
1525, 50.98607, 0.0196132
1526, 74.83965, 0.0133619
1527, 101.3911, 0.0098628
1528, 74.83742, 0.0133623
1529, 72.72727, 0.01375
1530, 71.0419, 0.0140762
1531, 71.50672, 0.0139847
1532, 73.11438, 0.0136772
1533, 24.52393, 0.0407765
