Frame, FPS, Frame Time
1, 50, 0.02
2, 50, 0.02
3, 3, 0.3333333
4, 5.595667, 0.1787097
5, 43.89816, 0.02278
6, 113.7566, 0.0087907
7, 70.61549, 0.0141612
8, 73.64313, 0.013579
9, 70.4677, 0.0141909
10, 71.61938, 0.0139627
11, 72.55367, 0.0137829
12, 71.22811, 0.0140394
13, 72.71458, 0.0137524
14, 72.42074, 0.0138082
15, 70.93356, 0.0140977
16, 72.15424, 0.0138592
17, 71.373, 0.0140109
18, 72.2841, 0.0138343
19, 72.23816, 0.0138431
20, 71.20022, 0.0140449
21, 72.44592, 0.0138034
22, 72.21781, 0.013847
23, 71.83083, 0.0139216
24, 71.39848, 0.0140059
25, 72.16309, 0.0138575
26, 71.88866, 0.0139104
27, 23.76573, 0.0420774
28, 73.01722, 0.0136954
29, 72.09857, 0.0138699
30, 72.03313, 0.0138825
31, 71.73756, 0.0139397
32, 71.64606, 0.0139575
33, 72.01291, 0.0138864
34, 71.64248, 0.0139582
35, 71.3399, 0.0140174
36, 72.14539, 0.0138609
37, 71.42245, 0.0140012
38, 72.40553, 0.0138111
39, 70.99399, 0.0140857
40, 72.28097, 0.0138349
41, 71.69743, 0.0139475
42, 71.77514, 0.0139324
43, 35.65749, 0.0280446
44, 71.90882, 0.0139065
45, 72.25069, 0.0138407
46, 72.52263, 0.0137888
47, 71.27126, 0.0140309
48, 59.28245, 0.0168684
49, 71.94969, 0.0138986
50, 70.96426, 0.0140916
51, 72.05286, 0.0138787
52, 44.35888, 0.0225434
53, 28.03791, 0.035666
54, 14.25513, 0.0701502
55, 18.06107, 0.0553677
56, 74.91254, 0.0133489
57, 70.24199, 0.0142365
58, 69.57538, 0.0143729
59, 70.2119, 0.0142426
60, 71.27126, 0.0140309
61, 69.83972, 0.0143185
62, 70.42899, 0.0141987
63, 70.56167, 0.014172
64, 70.88579, 0.0141072
65, 72.52999, 0.0137874
66, 68.27103, 0.0146475
67, 73.21609, 0.0136582
68, 71.00407, 0.0140837
69, 72.91447, 0.0137147
70, 71.13893, 0.014057
71, 72.17819, 0.0138546
72, 69.63012, 0.0143616
73, 73.38264, 0.0136272
74, 71.36129, 0.0140132
75, 72.04299, 0.0138806
76, 72.4811, 0.0137967
77, 71.31702, 0.0140219
78, 35.91322, 0.0278449
79, 69.96089, 0.0142937
80, 73.14861, 0.0136708
81, 70.96326, 0.0140918
82, 71.15614, 0.0140536
83, 72.16517, 0.0138571
84, 72.25486, 0.0138399
85, 71.48525, 0.0139889
86, 72.21625, 0.0138473
87, 71.95798, 0.013897
88, 71.59785, 0.0139669
89, 71.49292, 0.0139874
90, 71.84166, 0.0139195
91, 68.94792, 0.0145037
92, 73.96614, 0.0135197
93, 72.13238, 0.0138634
94, 68.94982, 0.0145033
95, 72.17194, 0.0138558
96, 72.93786, 0.0137103
97, 71.55021, 0.0139762
98, 71.21645, 0.0140417
99, 71.63477, 0.0139597
100, 73.14379, 0.0136717
101, 71.57684, 0.013971
102, 73.77025, 0.0135556
103, 68.83876, 0.0145267
104, 73.60897, 0.0135853
105, 70.97081, 0.0140903
106, 72.42074, 0.0138082
107, 72.21572, 0.0138474
108, 73.73489, 0.0135621
109, 35.36668, 0.0282752
110, 73.05135, 0.013689
111, 72.17559, 0.0138551
112, 71.77102, 0.0139332
113, 71.28143, 0.0140289
114, 71.35314, 0.0140148
115, 71.45256, 0.0139953
116, 72.02172, 0.0138847
117, 71.92072, 0.0139042
118, 71.34194, 0.014017
119, 72.08454, 0.0138726
120, 71.64658, 0.0139574
121, 71.52309, 0.0139815
122, 71.66866, 0.0139531
123, 72.21051, 0.0138484
124, 71.08988, 0.0140667
125, 34.63371, 0.0288736
126, 79.68953, 0.0125487
127, 71.16678, 0.0140515
128, 71.99372, 0.0138901
129, 71.38727, 0.0140081
130, 71.84476, 0.0139189
131, 72.04974, 0.0138793
132, 71.52257, 0.0139816
133, 70.18578, 0.0142479
134, 73.26974, 0.0136482
135, 70.88528, 0.0141073
136, 72.26843, 0.0138373
137, 71.39033, 0.0140075
138, 70.99449, 0.0140856
139, 72.98897, 0.0137007
140, 71.82257, 0.0139232
141, 71.72315, 0.0139425
142, 71.66969, 0.0139529
143, 71.42959, 0.0139998
144, 5.033381, 0.1986736
145, 33.42928, 0.0299139
146, 72.36937, 0.013818
147, 86.1371, 0.0116094
148, 74.45906, 0.0134302
149, 71.64658, 0.0139574
150, 56.61937, 0.0176618
151, 136.4964, 0.0073262
152, 72.38142, 0.0138157
153, 70.78894, 0.0141265
154, 72.31495, 0.0138284
155, 72.3568, 0.0138204
156, 71.64864, 0.013957
157, 71.91761, 0.0139048
158, 71.67072, 0.0139527
159, 71.79833, 0.0139279
160, 71.40613, 0.0140044
161, 72.2559, 0.0138397
162, 71.18857, 0.0140472
163, 69.79049, 0.0143286
164, 74.22527, 0.0134725
165, 71.75197, 0.0139369
166, 72.04871, 0.0138795
167, 71.61375, 0.0139638
168, 71.79833, 0.0139279
169, 71.19617, 0.0140457
170, 72.19122, 0.0138521
171, 70.94312, 0.0140958
172, 71.8649, 0.013915
173, 72.89799, 0.0137178
174, 71.17944, 0.014049
175, 72.54788, 0.013784
176, 70.9074, 0.0141029
177, 72.55683, 0.0137823
178, 71.17235, 0.0140504
179, 72.53368, 0.0137867
180, 72.05234, 0.0138788
181, 71.5062, 0.0139848
182, 71.92175, 0.013904
183, 71.48627, 0.0139887
184, 70.64143, 0.014156
185, 73.17484, 0.0136659
186, 72.25486, 0.0138399
187, 70.70436, 0.0141434
188, 72.394, 0.0138133
189, 71.40715, 0.0140042
190, 71.11668, 0.0140614
191, 72.57842, 0.0137782
192, 72.1532, 0.0138594
193, 71.40664, 0.0140043
194, 71.17843, 0.0140492
195, 72.59897, 0.0137743
196, 71.96004, 0.0138966
197, 71.98025, 0.0138927
198, 70.94563, 0.0140953
199, 72.09234, 0.0138711
200, 72.05545, 0.0138782
201, 71.84373, 0.0139191
202, 71.08482, 0.0140677
203, 72.50527, 0.0137921
204, 71.88194, 0.0139117
205, 71.84063, 0.0139197
206, 70.67587, 0.0141491
207, 72.8539, 0.0137261
208, 71.81999, 0.0139237
209, 71.62093, 0.0139624
210, 71.6199, 0.0139626
211, 71.93003, 0.0139024
212, 72.28986, 0.0138332
213, 71.15665, 0.0140535
214, 72.02068, 0.0138849
215, 71.72263, 0.0139426
216, 71.98491, 0.0138918
217, 72.07467, 0.0138745
218, 71.38574, 0.0140084
219, 71.94762, 0.013899
220, 71.19617, 0.0140457
221, 72.46535, 0.0137997
222, 71.8334, 0.0139211
223, 71.24587, 0.0140359
224, 71.92485, 0.0139034
225, 70.85063, 0.0141142
226, 73.2354, 0.0136546
227, 71.30074, 0.0140251
228, 71.81792, 0.0139241
229, 71.94296, 0.0138999
230, 71.61887, 0.0139628
231, 71.58196, 0.01397
232, 72.20425, 0.0138496
233, 71.48678, 0.0139886
234, 72.10065, 0.0138695
235, 71.64709, 0.0139573
236, 71.75609, 0.0139361
237, 71.425, 0.0140007
238, 72.19174, 0.013852
239, 69.91589, 0.0143029
240, 73.68436, 0.0135714
241, 72.3024, 0.0138308
242, 71.46328, 0.0139932
243, 71.72726, 0.0139417
244, 71.12274, 0.0140602
245, 71.69127, 0.0139487
246, 72.33796, 0.013824
247, 71.55686, 0.0139749
248, 70.91293, 0.0141018
249, 71.27482, 0.0140302
250, 73.45541, 0.0136137
251, 71.89641, 0.0139089
252, 72.5321, 0.013787
253, 71.15007, 0.0140548
254, 71.98388, 0.013892
255, 71.5016, 0.0139857
256, 71.8365, 0.0139205
257, 72.0378, 0.0138816
258, 72.0295, 0.0138832
259, 70.55918, 0.0141725
260, 72.66175, 0.0137624
261, 71.92899, 0.0139026
262, 70.99751, 0.014085
263, 71.77, 0.0139334
264, 72.10378, 0.0138689
265, 72.3186, 0.0138277
266, 71.3455, 0.0140163
267, 71.56659, 0.013973
268, 71.6512, 0.0139565
269, 72.161, 0.0138579
270, 70.77842, 0.0141286
271, 73.11759, 0.0136766
272, 72.18132, 0.013854
273, 71.16425, 0.014052
274, 72.06168, 0.013877
275, 70.98643, 0.0140872
276, 72.63747, 0.013767
277, 71.80658, 0.0139263
278, 71.68202, 0.0139505
279, 71.64812, 0.0139571
280, 71.96626, 0.0138954
281, 69.92714, 0.0143006
282, 74.24015, 0.0134698
283, 71.41786, 0.0140021
284, 71.53229, 0.0139797
285, 72.02587, 0.0138839
286, 71.5794, 0.0139705
287, 70.83457, 0.0141174
288, 72.84701, 0.0137274
289, 72.09441, 0.0138707
290, 71.65839, 0.0139551
291, 71.53741, 0.0139787
292, 72.15476, 0.0138591
293, 71.51286, 0.0139835
294, 71.90262, 0.0139077
295, 71.43419, 0.0139989
296, 72.19539, 0.0138513
297, 71.55431, 0.0139754
298, 71.17083, 0.0140507
299, 71.78236, 0.013931
300, 72.55104, 0.0137834
301, 70.59155, 0.014166
302, 72.52526, 0.0137883
303, 72.27992, 0.0138351
304, 72.09805, 0.01387
305, 71.52564, 0.013981
306, 72.10897, 0.0138679
307, 71.48372, 0.0139892
308, 71.69949, 0.0139471
309, 71.54816, 0.0139766
310, 71.92899, 0.0139026
311, 70.53928, 0.0141765
312, 73.86288, 0.0135386
313, 71.60349, 0.0139658
314, 71.76381, 0.0139346
315, 71.59068, 0.0139683
316, 71.24131, 0.0140368
317, 71.9616, 0.0138963
318, 71.69949, 0.0139471
319, 71.97455, 0.0138938
320, 71.84631, 0.0139186
321, 72.10429, 0.0138688
322, 69.18787, 0.0144534
323, 73.30035, 0.0136425
324, 73.51752, 0.0136022
325, 71.52053, 0.013982
326, 71.90158, 0.0139079
327, 71.65685, 0.0139554
328, 72.0809, 0.0138733
329, 71.68973, 0.013949
330, 70.88931, 0.0141065
331, 71.23167, 0.0140387
332, 72.48793, 0.0137954
333, 71.37148, 0.0140112
334, 71.67226, 0.0139524
335, 73.44247, 0.0136161
336, 71.66763, 0.0139533
337, 71.89693, 0.0139088
338, 71.58504, 0.0139694
339, 71.72675, 0.0139418
340, 71.38319, 0.0140089
341, 71.82566, 0.0139226
342, 72.24911, 0.013841
343, 70.46422, 0.0141916
344, 72.13029, 0.0138638
345, 71.95332, 0.0138979
346, 72.81731, 0.013733
347, 71.66609, 0.0139536
348, 71.78596, 0.0139303
349, 71.14602, 0.0140556
350, 71.79782, 0.013928
351, 72.22355, 0.0138459
352, 71.32769, 0.0140198
353, 72.10689, 0.0138683
354, 72.39452, 0.0138132
355, 70.68936, 0.0141464
356, 72.47742, 0.0137974
357, 72.65541, 0.0137636
358, 71.42194, 0.0140013
359, 71.63631, 0.0139594
360, 71.01012, 0.0140825
361, 72.85125, 0.0137266
362, 70.93909, 0.0140966
363, 72.19956, 0.0138505
364, 71.11162, 0.0140624
365, 72.7278, 0.0137499
366, 71.10302, 0.0140641
367, 71.51388, 0.0139833
368, 72.50475, 0.0137922
369, 71.54457, 0.0139773
370, 72.51894, 0.0137895
371, 71.79472, 0.0139286
372, 72.22407, 0.0138458
373, 71.53383, 0.0139794
374, 72.32541, 0.0138264
375, 71.77566, 0.0139323
376, 71.54048, 0.0139781
377, 71.10909, 0.0140629
378, 71.80968, 0.0139257
379, 72.80829, 0.0137347
380, 72.26478, 0.013838
381, 71.3995, 0.0140057
382, 71.5958, 0.0139673
383, 71.42448, 0.0140008
384, 72.06532, 0.0138763
385, 71.78648, 0.0139302
386, 72.15215, 0.0138596
387, 71.13438, 0.0140579
388, 72.14227, 0.0138615
389, 72.06792, 0.0138758
390, 70.79295, 0.0141257
391, 72.67759, 0.0137594
392, 71.77205, 0.013933
393, 72.14955, 0.0138601
394, 71.29668, 0.0140259
395, 71.79163, 0.0139292
396, 71.78648, 0.0139302
397, 71.67945, 0.013951
398, 71.84734, 0.0139184
399, 71.5584, 0.0139746
400, 72.4286, 0.0138067
401, 72.17455, 0.0138553
402, 70.80197, 0.0141239
403, 72.96288, 0.0137056
404, 71.78751, 0.01393
405, 71.60861, 0.0139648
406, 71.28041, 0.0140291
407, 72.11573, 0.0138666
408, 71.69949, 0.0139471
409, 72.25381, 0.0138401
410, 71.34856, 0.0140157
411, 71.38217, 0.0140091
412, 73.19572, 0.013662
413, 71.48883, 0.0139882
414, 71.07068, 0.0140705
415, 72.5621, 0.0137813
416, 72.00357, 0.0138882
417, 71.21848, 0.0140413
418, 71.98906, 0.013891
419, 71.74425, 0.0139384
420, 70.85314, 0.0141137
421, 73.14005, 0.0136724
422, 72.43595, 0.0138053
423, 71.32719, 0.0140199
424, 71.88711, 0.0139107
425, 71.34194, 0.014017
426, 71.81535, 0.0139246
427, 72.22668, 0.0138453
428, 71.66609, 0.0139536
429, 71.52769, 0.0139806
430, 71.55891, 0.0139745
431, 72.21886, 0.0138468
432, 71.66045, 0.0139547
433, 72.21051, 0.0138484
434, 71.44082, 0.0139976
435, 72.23607, 0.0138435
436, 72.01913, 0.0138852
437, 71.14045, 0.0140567
438, 71.9202, 0.0139043
439, 72.06532, 0.0138763
440, 71.55533, 0.0139752
441, 71.96264, 0.0138961
442, 71.42857, 0.014
443, 72.27679, 0.0138357
444, 71.65736, 0.0139553
445, 72.4832, 0.0137963
446, 71.69692, 0.0139476
447, 71.4592, 0.013994
448, 71.55379, 0.0139755
449, 72.17559, 0.0138551
450, 71.74579, 0.0139381
451, 71.84012, 0.0139198
452, 71.82876, 0.013922
453, 71.15716, 0.0140534
454, 73.09407, 0.013681
455, 71.55072, 0.0139761
456, 70.9074, 0.0141029
457, 73.14059, 0.0136723
458, 71.25603, 0.0140339
459, 71.67688, 0.0139515
460, 71.86954, 0.0139141
461, 72.00305, 0.0138883
462, 71.24232, 0.0140366
463, 71.12578, 0.0140596
464, 73.29981, 0.0136426
465, 71.78236, 0.013931
466, 72.08298, 0.0138729
467, 70.61498, 0.0141613
468, 72.65013, 0.0137646
469, 71.58196, 0.01397
470, 72.04922, 0.0138794
471, 71.29159, 0.0140269
472, 72.69872, 0.0137554
473, 70.93758, 0.0140969
474, 72.53368, 0.0137867
475, 72.11885, 0.013866
476, 71.28905, 0.0140274
477, 72.15007, 0.01386
478, 71.77154, 0.0139331
479, 71.34754, 0.0140159
480, 71.82463, 0.0139228
481, 72.37514, 0.0138169
482, 71.64864, 0.013957
483, 71.76381, 0.0139346
484, 71.43317, 0.0139991
485, 71.51541, 0.013983
486, 72.37461, 0.013817
487, 72.20947, 0.0138486
488, 71.38319, 0.0140089
489, 72.11365, 0.013867
490, 71.93365, 0.0139017
491, 71.58196, 0.01397
492, 71.79988, 0.0139276
493, 72.2272, 0.0138452
494, 71.92485, 0.0139034
495, 70.62546, 0.0141592
496, 71.86386, 0.0139152
497, 72.77279, 0.0137414
498, 71.98854, 0.0138911
499, 71.99217, 0.0138904
500, 71.69692, 0.0139476
501, 71.6851, 0.0139499
502, 71.61887, 0.0139628
503, 71.74013, 0.0139392
504, 71.87264, 0.0139135
505, 72.02224, 0.0138846
506, 71.56557, 0.0139732
507, 71.9409, 0.0139003
508, 71.19769, 0.0140454
509, 72.11417, 0.0138669
510, 71.98491, 0.0138918
511, 71.51234, 0.0139836
512, 72.27104, 0.0138368
513, 71.95021, 0.0138985
514, 71.57325, 0.0139717
515, 71.29617, 0.014026
516, 72.44172, 0.0138042
517, 71.19312, 0.0140463
518, 72.55367, 0.0137829
519, 71.26111, 0.0140329
520, 71.98439, 0.0138919
521, 72.41969, 0.0138084
522, 71.40002, 0.0140056
523, 71.62144, 0.0139623
524, 72.44067, 0.0138044
525, 71.83805, 0.0139202
526, 71.75197, 0.0139369
527, 71.91141, 0.013906
528, 71.65069, 0.0139566
529, 71.56147, 0.013974
530, 72.02535, 0.013884
531, 71.93468, 0.0139015
532, 72.01498, 0.013886
533, 71.15462, 0.0140539
534, 72.07467, 0.0138745
535, 71.15412, 0.014054
536, 72.50685, 0.0137918
537, 71.39695, 0.0140062
538, 72.76591, 0.0137427
539, 70.71886, 0.0141405
540, 72.87673, 0.0137218
541, 70.64742, 0.0141548
542, 73.14487, 0.0136715
543, 71.46073, 0.0139937
544, 71.93779, 0.0139009
545, 71.81226, 0.0139252
546, 72.15424, 0.0138592
547, 71.30888, 0.0140235
548, 72.0212, 0.0138848
549, 71.91193, 0.0139059
550, 70.813, 0.0141217
551, 72.7019, 0.0137548
552, 72.09286, 0.013871
553, 71.03382, 0.0140778
554, 72.17611, 0.013855
555, 71.92692, 0.013903
556, 72.17506, 0.0138552
557, 71.87781, 0.0139125
558, 71.29972, 0.0140253
559, 72.17924, 0.0138544
560, 71.03938, 0.0140767
561, 72.51263, 0.0137907
562, 71.4924, 0.0139875
563, 71.69795, 0.0139474
564, 72.04922, 0.0138794
565, 72.14227, 0.0138615
566, 72.01965, 0.0138851
567, 71.47146, 0.0139916
568, 71.59426, 0.0139676
569, 70.5338, 0.0141776
570, 74.12569, 0.0134906
571, 70.86067, 0.0141122
572, 72.39033, 0.013814
573, 71.82979, 0.0139218
574, 72.03158, 0.0138828
575, 71.74271, 0.0139387
576, 71.45766, 0.0139943
577, 71.31854, 0.0140216
578, 71.57274, 0.0139718
579, 71.87006, 0.013914
580, 73.07271, 0.013685
581, 71.91244, 0.0139058
582, 71.75609, 0.0139361
583, 70.84762, 0.0141148
584, 24.02229, 0.041628
585, 71.84373, 0.0139191
586, 72.13914, 0.0138621
587, 70.18825, 0.0142474
588, 71.93365, 0.0139017
589, 72.54525, 0.0137845
590, 71.93882, 0.0139007
591, 72.25329, 0.0138402
592, 71.08281, 0.0140681
593, 72.28671, 0.0138338
594, 71.4352, 0.0139987
595, 72.20998, 0.0138485
596, 72.4307, 0.0138063
597, 71.51694, 0.0139827
598, 71.91554, 0.0139052
599, 71.88659, 0.0139108
600, 72.47322, 0.0137982
601, 71.14096, 0.0140566
602, 71.93779, 0.0139009
603, 71.44541, 0.0139967
604, 71.51132, 0.0139838
605, 69.47919, 0.0143928
606, 75.30347, 0.0132796
607, 71.9787, 0.013893
608, 71.09695, 0.0140653
609, 73.00709, 0.0136973
610, 71.98388, 0.013892
611, 70.62396, 0.0141595
612, 72.8778, 0.0137216
613, 71.70618, 0.0139458
614, 70.35218, 0.0142142
615, 72.80511, 0.0137353
616, 71.56506, 0.0139733
617, 71.52155, 0.0139818
618, 72.52894, 0.0137876
619, 71.90934, 0.0139064
620, 71.49854, 0.0139863
621, 72.07727, 0.013874
622, 72.3411, 0.0138234
623, 71.56147, 0.013974
624, 71.81019, 0.0139256
625, 71.23573, 0.0140379
626, 72.11105, 0.0138675
627, 71.41837, 0.014002
628, 72.58, 0.0137779
629, 71.30176, 0.0140249
630, 71.94348, 0.0138998
631, 70.68587, 0.0141471
632, 73.30949, 0.0136408
633, 71.33787, 0.0140178
634, 72.52841, 0.0137877
635, 71.61785, 0.013963
636, 71.42041, 0.0140016
637, 72.29404, 0.0138324
638, 72.00772, 0.0138874
639, 71.32515, 0.0140203
640, 71.86696, 0.0139146
641, 71.79678, 0.0139282
642, 72.00461, 0.013888
643, 71.10656, 0.0140634
644, 72.50369, 0.0137924
645, 71.87988, 0.0139121
646, 71.88245, 0.0139116
647, 71.63991, 0.0139587
648, 71.98958, 0.0138909
649, 71.5794, 0.0139705
650, 70.64941, 0.0141544
651, 73.32722, 0.0136375
652, 71.96108, 0.0138964
653, 71.56915, 0.0139725
654, 72.02795, 0.0138835
655, 71.65377, 0.013956
656, 71.90623, 0.013907
657, 71.30531, 0.0140242
658, 72.01965, 0.0138851
659, 72.09441, 0.0138707
660, 72.0015, 0.0138886
661, 71.14552, 0.0140557
662, 72.46482, 0.0137998
663, 70.67437, 0.0141494
664, 72.42493, 0.0138074
665, 72.15267, 0.0138595
666, 72.05493, 0.0138783
667, 71.69332, 0.0139483
668, 72.07778, 0.0138739
669, 70.63594, 0.0141571
670, 73.01935, 0.013695
671, 71.68459, 0.01395
672, 70.96477, 0.0140915
673, 72.66492, 0.0137618
674, 72.0015, 0.0138886
675, 71.64299, 0.0139581
676, 71.92744, 0.0139029
677, 71.68304, 0.0139503
678, 71.30074, 0.0140251
679, 72.24964, 0.0138409
680, 71.85921, 0.0139161
681, 71.76021, 0.0139353
682, 71.9352, 0.0139014
683, 71.78751, 0.01393
684, 71.77257, 0.0139329
685, 70.56665, 0.014171
686, 73.53265, 0.0135994
687, 71.42603, 0.0140005
688, 71.9352, 0.0139014
689, 71.73807, 0.0139396
690, 71.5876, 0.0139689
691, 72.24337, 0.0138421
692, 71.89848, 0.0139085
693, 71.70772, 0.0139455
694, 71.78648, 0.0139302
695, 71.50058, 0.0139859
696, 72.18861, 0.0138526
697, 71.44745, 0.0139963
698, 72.67442, 0.01376
699, 71.36536, 0.0140124
700, 72.19331, 0.0138517
701, 71.60605, 0.0139653
702, 71.04897, 0.0140748
703, 72.75214, 0.0137453
704, 71.7252, 0.0139421
705, 71.59888, 0.0139667
706, 71.58401, 0.0139696
707, 72.24129, 0.0138425
708, 69.83094, 0.0143203
709, 73.81436, 0.0135475
710, 72.17715, 0.0138548
711, 71.73035, 0.0139411
712, 71.93158, 0.0139021
713, 71.20631, 0.0140437
714, 71.5835, 0.0139697
715, 72.75426, 0.0137449
716, 71.41071, 0.0140035
717, 71.624, 0.0139618
718, 71.81329, 0.013925
719, 71.30735, 0.0140238
720, 72.33273, 0.013825
721, 72.16986, 0.0138562
722, 71.88814, 0.0139105
723, 71.80142, 0.0139273
724, 71.53127, 0.0139799
725, 71.96004, 0.0138966
726, 71.69384, 0.0139482
727, 71.58965, 0.0139685
728, 71.57632, 0.0139711
729, 72.18288, 0.0138537
730, 58.64449, 0.0170519
731, 73.13523, 0.0136733
732, 58.22857, 0.0171737
733, 130.6558, 0.0076537
734, 71.46175, 0.0139935
735, 71.58965, 0.0139685
736, 72.07831, 0.0138738
737, 71.50979, 0.0139841
738, 71.7067, 0.0139457
739, 72.42074, 0.0138082
740, 71.69949, 0.0139471
741, 70.92601, 0.0140992
742, 73.18394, 0.0136642
743, 71.55123, 0.013976
744, 71.10959, 0.0140628
745, 72.73468, 0.0137486
746, 71.28701, 0.0140278
747, 71.8334, 0.0139211
748, 72.09702, 0.0138702
749, 71.7216, 0.0139428
750, 70.96527, 0.0140914
751, 73.03428, 0.0136922
752, 71.33329, 0.0140187
753, 72.3364, 0.0138243
754, 71.76021, 0.0139353
755, 71.73293, 0.0139406
756, 71.60554, 0.0139654
757, 71.77824, 0.0139318
758, 72.48583, 0.0137958
759, 70.93204, 0.014098
760, 72.58422, 0.0137771
761, 71.56147, 0.013974
762, 71.25908, 0.0140333
763, 72.13394, 0.0138631
764, 72.50317, 0.0137925
765, 70.97282, 0.0140899
766, 72.27574, 0.0138359
767, 71.80452, 0.0139267
768, 71.65839, 0.0139551
769, 71.75042, 0.0139372
770, 72.33116, 0.0138253
771, 71.70978, 0.0139451
772, 71.77566, 0.0139323
773, 71.23725, 0.0140376
774, 71.98025, 0.0138927
775, 72.32279, 0.0138269
776, 72.06065, 0.0138772
777, 71.38065, 0.0140094
778, 71.49701, 0.0139866
779, 72.20634, 0.0138492
780, 71.9052, 0.0139072
781, 71.62246, 0.0139621
782, 71.19009, 0.0140469
783, 72.0461, 0.01388
784, 72.81836, 0.0137328
785, 71.21594, 0.0140418
786, 72.38142, 0.0138157
787, 71.71235, 0.0139446
788, 71.79833, 0.0139279
789, 71.12477, 0.0140598
790, 72.03937, 0.0138813
791, 72.25486, 0.0138399
792, 71.61015, 0.0139645
793, 71.57223, 0.0139719
794, 71.5282, 0.0139805
795, 72.3788, 0.0138162
796, 72.25851, 0.0138392
797, 71.45, 0.0139958
798, 72.15893, 0.0138583
799, 71.59528, 0.0139674
800, 71.78133, 0.0139312
801, 71.66866, 0.0139531
802, 72.00409, 0.0138881
803, 72.07778, 0.0138739
804, 71.04392, 0.0140758
805, 72.13029, 0.0138638
806, 71.88142, 0.0139118
807, 72.30187, 0.0138309
808, 71.6887, 0.0139492
809, 71.74219, 0.0139388
810, 72.03054, 0.013883
811, 71.44184, 0.0139974
812, 71.28651, 0.0140279
813, 71.33125, 0.0140191
814, 71.93882, 0.0139007
815, 70.47415, 0.0141896
816, 72.06947, 0.0138755
817, 74.35, 0.0134499
818, 71.19769, 0.0140454
819, 72.26843, 0.0138373
820, 70.9406, 0.0140963
821, 73.10423, 0.0136791
822, 71.83908, 0.01392
823, 71.96626, 0.0138954
824, 71.88866, 0.0139104
825, 71.41735, 0.0140022
826, 71.02727, 0.0140791
827, 73.07431, 0.0136847
828, 71.36638, 0.0140122
829, 71.89021, 0.0139101
830, 71.82928, 0.0139219
831, 71.78545, 0.0139304
832, 71.88711, 0.0139107
833, 71.86231, 0.0139155
834, 71.49138, 0.0139877
835, 71.69384, 0.0139482
836, 72.20373, 0.0138497
837, 70.62845, 0.0141586
838, 71.41327, 0.014003
839, 73.21448, 0.0136585
840, 71.74167, 0.0139389
841, 72.25225, 0.0138404
842, 71.6358, 0.0139595
843, 72.20269, 0.0138499
844, 71.57377, 0.0139716
845, 70.99802, 0.0140849
846, 72.03728, 0.0138817
847, 70.60302, 0.0141637
848, 73.91966, 0.0135282
849, 71.82825, 0.0139221
850, 71.76587, 0.0139342
851, 71.69641, 0.0139477
852, 71.98698, 0.0138914
853, 71.06815, 0.014071
854, 72.61057, 0.0137721
855, 71.95383, 0.0138978
856, 71.37759, 0.01401
857, 71.73498, 0.0139402
858, 70.36703, 0.0142112
859, 73.64855, 0.013578
860, 71.96004, 0.0138966
861, 71.2271, 0.0140396
862, 72.34791, 0.0138221
863, 71.01768, 0.014081
864, 72.79451, 0.0137373
865, 71.45869, 0.0139941
866, 71.62759, 0.0139611
867, 71.48883, 0.0139882
868, 72.50738, 0.0137917
869, 71.84734, 0.0139184
870, 71.75815, 0.0139357
871, 71.7391, 0.0139394
872, 71.74785, 0.0139377
873, 72.03937, 0.0138813
874, 71.87833, 0.0139124
875, 71.7319, 0.0139408
876, 71.59221, 0.013968
877, 71.89745, 0.0139087
878, 71.91658, 0.013905
879, 72.20269, 0.0138499
880, 71.34856, 0.0140157
881, 72.02328, 0.0138844
882, 71.51132, 0.0139838
883, 72.09493, 0.0138706
884, 72.20581, 0.0138493
885, 71.17539, 0.0140498
886, 71.99683, 0.0138895
887, 71.93934, 0.0139006
888, 71.0621, 0.0140722
889, 72.01394, 0.0138862
890, 72.53789, 0.0137859
891, 72.04248, 0.0138807
892, 71.53434, 0.0139793
893, 71.65788, 0.0139552
894, 71.8525, 0.0139174
895, 72.13446, 0.013863
896, 72.18445, 0.0138534
897, 71.39033, 0.0140075
898, 72.12093, 0.0138656
899, 71.61221, 0.0139641
900, 71.8004, 0.0139275
901, 71.92175, 0.013904
902, 72.06116, 0.0138771
903, 72.00616, 0.0138877
904, 71.85095, 0.0139177
905, 72.02016, 0.013885
906, 71.29057, 0.0140271
907, 71.07573, 0.0140695
908, 72.97779, 0.0137028
909, 71.04947, 0.0140747
910, 72.74738, 0.0137462
911, 71.25704, 0.0140337
912, 72.25956, 0.013839
913, 71.33838, 0.0140177
914, 72.25121, 0.0138406
915, 71.8071, 0.0139262
916, 71.78957, 0.0139296
917, 71.50314, 0.0139854
918, 71.11212, 0.0140623
919, 72.09181, 0.0138712
920, 73.07751, 0.0136841
921, 71.54713, 0.0139768
922, 71.52411, 0.0139813
923, 72.30449, 0.0138304
924, 71.24638, 0.0140358
925, 71.77308, 0.0139328
926, 72.15372, 0.0138593
927, 71.82154, 0.0139234
928, 71.73241, 0.0139407
929, 71.44235, 0.0139973
930, 71.21645, 0.0140417
931, 72.42388, 0.0138076
932, 71.92123, 0.0139041
933, 71.50417, 0.0139852
934, 72.30187, 0.0138309
935, 72.0461, 0.01388
936, 71.72726, 0.0139417
937, 71.47861, 0.0139902
938, 72.54262, 0.013785
939, 71.15311, 0.0140542
940, 72.4622, 0.0138003
941, 71.3567, 0.0140141
942, 71.19566, 0.0140458
943, 23.66248, 0.042261
944, 56.1681, 0.0178037
945, 91.06971, 0.0109806
946, 82.34994, 0.0121433
947, 71.63837, 0.013959
948, 72.33012, 0.0138255
949, 71.51848, 0.0139824
950, 70.91243, 0.0141019
951, 72.42074, 0.0138082
952, 71.76227, 0.0139349
953, 71.44133, 0.0139975
954, 72.23033, 0.0138446
955, 71.85508, 0.0139169
956, 71.62298, 0.013962
957, 71.92485, 0.0139034
958, 71.58862, 0.0139687
959, 71.80968, 0.0139257
960, 71.48321, 0.0139893
961, 71.59734, 0.013967
962, 70.78143, 0.014128
963, 72.63008, 0.0137684
964, 72.43227, 0.013806
965, 71.67945, 0.013951
966, 71.61528, 0.0139635
967, 72.54999, 0.0137836
968, 70.88479, 0.0141074
969, 73.27457, 0.0136473
970, 71.43112, 0.0139995
971, 71.21037, 0.0140429
972, 72.14435, 0.0138611
973, 71.81226, 0.0139252
974, 71.7, 0.013947
975, 71.24689, 0.0140357
976, 72.48425, 0.0137961
977, 72.01238, 0.0138865
978, 71.81174, 0.0139253
979, 71.63529, 0.0139596
980, 71.83289, 0.0139212
981, 71.89899, 0.0139084
982, 71.67637, 0.0139516
983, 71.7355, 0.0139401
984, 72.0965, 0.0138703
985, 71.84114, 0.0139196
986, 71.73395, 0.0139404
987, 70.86971, 0.0141104
988, 73.39611, 0.0136247
989, 71.48831, 0.0139883
990, 71.50058, 0.0139859
991, 71.85921, 0.0139161
992, 72.19434, 0.0138515
993, 71.37351, 0.0140108
994, 71.97817, 0.0138931
995, 72.0622, 0.0138769
996, 71.65223, 0.0139563
997, 71.19718, 0.0140455
998, 71.89486, 0.0139092
999, 72.47532, 0.0137978
1000, 72.12562, 0.0138647
1001, 70.97383, 0.0140897
1002, 72.28149, 0.0138348
1003, 71.72469, 0.0139422
1004, 72.12666, 0.0138645
1005, 71.68202, 0.0139505
1006, 72.04871, 0.0138795
1007, 71.81947, 0.0139238
1008, 70.83056, 0.0141182
1009, 71.46584, 0.0139927
1010, 73.12186, 0.0136758
1011, 71.9083, 0.0139066
1012, 71.97455, 0.0138938
1013, 71.64504, 0.0139577
1014, 71.43929, 0.0139979
1015, 72.53368, 0.0137867
1016, 71.30531, 0.0140242
1017, 70.94111, 0.0140962
1018, 72.77702, 0.0137406
1019, 71.73498, 0.0139402
1020, 71.50263, 0.0139855
1021, 72.54788, 0.013784
1022, 72.20529, 0.0138494
1023, 71.27431, 0.0140303
1024, 71.67175, 0.0139525
1025, 72.31024, 0.0138293
1026, 71.50826, 0.0139844
1027, 71.95332, 0.0138979
1028, 71.55328, 0.0139756
1029, 71.56813, 0.0139727
1030, 72.41707, 0.0138089
1031, 71.58811, 0.0139688
1032, 71.60452, 0.0139656
1033, 72.14955, 0.0138601
1034, 71.0419, 0.0140762
1035, 72.19226, 0.0138519
1036, 71.12022, 0.0140607
1037, 70.52933, 0.0141785
1038, 73.07111, 0.0136853
1039, 72.70771, 0.0137537
1040, 71.16627, 0.0140516
1041, 73.01508, 0.0136958
1042, 71.34958, 0.0140155
1043, 72.38876, 0.0138143
1044, 71.60913, 0.0139647
1045, 72.32541, 0.0138264
1046, 71.80349, 0.0139269
1047, 71.62093, 0.0139624
1048, 71.96212, 0.0138962
1049, 71.8205, 0.0139236
1050, 71.11971, 0.0140608
1051, 72.89001, 0.0137193
1052, 71.79885, 0.0139278
1053, 71.31447, 0.0140224
1054, 71.87419, 0.0139132
1055, 71.68922, 0.0139491
1056, 71.34703, 0.014016
1057, 72.33534, 0.0138245
1058, 71.89176, 0.0139098
1059, 71.70412, 0.0139462
1060, 70.73036, 0.0141382
1061, 72.12354, 0.0138651
1062, 72.53315, 0.0137868
1063, 72.11002, 0.0138677
1064, 71.27177, 0.0140308
1065, 72.50423, 0.0137923
1066, 71.87885, 0.0139123
1067, 71.69589, 0.0139478
1068, 71.50365, 0.0139853
1069, 71.7942, 0.0139287
1070, 72.03365, 0.0138824
1071, 71.50211, 0.0139856
1072, 70.82002, 0.0141203
1073, 73.55646, 0.013595
1074, 71.58657, 0.0139691
1075, 71.53383, 0.0139794
1076, 72.02639, 0.0138838
1077, 72.00616, 0.0138877
1078, 71.58094, 0.0139702
1079, 71.23978, 0.0140371
1080, 71.8334, 0.0139211
1081, 72.69555, 0.013756
1082, 71.45869, 0.0139941
1083, 71.48831, 0.0139883
1084, 72.13186, 0.0138635
1085, 71.90158, 0.0139079
1086, 71.42092, 0.0140015
1087, 72.59739, 0.0137746
1088, 71.55994, 0.0139743
1089, 71.31752, 0.0140218
1090, 72.25172, 0.0138405
1091, 71.59375, 0.0139677
1092, 71.80658, 0.0139263
1093, 71.57684, 0.013971
1094, 72.01394, 0.0138862
1095, 71.97921, 0.0138929
1096, 72.01134, 0.0138867
1097, 71.40613, 0.0140044
1098, 72.37828, 0.0138163
1099, 71.62298, 0.013962
1100, 72.17872, 0.0138545
1101, 71.44286, 0.0139972
1102, 72.12562, 0.0138647
1103, 71.11718, 0.0140613
1104, 71.93572, 0.0139013
1105, 72.46167, 0.0138004
1106, 71.14197, 0.0140564
1107, 72.38771, 0.0138145
1108, 71.30836, 0.0140236
1109, 72.05961, 0.0138774
1110, 72.17663, 0.0138549
1111, 71.36078, 0.0140133
1112, 71.14957, 0.0140549
1113, 73.0679, 0.0136859
1114, 71.77669, 0.0139321
1115, 71.62708, 0.0139612
1116, 71.23065, 0.0140389
1117, 71.90313, 0.0139076
1118, 72.74685, 0.0137463
1119, 71.09493, 0.0140657
1120, 71.77, 0.0139334
1121, 72.26008, 0.0138389
1122, 71.718, 0.0139435
1123, 71.65172, 0.0139564
1124, 72.21364, 0.0138478
1125, 71.15311, 0.0140542
1126, 72.51001, 0.0137912
1127, 70.77091, 0.0141301
1128, 73.36165, 0.0136311
1129, 71.63119, 0.0139604
1130, 71.61682, 0.0139632
1131, 71.11516, 0.0140617
1132, 72.81306, 0.0137338
1133, 71.40715, 0.0140042
1134, 71.92744, 0.0139029
1135, 70.90791, 0.0141028
1136, 72.51211, 0.0137908
1137, 72.00357, 0.0138882
1138, 68.89662, 0.0145145
1139, 74.89571, 0.0133519
1140, 72.16309, 0.0138575
1141, 71.53383, 0.0139794
1142, 71.6317, 0.0139603
1143, 72.32488, 0.0138265
1144, 71.50211, 0.0139856
1145, 70.94362, 0.0140957
1146, 72.52421, 0.0137885
1147, 71.46941, 0.013992
1148, 72.56262, 0.0137812
1149, 71.57427, 0.0139715
1150, 71.82308, 0.0139231
1151, 71.12224, 0.0140603
1152, 72.42546, 0.0138073
1153, 72.44277, 0.013804
1154, 70.64043, 0.0141562
1155, 71.87109, 0.0139138
1156, 72.32803, 0.0138259
1157, 72.21886, 0.0138468
1158, 71.81123, 0.0139254
1159, 71.05402, 0.0140738
1160, 72.22198, 0.0138462
1161, 71.69076, 0.0139488
1162, 72.44329, 0.0138039
1163, 70.4146, 0.0142016
1164, 73.41982, 0.0136203
1165, 71.06613, 0.0140714
1166, 72.65805, 0.0137631
1167, 71.21037, 0.0140429
1168, 71.76948, 0.0139335
1169, 72.35471, 0.0138208
1170, 71.94296, 0.0138999
1171, 71.61528, 0.0139635
1172, 71.8716, 0.0139137
1173, 72.20895, 0.0138487
1174, 70.80197, 0.0141239
1175, 72.79822, 0.0137366
1176, 71.78854, 0.0139298
1177, 71.32413, 0.0140205
1178, 72.15997, 0.0138581
1179, 70.16707, 0.0142517
1180, 72.68287, 0.0137584
1181, 72.89268, 0.0137188
1182, 71.77721, 0.013932
1183, 71.59426, 0.0139676
1184, 71.26872, 0.0140314
1185, 73.02734, 0.0136935
1186, 71.70721, 0.0139456
1187, 71.69641, 0.0139477
1188, 71.97351, 0.013894
1189, 71.25552, 0.014034
1190, 72.01706, 0.0138856
1191, 56.464, 0.0177104
1192, 84.64605, 0.0118139
1193, 73.12293, 0.0136756
1194, 73.28262, 0.0136458
1195, 72.54736, 0.0137841
1196, 72.51579, 0.0137901
1197, 73.85688, 0.0135397
1198, 72.34634, 0.0138224
1199, 72.30083, 0.0138311
1200, 72.12093, 0.0138656
1201, 70.96577, 0.0140913
1202, 74.21867, 0.0134737
1203, 71.67277, 0.0139523
1204, 72.39033, 0.013814
1205, 71.56966, 0.0139724
1206, 72.20737, 0.013849
1207, 69.72674, 0.0143417
1208, 75.09029, 0.0133173
1209, 71.63119, 0.0139604
1210, 72.08765, 0.013872
1211, 72.05805, 0.0138777
1212, 71.80865, 0.0139259
1213, 70.95772, 0.0140929
1214, 73.01295, 0.0136962
1215, 71.91917, 0.0139045
1216, 71.66558, 0.0139537
1217, 71.61375, 0.0139638
1218, 71.07977, 0.0140687
1219, 72.18757, 0.0138528
1220, 33.545, 0.0298107
1221, 87.77319, 0.011393
1222, 70.6115, 0.014162
1223, 71.50365, 0.0139853
1224, 67.05604, 0.0149129
1225, 76.77072, 0.0130258
1226, 72.37775, 0.0138164
1227, 71.17843, 0.0140492
1228, 70.07365, 0.0142707
1229, 62.44809, 0.0160133
1230, 74.19389, 0.0134782
1231, 83.79069, 0.0119345
1232, 72.21886, 0.0138468
1233, 71.54202, 0.0139778
1234, 71.17742, 0.0140494
1235, 72.44487, 0.0138036
1236, 71.18857, 0.0140472
1237, 69.0603, 0.0144801
1238, 74.58456, 0.0134076
1239, 72.4538, 0.0138019
1240, 72.13081, 0.0138637
1241, 71.88245, 0.0139116
1242, 71.01012, 0.0140825
1243, 72.67495, 0.0137599
1244, 71.62965, 0.0139607
1245, 71.44541, 0.0139967
1246, 71.47043, 0.0139918
1247, 72.24807, 0.0138412
1248, 57.78543, 0.0173054
1249, 57.18763, 0.0174863
1250, 142.8306, 0.0070013
1251, 71.41735, 0.0140022
1252, 72.37618, 0.0138167
1253, 70.85716, 0.0141129
1254, 72.16517, 0.0138571
1255, 71.75042, 0.0139372
1256, 72.05026, 0.0138792
1257, 71.67637, 0.0139516
1258, 71.97403, 0.0138939
1259, 70.812, 0.0141219
1260, 70.62546, 0.0141592
1261, 72.98045, 0.0137023
1262, 71.84012, 0.0139198
1263, 72.4071, 0.0138108
1264, 71.84012, 0.0139198
1265, 71.63067, 0.0139605
1266, 71.75248, 0.0139368
1267, 72.06532, 0.0138763
1268, 72.34476, 0.0138227
1269, 72.0212, 0.0138848
1270, 70.94211, 0.014096
1271, 72.19226, 0.0138519
1272, 71.52769, 0.0139806
1273, 71.86024, 0.0139159
1274, 72.27992, 0.0138351
1275, 71.96212, 0.0138962
1276, 71.66815, 0.0139532
1277, 71.31396, 0.0140225
1278, 72.1709, 0.013856
1279, 72.11469, 0.0138668
1280, 71.73653, 0.0139399
1281, 71.26822, 0.0140315
1282, 71.38065, 0.0140094
1283, 70.73936, 0.0141364
1284, 74.15867, 0.0134846
1285, 71.29972, 0.0140253
1286, 72.19018, 0.0138523
1287, 71.0313, 0.0140783
1288, 72.00979, 0.013887
1289, 71.99217, 0.0138904
1290, 71.91399, 0.0139055
1291, 71.53536, 0.0139791
1292, 72.26425, 0.0138381
1293, 71.425, 0.0140007
1294, 71.69692, 0.0139476
1295, 72.44225, 0.0138041
1296, 71.51694, 0.0139827
1297, 71.51132, 0.0139838
1298, 71.94296, 0.0138999
1299, 71.55994, 0.0139743
1300, 72.51106, 0.013791
1301, 71.32108, 0.0140211
1302, 70.94111, 0.0140962
1303, 70.82655, 0.014119
1304, 74.39812, 0.0134412
1305, 71.3674, 0.014012
1306, 71.72417, 0.0139423
1307, 71.66815, 0.0139532
1308, 72.19434, 0.0138515
1309, 71.46278, 0.0139933
1310, 72.25956, 0.013839
1311, 71.59375, 0.0139677
1312, 72.11625, 0.0138665
1313, 71.83186, 0.0139214
1314, 71.31651, 0.014022
1315, 71.2738, 0.0140304
1316, 72.12666, 0.0138645
1317, 72.4622, 0.0138003
1318, 71.80503, 0.0139266
1319, 71.9932, 0.0138902
1320, 70.28889, 0.014227
1321, 73.4538, 0.013614
1322, 71.95487, 0.0138976
1323, 71.32515, 0.0140203
1324, 71.81844, 0.013924
1325, 71.37708, 0.0140101
1326, 71.30328, 0.0140246
1327, 73.05723, 0.0136879
1328, 71.7803, 0.0139314
1329, 72.0155, 0.0138859
1330, 71.47248, 0.0139914
1331, 72.0238, 0.0138843
1332, 70.94262, 0.0140959
1333, 71.33736, 0.0140179
1334, 73.50617, 0.0136043
1335, 71.74528, 0.0139382
1336, 71.51132, 0.0139838
1337, 71.99528, 0.0138898
1338, 71.53587, 0.013979
1339, 70.05892, 0.0142737
1340, 74.13722, 0.0134885
1341, 71.93468, 0.0139015
1342, 71.31651, 0.014022
1343, 71.98854, 0.0138911
1344, 71.91917, 0.0139045
1345, 71.10252, 0.0140642
1346, 72.36309, 0.0138192
1347, 71.96471, 0.0138957
1348, 70.47861, 0.0141887
1349, 73.00975, 0.0136968
1350, 70.49502, 0.0141854
1351, 72.49949, 0.0137932
1352, 73.10102, 0.0136797
1353, 71.184, 0.0140481
1354, 71.72006, 0.0139431
1355, 72.28463, 0.0138342
1356, 72.02691, 0.0138837
1357, 71.45869, 0.0139941
1358, 71.7463, 0.013938
1359, 71.88969, 0.0139102
1360, 71.38931, 0.0140077
1361, 70.74237, 0.0141358
1362, 73.64313, 0.013579
1363, 71.8959, 0.013909
1364, 71.89435, 0.0139093
1365, 71.38523, 0.0140085
1366, 71.60041, 0.0139664
1367, 72.22511, 0.0138456
1368, 71.37861, 0.0140098
1369, 71.56711, 0.0139729
1370, 72.42231, 0.0138079
1371, 71.16121, 0.0140526
1372, 72.51947, 0.0137894
1373, 71.64606, 0.0139575
1374, 71.94452, 0.0138996
1375, 71.71646, 0.0139438
1376, 72.06013, 0.0138773
1377, 71.67226, 0.0139524
1378, 71.56557, 0.0139732
1379, 72.1584, 0.0138584
1380, 71.88504, 0.0139111
1381, 71.64915, 0.0139569
1382, 70.97182, 0.0140901
1383, 24.0583, 0.0415657
1384, 71.65839, 0.0139551
1385, 71.33024, 0.0140193
1386, 71.9202, 0.0139043
1387, 72.33534, 0.0138245
1388, 71.75712, 0.0139359
1389, 71.87057, 0.0139139
1390, 69.75641, 0.0143356
1391, 71.67482, 0.0139519
1392, 74.49789, 0.0134232
1393, 72.13914, 0.0138621
1394, 71.27126, 0.0140309
1395, 72.10013, 0.0138696
1396, 68.74553, 0.0145464
1397, 74.34281, 0.0134512
1398, 72.5721, 0.0137794
1399, 71.79575, 0.0139284
1400, 71.06917, 0.0140708
1401, 72.63008, 0.0137684
1402, 67.5069, 0.0148133
1403, 63.76291, 0.0156831
1404, 76.20789, 0.013122
1405, 83.41049, 0.0119889
1406, 71.51388, 0.0139833
1407, 71.73498, 0.0139402
1408, 71.73087, 0.013941
1409, 71.77257, 0.0139329
1410, 71.604, 0.0139657
1411, 72.48531, 0.0137959
1412, 71.02171, 0.0140802
1413, 71.29464, 0.0140263
1414, 72.63061, 0.0137683
1415, 72.28933, 0.0138333
1416, 71.87678, 0.0139127
1417, 71.80658, 0.0139263
1418, 71.55123, 0.013976
1419, 71.95229, 0.0138981
1420, 71.47861, 0.0139902
1421, 71.93934, 0.0139006
1422, 72.26791, 0.0138374
1423, 71.6815, 0.0139506
1424, 70.74387, 0.0141355
1425, 73.06096, 0.0136872
1426, 71.21645, 0.0140417
1427, 72.49213, 0.0137946
1428, 71.5999, 0.0139665
1429, 72.09702, 0.0138702
1430, 71.15159, 0.0140545
1431, 72.52052, 0.0137892
1432, 71.15311, 0.0140542
1433, 72.12145, 0.0138655
1434, 71.09594, 0.0140655
1435, 72.24442, 0.0138419
1436, 72.01706, 0.0138856
1437, 71.03333, 0.0140779
1438, 72.93467, 0.0137109
1439, 71.65428, 0.0139559
1440, 72.01187, 0.0138866
1441, 71.27482, 0.0140302
1442, 72.42703, 0.013807
1443, 71.08634, 0.0140674
1444, 72.52631, 0.0137881
1445, 71.92123, 0.0139041
1446, 70.32794, 0.0142191
1447, 73.03962, 0.0136912
1448, 71.47707, 0.0139905
1449, 72.16621, 0.0138569
1450, 71.23978, 0.0140371
1451, 72.812, 0.013734
1452, 69.86118, 0.0143141
1453, 73.54401, 0.0135973
1454, 71.48831, 0.0139883
1455, 71.97403, 0.0138939
1456, 69.85143, 0.0143161
1457, 73.94645, 0.0135233
1458, 69.37699, 0.014414
1459, 75.51958, 0.0132416
1460, 71.67739, 0.0139514
1461, 71.28752, 0.0140277
1462, 71.84218, 0.0139194
1463, 71.96523, 0.0138956
1464, 71.29108, 0.014027
1465, 72.45747, 0.0138012
1466, 71.93831, 0.0139008
1467, 71.65788, 0.0139552
1468, 71.53127, 0.0139799
1469, 70.74787, 0.0141347
1470, 73.46783, 0.0136114
1471, 71.79008, 0.0139295
1472, 71.4097, 0.0140037
1473, 71.73498, 0.0139402
1474, 72.17976, 0.0138543
1475, 71.78442, 0.0139306
1476, 71.22558, 0.0140399
1477, 72.33325, 0.0138249
1478, 70.15328, 0.0142545
1479, 73.54239, 0.0135976
1480, 71.55635, 0.013975
1481, 70.27505, 0.0142298
1482, 72.67706, 0.0137595
1483, 71.74528, 0.0139382
1484, 72.29089, 0.013833
1485, 72.44959, 0.0138027
1486, 71.07018, 0.0140706
1487, 72.2345, 0.0138438
1488, 71.51183, 0.0139837
1489, 72.4832, 0.0137963
1490, 71.08281, 0.0140681
1491, 71.64401, 0.0139579
1492, 72.59159, 0.0137757
1493, 72.70665, 0.0137539
1494, 70.61748, 0.0141608
1495, 71.53075, 0.01398
1496, 72.66016, 0.0137627
1497, 72.14955, 0.0138601
1498, 71.43827, 0.0139981
1499, 72.28358, 0.0138344
1500, 71.11414, 0.0140619
1501, 72.30605, 0.0138301
1502, 71.70361, 0.0139463
1503, 71.33787, 0.0140178
1504, 72.26478, 0.013838
1505, 72.03625, 0.0138819
1506, 71.22253, 0.0140405
1507, 72.69978, 0.0137552
1508, 71.4398, 0.0139978
1509, 71.90779, 0.0139067
1510, 71.05452, 0.0140737
1511, 72.81942, 0.0137326
1512, 70.58956, 0.0141664
1513, 72.46745, 0.0137993
1514, 71.19515, 0.0140459
1515, 73.37135, 0.0136293
1516, 71.30074, 0.0140251
1517, 72.07883, 0.0138737
1518, 71.11971, 0.0140608
1519, 72.52158, 0.013789
1520, 71.48729, 0.0139885
1521, 72.12822, 0.0138642
1522, 71.45, 0.0139958
1523, 71.77721, 0.013932
1524, 70.81451, 0.0141214
1525, 73.39019, 0.0136258
1526, 71.64094, 0.0139585
1527, 71.71697, 0.0139437
1528, 72.04299, 0.0138806
1529, 71.24587, 0.0140359
1530, 71.85508, 0.0139169
1531, 72.02743, 0.0138836
1532, 72.18653, 0.013853
1533, 70.30965, 0.0142228
1534, 72.71458, 0.0137524
1535, 72.87461, 0.0137222
1536, 71.17489, 0.0140499
1537, 72.77173, 0.0137416
1538, 71.6081, 0.0139649
1539, 71.31905, 0.0140215
1540, 72.03988, 0.0138812
1541, 72.15007, 0.01386
1542, 69.61559, 0.0143646
1543, 73.86452, 0.0135383
1544, 69.65195, 0.0143571
1545, 74.69598, 0.0133876
1546, 71.98284, 0.0138922
1547, 71.43163, 0.0139994
1548, 71.39134, 0.0140073
1549, 72.51474, 0.0137903
1550, 71.46124, 0.0139936
1551, 71.93934, 0.0139006
1552, 71.52615, 0.0139809
1553, 72.20269, 0.0138499
1554, 70.96678, 0.0140911
1555, 72.63219, 0.013768
1556, 71.03282, 0.014078
1557, 73.17858, 0.0136652
1558, 71.55788, 0.0139747
1559, 71.71132, 0.0139448
1560, 71.84114, 0.0139196
1561, 71.31599, 0.0140221
1562, 72.25121, 0.0138406
1563, 71.09342, 0.014066
1564, 72.161, 0.0138579
1565, 72.16933, 0.0138563
1566, 71.80813, 0.013926
1567, 71.05704, 0.0140732
1568, 72.5079, 0.0137916
1569, 72.12302, 0.0138652
1570, 71.17742, 0.0140494
1571, 71.99372, 0.0138901
1572, 71.58965, 0.0139685
1573, 70.80899, 0.0141225
1574, 73.4085, 0.0136224
1575, 71.81741, 0.0139242
1576, 71.65017, 0.0139567
1577, 72.06584, 0.0138762
1578, 68.68227, 0.0145598
1579, 74.44464, 0.0134328
1580, 72.56631, 0.0137805
1581, 72.3275, 0.013826
1582, 71.16121, 0.0140526
1583, 72.16778, 0.0138566
1584, 71.7973, 0.0139281
1585, 71.31651, 0.014022
1586, 72.3521, 0.0138213
1587, 71.6923, 0.0139485
1588, 71.98698, 0.0138914
1589, 70.86268, 0.0141118
1590, 71.78802, 0.0139299
1591, 73.09942, 0.01368
1592, 71.64761, 0.0139572
1593, 71.69384, 0.0139482
1594, 71.39491, 0.0140066
1595, 72.33325, 0.0138249
1596, 71.07169, 0.0140703
1597, 72.38823, 0.0138144
1598, 72.15632, 0.0138588
1599, 71.33075, 0.0140192
1600, 71.48065, 0.0139898
1601, 71.9673, 0.0138952
1602, 71.41276, 0.0140031
1603, 72.22563, 0.0138455
1604, 72.48688, 0.0137956
1605, 71.88091, 0.0139119
1606, 70.98643, 0.0140872
1607, 72.26635, 0.0138377
1608, 71.63888, 0.0139589
1609, 72.33116, 0.0138253
1610, 71.40715, 0.0140042
1611, 68.38682, 0.0146227
1612, 62.52462, 0.0159937
1613, 74.6999, 0.0133869
1614, 86.84777, 0.0115144
1615, 71.80142, 0.0139273
1616, 71.3939, 0.0140068
1617, 71.91244, 0.0139058
1618, 71.64864, 0.013957
1619, 71.87729, 0.0139126
1620, 71.37504, 0.0140105
1621, 72.14174, 0.0138616
1622, 71.4924, 0.0139875
1623, 72.41759, 0.0138088
1624, 71.61887, 0.0139628
1625, 71.35518, 0.0140144
1626, 72.55999, 0.0137817
1627, 71.67842, 0.0139512
1628, 71.98335, 0.0138921
1629, 71.24232, 0.0140366
1630, 72.32436, 0.0138266
1631, 72.04922, 0.0138794
1632, 71.44797, 0.0139962
1633, 70.78092, 0.0141281
1634, 73.24344, 0.0136531
1635, 71.64094, 0.0139585
1636, 71.24791, 0.0140355
1637, 72.35052, 0.0138216
1638, 71.89382, 0.0139094
1639, 71.51694, 0.0139827
1640, 71.88814, 0.0139105
1641, 72.26896, 0.0138372
1642, 71.30989, 0.0140233
1643, 72.21155, 0.0138482
1644, 70.76891, 0.0141305
1645, 71.85353, 0.0139172
1646, 72.47427, 0.013798
1647, 71.31854, 0.0140216
1648, 71.75815, 0.0139357
1649, 72.92935, 0.0137119
1650, 71.86903, 0.0139142
1651, 70.71236, 0.0141418
1652, 72.72462, 0.0137505
1653, 71.86231, 0.0139155
1654, 71.49036, 0.0139879
1655, 71.56147, 0.013974
1656, 72.09077, 0.0138714
1657, 71.67431, 0.013952
1658, 71.09089, 0.0140665
1659, 72.01342, 0.0138863
1660, 72.69766, 0.0137556
1661, 71.95953, 0.0138967
1662, 71.77463, 0.0139325
1663, 71.29261, 0.0140267
1664, 72.41129, 0.01381
1665, 71.74734, 0.0139378
1666, 71.23725, 0.0140376
1667, 72.46849, 0.0137991
1668, 71.82566, 0.0139226
1669, 70.56964, 0.0141704
1670, 73.28745, 0.0136449
1671, 72.07623, 0.0138742
1672, 71.12578, 0.0140596
1673, 72.16048, 0.013858
1674, 71.60041, 0.0139664
1675, 72.05805, 0.0138777
1676, 71.81844, 0.013924
1677, 69.74668, 0.0143376
1678, 73.53265, 0.0135994
1679, 72.26373, 0.0138382
1680, 71.79885, 0.0139278
1681, 70.79395, 0.0141255
1682, 73.14326, 0.0136718
1683, 71.79936, 0.0139277
1684, 71.41582, 0.0140025
1685, 71.78854, 0.0139298
1686, 71.9989, 0.0138891
1687, 71.44643, 0.0139965
1688, 71.65428, 0.0139559
1689, 72.37095, 0.0138177
1690, 71.90726, 0.0139068
1691, 70.97585, 0.0140893
1692, 72.00979, 0.013887
1693, 72.34372, 0.0138229
1694, 72.12249, 0.0138653
1695, 71.76278, 0.0139348
1696, 71.18755, 0.0140474
1697, 72.27052, 0.0138369
1698, 71.84734, 0.0139184
1699, 71.6358, 0.0139595
1700, 71.81999, 0.0139237
1701, 72.12509, 0.0138648
1702, 71.04089, 0.0140764
1703, 72.73627, 0.0137483
1704, 71.35772, 0.0140139
1705, 71.98491, 0.0138918
1706, 71.80658, 0.0139263
1707, 71.54253, 0.0139777
1708, 71.03584, 0.0140774
1709, 72.07156, 0.0138751
1710, 71.42245, 0.0140012
1711, 71.3338, 0.0140186
1712, 71.18349, 0.0140482
1713, 73.94207, 0.0135241
1714, 72.07571, 0.0138743
1715, 72.17819, 0.0138546
1716, 71.06109, 0.0140724
1717, 72.76273, 0.0137433
1718, 71.56557, 0.0139732
1719, 72.1907, 0.0138522
1720, 70.97031, 0.0140904
1721, 72.36204, 0.0138194
1722, 70.51142, 0.0141821
1723, 73.42899, 0.0136186
1724, 71.81792, 0.0139241
1725, 71.81535, 0.0139246
1726, 71.86593, 0.0139148
1727, 71.52001, 0.0139821
1728, 71.7803, 0.0139314
1729, 71.8205, 0.0139236
1730, 72.21781, 0.013847
1731, 70.99197, 0.0140861
1732, 71.24587, 0.0140359
1733, 72.85284, 0.0137263
1734, 71.50928, 0.0139842
1735, 72.06272, 0.0138768
1736, 71.40613, 0.0140044
1737, 72.50527, 0.0137921
1738, 71.59682, 0.0139671
1739, 71.59324, 0.0139678
1740, 71.89796, 0.0139086
1741, 72.18549, 0.0138532
1742, 69.94817, 0.0142963
1743, 73.09834, 0.0136802
1744, 72.54104, 0.0137853
1745, 71.70412, 0.0139462
1746, 71.83959, 0.0139199
1747, 71.82257, 0.0139232
1748, 71.63375, 0.0139599
1749, 70.45429, 0.0141936
1750, 73.4209, 0.0136201
1751, 70.87675, 0.014109
1752, 72.33482, 0.0138246
1753, 72.67759, 0.0137594
1754, 71.5011, 0.0139858
1755, 71.73653, 0.0139399
1756, 72.13134, 0.0138636
1757, 72.08402, 0.0138727
1758, 70.96829, 0.0140908
1759, 72.47375, 0.0137981
1760, 70.80448, 0.0141234
1761, 71.64504, 0.0139577
1762, 72.40029, 0.0138121
1763, 72.75638, 0.0137445
1764, 71.2058, 0.0140438
1765, 72.31808, 0.0138278
1766, 71.0722, 0.0140702
1767, 72.38247, 0.0138155
1768, 71.8556, 0.0139168
1769, 71.72984, 0.0139412
1770, 71.14653, 0.0140555
1771, 72.57526, 0.0137788
1772, 71.00155, 0.0140842
1773, 72.42074, 0.0138082
1774, 71.91502, 0.0139053
1775, 71.8205, 0.0139236
1776, 71.63888, 0.0139589
1777, 72.20581, 0.0138493
1778, 70.88528, 0.0141073
1779, 72.99856, 0.0136989
1780, 71.74528, 0.0139382
1781, 71.68922, 0.0139491
1782, 70.17642, 0.0142498
1783, 73.7893, 0.0135521
1784, 70.74287, 0.0141357
1785, 72.83162, 0.0137303
1786, 71.90262, 0.0139077
1787, 69.8812, 0.01431
1788, 62.7384, 0.0159392
1789, 74.36492, 0.0134472
1790, 82.25172, 0.0121578
1791, 72.17976, 0.0138543
1792, 71.92485, 0.0139034
1793, 71.76484, 0.0139344
1794, 72.29613, 0.013832
1795, 71.79988, 0.0139276
1796, 71.30938, 0.0140234
1797, 72.47112, 0.0137986
1798, 71.37504, 0.0140105
1799, 72.161, 0.0138579
1800, 71.06613, 0.0140714
1801, 72.3186, 0.0138277
1802, 71.37504, 0.0140105
1803, 71.99787, 0.0138893
1804, 71.47656, 0.0139906
1805, 72.50527, 0.0137921
1806, 72.11209, 0.0138673
1807, 71.44592, 0.0139966
1808, 71.61067, 0.0139644
1809, 71.92434, 0.0139035
1810, 71.98388, 0.013892
1811, 71.93986, 0.0139005
1812, 71.52309, 0.0139815
1813, 71.83546, 0.0139207
1814, 71.66917, 0.013953
1815, 72.76325, 0.0137432
1816, 71.43061, 0.0139996
1817, 71.90726, 0.0139068
1818, 71.84837, 0.0139182
1819, 71.4398, 0.0139978
1820, 70.812, 0.0141219
1821, 72.80087, 0.0137361
1822, 72.1834, 0.0138536
1823, 71.92434, 0.0139035
1824, 71.39084, 0.0140074
1825, 71.65685, 0.0139554
1826, 72.48688, 0.0137956
1827, 71.49598, 0.0139868
1828, 59.10025, 0.0169204
1829, 69.29191, 0.0144317
1830, 83.47523, 0.0119796
1831, 72.5363, 0.0137862
1832, 73.34927, 0.0136334
1833, 73.20377, 0.0136605
1834, 72.9267, 0.0137124
1835, 71.47401, 0.0139911
1836, 73.45596, 0.0136136
1837, 72.69978, 0.0137552
1838, 71.75094, 0.0139371
1839, 72.15788, 0.0138585
1840, 72.9991, 0.0136988
1841, 72.35785, 0.0138202
1842, 71.30531, 0.0140242
1843, 72.03625, 0.0138819
1844, 71.14146, 0.0140565
1845, 73.47377, 0.0136103
1846, 72.37461, 0.013817
1847, 71.89899, 0.0139084
1848, 71.42092, 0.0140015
1849, 72.33744, 0.0138241
1850, 70.77592, 0.0141291
1851, 73.1101, 0.013678
1852, 71.70824, 0.0139454
1853, 71.45205, 0.0139954
1854, 71.95125, 0.0138983
1855, 71.74064, 0.0139391
1856, 71.49292, 0.0139874
1857, 73.00123, 0.0136984
1858, 71.87833, 0.0139124
1859, 71.14957, 0.0140549
1860, 71.77205, 0.013933
1861, 72.06116, 0.0138771
1862, 71.70824, 0.0139454
1863, 71.61836, 0.0139629
1864, 71.7973, 0.0139281
1865, 71.81895, 0.0139239
1866, 70.9693, 0.0140906
1867, 73.29444, 0.0136436
1868, 71.2794, 0.0140293
1869, 71.77257, 0.0139329
1870, 72.08765, 0.013872
1871, 71.96574, 0.0138955
1872, 70.94966, 0.0140945
1873, 72.61795, 0.0137707
1874, 71.91917, 0.0139045
1875, 71.65017, 0.0139567
1876, 70.51788, 0.0141808
1877, 73.78168, 0.0135535
1878, 71.4592, 0.013994
1879, 72.01291, 0.0138864
1880, 70.84762, 0.0141148
1881, 72.78709, 0.0137387
1882, 71.77412, 0.0139326
1883, 71.5415, 0.0139779
1884, 71.65223, 0.0139563
1885, 72.10481, 0.0138687
1886, 71.43827, 0.0139981
1887, 71.04089, 0.0140764
1888, 72.79239, 0.0137377
1889, 71.85405, 0.0139171
1890, 71.87729, 0.0139126
1891, 72.04195, 0.0138808
1892, 71.43775, 0.0139982
1893, 72.05182, 0.0138789
1894, 71.91399, 0.0139055
1895, 71.8556, 0.0139168
1896, 71.89021, 0.0139101
1897, 70.71786, 0.0141407
1898, 72.98844, 0.0137008
1899, 71.29617, 0.014026
1900, 71.97714, 0.0138933
1901, 71.90934, 0.0139064
1902, 71.5999, 0.0139665
1903, 72.29247, 0.0138327
1904, 71.77566, 0.0139323
1905, 71.61631, 0.0139633
1906, 68.44814, 0.0146096
1907, 76.42572, 0.0130846
1908, 71.2474, 0.0140356
1909, 72.06429, 0.0138765
1910, 71.6512, 0.0139565
1911, 72.17819, 0.0138546
1912, 71.42142, 0.0140014
1913, 71.96937, 0.0138948
1914, 71.46124, 0.0139936
1915, 71.4046, 0.0140047
1916, 71.08432, 0.0140678
1917, 71.82721, 0.0139223
1918, 72.39557, 0.013813
1919, 72.98098, 0.0137022
1920, 71.27229, 0.0140307
1921, 72.19226, 0.0138519
1922, 71.76433, 0.0139345
1923, 72.01601, 0.0138858
1924, 71.38931, 0.0140077
1925, 71.80865, 0.0139259
1926, 71.51234, 0.0139836
1927, 72.03313, 0.0138825
1928, 72.00616, 0.0138877
1929, 71.65891, 0.013955
1930, 71.85612, 0.0139167
1931, 72.09286, 0.013871
1932, 71.12122, 0.0140605
1933, 71.76433, 0.0139345
1934, 71.21391, 0.0140422
1935, 71.64504, 0.0139577
1936, 71.96368, 0.0138959
1937, 71.99113, 0.0138906
1938, 72.34895, 0.0138219
1939, 70.70486, 0.0141433
1940, 72.30972, 0.0138294
1941, 71.17894, 0.0140491
1942, 73.91748, 0.0135286
1943, 71.77257, 0.0139329
1944, 71.48883, 0.0139882
1945, 71.69384, 0.0139482
1946, 72.45747, 0.0138012
1947, 71.25552, 0.014034
1948, 72.12614, 0.0138646
1949, 71.96626, 0.0138954
1950, 71.17489, 0.0140499
1951, 72.43437, 0.0138056
1952, 70.63693, 0.0141569
1953, 72.34582, 0.0138225
1954, 72.37147, 0.0138176
1955, 71.16019, 0.0140528
1956, 71.47146, 0.0139916
1957, 72.21312, 0.0138479
1958, 71.95487, 0.0138976
1959, 71.86696, 0.0139146
1960, 71.63683, 0.0139593
1961, 71.54765, 0.0139767
1962, 72.56315, 0.0137811
1963, 71.06159, 0.0140723
1964, 71.80607, 0.0139264
1965, 71.66096, 0.0139546
1966, 72.1907, 0.0138522
1967, 71.42806, 0.0140001
1968, 72.07415, 0.0138746
1969, 71.8267, 0.0139224
1970, 72.32436, 0.0138266
1971, 68.63654, 0.0145695
1972, 75.13374, 0.0133096
1973, 71.7669, 0.013934
1974, 71.85508, 0.0139169
1975, 72.17142, 0.0138559
1976, 71.14146, 0.0140565
1977, 72.13706, 0.0138625
1978, 72.10013, 0.0138696
1979, 71.58247, 0.0139699
1980, 71.9787, 0.013893
1981, 71.5103, 0.013984
1982, 71.1911, 0.0140467
1983, 70.97534, 0.0140894
1984, 73.7561, 0.0135582
1985, 71.74579, 0.0139381
1986, 71.44184, 0.0139974
1987, 72.03937, 0.0138813
1988, 71.78648, 0.0139302
1989, 71.2982, 0.0140256
1990, 72.53315, 0.0137868
1991, 71.94969, 0.0138986
1992, 71.31802, 0.0140217
1993, 71.55276, 0.0139757
1994, 72.22146, 0.0138463
1995, 71.20428, 0.0140441
1996, 72.67442, 0.01376
1997, 72.43595, 0.0138053
1998, 71.09898, 0.0140649
1999, 71.79833, 0.0139279
2000, 71.72778, 0.0139416
2001, 72.04663, 0.0138799
2002, 71.71338, 0.0139444
2003, 72.09286, 0.013871
2004, 71.11516, 0.0140617
2005, 71.92226, 0.0139039
2006, 72.37147, 0.0138176
2007, 69.94915, 0.0142961
2008, 73.76481, 0.0135566
2009, 71.93313, 0.0139018
2010, 71.53178, 0.0139798
2011, 71.27279, 0.0140306
2012, 72.22355, 0.0138459
2013, 71.90054, 0.0139081
2014, 71.04694, 0.0140752
2015, 72.51894, 0.0137895
2016, 72.14799, 0.0138604
2017, 72.00201, 0.0138885
2018, 71.38931, 0.0140077
2019, 71.72366, 0.0139424
2020, 72.09597, 0.0138704
2021, 71.73395, 0.0139404
2022, 72.00565, 0.0138878
2023, 71.24587, 0.0140359
2024, 70.8416, 0.014116
2025, 73.21609, 0.0136582
2026, 72.04352, 0.0138805
2027, 71.75815, 0.0139357
2028, 71.89641, 0.0139089
2029, 71.18096, 0.0140487
2030, 72.4538, 0.0138019
2031, 71.62246, 0.0139621
2032, 71.61324, 0.0139639
2033, 72.2674, 0.0138375
2034, 71.02777, 0.014079
2035, 71.87057, 0.0139139
2036, 71.9585, 0.0138969
2037, 72.53315, 0.0137868
2038, 71.75403, 0.0139365
2039, 71.94038, 0.0139004
2040, 71.03887, 0.0140768
2041, 71.97092, 0.0138945
2042, 72.31495, 0.0138284
2043, 71.32769, 0.0140198
2044, 71.95073, 0.0138984
2045, 71.56966, 0.0139724
2046, 72.19434, 0.0138515
2047, 71.10656, 0.0140634
2048, 72.50002, 0.0137931
2049, 72.20737, 0.013849
2050, 71.38523, 0.0140085
2051, 71.54407, 0.0139774
2052, 72.15893, 0.0138583
2053, 72.03988, 0.0138812
2054, 71.74528, 0.0139382
2055, 72.2152, 0.0138475
2056, 70.90589, 0.0141032
2057, 71.76175, 0.013935
2058, 72.86134, 0.0137247
2059, 71.56762, 0.0139728
2060, 71.48167, 0.0139896
2061, 72.0809, 0.0138733
2062, 71.60452, 0.0139656
2063, 71.63016, 0.0139606
2064, 71.60349, 0.0139658
2065, 72.14799, 0.0138604
2066, 72.10793, 0.0138681
2067, 71.77514, 0.0139324
2068, 70.13213, 0.0142588
2069, 74.05981, 0.0135026
2070, 71.56506, 0.0139733
2071, 71.57991, 0.0139704
2072, 71.78545, 0.0139304
2073, 71.40103, 0.0140054
2074, 72.05182, 0.0138789
2075, 72.26791, 0.0138374
2076, 71.55584, 0.0139751
2077, 71.89693, 0.0139088
2078, 71.74785, 0.0139377
2079, 70.3314, 0.0142184
2080, 73.25954, 0.0136501
2081, 72.05389, 0.0138785
2082, 72.24651, 0.0138415
2083, 71.44082, 0.0139976
2084, 71.44797, 0.0139962
2085, 72.29613, 0.013832
2086, 71.73447, 0.0139403
2087, 71.82721, 0.0139223
2088, 70.9547, 0.0140935
2089, 72.28568, 0.013834
2090, 72.17976, 0.0138543
2091, 71.64196, 0.0139583
2092, 71.40868, 0.0140039
2093, 72.69396, 0.0137563
2094, 71.39134, 0.0140073
2095, 40.96346, 0.024412
2096, 56.78624, 0.0176099
2097, 72.94691, 0.0137086
2098, 71.56147, 0.013974
2099, 70.88077, 0.0141082
2100, 73.05029, 0.0136892
2101, 23.22843, 0.0430507
