Frame, FPS, Frame Time
1, 50, 0.02
2, 50, 0.02
3, 3, 0.3333333
4, 5.517601, 0.1812382
5, 19.0316, 0.0525442
6, 102.1451, 0.00979
7, 71.01718, 0.0140811
8, 71.89331, 0.0139095
9, 71.01718, 0.0140811
10, 73.27027, 0.0136481
11, 71.7942, 0.0139287
12, 72.18705, 0.0138529
13, 70.1981, 0.0142454
14, 72.93095, 0.0137116
15, 35.86363, 0.0278834
16, 71.60861, 0.0139648
17, 72.20634, 0.0138492
18, 72.25956, 0.013839
19, 71.29311, 0.0140266
20, 72.69344, 0.0137564
21, 58.79275, 0.0170089
22, 71.02424, 0.0140797
23, 71.32922, 0.0140195
24, 51.92539, 0.0192584
25, 46.44833, 0.0215293
26, 85.27766, 0.0117264
27, 72.36099, 0.0138196
28, 72.39871, 0.0138124
29, 71.4781, 0.0139903
30, 72.58316, 0.0137773
31, 70.72586, 0.0141391
32, 72.70084, 0.013755
33, 17.8228, 0.0561079
34, 73.07324, 0.0136849
35, 72.01757, 0.0138855
36, 71.24892, 0.0140353
37, 72.10481, 0.0138687
38, 72.49949, 0.0137932
39, 72.1506, 0.0138599
40, 70.88579, 0.0141072
41, 73.19519, 0.0136621
42, 59.46399, 0.0168169
43, 90.75728, 0.0110184
44, 71.53383, 0.0139794
45, 71.61631, 0.0139633
46, 72.34529, 0.0138226
47, 37.11663, 0.0269421
48, 47.51022, 0.0210481
49, 8.830498, 0.1132439
50, 84.32059, 0.0118595
51, 110.9767, 0.0090109
52, 67.53563, 0.014807
53, 68.79661, 0.0145356
54, 69.75397, 0.0143361
55, 71.08735, 0.0140672
56, 69.10086, 0.0144716
57, 70.0187, 0.0142819
58, 69.61703, 0.0143643
59, 68.82312, 0.01453
60, 71.87316, 0.0139134
61, 72.79557, 0.0137371
62, 70.31904, 0.0142209
63, 70.86871, 0.0141106
64, 71.63324, 0.01396
65, 70.24001, 0.0142369
66, 72.43909, 0.0138047
67, 70.94865, 0.0140947
68, 71.39848, 0.0140059
69, 70.32942, 0.0142188
70, 72.64486, 0.0137656
71, 70.64642, 0.014155
72, 73.45703, 0.0136134
73, 67.3859, 0.0148399
74, 73.36327, 0.0136308
75, 70.98743, 0.014087
76, 71.82257, 0.0139232
77, 71.87419, 0.0139132
78, 17.93394, 0.0557602
79, 70.3918, 0.0142062
80, 77.79195, 0.0128548
81, 71.05907, 0.0140728
82, 71.39645, 0.0140063
83, 71.8267, 0.0139224
84, 70.47614, 0.0141892
85, 71.67739, 0.0139514
86, 71.45306, 0.0139952
87, 71.13185, 0.0140584
88, 71.80761, 0.0139261
89, 72.10065, 0.0138695
90, 70.09919, 0.0142655
91, 72.56683, 0.0137804
92, 71.62041, 0.0139625
93, 72.22563, 0.0138455
94, 34.88514, 0.0286655
95, 77.3138, 0.0129343
96, 71.43571, 0.0139986
97, 71.81329, 0.013925
98, 71.20985, 0.014043
99, 71.05805, 0.014073
100, 70.84311, 0.0141157
101, 73.3875, 0.0136263
102, 71.47554, 0.0139908
103, 71.75557, 0.0139362
104, 72.07986, 0.0138735
105, 70.55321, 0.0141737
106, 72.61214, 0.0137718
107, 57.78743, 0.0173048
108, 79.45841, 0.0125852
109, 82.57639, 0.01211
110, 71.71029, 0.013945
111, 70.66788, 0.0141507
112, 73.81817, 0.0135468
113, 5.268604, 0.1898036
114, 28.06986, 0.0356254
115, 23.80459, 0.0420087
116, 25.63202, 0.0390137
117, 68.11757, 0.0146805
118, 74.83853, 0.0133621
119, 35.50481, 0.0281652
120, 73.24988, 0.0136519
121, 71.42857, 0.014
122, 69.13, 0.0144655
123, 74.47569, 0.0134272
124, 71.75094, 0.0139371
125, 71.37656, 0.0140102
126, 72.98045, 0.0137023
127, 71.0308, 0.0140784
128, 71.40511, 0.0140046
129, 24.09708, 0.0414988
130, 71.50723, 0.0139846
131, 71.91813, 0.0139047
132, 71.55174, 0.0139759
133, 71.75712, 0.0139359
134, 70.85365, 0.0141136
135, 72.6834, 0.0137583
136, 71.36434, 0.0140126
137, 71.56301, 0.0139737
138, 69.71265, 0.0143446
139, 74.28924, 0.0134609
140, 69.05124, 0.014482
141, 73.55321, 0.0135956
142, 72.62534, 0.0137693
143, 72.10481, 0.0138687
144, 69.23673, 0.0144432
145, 74.40697, 0.0134396
146, 72.21729, 0.0138471
147, 72.0072, 0.0138875
148, 70.07463, 0.0142705
149, 73.72783, 0.0135634
150, 71.48985, 0.013988
151, 71.59785, 0.0139669
152, 71.88039, 0.013912
153, 71.58708, 0.013969
154, 71.74322, 0.0139386
155, 70.81351, 0.0141216
156, 72.99643, 0.0136993
157, 70.94664, 0.0140951
158, 72.06584, 0.0138762
159, 70.85013, 0.0141143
160, 72.97885, 0.0137026
161, 72.03262, 0.0138826
162, 71.3511, 0.0140152
163, 71.32616, 0.0140201
164, 72.92085, 0.0137135
165, 71.43827, 0.0139981
166, 71.09645, 0.0140654
167, 72.12874, 0.0138641
168, 71.99839, 0.0138892
169, 70.88126, 0.0141081
170, 71.86179, 0.0139156
171, 72.93786, 0.0137103
172, 71.22913, 0.0140392
173, 69.72868, 0.0143413
174, 73.90819, 0.0135303
175, 71.75145, 0.013937
176, 71.06967, 0.0140707
177, 71.8267, 0.0139224
178, 72.7204, 0.0137513
179, 71.43469, 0.0139988
180, 71.69692, 0.0139476
181, 71.28448, 0.0140283
182, 72.58633, 0.0137767
183, 72.02224, 0.0138846
184, 71.34805, 0.0140158
185, 71.84321, 0.0139192
186, 71.868, 0.0139144
187, 70.57861, 0.0141686
188, 73.08286, 0.0136831
189, 72.11365, 0.013867
190, 71.60657, 0.0139652
191, 71.59221, 0.013968
192, 71.04897, 0.0140748
193, 72.43542, 0.0138054
194, 71.19668, 0.0140456
195, 72.38509, 0.013815
196, 71.90468, 0.0139073
197, 71.42959, 0.0139998
198, 70.24593, 0.0142357
199, 73.38857, 0.0136261
200, 71.99943, 0.013889
201, 71.84888, 0.0139181
202, 71.45766, 0.0139943
203, 71.26771, 0.0140316
204, 72.47847, 0.0137972
205, 71.53793, 0.0139786
206, 71.55994, 0.0139743
207, 72.55367, 0.0137829
208, 70.93557, 0.0140973
209, 71.20834, 0.0140433
210, 72.28515, 0.0138341
211, 72.41916, 0.0138085
212, 72.14278, 0.0138614
213, 70.91998, 0.0141004
214, 71.46278, 0.0139933
215, 72.45326, 0.013802
216, 69.66796, 0.0143538
217, 73.96888, 0.0135192
218, 71.47095, 0.0139917
219, 72.20737, 0.013849
220, 70.52385, 0.0141796
221, 72.97619, 0.0137031
222, 71.84166, 0.0139195
223, 71.89796, 0.0139086
224, 72.02639, 0.0138838
225, 70.75838, 0.0141326
226, 72.53999, 0.0137855
227, 71.51694, 0.0139827
228, 71.66148, 0.0139545
229, 71.79111, 0.0139293
230, 71.57274, 0.0139718
231, 71.63273, 0.0139601
232, 72.36885, 0.0138181
233, 71.24435, 0.0140362
234, 72.34582, 0.0138225
235, 71.73807, 0.0139396
236, 70.6524, 0.0141538
237, 72.38561, 0.0138149
238, 72.28201, 0.0138347
239, 71.72417, 0.0139423
240, 71.30277, 0.0140247
241, 71.17336, 0.0140502
242, 71.80761, 0.0139261
243, 72.59317, 0.0137754
244, 72.26112, 0.0138387
245, 71.73756, 0.0139397
246, 71.4924, 0.0139875
247, 70.80548, 0.0141232
248, 72.17351, 0.0138555
249, 71.22304, 0.0140404
250, 72.3207, 0.0138273
251, 72.50527, 0.0137921
252, 71.24994, 0.0140351
253, 71.06815, 0.014071
254, 71.7319, 0.0139408
255, 73.17484, 0.0136659
256, 71.63529, 0.0139596
257, 71.94141, 0.0139002
258, 70.74988, 0.0141343
259, 72.65118, 0.0137644
260, 71.14855, 0.0140551
261, 35.3628, 0.0282783
262, 73.0647, 0.0136865
263, 72.08558, 0.0138724
264, 72.21938, 0.0138467
265, 64.95615, 0.015395
266, 80.6172, 0.0124043
267, 72.16986, 0.0138562
268, 69.18452, 0.0144541
269, 55.92935, 0.0178797
270, 85.39053, 0.0117109
271, 84.55515, 0.0118266
272, 72.71828, 0.0137517
273, 70.4811, 0.0141882
274, 72.83958, 0.0137288
275, 72.42284, 0.0138078
276, 71.83134, 0.0139215
277, 70.67987, 0.0141483
278, 72.36204, 0.0138194
279, 71.47248, 0.0139914
280, 72.56157, 0.0137814
281, 71.30582, 0.0140241
282, 72.10117, 0.0138694
283, 70.29235, 0.0142263
284, 72.91499, 0.0137146
285, 72.27157, 0.0138367
286, 71.33787, 0.0140178
287, 72.07415, 0.0138746
288, 71.64555, 0.0139576
289, 71.30277, 0.0140247
290, 71.7391, 0.0139394
291, 72.27261, 0.0138365
292, 71.19566, 0.0140458
293, 72.33796, 0.013824
294, 71.76072, 0.0139352
295, 71.84992, 0.0139179
296, 71.77154, 0.0139331
297, 70.90639, 0.0141031
298, 72.26687, 0.0138376
299, 72.21259, 0.013848
300, 71.58862, 0.0139687
301, 71.05048, 0.0140745
302, 72.58896, 0.0137762
303, 70.66289, 0.0141517
304, 72.62744, 0.0137689
305, 71.62759, 0.0139611
306, 72.01394, 0.0138862
307, 71.8365, 0.0139205
308, 71.69384, 0.0139482
309, 71.18501, 0.0140479
310, 72.41444, 0.0138094
311, 71.56147, 0.013974
312, 70.62746, 0.0141588
313, 72.00461, 0.013888
314, 73.23325, 0.013655
315, 71.08887, 0.0140669
316, 71.72263, 0.0139426
317, 72.21155, 0.0138482
318, 71.7494, 0.0139374
319, 70.09133, 0.0142671
320, 73.84979, 0.013541
321, 71.58657, 0.0139691
322, 72.0513, 0.013879
323, 70.50098, 0.0141842
324, 70.75388, 0.0141335
325, 73.24076, 0.0136536
326, 71.57581, 0.0139712
327, 72.40658, 0.0138109
328, 71.10352, 0.014064
329, 63.56754, 0.0157313
330, 81.26447, 0.0123055
331, 72.92509, 0.0137127
332, 71.33583, 0.0140182
333, 72.46009, 0.0138007
334, 69.30439, 0.0144291
335, 63.21392, 0.0158193
336, 72.67389, 0.0137601
337, 85.84502, 0.0116489
338, 71.71697, 0.0139437
339, 72.09597, 0.0138704
340, 71.74785, 0.0139377
341, 71.47758, 0.0139904
342, 72.00201, 0.0138885
343, 71.39288, 0.014007
344, 71.44643, 0.0139965
345, 70.62347, 0.0141596
346, 73.42036, 0.0136202
347, 71.64864, 0.013957
348, 71.37453, 0.0140106
349, 71.77824, 0.0139318
350, 71.67688, 0.0139515
351, 72.46954, 0.0137989
352, 71.54662, 0.0139769
353, 72.21312, 0.0138479
354, 72.34476, 0.0138227
355, 71.06159, 0.0140723
356, 68.79046, 0.0145369
357, 64.29256, 0.0155539
358, 70.98038, 0.0140884
359, 72.73151, 0.0137492
360, 86.18237, 0.0116033
361, 72.03002, 0.0138831
362, 71.39288, 0.014007
363, 72.70137, 0.0137549
364, 71.36842, 0.0140118
365, 71.52615, 0.0139809
366, 72.24807, 0.0138412
367, 70.72836, 0.0141386
368, 72.03521, 0.0138821
369, 71.32515, 0.0140203
370, 73.35197, 0.0136329
371, 71.50314, 0.0139854
372, 71.56096, 0.0139741
373, 71.02273, 0.01408
374, 72.44434, 0.0138037
375, 72.17663, 0.0138549
376, 71.68253, 0.0139504
377, 71.78339, 0.0139308
378, 70.79897, 0.0141245
379, 72.41969, 0.0138084
380, 70.27061, 0.0142307
381, 73.96668, 0.0135196
382, 71.60144, 0.0139662
383, 72.14799, 0.0138604
384, 71.2403, 0.014037
385, 71.84682, 0.0139185
386, 71.68922, 0.0139491
387, 72.09545, 0.0138705
388, 70.87022, 0.0141103
389, 71.69949, 0.0139471
390, 72.72886, 0.0137497
391, 70.2479, 0.0142353
392, 71.85302, 0.0139173
393, 73.05242, 0.0136888
394, 72.29822, 0.0138316
395, 71.34245, 0.0140169
396, 71.83701, 0.0139204
397, 71.76278, 0.0139348
398, 71.71646, 0.0139438
399, 72.04299, 0.0138806
400, 70.84762, 0.0141148
401, 72.72939, 0.0137496
402, 71.5753, 0.0139713
403, 72.04248, 0.0138807
404, 71.73705, 0.0139398
405, 71.01768, 0.014081
406, 72.3275, 0.013826
407, 71.39236, 0.0140071
408, 71.718, 0.0139435
409, 71.07725, 0.0140692
410, 72.63325, 0.0137678
411, 69.80901, 0.0143248
412, 61.82763, 0.016174
413, 75.60065, 0.0132274
414, 85.55491, 0.0116884
415, 71.1015, 0.0140644
416, 72.02224, 0.0138846
417, 71.73395, 0.0139404
418, 72.01187, 0.0138866
419, 63.09945, 0.015848
420, 83.16769, 0.0120239
421, 70.57512, 0.0141693
422, 70.37694, 0.0142092
423, 73.54131, 0.0135978
424, 73.04975, 0.0136893
425, 71.9321, 0.013902
426, 70.96175, 0.0140921
427, 69.29527, 0.014431
428, 75.74667, 0.0132019
429, 71.44847, 0.0139961
430, 72.17715, 0.0138548
431, 71.53638, 0.0139789
432, 71.88091, 0.0139119
433, 70.47912, 0.0141886
434, 72.70612, 0.013754
435, 72.38561, 0.0138149
436, 71.56608, 0.0139731
437, 71.32566, 0.0140202
438, 72.161, 0.0138579
439, 71.98802, 0.0138912
440, 71.94711, 0.0138991
441, 70.56864, 0.0141706
442, 71.01869, 0.0140808
443, 71.50467, 0.0139851
444, 69.9986, 0.014286
445, 63.40591, 0.0157714
446, 74.72054, 0.0133832
447, 84.86515, 0.0117834
448, 71.92796, 0.0139028
449, 62.78094, 0.0159284
450, 82.51711, 0.0121187
451, 72.27627, 0.0138358
452, 71.76896, 0.0139336
453, 71.6851, 0.0139499
454, 70.87624, 0.0141091
455, 70.32497, 0.0142197
456, 75.12414, 0.0133113
457, 71.61477, 0.0139636
458, 71.48883, 0.0139882
459, 72.20947, 0.0138486
460, 71.72315, 0.0139425
461, 71.98543, 0.0138917
462, 70.75288, 0.0141337
463, 72.2794, 0.0138352
464, 72.2606, 0.0138388
465, 71.87626, 0.0139128
466, 69.96187, 0.0142935
467, 74.27599, 0.0134633
468, 71.77205, 0.013933
469, 71.62093, 0.0139624
470, 71.59119, 0.0139682
471, 72.03573, 0.013882
472, 71.73859, 0.0139395
473, 71.38574, 0.0140084
474, 71.59631, 0.0139672
475, 72.64749, 0.0137651
476, 71.42194, 0.0140013
477, 71.02222, 0.0140801
478, 71.96108, 0.0138964
479, 72.81465, 0.0137335
480, 71.60503, 0.0139655
481, 71.83134, 0.0139215
482, 71.01163, 0.0140822
483, 72.51526, 0.0137902
484, 72.10585, 0.0138685
485, 71.28448, 0.0140283
486, 72.28933, 0.0138333
487, 71.6081, 0.0139649
488, 70.96074, 0.0140923
489, 70.16017, 0.0142531
490, 74.56065, 0.0134119
491, 71.43163, 0.0139994
492, 72.40972, 0.0138103
493, 71.66506, 0.0139538
494, 71.67945, 0.013951
495, 71.46686, 0.0139925
496, 71.90572, 0.0139071
497, 68.89092, 0.0145157
498, 74.88113, 0.0133545
499, 67.90572, 0.0147263
500, 63.717, 0.0156944
501, 72.40972, 0.0138103
502, 88.77919, 0.0112639
503, 71.5917, 0.0139681
504, 72.00772, 0.0138874
505, 71.69127, 0.0139487
506, 72.0861, 0.0138723
507, 71.35976, 0.0140135
508, 72.23868, 0.013843
509, 63.12972, 0.0158404
510, 80.59966, 0.012407
511, 72.13966, 0.013862
512, 72.9352, 0.0137108
513, 71.54662, 0.0139769
514, 72.42546, 0.0138073
515, 72.09389, 0.0138708
516, 70.8883, 0.0141067
517, 72.55736, 0.0137822
518, 71.49701, 0.0139866
519, 71.5794, 0.0139705
520, 72.42546, 0.0138073
521, 71.04645, 0.0140753
522, 72.49161, 0.0137947
523, 71.29871, 0.0140255
524, 72.69978, 0.0137552
525, 70.50993, 0.0141824
526, 72.92085, 0.0137135
527, 71.5794, 0.0139705
528, 72.16309, 0.0138575
529, 71.80349, 0.0139269
530, 71.8365, 0.0139205
531, 70.77642, 0.014129
532, 72.45957, 0.0138008
533, 72.44749, 0.0138031
534, 71.71338, 0.0139444
535, 71.19414, 0.0140461
536, 72.81253, 0.0137339
537, 71.45205, 0.0139954
538, 71.70155, 0.0139467
539, 72.31338, 0.0138287
540, 71.75969, 0.0139354
541, 71.20377, 0.0140442
542, 72.4538, 0.0138019
543, 70.13508, 0.0142582
544, 72.85762, 0.0137254
545, 72.84117, 0.0137285
546, 71.71492, 0.0139441
547, 71.66969, 0.0139529
548, 71.93468, 0.0139015
549, 70.71436, 0.0141414
550, 73.17912, 0.0136651
551, 71.45664, 0.0139945
552, 71.77617, 0.0139322
553, 71.80194, 0.0139272
554, 70.70486, 0.0141433
555, 73.23379, 0.0136549
556, 71.29464, 0.0140263
557, 71.9052, 0.0139072
558, 72.22146, 0.0138463
559, 71.99165, 0.0138905
560, 71.604, 0.0139657
561, 70.96225, 0.014092
562, 72.72886, 0.0137497
563, 71.86386, 0.0139152
564, 72.06272, 0.0138768
565, 69.5899, 0.0143699
566, 72.87143, 0.0137228
567, 71.85095, 0.0139177
568, 70.91344, 0.0141017
569, 61.93792, 0.0161452
570, 86.20169, 0.0116007
571, 68.14356, 0.0146749
572, 76.18409, 0.0131261
573, 69.21613, 0.0144475
574, 74.92433, 0.0133468
575, 71.11111, 0.0140625
576, 69.92664, 0.0143007
577, 33.9547, 0.029451
578, 73.89563, 0.0135326
579, 84.2162, 0.0118742
580, 71.40103, 0.0140054
581, 72.43804, 0.0138049
582, 71.604, 0.0139657
583, 69.76566, 0.0143337
584, 73.72837, 0.0135633
585, 70.74738, 0.0141348
586, 73.15235, 0.0136701
587, 36.04357, 0.0277442
588, 71.03837, 0.0140769
589, 71.93106, 0.0139022
590, 71.87212, 0.0139136
591, 71.27736, 0.0140297
592, 72.03262, 0.0138826
593, 72.03002, 0.0138831
594, 71.86179, 0.0139156
595, 70.70086, 0.0141441
596, 71.86696, 0.0139146
597, 36.1932, 0.0276295
598, 71.81329, 0.013925
599, 70.5547, 0.0141734
600, 73.09621, 0.0136806
601, 70.58259, 0.0141678
602, 73.07484, 0.0136846
603, 70.92853, 0.0140987
604, 71.87006, 0.013914
605, 72.74526, 0.0137466
606, 71.31193, 0.0140229
607, 30.87277, 0.032391
608, 62.25254, 0.0160636
609, 150.3827, 0.0066497
610, 70.44833, 0.0141948
611, 71.4046, 0.0140047
612, 71.44847, 0.0139961
613, 71.72623, 0.0139419
614, 72.66861, 0.0137611
615, 70.78794, 0.0141267
616, 72.12093, 0.0138656
617, 35.77075, 0.0279558
618, 71.17083, 0.0140507
619, 71.36434, 0.0140126
620, 71.55943, 0.0139744
621, 72.00253, 0.0138884
622, 71.17641, 0.0140496
623, 68.89092, 0.0145157
624, 65.29461, 0.0153152
625, 85.58127, 0.0116848
626, 69.6311, 0.0143614
627, 33.76268, 0.0296185
628, 72.84541, 0.0137277
629, 85.0521, 0.0117575
630, 71.5149, 0.0139831
631, 71.92175, 0.013904
632, 71.78493, 0.0139305
633, 71.93831, 0.0139008
634, 70.81251, 0.0141218
635, 72.55473, 0.0137827
636, 70.81451, 0.0141214
637, 34.6089, 0.0288943
638, 80.84663, 0.0123691
639, 71.05805, 0.014073
640, 72.45957, 0.0138008
641, 70.79295, 0.0141257
642, 72.71352, 0.0137526
643, 71.34093, 0.0140172
644, 70.75088, 0.0141341
645, 72.49792, 0.0137935
646, 71.37656, 0.0140102
647, 36.23267, 0.0275994
648, 71.03433, 0.0140777
649, 71.97247, 0.0138942
650, 71.46635, 0.0139926
651, 72.04352, 0.0138805
652, 71.96886, 0.0138949
653, 71.93003, 0.0139024
654, 71.55379, 0.0139755
655, 71.28397, 0.0140284
656, 70.90036, 0.0141043
657, 36.53008, 0.0273747
658, 70.84411, 0.0141155
659, 71.2337, 0.0140383
660, 72.58949, 0.0137761
661, 70.8878, 0.0141068
662, 72.69819, 0.0137555
663, 71.75763, 0.0139358
664, 71.89176, 0.0139098
665, 72.01447, 0.0138861
666, 70.49054, 0.0141863
667, 36.33035, 0.0275252
668, 71.33125, 0.0140191
669, 69.45409, 0.014398
670, 74.57733, 0.0134089
671, 71.86696, 0.0139146
672, 71.41174, 0.0140033
673, 69.71848, 0.0143434
674, 75.06324, 0.0133221
675, 71.30176, 0.0140249
676, 71.48014, 0.0139899
677, 36.03682, 0.0277494
678, 71.7216, 0.0139428
679, 72.09234, 0.0138711
680, 71.14349, 0.0140561
681, 72.45852, 0.013801
682, 70.94664, 0.0140951
683, 72.65805, 0.0137631
684, 72.36309, 0.0138192
685, 71.30023, 0.0140252
686, 71.33889, 0.0140176
687, 36.12678, 0.0276803
688, 70.90791, 0.0141028
689, 72.11729, 0.0138663
690, 71.85715, 0.0139165
691, 71.61938, 0.0139627
692, 72.40029, 0.0138121
693, 71.77721, 0.013932
694, 69.9423, 0.0142975
695, 73.84325, 0.0135422
696, 70.85464, 0.0141134
697, 36.11738, 0.0276875
698, 70.78493, 0.0141273
699, 72.58369, 0.0137772
700, 71.58862, 0.0139687
701, 70.59405, 0.0141655
702, 72.69238, 0.0137566
703, 73.00816, 0.0136971
704, 71.89641, 0.0139089
705, 71.44643, 0.0139965
706, 71.28143, 0.0140289
707, 36.16349, 0.0276522
708, 71.51132, 0.0139838
709, 71.38727, 0.0140081
710, 72.35471, 0.0138208
711, 72.1657, 0.013857
712, 71.56659, 0.013973
713, 70.82805, 0.0141187
714, 71.4352, 0.0139987
715, 71.73962, 0.0139393
716, 70.28049, 0.0142287
717, 33.70817, 0.0296664
718, 72.18966, 0.0138524
719, 85.50882, 0.0116947
720, 63.34927, 0.0157855
721, 83.13105, 0.0120292
722, 71.90158, 0.0139079
723, 71.3338, 0.0140186
724, 71.65891, 0.013955
725, 72.42388, 0.0138076
726, 71.11414, 0.0140619
727, 36.16022, 0.0276547
728, 71.49956, 0.0139861
729, 71.34602, 0.0140162
730, 72.68551, 0.0137579
731, 71.10909, 0.0140629
732, 72.53315, 0.0137868
733, 71.52411, 0.0139813
734, 70.31607, 0.0142215
735, 73.44678, 0.0136153
736, 71.27482, 0.0140302
737, 36.08884, 0.0277094
738, 70.93758, 0.0140969
739, 72.51369, 0.0137905
740, 71.84012, 0.0139198
741, 71.88659, 0.0139108
742, 71.70515, 0.013946
743, 71.63786, 0.0139591
744, 72.48898, 0.0137952
745, 71.90675, 0.0139069
746, 70.69286, 0.0141457
747, 35.91232, 0.0278456
748, 72.81465, 0.0137335
749, 71.29972, 0.0140253
750, 72.20269, 0.0138499
751, 71.67226, 0.0139524
752, 71.95229, 0.0138981
753, 71.48985, 0.013988
754, 71.99424, 0.01389
755, 71.67739, 0.0139514
756, 70.45429, 0.0141936
757, 36.50994, 0.0273898
758, 71.0919, 0.0140663
759, 72.0648, 0.0138764
760, 71.43317, 0.0139991
761, 71.27888, 0.0140294
762, 73.259, 0.0136502
763, 71.52666, 0.0139808
764, 71.82979, 0.0139218
765, 71.00054, 0.0140844
766, 71.22609, 0.0140398
767, 36.30542, 0.0275441
768, 71.60297, 0.0139659
769, 72.13966, 0.013862
770, 71.71389, 0.0139443
771, 71.09594, 0.0140655
772, 72.07935, 0.0138736
773, 71.00861, 0.0140828
774, 71.5103, 0.013984
775, 72.3207, 0.0138273
776, 70.56267, 0.0141718
777, 36.66267, 0.0272757
778, 71.51643, 0.0139828
779, 71.75557, 0.0139362
780, 71.68048, 0.0139508
781, 72.35576, 0.0138206
782, 71.98647, 0.0138915
783, 71.19262, 0.0140464
784, 71.06159, 0.0140723
785, 73.28531, 0.0136453
786, 70.35565, 0.0142135
787, 36.23425, 0.0275982
788, 71.64555, 0.0139576
789, 71.78957, 0.0139296
790, 71.94659, 0.0138992
791, 71.30735, 0.0140238
792, 72.15215, 0.0138596
793, 70.61549, 0.0141612
794, 72.1558, 0.0138589
795, 72.98364, 0.0137017
796, 70.93658, 0.0140971
797, 36.22755, 0.0276033
798, 71.04645, 0.0140753
799, 70.56516, 0.0141713
800, 73.56458, 0.0135935
801, 71.86748, 0.0139145
802, 71.47298, 0.0139913
803, 71.19009, 0.0140469
804, 71.82825, 0.0139221
805, 72.26896, 0.0138372
806, 71.50058, 0.0139859
807, 36.06879, 0.0277248
808, 71.74528, 0.0139382
809, 71.71081, 0.0139449
810, 72.2674, 0.0138375
811, 71.56147, 0.013974
812, 71.94141, 0.0139002
813, 71.74785, 0.0139377
814, 71.50774, 0.0139845
815, 71.15816, 0.0140532
816, 72.51579, 0.0137901
817, 36.01164, 0.0277688
818, 71.46584, 0.0139927
819, 72.17506, 0.0138552
820, 71.46532, 0.0139928
821, 72.07571, 0.0138743
822, 72.15424, 0.0138592
823, 71.70875, 0.0139453
824, 71.38574, 0.0140084
825, 72.00876, 0.0138872
826, 70.86469, 0.0141114
827, 36.34104, 0.0275171
828, 70.84812, 0.0141147
829, 72.1506, 0.0138599
830, 71.18451, 0.014048
831, 70.94815, 0.0140948
832, 72.29978, 0.0138313
833, 72.22302, 0.013846
834, 71.69281, 0.0139484
835, 73.47269, 0.0136105
836, 70.3601, 0.0142126
837, 36.27578, 0.0275666
838, 70.66238, 0.0141518
839, 72.37775, 0.0138164
840, 71.60657, 0.0139652
841, 72.08298, 0.0138729
842, 70.90137, 0.0141041
843, 72.00357, 0.0138882
844, 72.45642, 0.0138014
845, 71.94762, 0.013899
846, 70.5348, 0.0141774
847, 36.1682, 0.0276486
848, 72.10221, 0.0138692
849, 71.13387, 0.014058
850, 72.63113, 0.0137682
851, 71.49036, 0.0139879
852, 71.92382, 0.0139036
853, 71.49598, 0.0139868
854, 72.7442, 0.0137468
855, 71.78082, 0.0139313
856, 70.02213, 0.0142812
857, 35.99699, 0.0277801
858, 72.84011, 0.0137287
859, 72.12145, 0.0138655
860, 71.10606, 0.0140635
861, 72.37985, 0.013816
862, 70.44486, 0.0141955
863, 72.80034, 0.0137362
864, 71.53587, 0.013979
865, 72.81783, 0.0137329
866, 69.7107, 0.014345
867, 36.54864, 0.0273608
868, 71.45562, 0.0139947
869, 71.45, 0.0139958
870, 72.2486, 0.0138411
871, 71.37759, 0.01401
872, 72.30187, 0.0138309
873, 71.5016, 0.0139857
874, 71.23015, 0.014039
875, 72.11002, 0.0138677
876, 71.45205, 0.0139954
877, 36.16545, 0.0276507
878, 71.3674, 0.014012
879, 72.02898, 0.0138833
880, 71.35212, 0.014015
881, 72.30605, 0.0138301
882, 71.69692, 0.0139476
883, 70.97232, 0.01409
884, 72.54946, 0.0137837
885, 72.03158, 0.0138828
886, 71.74013, 0.0139392
887, 35.93038, 0.0278316
888, 71.7319, 0.0139408
889, 72.22302, 0.013846
890, 71.56249, 0.0139738
891, 71.64812, 0.0139571
892, 72.06999, 0.0138754
893, 71.48985, 0.013988
894, 72.11261, 0.0138672
895, 71.79885, 0.0139278
896, 71.15513, 0.0140538
897, 35.58516, 0.0281016
898, 73.75774, 0.0135579
899, 69.443, 0.0144003
900, 75.33241, 0.0132745
901, 71.55943, 0.0139744
902, 71.18147, 0.0140486
903, 72.14799, 0.0138604
904, 71.95642, 0.0138973
905, 71.40868, 0.0140039
906, 71.5497, 0.0139763
907, 36.17579, 0.0276428
908, 70.86218, 0.0141119
909, 72.60635, 0.0137729
910, 71.38625, 0.0140083
911, 71.76072, 0.0139352
912, 71.2672, 0.0140317
913, 72.713, 0.0137527
914, 71.49905, 0.0139862
915, 72.34215, 0.0138232
916, 71.21087, 0.0140428
917, 36.11477, 0.0276895
918, 70.97081, 0.0140903
919, 72.05961, 0.0138774
920, 71.96419, 0.0138958
921, 71.65172, 0.0139564
922, 71.71903, 0.0139433
923, 71.48219, 0.0139895
924, 72.47164, 0.0137985
925, 71.30989, 0.0140233
926, 71.21696, 0.0140416
927, 36.37395, 0.0274922
928, 71.11516, 0.0140617
929, 71.83546, 0.0139207
930, 70.76991, 0.0141303
931, 72.8624, 0.0137245
932, 72.04195, 0.0138808
933, 71.65479, 0.0139558
934, 72.0565, 0.013878
935, 71.91451, 0.0139054
936, 70.56267, 0.0141718
937, 36.31306, 0.0275383
938, 71.19262, 0.0140464
939, 71.37249, 0.014011
940, 72.29037, 0.0138331
941, 70.2479, 0.0142353
942, 73.94809, 0.013523
943, 70.76991, 0.0141303
944, 73.16573, 0.0136676
945, 71.33736, 0.0140179
946, 71.08432, 0.0140678
947, 36.14702, 0.0276648
948, 71.34754, 0.0140159
949, 70.33932, 0.0142168
950, 73.00549, 0.0136976
951, 71.8004, 0.0139275
952, 72.46482, 0.0137998
953, 72.32593, 0.0138263
954, 71.30531, 0.0140242
955, 71.9616, 0.0138963
956, 70.92198, 0.0141
957, 36.11725, 0.0276876
958, 72.03677, 0.0138818
959, 71.62041, 0.0139625
960, 71.55686, 0.0139749
961, 71.88814, 0.0139105
962, 72.37095, 0.0138177
963, 68.22632, 0.0146571
964, 76.09598, 0.0131413
965, 71.61375, 0.0139638
966, 70.85464, 0.0141134
967, 36.03409, 0.0277515
968, 71.93882, 0.0139007
969, 71.92278, 0.0139038
970, 71.86283, 0.0139154
971, 71.71029, 0.013945
972, 71.79369, 0.0139288
973, 71.18654, 0.0140476
974, 72.76273, 0.0137433
975, 71.32668, 0.01402
976, 70.05058, 0.0142754
977, 36.64064, 0.0272921
978, 70.44685, 0.0141951
979, 71.77205, 0.013933
980, 71.84321, 0.0139192
981, 70.45528, 0.0141934
982, 73.5597, 0.0135944
983, 71.70567, 0.0139459
984, 72.3024, 0.0138308
985, 70.70885, 0.0141425
986, 72.60266, 0.0137736
987, 36.26105, 0.0275778
988, 70.64442, 0.0141554
989, 72.31756, 0.0138279
990, 71.53485, 0.0139792
991, 71.52615, 0.0139809
992, 72.33691, 0.0138242
993, 71.1916, 0.0140466
994, 72.59528, 0.013775
995, 71.41531, 0.0140026
996, 70.71886, 0.0141405
997, 36.22624, 0.0276043
998, 71.17184, 0.0140505
999, 72.52946, 0.0137875
1000, 71.87212, 0.0139136
1001, 71.64504, 0.0139577
1002, 72.0809, 0.0138733
1003, 71.80761, 0.0139261
1004, 71.9528, 0.013898
1005, 71.14754, 0.0140553
1006, 71.62759, 0.0139611
1007, 36.23937, 0.0275943
1008, 70.8682, 0.0141107
1009, 71.7463, 0.013938
1010, 72.21886, 0.0138468
1011, 71.93675, 0.0139011
1012, 71.20834, 0.0140433
1013, 72.02639, 0.0138838
1014, 72.52841, 0.0137877
1015, 69.08845, 0.0144742
1016, 73.71043, 0.0135666
1017, 36.19661, 0.0276269
1018, 71.13843, 0.0140571
1019, 72.12041, 0.0138657
1020, 71.66301, 0.0139542
1021, 71.59068, 0.0139683
1022, 71.67277, 0.0139523
1023, 72.39243, 0.0138136
1024, 71.7942, 0.0139287
1025, 72.1459, 0.0138608
1026, 58.1392, 0.0172001
1027, 25.82971, 0.0387151
1028, 72.32018, 0.0138274
1029, 71.31142, 0.014023
1030, 72.94052, 0.0137098
1031, 70.90288, 0.0141038
1032, 72.9017, 0.0137171
1033, 71.63734, 0.0139592
1034, 71.62708, 0.0139612
1035, 70.23212, 0.0142385
1036, 36.46109, 0.0274265
1037, 71.29414, 0.0140264
1038, 70.84511, 0.0141153
1039, 73.10423, 0.0136791
1040, 70.95067, 0.0140943
1041, 71.59016, 0.0139684
1042, 72.6248, 0.0137694
1043, 71.98854, 0.0138911
1044, 71.78596, 0.0139303
1045, 70.19613, 0.0142458
1046, 36.4559, 0.0274304
1047, 71.30684, 0.0140239
1048, 71.10909, 0.0140629
1049, 72.46587, 0.0137996
1050, 70.87574, 0.0141092
1051, 72.82366, 0.0137318
1052, 71.8556, 0.0139168
1053, 72.14227, 0.0138615
1054, 71.23218, 0.0140386
1055, 71.5794, 0.0139705
1056, 36.07725, 0.0277183
1057, 71.15665, 0.0140535
1058, 72.44592, 0.0138034
1059, 70.58658, 0.014167
1060, 73.05936, 0.0136875
1061, 71.10808, 0.0140631
1062, 72.83958, 0.0137288
1063, 71.40715, 0.0140042
1064, 71.77412, 0.0139326
1065, 71.59682, 0.0139671
1066, 36.0476, 0.0277411
1067, 72.14851, 0.0138603
1068, 70.89333, 0.0141057
1069, 72.67706, 0.0137595
1070, 71.286, 0.014028
1071, 72.40815, 0.0138106
1072, 71.28346, 0.0140285
1073, 72.28097, 0.0138349
1074, 71.76227, 0.0139349
1075, 71.15665, 0.0140535
1076, 36.07256, 0.0277219
1077, 71.27686, 0.0140298
1078, 72.1881, 0.0138527
1079, 71.05553, 0.0140735
1080, 72.39085, 0.0138139
1081, 72.10378, 0.0138689
1082, 71.84218, 0.0139194
1083, 71.18857, 0.0140472
1084, 72.73679, 0.0137482
1085, 70.95973, 0.0140925
1086, 36.17827, 0.0276409
1087, 71.34856, 0.0140157
1088, 71.58144, 0.0139701
1089, 71.24385, 0.0140363
1090, 72.59739, 0.0137746
1091, 71.5195, 0.0139822
1092, 72.00876, 0.0138872
1093, 72.28358, 0.0138344
1094, 71.41123, 0.0140034
1095, 71.43571, 0.0139986
1096, 36.19569, 0.0276276
1097, 71.60605, 0.0139653
1098, 71.87574, 0.0139129
1099, 70.23902, 0.0142371
1100, 73.65614, 0.0135766
1101, 72.16048, 0.013858
1102, 71.28905, 0.0140274
1103, 72.13134, 0.0138636
1104, 71.45664, 0.0139945
1105, 71.0525, 0.0140741
1106, 36.19923, 0.0276249
1107, 71.36994, 0.0140115
1108, 72.50212, 0.0137927
1109, 71.81432, 0.0139248
1110, 71.02626, 0.0140793
1111, 72.53262, 0.0137869
1112, 72.0155, 0.0138859
1113, 70.96426, 0.0140916
1114, 72.15736, 0.0138586
1115, 70.95218, 0.014094
1116, 36.35782, 0.0275044
1117, 70.90036, 0.0141043
1118, 72.21729, 0.0138471
1119, 71.74579, 0.0139381
1120, 70.58358, 0.0141676
1121, 73.34389, 0.0136344
1122, 71.56506, 0.0139733
1123, 72.02068, 0.0138849
1124, 71.73241, 0.0139407
1125, 71.30481, 0.0140243
1126, 23.91881, 0.0418081
1127, 72.23138, 0.0138444
1128, 71.96574, 0.0138955
1129, 70.8883, 0.0141067
1130, 72.65963, 0.0137628
1131, 72.30815, 0.0138297
1132, 72.06792, 0.0138758
1133, 71.26974, 0.0140312
1134, 71.34703, 0.014016
1135, 36.17016, 0.0276471
1136, 71.0303, 0.0140785
1137, 71.41837, 0.014002
1138, 72.13914, 0.0138621
1139, 72.04248, 0.0138807
1140, 71.85973, 0.013916
1141, 72.12822, 0.0138642
1142, 71.79833, 0.0139279
1143, 71.81329, 0.013925
1144, 70.29976, 0.0142248
1145, 36.44846, 0.027436
1146, 70.48409, 0.0141876
1147, 72.19486, 0.0138514
1148, 71.69692, 0.0139476
1149, 71.70412, 0.0139462
1150, 72.28045, 0.013835
1151, 71.51899, 0.0139823
1152, 72.1834, 0.0138536
1153, 71.76793, 0.0139338
1154, 70.77642, 0.014129
1155, 36.29171, 0.0275545
1156, 70.33289, 0.0142181
1157, 71.7252, 0.0139421
1158, 73.02841, 0.0136933
1159, 71.29769, 0.0140257
1160, 72.72939, 0.0137496
1161, 71.50877, 0.0139843
1162, 71.96989, 0.0138947
1163, 72.0835, 0.0138728
1164, 70.41659, 0.0142012
1165, 36.31108, 0.0275398
1166, 71.28143, 0.0140289
1167, 71.97247, 0.0138942
1168, 71.54867, 0.0139765
1169, 71.3939, 0.0140068
1170, 72.39714, 0.0138127
1171, 71.86386, 0.0139152
1172, 71.19718, 0.0140455
1173, 72.5321, 0.013787
1174, 71.05199, 0.0140742
1175, 35.92341, 0.027837
1176, 72.06429, 0.0138765
1177, 72.21729, 0.0138471
1178, 71.53075, 0.01398
1179, 72.27418, 0.0138362
1180, 71.50365, 0.0139853
1181, 69.72723, 0.0143416
1182, 73.9541, 0.0135219
1183, 71.76896, 0.0139336
1184, 70.66738, 0.0141508
1185, 35.86196, 0.0278847
1186, 73.4484, 0.013615
1187, 70.49004, 0.0141864
1188, 72.9682, 0.0137046
1189, 72.70454, 0.0137543
1190, 70.85816, 0.0141127
1191, 72.78179, 0.0137397
1192, 71.48627, 0.0139887
1193, 72.35366, 0.013821
1194, 70.86218, 0.0141119
1195, 35.77395, 0.0279533
1196, 73.01455, 0.0136959
1197, 70.40121, 0.0142043
1198, 73.38696, 0.0136264
1199, 71.37148, 0.0140112
1200, 71.91813, 0.0139047
1201, 72.06376, 0.0138766
1202, 71.82205, 0.0139233
1203, 71.09443, 0.0140658
1204, 72.01291, 0.0138864
1205, 35.98429, 0.0277899
1206, 71.52462, 0.0139812
1207, 71.81071, 0.0139255
1208, 71.9585, 0.0138969
1209, 71.79936, 0.0139277
1210, 72.22094, 0.0138464
1211, 72.04092, 0.013881
1212, 71.4924, 0.0139875
1213, 71.63683, 0.0139593
1214, 70.85464, 0.0141134
1215, 36.38229, 0.0274859
1216, 70.66689, 0.0141509
1217, 72.29089, 0.013833
1218, 69.32745, 0.0144243
1219, 74.19718, 0.0134776
1220, 72.11053, 0.0138676
1221, 71.90623, 0.013907
1222, 67.77134, 0.0147555
1223, 74.91984, 0.0133476
1224, 71.80607, 0.0139264
1225, 35.21362, 0.0283981
1226, 75.63496, 0.0132214
1227, 72.8364, 0.0137294
1228, 71.89538, 0.0139091
1229, 71.76896, 0.0139336
1230, 71.36027, 0.0140134
1231, 72.37356, 0.0138172
1232, 71.80813, 0.013926
1233, 71.7216, 0.0139428
1234, 70.79095, 0.0141261
1235, 36.14728, 0.0276646
1236, 70.97131, 0.0140902
1237, 72.6702, 0.0137608
1238, 72.09286, 0.013871
1239, 71.44695, 0.0139964
1240, 71.70361, 0.0139463
1241, 71.5415, 0.0139779
1242, 72.27157, 0.0138367
1243, 72.00772, 0.0138874
1244, 70.72886, 0.0141385
1245, 36.00814, 0.0277715
1246, 71.3623, 0.014013
1247, 72.77861, 0.0137403
1248, 71.57735, 0.0139709
1249, 71.98439, 0.0138919
1250, 69.95257, 0.0142954
1251, 73.97216, 0.0135186
1252, 71.17539, 0.0140498
1253, 72.0404, 0.0138811
1254, 71.47656, 0.0139906
1255, 34.16024, 0.0292738
1256, 84.0654, 0.0118955
1257, 71.38931, 0.0140077
1258, 71.95176, 0.0138982
1259, 71.56506, 0.0139733
1260, 71.39797, 0.014006
1261, 71.09847, 0.014065
1262, 71.65428, 0.0139559
1263, 72.12509, 0.0138648
1264, 70.98138, 0.0140882
1265, 36.04006, 0.0277469
1266, 71.25806, 0.0140335
1267, 72.96447, 0.0137053
1268, 71.1526, 0.0140543
1269, 71.973, 0.0138941
1270, 72.04404, 0.0138804
1271, 71.32668, 0.01402
1272, 71.34042, 0.0140173
1273, 72.9235, 0.013713
1274, 70.62546, 0.0141592
1275, 35.77318, 0.0279539
1276, 73.17216, 0.0136664
1277, 72.29247, 0.0138327
1278, 71.74425, 0.0139384
1279, 71.49956, 0.0139861
1280, 71.87781, 0.0139125
1281, 71.74167, 0.0139389
1282, 71.78236, 0.013931
1283, 71.33736, 0.0140179
1284, 72.13029, 0.0138638
1285, 36.03422, 0.0277514
1286, 70.91897, 0.0141006
1287, 71.67893, 0.0139511
1288, 72.96607, 0.013705
1289, 71.80658, 0.0139263
1290, 71.89124, 0.0139099
1291, 71.87264, 0.0139135
1292, 71.72881, 0.0139414
1293, 71.52564, 0.013981
1294, 71.20985, 0.014043
1295, 36.00088, 0.0277771
1296, 71.21848, 0.0140413
1297, 73.16092, 0.0136685
1298, 71.82515, 0.0139227
1299, 71.8959, 0.013909
1300, 71.43827, 0.0139981
1301, 72.24337, 0.0138421
1302, 71.56045, 0.0139742
1303, 72.33849, 0.0138239
1304, 70.44883, 0.0141947
1305, 36.29132, 0.0275548
1306, 70.50694, 0.014183
1307, 71.69487, 0.013948
1308, 73.07912, 0.0136838
1309, 71.80761, 0.0139261
1310, 71.85715, 0.0139165
1311, 71.40868, 0.0140039
1312, 72.25799, 0.0138393
1313, 70.69636, 0.014145
1314, 72.26217, 0.0138385
1315, 35.74569, 0.0279754
1316, 73.39019, 0.0136258
1317, 71.55072, 0.0139761
1318, 71.54457, 0.0139773
1319, 72.02795, 0.0138835
1320, 70.56864, 0.0141706
1321, 72.68446, 0.0137581
1322, 72.60371, 0.0137734
1323, 68.66434, 0.0145636
1324, 73.50131, 0.0136052
1325, 36.04864, 0.0277403
1326, 72.24181, 0.0138424
1327, 71.69024, 0.0139489
1328, 72.00616, 0.0138877
1329, 72.27261, 0.0138365
1330, 71.84218, 0.0139194
1331, 71.38829, 0.0140079
1332, 72.04092, 0.013881
1333, 71.77102, 0.0139332
1334, 70.77041, 0.0141302
1335, 36.17474, 0.0276436
1336, 70.04371, 0.0142768
1337, 73.50617, 0.0136043
1338, 72.36466, 0.0138189
1339, 71.34449, 0.0140165
1340, 72.04974, 0.0138793
1341, 71.26822, 0.0140315
1342, 71.91296, 0.0139057
1343, 72.29247, 0.0138327
1344, 70.56216, 0.0141719
1345, 35.93929, 0.0278247
1346, 72.62428, 0.0137695
1347, 72.17351, 0.0138555
1348, 71.86541, 0.0139149
1349, 71.40715, 0.0140042
1350, 72.1329, 0.0138633
1351, 71.94711, 0.0138991
1352, 71.61682, 0.0139632
1353, 70.51689, 0.014181
1354, 72.80511, 0.0137353
1355, 36.21155, 0.0276155
1356, 69.77539, 0.0143317
1357, 73.28799, 0.0136448
1358, 71.08078, 0.0140685
1359, 71.64401, 0.0139579
1360, 72.29874, 0.0138315
1361, 71.64658, 0.0139574
1362, 70.56466, 0.0141714
1363, 73.00869, 0.013697
1364, 69.36881, 0.0144157
1365, 31.67143, 0.0315742
1366, 86.52914, 0.0115568
1367, 82.92631, 0.0120589
1368, 72.58263, 0.0137774
1369, 72.00668, 0.0138876
1370, 71.52922, 0.0139803
1371, 72.0674, 0.0138759
1372, 71.93106, 0.0139022
1373, 71.58606, 0.0139692
1374, 69.979, 0.01429
1375, 36.54303, 0.027365
1376, 70.49203, 0.014186
1377, 72.49844, 0.0137934
1378, 71.50928, 0.0139842
1379, 72.03106, 0.0138829
1380, 72.11157, 0.0138674
1381, 71.94038, 0.0139004
1382, 71.57325, 0.0139717
1383, 70.94865, 0.0140947
1384, 72.03988, 0.0138812
1385, 35.44151, 0.0282155
1386, 74.05433, 0.0135036
1387, 72.03002, 0.0138831
1388, 72.49686, 0.0137937
1389, 71.03635, 0.0140773
1390, 70.36109, 0.0142124
1391, 72.76749, 0.0137424
1392, 61.33125, 0.0163049
1393, 85.37012, 0.0117137
1394, 69.41167, 0.0144068
1395, 34.00736, 0.0294054
1396, 74.49733, 0.0134233
1397, 83.48081, 0.0119788
1398, 71.4352, 0.0139987
1399, 71.89899, 0.0139084
1400, 71.91141, 0.013906
1401, 72.04819, 0.0138796
1402, 71.90623, 0.013907
1403, 72.17506, 0.0138552
1404, 69.26215, 0.0144379
1405, 36.45072, 0.0274343
1406, 71.87471, 0.0139131
1407, 71.95539, 0.0138975
1408, 71.92278, 0.0139038
1409, 71.61015, 0.0139645
1410, 71.28041, 0.0140291
1411, 72.01342, 0.0138863
1412, 72.22198, 0.0138462
1413, 71.50211, 0.0139856
1414, 70.09084, 0.0142672
1415, 36.62333, 0.027305
1416, 71.07573, 0.0140695
1417, 72.04507, 0.0138802
1418, 69.63255, 0.0143611
1419, 74.37101, 0.0134461
1420, 71.75866, 0.0139356
1421, 71.46839, 0.0139922
1422, 72.03884, 0.0138814
1423, 71.32719, 0.0140199
1424, 70.4528, 0.0141939
1425, 36.36469, 0.0274992
1426, 71.46379, 0.0139931
1427, 71.40664, 0.0140043
1428, 59.69864, 0.0167508
1429, 50.50301, 0.0198008
1430, 166.3893, 0.00601
1431, 76.94912, 0.0129956
1432, 72.12614, 0.0138646
1433, 71.17083, 0.0140507
1434, 71.84528, 0.0139188
1435, 35.28756, 0.0283386
1436, 74.91872, 0.0133478
1437, 71.70978, 0.0139451
1438, 71.2672, 0.0140317
1439, 72.14174, 0.0138616
1440, 72.13706, 0.0138625
1441, 70.9829, 0.0140879
1442, 71.47095, 0.0139917
1443, 72.77279, 0.0137414
1444, 69.9986, 0.014286
1445, 33.66199, 0.0297071
1446, 72.83321, 0.01373
1447, 71.68973, 0.013949
1448, 84.0089, 0.0119035
1449, 72.52894, 0.0137876
1450, 70.40073, 0.0142044
1451, 71.98284, 0.0138922
1452, 73.1909, 0.0136629
1453, 71.74374, 0.0139385
1454, 71.101, 0.0140645
1455, 36.21417, 0.0276135
1456, 70.36208, 0.0142122
1457, 72.68076, 0.0137588
1458, 71.96523, 0.0138956
1459, 71.16222, 0.0140524
1460, 72.81624, 0.0137332
1461, 70.66039, 0.0141522
1462, 72.87727, 0.0137217
1463, 71.55379, 0.0139755
1464, 71.19009, 0.0140469
1465, 36.19255, 0.02763
1466, 70.47564, 0.0141893
1467, 71.91451, 0.0139054
1468, 71.48678, 0.0139886
1469, 72.09493, 0.0138706
1470, 70.70536, 0.0141432
1471, 73.15235, 0.0136701
1472, 71.06664, 0.0140713
1473, 72.73891, 0.0137478
1474, 69.37603, 0.0144142
1475, 32.0043, 0.0312458
1476, 83.72825, 0.0119434
1477, 82.67743, 0.0120952
1478, 72.93255, 0.0137113
1479, 72.04299, 0.0138806
1480, 70.89484, 0.0141054
1481, 72.0513, 0.013879
1482, 71.35467, 0.0140145
1483, 72.51579, 0.0137901
1484, 69.41071, 0.014407
1485, 36.73526, 0.0272218
1486, 71.45103, 0.0139956
1487, 71.22507, 0.01404
1488, 71.88349, 0.0139114
1489, 72.52526, 0.0137883
1490, 71.28295, 0.0140286
1491, 72.00616, 0.0138877
1492, 70.93305, 0.0140978
1493, 72.57316, 0.0137792
1494, 71.06109, 0.0140724
1495, 36.22178, 0.0276077
1496, 70.52833, 0.0141787
1497, 71.98077, 0.0138926
1498, 71.84785, 0.0139183
1499, 71.76793, 0.0139338
1500, 72.30083, 0.0138311
1501, 71.36994, 0.0140115
1502, 63.00721, 0.0158712
1503, 83.58828, 0.0119634
1504, 70.01723, 0.0142822
1505, 33.76758, 0.0296142
1506, 73.35735, 0.0136319
1507, 83.39936, 0.0119905
1508, 72.10845, 0.013868
1509, 71.96419, 0.0138958
1510, 70.95973, 0.0140925
1511, 71.58657, 0.0139691
1512, 72.80882, 0.0137346
1513, 72.11053, 0.0138676
1514, 70.81401, 0.0141215
1515, 35.6907, 0.0280185
1516, 74.48623, 0.0134253
1517, 71.42704, 0.0140003
1518, 71.69281, 0.0139484
1519, 71.50928, 0.0139842
1520, 72.11313, 0.0138671
1521, 71.16982, 0.0140509
1522, 71.80658, 0.0139263
1523, 72.79663, 0.0137369
1524, 71.11465, 0.0140618
1525, 36.10643, 0.0276959
1526, 69.97068, 0.0142917
1527, 73.43816, 0.0136169
1528, 70.83809, 0.0141167
1529, 72.49686, 0.0137937
1530, 72.10741, 0.0138682
1531, 71.18603, 0.0140477
1532, 69.35583, 0.0144184
1533, 75.53668, 0.0132386
1534, 71.20225, 0.0140445
1535, 35.71148, 0.0280022
1536, 71.74116, 0.013939
1537, 72.10481, 0.0138687
1538, 72.11261, 0.0138672
1539, 71.10808, 0.0140631
1540, 71.56659, 0.013973
1541, 72.59949, 0.0137742
1542, 71.50928, 0.0139842
1543, 71.73859, 0.0139395
1544, 60.53965, 0.0165181
1545, 33.09998, 0.0302115
1546, 97.44879, 0.0102618
1547, 83.79982, 0.0119332
1548, 70.26321, 0.0142322
1549, 72.58053, 0.0137778
1550, 71.85767, 0.0139164
1551, 70.89383, 0.0141056
1552, 72.36047, 0.0138197
1553, 72.29978, 0.0138313
1554, 70.59405, 0.0141655
1555, 36.35452, 0.0275069
1556, 70.52435, 0.0141795
1557, 72.20477, 0.0138495
1558, 71.93054, 0.0139023
1559, 71.18501, 0.0140479
1560, 72.46377, 0.0138
1561, 71.29108, 0.014027
1562, 71.58453, 0.0139695
1563, 71.97196, 0.0138943
1564, 70.65191, 0.0141539
1565, 36.30146, 0.0275471
1566, 71.29972, 0.0140253
1567, 71.70464, 0.0139461
1568, 71.67329, 0.0139522
1569, 72.01083, 0.0138868
1570, 71.24841, 0.0140354
1571, 72.25538, 0.0138398
1572, 72.54578, 0.0137844
1573, 70.38536, 0.0142075
1574, 69.5841, 0.0143711
1575, 33.85492, 0.0295378
1576, 73.76154, 0.0135572
1577, 83.52544, 0.0119724
1578, 72.09077, 0.0138714
1579, 71.93158, 0.0139021
1580, 71.66815, 0.0139532
1581, 70.59903, 0.0141645
1582, 72.80829, 0.0137347
1583, 72.45537, 0.0138016
1584, 70.62945, 0.0141584
1585, 33.99846, 0.0294131
1586, 81.87661, 0.0122135
1587, 71.41429, 0.0140028
1588, 72.46745, 0.0137993
1589, 71.31905, 0.0140215
1590, 70.89433, 0.0141055
1591, 72.11833, 0.0138661
1592, 72.66333, 0.0137621
1593, 71.84166, 0.0139195
1594, 70.97685, 0.0140891
1595, 36.17303, 0.0276449
1596, 71.6702, 0.0139528
1597, 71.35823, 0.0140138
1598, 71.25755, 0.0140336
1599, 73.39288, 0.0136253
1600, 71.31447, 0.0140224
1601, 72.07727, 0.013874
1602, 72.20842, 0.0138488
1603, 72.03313, 0.0138825
1604, 70.74688, 0.0141349
1605, 36.17408, 0.0276441
1606, 71.45103, 0.0139956
1607, 71.65685, 0.0139554
1608, 72.39347, 0.0138134
1609, 70.39031, 0.0142065
1610, 73.15289, 0.01367
1611, 69.89194, 0.0143078
1612, 73.83016, 0.0135446
1613, 71.72366, 0.0139424
1614, 68.89947, 0.0145139
1615, 36.85712, 0.0271318
1616, 71.37096, 0.0140113
1617, 70.33437, 0.0142178
1618, 72.92403, 0.0137129
1619, 72.20321, 0.0138498
1620, 71.09089, 0.0140665
1621, 71.97817, 0.0138931
1622, 70.69686, 0.0141449
1623, 73.87543, 0.0135363
1624, 70.54127, 0.0141761
1625, 36.31016, 0.0275405
1626, 70.95822, 0.0140928
1627, 71.94607, 0.0138993
1628, 71.34499, 0.0140164
1629, 72.12978, 0.0138639
1630, 71.4398, 0.0139978
1631, 72.66016, 0.0137627
1632, 71.73498, 0.0139402
1633, 71.96782, 0.0138951
1634, 71.35976, 0.0140135
1635, 36.12912, 0.0276785
1636, 71.15716, 0.0140534
1637, 71.71955, 0.0139432
1638, 71.63786, 0.0139591
1639, 71.64196, 0.0139583
1640, 70.83307, 0.0141177
1641, 73.44193, 0.0136162
1642, 71.66763, 0.0139533
1643, 72.28097, 0.0138349
1644, 70.72086, 0.0141401
1645, 36.26355, 0.0275759
1646, 70.44437, 0.0141956
1647, 71.72623, 0.0139419
1648, 71.93882, 0.0139007
1649, 71.96937, 0.0138948
1650, 72.58738, 0.0137765
1651, 71.83237, 0.0139213
1652, 71.01718, 0.0140811
1653, 70.1715, 0.0142508
1654, 63.54815, 0.0157361
1655, 35.97123, 0.0278
1656, 71.53997, 0.0139782
1657, 85.40804, 0.0117085
1658, 70.73887, 0.0141365
1659, 71.87057, 0.0139139
1660, 72.90064, 0.0137173
1661, 72.24755, 0.0138413
1662, 71.99787, 0.0138893
1663, 71.69127, 0.0139487
1664, 70.87825, 0.0141087
1665, 36.1525, 0.0276606
1666, 71.56966, 0.0139724
1667, 71.76433, 0.0139345
1668, 71.9875, 0.0138913
1669, 71.28803, 0.0140276
1670, 72.51842, 0.0137896
1671, 71.88453, 0.0139112
1672, 71.11212, 0.0140623
1673, 72.40815, 0.0138106
1674, 71.5456, 0.0139771
1675, 35.96281, 0.0278065
1676, 71.90262, 0.0139077
1677, 71.92175, 0.013904
1678, 69.15056, 0.0144612
1679, 73.50239, 0.013605
1680, 72.90064, 0.0137173
1681, 72.0404, 0.0138811
1682, 71.67329, 0.0139522
1683, 71.97817, 0.0138931
1684, 71.08028, 0.0140686
1685, 36.12912, 0.0276785
1686, 71.26771, 0.0140316
1687, 72.11365, 0.013867
1688, 71.66148, 0.0139545
1689, 71.94659, 0.0138992
1690, 72.1459, 0.0138608
1691, 71.89693, 0.0139088
1692, 71.56659, 0.013973
1693, 71.23471, 0.0140381
1694, 71.30328, 0.0140246
1695, 36.12599, 0.0276809
1696, 70.00301, 0.0142851
1697, 72.89639, 0.0137181
1698, 71.2738, 0.0140304
1699, 72.84489, 0.0137278
1700, 71.52666, 0.0139808
1701, 71.38829, 0.0140079
1702, 72.49581, 0.0137939
1703, 71.56711, 0.0139729
1704, 69.40685, 0.0144078
1705, 33.65813, 0.0297105
1706, 73.82089, 0.0135463
1707, 84.41454, 0.0118463
1708, 61.64278, 0.0162225
1709, 86.27086, 0.0115914
1710, 71.88659, 0.0139108
1711, 71.90003, 0.0139082
1712, 70.21929, 0.0142411
1713, 73.80509, 0.0135492
1714, 70.88077, 0.0141082
1715, 36.3351, 0.0275216
1716, 70.82955, 0.0141184
1717, 71.51439, 0.0139832
1718, 72.12093, 0.0138656
1719, 71.17134, 0.0140506
1720, 72.62112, 0.0137701
1721, 71.9958, 0.0138897
1722, 71.88142, 0.0139118
1723, 70.94412, 0.0140956
1724, 71.0424, 0.0140761
1725, 36.46548, 0.0274232
1726, 70.99248, 0.014086
1727, 71.88763, 0.0139106
1728, 70.97182, 0.0140901
1729, 73.04228, 0.0136907
1730, 72.03625, 0.0138819
1731, 69.36785, 0.0144159
1732, 74.54509, 0.0134147
1733, 71.52564, 0.013981
1734, 71.21138, 0.0140427
1735, 35.89569, 0.0278585
1736, 72.18184, 0.0138539
1737, 72.34267, 0.0138231
1738, 71.28194, 0.0140288
1739, 71.18096, 0.0140487
1740, 72.59686, 0.0137747
1741, 72.24807, 0.0138412
1742, 71.35518, 0.0140144
1743, 71.88245, 0.0139116
1744, 71.2205, 0.0140409
1745, 34.22419, 0.0292191
1746, 82.12811, 0.0121761
1747, 72.48583, 0.0137958
1748, 71.45, 0.0139958
1749, 71.30836, 0.0140236
1750, 72.24181, 0.0138424
1751, 71.88659, 0.0139108
1752, 71.32159, 0.014021
1753, 72.22824, 0.013845
1754, 70.46869, 0.0141907
1755, 36.22414, 0.0276059
1756, 71.07624, 0.0140694
1757, 71.19464, 0.014046
1758, 71.91968, 0.0139044
1759, 72.54209, 0.0137851
1760, 71.65428, 0.0139559
1761, 71.65582, 0.0139556
1762, 71.45766, 0.0139943
1763, 72.02276, 0.0138845
1764, 71.41888, 0.0140019
1765, 36.00995, 0.0277701
1766, 71.0424, 0.0140761
1767, 72.03417, 0.0138823
1768, 71.42296, 0.0140011
1769, 71.63683, 0.0139593
1770, 72.04507, 0.0138802
1771, 72.161, 0.0138579
1772, 71.73447, 0.0139403
1773, 71.49598, 0.0139868
1774, 69.6374, 0.0143601
1775, 33.77409, 0.0296085
1776, 69.60007, 0.0143678
1777, 77.535, 0.0128974
1778, 81.28892, 0.0123018
1779, 71.62965, 0.0139607
1780, 73.25954, 0.0136501
1781, 72.03417, 0.0138823
1782, 71.80968, 0.0139257
1783, 71.94969, 0.0138986
1784, 70.72636, 0.014139
1785, 36.18285, 0.0276374
1786, 71.62605, 0.0139614
1787, 71.604, 0.0139657
1788, 71.78339, 0.0139308
1789, 71.76484, 0.0139344
1790, 71.66045, 0.0139547
1791, 71.88194, 0.0139117
1792, 72.53262, 0.0137869
1793, 71.37708, 0.0140101
1794, 70.25827, 0.0142332
1795, 34.7952, 0.0287396
1796, 77.44794, 0.0129119
1797, 73.38103, 0.0136275
1798, 71.32261, 0.0140208
1799, 72.36728, 0.0138184
1800, 72.08662, 0.0138722
1801, 71.1101, 0.0140627
1802, 72.34843, 0.013822
1803, 72.37461, 0.013817
1804, 70.996, 0.0140853
1805, 35.9309, 0.0278312
1806, 69.80218, 0.0143262
1807, 74.4186, 0.0134375
1808, 71.27888, 0.0140294
1809, 72.12562, 0.0138647
1810, 71.21037, 0.0140429
1811, 72.84435, 0.0137279
1812, 71.46022, 0.0139938
1813, 71.81019, 0.0139256
1814, 71.15816, 0.0140532
1815, 36.15447, 0.0276591
1816, 70.76289, 0.0141317
1817, 71.48883, 0.0139882
1818, 63.28473, 0.0158016
1819, 83.52405, 0.0119726
1820, 72.22146, 0.0138463
1821, 71.38778, 0.014008
1822, 72.14174, 0.0138616
1823, 71.13033, 0.0140587
1824, 70.2331, 0.0142383
1825, 33.68727, 0.0296848
1826, 74.22142, 0.0134732
1827, 81.47768, 0.0122733
1828, 72.3678, 0.0138183
1829, 72.56736, 0.0137803
1830, 58.5415, 0.0170819
1831, 73.39126, 0.0136256
1832, 75.9117, 0.0131732
1833, 87.08526, 0.011483
1834, 71.38319, 0.0140089
1835, 36.20919, 0.0276173
1836, 70.78092, 0.0141281
1837, 71.63786, 0.0139591
1838, 71.22862, 0.0140393
1839, 70.59206, 0.0141659
1840, 73.60572, 0.0135859
1841, 71.72726, 0.0139417
1842, 71.21949, 0.0140411
1843, 71.20428, 0.0140441
1844, 72.1355, 0.0138628
1845, 36.20604, 0.0276197
1846, 71.13438, 0.0140579
1847, 71.60503, 0.0139655
1848, 69.59281, 0.0143693
1849, 74.67925, 0.0133906
1850, 71.66199, 0.0139544
1851, 71.42806, 0.0140001
1852, 72.00253, 0.0138884
1853, 72.03988, 0.0138812
1854, 71.18198, 0.0140485
1855, 36.07855, 0.0277173
1856, 71.58657, 0.0139691
1857, 71.53638, 0.0139789
1858, 71.41327, 0.014003
1859, 72.45537, 0.0138016
1860, 72.1657, 0.013857
1861, 71.70927, 0.0139452
1862, 71.47248, 0.0139914
1863, 71.79318, 0.0139289
1864, 71.34143, 0.0140171
1865, 36.19765, 0.0276261
1866, 71.3781, 0.0140099
1867, 71.67226, 0.0139524
1868, 71.74476, 0.0139383
1869, 71.22811, 0.0140394
1870, 72.77755, 0.0137405
1871, 71.88142, 0.0139118
1872, 70.75438, 0.0141334
1873, 72.62164, 0.01377
1874, 71.53281, 0.0139796
1875, 35.40149, 0.0282474
1876, 74.9985, 0.0133336
1877, 71.82308, 0.0139231
1878, 71.868, 0.0139144
1879, 71.65736, 0.0139553
1880, 72.0295, 0.0138832
1881, 71.38625, 0.0140083
1882, 70.99852, 0.0140848
1883, 72.59212, 0.0137756
1884, 70.91344, 0.0141017
1885, 36.2983, 0.0275495
1886, 71.04997, 0.0140746
1887, 72.46482, 0.0137998
1888, 71.21746, 0.0140415
1889, 71.69281, 0.0139484
1890, 72.24546, 0.0138417
1891, 72.10221, 0.0138692
1892, 71.63786, 0.0139591
1893, 71.57018, 0.0139723
1894, 71.14855, 0.0140551
1895, 36.22979, 0.0276016
1896, 70.91595, 0.0141012
1897, 72.15736, 0.0138586
1898, 71.48065, 0.0139898
1899, 72.39767, 0.0138126
1900, 70.17889, 0.0142493
1901, 73.68002, 0.0135722
1902, 71.81844, 0.013924
1903, 71.47095, 0.0139917
1904, 70.82153, 0.01412
1905, 36.02734, 0.0277567
1906, 72.52736, 0.0137879
1907, 70.89031, 0.0141063
1908, 72.28986, 0.0138332
1909, 72.74632, 0.0137464
1910, 70.83157, 0.014118
1911, 72.18966, 0.0138524
1912, 72.48215, 0.0137965
1913, 71.75197, 0.0139369
1914, 70.46521, 0.0141914
1915, 36.17343, 0.0276446
1916, 71.0631, 0.014072
1917, 73.00869, 0.013697
1918, 71.65736, 0.0139553
1919, 71.75145, 0.013937
1920, 72.00201, 0.0138885
1921, 70.98441, 0.0140876
1922, 71.29261, 0.0140267
1923, 73.37511, 0.0136286
1924, 70.73436, 0.0141374
1925, 36.16885, 0.0276481
1926, 71.2921, 0.0140268
1927, 71.19363, 0.0140462
1928, 72.48531, 0.0137959
1929, 72.1199, 0.0138658
1930, 70.86419, 0.0141115
1931, 24.06391, 0.041556
1932, 71.13438, 0.0140579
1933, 36.15002, 0.0276625
1934, 71.18907, 0.0140471
1935, 71.80555, 0.0139265
1936, 71.46941, 0.013992
1937, 72.31285, 0.0138288
1938, 70.83758, 0.0141168
1939, 71.60452, 0.0139656
1940, 73.24558, 0.0136527
1941, 72.10585, 0.0138685
1942, 69.90269, 0.0143056
1943, 36.46707, 0.027422
1944, 70.92299, 0.0140998
1945, 72.05493, 0.0138783
1946, 72.00461, 0.013888
1947, 71.03433, 0.0140777
1948, 71.93572, 0.0139013
1949, 72.2439, 0.013842
1950, 72.45274, 0.0138021
1951, 70.93154, 0.0140981
1952, 71.93727, 0.013901
1953, 36.08623, 0.0277114
1954, 70.29877, 0.014225
1955, 73.59001, 0.0135888
1956, 71.69743, 0.0139475
1957, 71.58708, 0.013969
1958, 71.17742, 0.0140494
1959, 72.63061, 0.0137683
1960, 71.52053, 0.013982
1961, 71.8716, 0.0139137
1962, 71.35416, 0.0140146
1963, 35.9371, 0.0278264
1964, 72.07311, 0.0138748
1965, 71.69692, 0.0139476
1966, 72.20529, 0.0138494
1967, 70.00497, 0.0142847
1968, 72.98098, 0.0137022
1969, 71.84425, 0.013919
1970, 72.1199, 0.0138658
1971, 72.7765, 0.0137407
1972, 68.61675, 0.0145737
1973, 36.86201, 0.0271282
1974, 70.27851, 0.0142291
1975, 72.21989, 0.0138466
1976, 72.44172, 0.0138042
1977, 71.50979, 0.0139841
1978, 71.21797, 0.0140414
1979, 72.04195, 0.0138808
1980, 72.35523, 0.0138207
1981, 71.83031, 0.0139217
1982, 71.03181, 0.0140782
1983, 36.27434, 0.0275677
1984, 70.50396, 0.0141836
1985, 72.51053, 0.0137911
1986, 71.92589, 0.0139032
1987, 71.27075, 0.014031
1988, 72.21938, 0.0138467
1989, 71.92226, 0.0139039
1990, 67.45636, 0.0148244
1991, 76.82439, 0.0130167
1992, 71.24385, 0.0140363
1993, 36.12899, 0.0276786
1994, 71.0414, 0.0140763
1995, 71.81123, 0.0139254
1996, 72.10793, 0.0138681
1997, 71.53844, 0.0139785
1998, 71.96626, 0.0138954
1999, 71.38727, 0.0140081
2000, 71.8236, 0.013923
2001, 71.50211, 0.0139856
2002, 71.97196, 0.0138943
2003, 33.20836, 0.0301129
2004, 91.38094, 0.0109432
2005, 70.87373, 0.0141096
2006, 73.01829, 0.0136952
2007, 71.44745, 0.0139963
2008, 71.24486, 0.0140361
2009, 71.31651, 0.014022
2010, 69.61122, 0.0143655
2011, 73.86888, 0.0135375
2012, 71.48627, 0.0139887
2013, 36.19267, 0.0276299
2014, 70.83106, 0.0141181
2015, 71.91968, 0.0139044
2016, 71.12628, 0.0140595
2017, 72.2345, 0.0138438
2018, 71.6887, 0.0139492
2019, 70.73637, 0.014137
2020, 71.03736, 0.0140771
2021, 73.94098, 0.0135243
2022, 70.29086, 0.0142266
2023, 36.16806, 0.0276487
2024, 71.72778, 0.0139416
2025, 71.9083, 0.0139066
2026, 71.88453, 0.0139112
2027, 71.21848, 0.0140413
2028, 72.26635, 0.0138377
2029, 71.48985, 0.013988
2030, 71.77772, 0.0139319
2031, 71.09139, 0.0140664
2032, 72.67653, 0.0137596
2033, 36.10551, 0.0276966
2034, 71.25349, 0.0140344
2035, 71.78699, 0.0139301
2036, 69.81046, 0.0143245
2037, 73.93005, 0.0135263
2038, 72.42966, 0.0138065
2039, 71.7216, 0.0139428
2040, 70.29333, 0.0142261
2041, 71.16171, 0.0140525
2042, 73.87543, 0.0135363
2043, 36.09965, 0.0277011
2044, 70.89082, 0.0141062
2045, 72.19643, 0.0138511
2046, 70.94211, 0.014096
2047, 72.74685, 0.0137463
2048, 71.03181, 0.0140782
2049, 72.63219, 0.013768
2050, 71.58504, 0.0139694
2051, 71.31193, 0.0140229
2052, 71.31396, 0.0140225
2053, 36.28184, 0.027562
2054, 71.42245, 0.0140012
2055, 71.47248, 0.0139914
2056, 71.60605, 0.0139653
2057, 72.19904, 0.0138506
2058, 71.94038, 0.0139004
2059, 71.89331, 0.0139095
2060, 71.81019, 0.0139256
2061, 71.07977, 0.0140687
2062, 71.83753, 0.0139203
2063, 36.1123, 0.0276914
2064, 71.8138, 0.0139249
2065, 71.48985, 0.013988
2066, 69.96481, 0.0142929
2067, 73.89181, 0.0135333
2068, 71.35722, 0.014014
2069, 71.18755, 0.0140474
2070, 73.00443, 0.0136978
2071, 71.6394, 0.0139588
2072, 71.9409, 0.0139003
2073, 35.89504, 0.027859
2074, 72.44225, 0.0138041
2075, 71.78596, 0.0139303
2076, 71.22, 0.014041
2077, 72.25851, 0.0138392
2078, 71.49393, 0.0139872
2079, 70.39774, 0.014205
2080, 74.17462, 0.0134817
2081, 71.93003, 0.0139024
2082, 70.72336, 0.0141396
2083, 36.09809, 0.0277023
2084, 71.48678, 0.0139886
2085, 72.59054, 0.0137759
2086, 71.20276, 0.0140444
2087, 72.00824, 0.0138873
2088, 71.34652, 0.0140161
2089, 71.98025, 0.0138927
2090, 71.0202, 0.0140805
2091, 73.28584, 0.0136452
2092, 70.62446, 0.0141594
2093, 36.20788, 0.0276183
2094, 70.66539, 0.0141512
2095, 72.44225, 0.0138041
2096, 72.03365, 0.0138824
2097, 71.85973, 0.013916
2098, 69.71362, 0.0143444
2099, 74.48734, 0.0134251
2100, 70.89986, 0.0141044
2101, 72.40501, 0.0138112
2102, 68.43971, 0.0146114
2103, 37.13882, 0.026926
2104, 70.66039, 0.0141522
2105, 72.16778, 0.0138566
2106, 71.72778, 0.0139416
2107, 71.66148, 0.0139545
2108, 71.62811, 0.013961
2109, 72.46902, 0.013799
2110, 71.58913, 0.0139686
2111, 72.01809, 0.0138854
2112, 70.77441, 0.0141294
2113, 35.83626, 0.0279047
2114, 72.07571, 0.0138743
2115, 72.43227, 0.013806
2116, 70.497, 0.014185
2117, 72.71141, 0.013753
2118, 72.43962, 0.0138046
2119, 71.80452, 0.0139267
2120, 71.8138, 0.0139249
2121, 69.96187, 0.0142935
2122, 73.15931, 0.0136688
2123, 36.19438, 0.0276286
2124, 71.33176, 0.014019
2125, 71.83856, 0.0139201
2126, 70.82906, 0.0141185
2127, 73.03321, 0.0136924
2128, 68.49831, 0.0145989
2129, 60.98119, 0.0163985
2130, 87.35074, 0.0114481
2131, 73.04495, 0.0136902
2132, 70.29729, 0.0142253
2133, 34.97628, 0.0285908
2134, 75.87023, 0.0131804
2135, 73.16306, 0.0136681
2136, 69.62673, 0.0143623
2137, 72.71828, 0.0137517
2138, 71.65891, 0.013955
2139, 72.7606, 0.0137437
2140, 73.17645, 0.0136656
2141, 73.54185, 0.0135977
2142, 68.09067, 0.0146863
2143, 36.33179, 0.0275241
2144, 71.25603, 0.0140339
2145, 70.59505, 0.0141653
2146, 61.13366, 0.0163576
2147, 80.03394, 0.0124947
2148, 75.56181, 0.0132342
2149, 74.21811, 0.0134738
2150, 72.32854, 0.0138258
2151, 69.39674, 0.0144099
2152, 73.00336, 0.013698
2153, 36.15852, 0.027656
2154, 69.59717, 0.0143684
2155, 74.89291, 0.0133524
2156, 72.99163, 0.0137002
2157, 69.78123, 0.0143305
2158, 72.72357, 0.0137507
2159, 70.3131, 0.0142221
2160, 71.3104, 0.0140232
2161, 70.90891, 0.0141026
2162, 70.22077, 0.0142408
2163, 36.66966, 0.0272705
2164, 74.1158, 0.0134924
2165, 72.29456, 0.0138323
2166, 71.17336, 0.0140502
2167, 66.91694, 0.0149439
2168, 78.1647, 0.0127935
2169, 72.6169, 0.0137709
2170, 70.71486, 0.0141413
2171, 70.73737, 0.0141368
2172, 67.94633, 0.0147175
2173, 36.77701, 0.0271909
2174, 72.01134, 0.0138867
2175, 72.7495, 0.0137458
2176, 73.3025, 0.0136421
2177, 73.52184, 0.0136014
2178, 70.611, 0.0141621
2179, 72.6111, 0.013772
2180, 71.54202, 0.0139778
2181, 72.49949, 0.0137932
2182, 70.78043, 0.0141282
2183, 35.86736, 0.0278805
2184, 73.00869, 0.013697
2185, 71.68922, 0.0139491
2186, 41.04349, 0.0243644
2187, 56.89091, 0.0175775
2188, 72.20634, 0.0138492
2189, 71.76793, 0.0139338
2190, 22.71251, 0.0440286
